 0001  0.9994381263077985E+000
 0002  0.9994381263077985E+000
 0003  0.9994415580675998E+000
 0004  0.9994415580675998E+000
 0005  0.9994415580675998E+000
 0006  0.9994453360229993E+000
 0007  0.9994453360229993E+000
 0008  0.9994453360229993E+000
 0009  0.9994494711942349E+000
 0010  0.9994494711942349E+000
 0011  0.9994494711942349E+000
 0012  0.9994535568393440E+000
 0013  0.9994535568393440E+000
 0014  0.9994535568393440E+000
 0015  0.9994580395561081E+000
 0016  0.9994580395561081E+000
 0017  0.9994580395561081E+000
 0018  0.9994624763957741E+000
 0019  0.9994624763957741E+000
 0020  0.9994624763957741E+000
 0021  0.9994673285837646E+000
 0022  0.9994673285837646E+000
 0023  0.9994725337043798E+000
 0024  0.9994725337043798E+000
 0025  0.9994725337043798E+000
 0026  0.9994776998256950E+000
 0027  0.9994776998256950E+000
 0028  0.9994832542930880E+000
 0029  0.9994832542930880E+000
 0030  0.9994886797752507E+000
 0031  0.9994886797752507E+000
 0032  0.9994886797752507E+000
 0033  0.9994946364853468E+000
 0034  0.9994946364853468E+000
 0035  0.9995009858899615E+000
 0036  0.9995009858899615E+000
 0037  0.9995071878494014E+000
 0038  0.9995071878494014E+000
 0039  0.9995138229924750E+000
 0040  0.9995138229924750E+000
 0041  0.9995208894752686E+000
 0042  0.9995208894752686E+000
 0043  0.9995277918609767E+000
 0044  0.9995277918609767E+000
 0045  0.9995351700235945E+000
 0046  0.9995351700235945E+000
 0047  0.9995429835575276E+000
 0048  0.9995429835575276E+000
 0049  0.9995506156464359E+000
 0050  0.9995506156464359E+000
 0051  0.9995587372568189E+000
 0052  0.9995670881132680E+000
 0053  0.9995670881132680E+000
 0054  0.9995759032804602E+000
 0055  0.9995759032804602E+000
 0056  0.9995845137428103E+000
 0057  0.9995933433371050E+000
 0058  0.9995933433371050E+000
 0059  0.9996026661258871E+000
 0060  0.9996026661258871E+000
 0061  0.9996117724218946E+000
 0062  0.9996210425950912E+000
 0063  0.9996210425950912E+000
 0064  0.9996308082393092E+000
 0065  0.9996308082393092E+000
 0066  0.9996410617237951E+000
 0067  0.9996506539604021E+000
 0068  0.9996506539604021E+000
 0069  0.9996607891364343E+000
 0070  0.9996709742104917E+000
 0071  0.9996709742104917E+000
 0072  0.9996816681080515E+000
 0073  0.9996916078750390E+000
 0074  0.9996916078750390E+000
 0075  0.9997020927295384E+000
 0076  0.9997125166124006E+000
 0077  0.9997228317397363E+000
 0078  0.9997228317397363E+000
 0079  0.9997335590180856E+000
 0080  0.9997440563693615E+000
 0081  0.9997440563693615E+000
 0082  0.9997543099523016E+000
 0083  0.9997643700672646E+000
 0084  0.9997742099957394E+000
 0085  0.9997742099957394E+000
 0086  0.9997844339500557E+000
 0087  0.9997943321200735E+000
 0088  0.9998041700628161E+000
 0089  0.9998041700628161E+000
 0090  0.9998140182465122E+000
 0091  0.9998232018041885E+000
 0092  0.9998318030568859E+000
 0093  0.9998398906192072E+000
 0094  0.9998475222222265E+000
 0095  0.9998475222222265E+000
 0096  0.9998553612760677E+000
 0097  0.9998627630828631E+000
 0098  0.9998697746909199E+000
 0099  0.9998764366393081E+000
 0100  0.9998885316857193E+000
 0101  0.9998940111187224E+000
 0102  0.9998992391220586E+000
 0103  0.9999042259486569E+000
 0104  0.9999089815236598E+000
 0105  0.9999135154482967E+000
 0106  0.9999178370042676E+000
 0107  0.9999219577795000E+000
 0108  0.9999258856862379E+000
 0109  0.9999296284806014E+000
 0110  0.9999332996596184E+000
 0111  0.9999398090764214E+000
 0112  0.9999427006824428E+000
 0113  0.9999454590318130E+000
 0114  0.9999480910503654E+000
 0115  0.9999506019548240E+000
 0116  0.9999529967946706E+000
 0117  0.9999552804528997E+000
 0118  0.9999575115276147E+000
 0119  0.9999596300468032E+000
 0120  0.9999616424486756E+000
 0121  0.9999652335557039E+000
 0122  0.9999668381651514E+000
 0123  0.9999683709728302E+000
 0124  0.9999698349802619E+000
 0125  0.9999712330788153E+000
 0126  0.9999725966083332E+000
 0127  0.9999738947223069E+000
 0128  0.9999751305625042E+000
 0129  0.9999763071195071E+000
 0130  0.9999784186505452E+000
 0131  0.9999793672416343E+000
 0132  0.9999802919191727E+000
 0133  0.9999811743967324E+000
 0134  0.9999820166012745E+000
 0135  0.9999828203711288E+000
 0136  0.9999835874601235E+000
 0137  0.9999843196626084E+000
 0138  0.9999850185478633E+000
 0139  0.9999862899982699E+000
 0140  0.9999868681430305E+000
 0141  0.9999874211870948E+000
 0142  0.9999879502856881E+000
 0143  0.9999884564643570E+000
 0144  0.9999889407052033E+000
 0145  0.9999894039486945E+000
 0146  0.9999902562562476E+000
 0147  0.9999906422405727E+000
 0148  0.9999910122780445E+000
 0149  0.9999913669652083E+000
 0150  0.9999917050224991E+000
 0151  0.9999919978919155E+000
 0152  0.9999922310176451E+000
 0153  0.9999923725552406E+000
 0154  0.9999920694765422E+000
 0155  0.9999912611570597E+000
 0156  0.9999897026895427E+000
 0157  0.9999855915465172E+000
 0158  0.9999790193916346E+000
 0159  0.9999695368617176E+000
 0160  0.9999566098634105E+000
 0161  0.9999129875463246E+000
 0162  0.9998802957516528E+000
 0163  0.9998411622921802E+000
 0164  0.9997951274982155E+000
 0165  0.9997416567500974E+000
 0166  0.9996789717800285E+000
 0167  0.9995033783989646E+000
 0168  0.9994017033116298E+000
 0169  0.9992880842623245E+000
 0170  0.9991621121133822E+000
 0171  0.9990025413718711E+000
 0172  0.9988284313920511E+000
 0173  0.9986391795167788E+000
 0174  0.9982238765167994E+000
 0175  0.9979643855484781E+000
 0176  0.9976847767649867E+000
 0177  0.9973788407918517E+000
 0178  0.9970436068236601E+000
 0179  0.9962294020075487E+000
 0180  0.9957339985319763E+000
 0181  0.9951851663795102E+000
 0182  0.9945786261401174E+000
 0183  0.9938998815553201E+000
 0184  0.9930377305927089E+000
 0185  0.9910947163059728E+000
 0186  0.9900106321695989E+000
 0187  0.9886839239004457E+000
 0188  0.9872562283806191E+000
 0189  0.9857259690504079E+000
 0190  0.9822323673646045E+000
 0191  0.9802699579104751E+000
 0192  0.9781946502095999E+000
 0193  0.9760070914987937E+000
 0194  0.9736986827650976E+000
 0195  0.9684454418797115E+000
 0196  0.9657109338962393E+000
 0197  0.9626561982049184E+000
 0198  0.9595000228504231E+000
 0199  0.9562444685175242E+000
 0200  0.9493602588429788E+000
 0201  0.9457435697702616E+000
 0202  0.9420367732858858E+000
 0203  0.9382425108050237E+000
 0204  0.9341412617708481E+000
 0205  0.9258791934871254E+000
 0206  0.9215111123664823E+000
 0207  0.9170793296620671E+000
 0208  0.9125815253712585E+000
 0209  0.9033764595991717E+000
 0210  0.8986811028968705E+000
 0211  0.8939328694773675E+000
 0212  0.8889354013692613E+000
 0213  0.8790212105012187E+000
 0214  0.8739132897542581E+000
 0215  0.8687766576152213E+000
 0216  0.8636134068080925E+000
 0217  0.8582423515521942E+000
 0218  0.8476553888074154E+000
 0219  0.8422664497151807E+000
 0220  0.8368681760332776E+000
 0221  0.8260841793291338E+000
 0222  0.8207025962746810E+000
 0223  0.8153169103949215E+000
 0224  0.8097756293051400E+000
 0225  0.7989082291557056E+000
 0226  0.7934354123510657E+000
 0227  0.7879721529404020E+000
 0228  0.7825195374632108E+000
 0229  0.7715724781833160E+000
 0230  0.7660896053630446E+000
 0231  0.7606270422233039E+000
 0232  0.7498252521805245E+000
 0233  0.7444873450175712E+000
 0234  0.7390582875654240E+000
 0235  0.7336567396529547E+000
 0236  0.7229008928318248E+000
 0237  0.7176553677681932E+000
 0238  0.7123361703271867E+000
 0239  0.7018676496756981E+000
 0240  0.6967173149362363E+000
 0241  0.6915086132525441E+000
 0242  0.6812737795825088E+000
 0243  0.6762462118744625E+000
 0244  0.6712529510740521E+000
 0245  0.6613635394361290E+000
 0246  0.6564713576533633E+000
 0247  0.6516156782253558E+000
 0248  0.6420145511598081E+000
 0249  0.6372723977746864E+000
 0250  0.6325675127142676E+000
 0251  0.6232155977901932E+000
 0252  0.6186351156814558E+000
 0253  0.6140335645825841E+000
 0254  0.6050235064842790E+000
 0255  0.6006127979044105E+000
 0256  0.5961867300590772E+000
 0257  0.5875237815623120E+000
 0258  0.5832368528992257E+000
 0259  0.5789890588651064E+000
 0260  0.5706331654629667E+000
 0261  0.5665258228655573E+000
 0262  0.5584510958775207E+000
 0263  0.5544840483262667E+000
 0264  0.5505157985168325E+000
 0265  0.5427593619847280E+000
 0266  0.5389341352049888E+000
 0267  0.5314576769013939E+000
 0268  0.5277724843906790E+000
 0269  0.5205399998657994E+000
 0270  0.5169923189683860E+000
 0271  0.5134506082057226E+000
 0272  0.5065044006819514E+000
 0273  0.5030992832031240E+000
 0274  0.4963973926910837E+000
 0275  0.4931014318189447E+000
 0276  0.4866625127577816E+000
 0277  0.4834962244251896E+000
 0278  0.4772695773444540E+000
 0279  0.4742095518254645E+000
 0280  0.4711609366964367E+000
 0281  0.4652062799292331E+000
 0282  0.4622810576952049E+000
 0283  0.4565334496658446E+000
 0284  0.4537110249965807E+000
 0285  0.4481677955368123E+000
 0286  0.4454471444296898E+000
 0287  0.4401064955385540E+000
 0288  0.4374742341196656E+000
 0289  0.4323109291851018E+000
 0290  0.4273173330774007E+000
 0291  0.4248690654416959E+000
 0292  0.4200582121435741E+000
 0293  0.4176957307283993E+000
 0294  0.4130642252107412E+000
 0295  0.4107867062207573E+000
 0296  0.4063230660247480E+000
 0297  0.4041292414421817E+000
 0298  0.3998239588378579E+000
 0299  0.3956574598665896E+000
 0300  0.3936107617777233E+000
 0301  0.3895896863727577E+000
 0302  0.3876153638582727E+000
 0303  0.3837429386990847E+000
 0304  0.3799873926046692E+000
 0305  0.3781440495986406E+000
 0306  0.3745210087196114E+000
 0307  0.3710050984477704E+000
 0308  0.3692782654435720E+000
 0309  0.3658859441521490E+000
 0310  0.3625952912892353E+000
 0311  0.3609796463409612E+000
 0312  0.3578014513064843E+000
 0313  0.3547170943703859E+000
 0314  0.3517215605993583E+000
 0315  0.3502482652536543E+000
 0316  0.3473540985441080E+000
 0317  0.3445410339143362E+000
 0318  0.3418057169332248E+000
 0319  0.3404606755637425E+000
 0320  0.3378154715646497E+000
 0321  0.3352414821365418E+000
 0322  0.3327375612667645E+000
 0323  0.3303023568730038E+000
 0324  0.3291041888984878E+000
 0325  0.3267458029995619E+000
 0326  0.3244496061307959E+000
 0327  0.3222136755631135E+000
 0328  0.3200362737267699E+000
 0329  0.3179146114106836E+000
 0330  0.3158470493303995E+000
 0331  0.3148290837367149E+000
 0332  0.3128233547355993E+000
 0333  0.3108681066259685E+000
 0334  0.3089615008410568E+000
 0335  0.3071020845659116E+000
 0336  0.3052880642151227E+000
 0337  0.3035260235493608E+000
 0338  0.3018171453168189E+000
 0339  0.3001592487451182E+000
 0340  0.2985502656775808E+000
 0341  0.2969882336028024E+000
 0342  0.2947373064775286E+000
 0343  0.2932951181971006E+000
 0344  0.2918932496658642E+000
 0345  0.2905301673763346E+000
 0346  0.2892044113746383E+000
 0347  0.2879145910262338E+000
 0348  0.2866593810649114E+000
 0349  0.2848449424362096E+000
 0350  0.2836788608539867E+000
 0351  0.2825428616552006E+000
 0352  0.2814358889996418E+000
 0353  0.2798330033603662E+000
 0354  0.2788011586510236E+000
 0355  0.2777947105902269E+000
 0356  0.2763355648710343E+000
 0357  0.2753951016219633E+000
 0358  0.2740304267957919E+000
 0359  0.2731500970609859E+000
 0360  0.2722901301358402E+000
 0361  0.2710408950891910E+000
 0362  0.2698413399733200E+000
 0363  0.2690663003468244E+000
 0364  0.2679390141789983E+000
 0365  0.2672101356088239E+000
 0366  0.2661492416469800E+000
 0367  0.2651280936662770E+000
 0368  0.2644670904469535E+000
 0369  0.2635039315911752E+000
 0370  0.2625756132145449E+000
 0371  0.2616804218844542E+000
 0372  0.2608167521046023E+000
 0373  0.2599830980627674E+000
 0374  0.2591780461166856E+000
 0375  0.2584002679427351E+000
 0376  0.2576485142807147E+000
 0377  0.2569216092155415E+000
 0378  0.2562184449432501E+000
 0379  0.2555379769744754E+000
 0380  0.2546658696171028E+000
 0381  0.2540368953537723E+000
 0382  0.2534274325935192E+000
 0383  0.2526451532772063E+000
 0384  0.2520801395806500E+000
 0385  0.2513541975098362E+000
 0386  0.2506590557035024E+000
 0387  0.2501562223995188E+000
 0388  0.2495092368258714E+000
 0389  0.2488886903639747E+000
 0390  0.2482931639573066E+000
 0391  0.2477213359690857E+000
 0392  0.2470388478325414E+000
 0393  0.2465172499584862E+000
 0394  0.2460155655498185E+000
 0395  0.2454156919381220E+000
 0396  0.2448449516461553E+000
 0397  0.2443015335527866E+000
 0398  0.2437837695107830E+000
 0399  0.2432901205810788E+000
 0400  0.2428191648218962E+000
 0401  0.2423695864323312E+000
 0402  0.2418570672651051E+000
 0403  0.2413724999364452E+000
 0404  0.2409139939653822E+000
 0405  0.2404100817419328E+000
 0406  0.2400029061596761E+000
 0407  0.2395546635094269E+000
 0408  0.2390757823613083E+000
 0409  0.2386837500888255E+000
 0410  0.2382641224806606E+000
 0411  0.2378258710143415E+000
 0412  0.2374205713133255E+000
 0413  0.2370055654400358E+000
 0414  0.2366244842529944E+000
 0415  0.2362408389771052E+000
 0416  0.2358309528008932E+000
 0417  0.2354632325166898E+000
 0418  0.2350852625649432E+000
 0419  0.2347302182533265E+000
 0420  0.2343644958732627E+000
 0421  0.2340056215701839E+000
 0422  0.2336677274291391E+000
 0423  0.2333226174003293E+000
 0424  0.2329838250130186E+000
 0425  0.2326451978833458E+000
 0426  0.2326206822754858E+000
 0427  0.2326206822754858E+000
 0428  0.2326206822754858E+000
 0429  0.2326206822754858E+000
 0430  0.2326206822754858E+000
 0431  0.2326206822754858E+000
 0432  0.2326206822754858E+000
 0433  0.2326206822754858E+000
 0434  0.2326206822754858E+000
 0435  0.2326206822754858E+000
 0436  0.2326206822754858E+000
 0437  0.2326206822754858E+000
 0438  0.2326206822754858E+000
 0439  0.2326206822754858E+000
 0440  0.2326206822754858E+000
 0441  0.2326206822754858E+000
 0442  0.2326206822754858E+000
 0443  0.2326206822754858E+000
 0444  0.2326206822754858E+000
 0445  0.2326206822754858E+000
 0446  0.2326206822754858E+000
 0447  0.2326206822754858E+000
 0448  0.2326206822754858E+000
 0449  0.2326206822754858E+000
 0450  0.2326206822754858E+000
 0451  0.2326206822754858E+000
 0452  0.2326206822754858E+000
 0453  0.2326206822754858E+000
 0454  0.2326206822754858E+000
 0455  0.2326206822754858E+000
 0456  0.2326206822754858E+000
 0457  0.2326206822754858E+000
 0458  0.2326206822754858E+000
 0459  0.2326206822754858E+000
 0460  0.2326206822754858E+000
 0461  0.2326206822754858E+000
 0462  0.2326206822754858E+000
 0463  0.2326206822754858E+000
 0464  0.2326206822754858E+000
 0465  0.2326206822754858E+000
 0466  0.2326206822754858E+000
 0467  0.2326206822754858E+000
 0468  0.2326206822754858E+000
 0469  0.2326206822754858E+000
 0470  0.2326206822754858E+000
 0471  0.2326206822754858E+000
 0472  0.2326206822754858E+000
 0473  0.2326206822754858E+000
 0474  0.2326206822754858E+000
 0475  0.2326206822754858E+000
 0476  0.2326206822754858E+000
 0477  0.2326206822754858E+000
 0478  0.2326206822754858E+000
 0479  0.2326206822754858E+000
 0480  0.2326206822754858E+000
 0481  0.2326206822754858E+000
 0482  0.2326206822754858E+000
 0483  0.2326206822754858E+000
 0484  0.2326206822754858E+000
 0485  0.2326206822754858E+000
 0486  0.2326206822754858E+000
 0487  0.2326206822754858E+000
 0488  0.2326206822754858E+000
 0489  0.2326206822754858E+000
 0490  0.2326206822754858E+000
 0491  0.2326206822754858E+000
 0492  0.2326206822754858E+000
 0493  0.2326206822754858E+000
 0494  0.2326206822754858E+000
 0495  0.2326206822754858E+000
 0496  0.2326206822754858E+000
 0497  0.2326206822754858E+000
 0498  0.2326206822754858E+000
 0499  0.2326206822754858E+000
 0500  0.2326206822754858E+000
 0501  0.2326206822754858E+000
 0502  0.2326206822754858E+000
 0503  0.2326206822754858E+000
 0504  0.2326206822754858E+000
 0505  0.2326206822754858E+000
 0506  0.2326206822754858E+000
 0507  0.2326206822754858E+000
 0508  0.2326206822754858E+000
 0509  0.2326206822754858E+000
 0510  0.2326206822754858E+000
 0511  0.2326206822754858E+000
 0512  0.2326206822754858E+000
 0513  0.2326206822754858E+000
 0514  0.2326206822754858E+000
 0515  0.2326206822754858E+000
 0516  0.2326206822754858E+000
 0517  0.2326206822754858E+000
 0518  0.2326206822754858E+000
 0519  0.2326206822754858E+000
 0520  0.2326206822754858E+000
 0521  0.2326206822754858E+000
 0522  0.2326206822754858E+000
 0523  0.2326206822754858E+000
 0524  0.2326206822754858E+000
 0525  0.2326206822754858E+000
 0526  0.2326206822754858E+000
 0527  0.2326206822754858E+000
 0528  0.2326206822754858E+000
 0529  0.2326206822754858E+000
 0530  0.2326206822754858E+000
 0531  0.2326206822754858E+000
 0532  0.2326206822754858E+000
 0533  0.2326206822754858E+000
 0534  0.2326206822754858E+000
 0535  0.2326206822754858E+000
 0536  0.2326206822754858E+000
 0537  0.2326206822754858E+000
 0538  0.2326206822754858E+000
 0539  0.2326206822754858E+000
 0540  0.2326206822754858E+000
 0541  0.2326206822754858E+000
 0542  0.2326206822754858E+000
 0543  0.2326206822754858E+000
 0544  0.2326206822754858E+000
 0545  0.2326206822754858E+000
 0546  0.2326206822754858E+000
 0547  0.2326206822754858E+000
 0548  0.2326206822754858E+000
 0549  0.2326206822754858E+000
 0550  0.2326206822754858E+000
 0551  0.2326206822754858E+000
 0552  0.2326206822754858E+000
 0553  0.2326206822754858E+000
 0554  0.2326206822754858E+000
 0555  0.2326206822754858E+000
 0556  0.2326206822754858E+000
 0557  0.2326206822754858E+000
 0558  0.2326206822754858E+000
 0559  0.2326206822754858E+000
 0560  0.2326206822754858E+000
 0561  0.2326206822754858E+000
 0562  0.2326206822754858E+000
 0563  0.2326206822754858E+000
 0564  0.2326206822754858E+000
 0565  0.2326206822754858E+000
 0566  0.2326206822754858E+000
 0567  0.2326206822754858E+000
 0568  0.2326206822754858E+000
 0569  0.2326206822754858E+000
 0570  0.2326206822754858E+000
 0571  0.2326206822754858E+000
 0572  0.2326206822754858E+000
 0573  0.2326206822754858E+000
 0574  0.2326206822754858E+000
 0575  0.2326206822754858E+000
 0576  0.2326206822754858E+000
 0577  0.2326206822754858E+000
 0578  0.2326206822754858E+000
 0579  0.2326206822754858E+000
 0580  0.2326206822754858E+000
 0581  0.2326206822754858E+000
 0582  0.2326206822754858E+000
 0583  0.2326206822754858E+000
 0584  0.2326206822754858E+000
 0585  0.2326206822754858E+000
 0586  0.2326206822754858E+000
 0587  0.2326206822754858E+000
 0588  0.2326206822754858E+000
 0589  0.2326206822754858E+000
 0590  0.2326206822754858E+000
 0591  0.2326206822754858E+000
 0592  0.2326206822754858E+000
 0593  0.2326206822754858E+000
 0594  0.2326206822754858E+000
 0595  0.2326206822754858E+000
 0596  0.2326206822754858E+000
 0597  0.2326206822754858E+000
 0598  0.2326206822754858E+000
 0599  0.2326206822754858E+000
 0600  0.2326206822754858E+000
 0601  0.2326206822754858E+000
 0602  0.2326206822754858E+000
 0603  0.2326206822754858E+000
 0604  0.2326206822754858E+000
 0605  0.2326206822754858E+000
 0606  0.2326206822754858E+000
 0607  0.2326206822754858E+000
 0608  0.2326206822754858E+000
 0609  0.2326206822754858E+000
 0610  0.2326206822754858E+000
 0611  0.2326206822754858E+000
 0612  0.2326206822754858E+000
 0613  0.2326206822754858E+000
 0614  0.2326206822754858E+000
 0615  0.2326206822754858E+000
 0616  0.2326206822754858E+000
 0617  0.2326206822754858E+000
 0618  0.2326206822754858E+000
 0619  0.2326206822754858E+000
 0620  0.2326206822754858E+000
 0621  0.2326206822754858E+000
 0622  0.2326206822754858E+000
 0623  0.2326206822754858E+000
 0624  0.2326206822754858E+000
 0625  0.2326206822754858E+000
 0626  0.2326206822754858E+000
 0627  0.2326206822754858E+000
 0628  0.2326206822754858E+000
 0629  0.2326206822754858E+000
 0630  0.2326206822754858E+000
 0631  0.2326206822754858E+000
 0632  0.2326206822754858E+000
 0633  0.2326206822754858E+000
 0634  0.2326206822754858E+000
 0635  0.2326206822754858E+000
 0636  0.2326206822754858E+000
 0637  0.2326206822754858E+000
 0638  0.2326206822754858E+000
 0639  0.2326206822754858E+000
 0640  0.2326206822754858E+000
 0641  0.2326206822754858E+000
 0642  0.2326206822754858E+000
 0643  0.2326206822754858E+000
 0644  0.2326206822754858E+000
 0645  0.2326206822754858E+000
 0646  0.2326206822754858E+000
 0647  0.2326206822754858E+000
 0648  0.2326206822754858E+000
 0649  0.2326206822754858E+000
 0650  0.2326206822754858E+000
 0651  0.2326206822754858E+000
 0652  0.2326206822754858E+000
 0653  0.2326206822754858E+000
 0654  0.2326206822754858E+000
 0655  0.2326206822754858E+000
 0656  0.2326206822754858E+000
 0657  0.2326206822754858E+000
 0658  0.2326206822754858E+000
 0659  0.2326206822754858E+000
 0660  0.2326206822754858E+000
 0661  0.2326206822754858E+000
 0662  0.2326206822754858E+000
 0663  0.2326206822754858E+000
 0664  0.2326206822754858E+000
 0665  0.2326206822754858E+000
 0666  0.2326206822754858E+000
 0667  0.2326206822754858E+000
 0668  0.2326206822754858E+000
 0669  0.2326206822754858E+000
 0670  0.2326206822754858E+000
 0671  0.2326206822754858E+000
 0672  0.2326206822754858E+000
 0673  0.2326206822754858E+000
 0674  0.2326206822754858E+000
 0675  0.2326206822754858E+000
 0676  0.2326206822754858E+000
 0677  0.2326206822754858E+000
 0678  0.2326206822754858E+000
 0679  0.2326206822754858E+000
 0680  0.2326206822754858E+000
 0681  0.2326206822754858E+000
 0682  0.2326206822754858E+000
 0683  0.2326206822754858E+000
 0684  0.2326206822754858E+000
 0685  0.2326206822754858E+000
 0686  0.2326206822754858E+000
 0687  0.2326206822754858E+000
 0688  0.2326206822754858E+000
 0689  0.2326206822754858E+000
 0690  0.2326206822754858E+000
 0691  0.2326206822754858E+000
 0692  0.2326206822754858E+000
 0693  0.2326206822754858E+000
 0694  0.2326206822754858E+000
 0695  0.2326206822754858E+000
 0696  0.2326206822754858E+000
 0697  0.2326206822754858E+000
 0698  0.2326206822754858E+000
 0699  0.2326206822754858E+000
 0700  0.2326206822754858E+000
 0701  0.2326206822754858E+000
 0702  0.2326206822754858E+000
 0703  0.2326206822754858E+000
 0704  0.2326206822754858E+000
 0705  0.2326206822754858E+000
 0706  0.2326206822754858E+000
 0707  0.2326206822754858E+000
 0708  0.2326206822754858E+000
 0709  0.2326206822754858E+000
 0710  0.2326206822754858E+000
 0711  0.2326206822754858E+000
 0712  0.2326206822754858E+000
 0713  0.2326206822754858E+000
 0714  0.2326206822754858E+000
 0715  0.2326206822754858E+000
 0716  0.2326206822754858E+000
 0717  0.2326206822754858E+000
 0718  0.2326206822754858E+000
 0719  0.2326206822754858E+000
 0720  0.2326206822754858E+000
 0721  0.2326206822754858E+000
 0722  0.2326206822754858E+000
 0723  0.2326206822754858E+000
 0724  0.2326206822754858E+000
 0725  0.2326206822754858E+000
 0726  0.2326206822754858E+000
 0727  0.2326206822754858E+000
 0728  0.2326206822754858E+000
 0729  0.2326206822754858E+000
 0730  0.2326206822754858E+000
 0731  0.2326206822754858E+000
 0732  0.2326206822754858E+000
 0733  0.2326206822754858E+000
 0734  0.2326206822754858E+000
 0735  0.2326206822754858E+000
 0736  0.2326206822754858E+000
 0737  0.2326206822754858E+000
 0738  0.2326206822754858E+000
 0739  0.2326206822754858E+000
 0740  0.2326206822754858E+000
 0741  0.2326206822754858E+000
 0742  0.2326206822754858E+000
 0743  0.2326206822754858E+000
 0744  0.2326206822754858E+000
 0745  0.2326206822754858E+000
 0746  0.2326206822754858E+000
 0747  0.2326206822754858E+000
 0748  0.2326206822754858E+000
 0749  0.2326206822754858E+000
 0750  0.2326206822754858E+000
 0751  0.2326206822754858E+000
 0752  0.2326206822754858E+000
 0753  0.2326206822754858E+000
 0754  0.2326206822754858E+000
 0755  0.2326206822754858E+000
 0756  0.2326206822754858E+000
 0757  0.2326206822754858E+000
 0758  0.2326206822754858E+000
 0759  0.2326206822754858E+000
 0760  0.2326206822754858E+000
 0761  0.2326206822754858E+000
 0762  0.2326206822754858E+000
 0763  0.2326206822754858E+000
 0764  0.2326206822754858E+000
 0765  0.2326206822754858E+000
 0766  0.2326206822754858E+000
 0767  0.2326206822754858E+000
 0768  0.2326206822754858E+000
 0769  0.2326206822754858E+000
 0770  0.2326206822754858E+000
 0771  0.2326206822754858E+000
 0772  0.2326206822754858E+000
 0773  0.2326206822754858E+000
 0774  0.2326206822754858E+000
 0775  0.2326206822754858E+000
 0776  0.2326206822754858E+000
 0777  0.2326206822754858E+000
 0778  0.2326206822754858E+000
 0779  0.2326206822754858E+000
 0780  0.2326206822754858E+000
 0781  0.2326206822754858E+000
 0782  0.2326206822754858E+000
 0783  0.2326206822754858E+000
 0784  0.2326206822754858E+000
 0785  0.2326206822754858E+000
 0786  0.2326206822754858E+000
 0787  0.2326206822754858E+000
 0788  0.2326206822754858E+000
 0789  0.2326206822754858E+000
 0790  0.2326206822754858E+000
 0791  0.2326206822754858E+000
 0792  0.2326206822754858E+000
 0793  0.2326206822754858E+000
 0794  0.2326206822754858E+000
 0795  0.2326206822754858E+000
 0796  0.2326206822754858E+000
 0797  0.2326206822754858E+000
 0798  0.2326206822754858E+000
 0799  0.2326206822754858E+000
 0800  0.2326206822754858E+000
 0801  0.2326206822754858E+000
 0802  0.2326206822754858E+000
 0803  0.2326206822754858E+000
 0804  0.2326206822754858E+000
 0805  0.2326206822754858E+000
 0806  0.2326206822754858E+000
 0807  0.2326206822754858E+000
 0808  0.2326206822754858E+000
 0809  0.2326206822754858E+000
 0810  0.2326206822754858E+000
 0811  0.2326206822754858E+000
 0812  0.2326206822754858E+000
 0813  0.2326206822754858E+000
 0814  0.2326206822754858E+000
 0815  0.2326206822754858E+000
 0816  0.2326206822754858E+000
 0817  0.2326206822754858E+000
 0818  0.2326206822754858E+000
 0819  0.2326206822754858E+000
 0820  0.2326206822754858E+000
 0821  0.2326206822754858E+000
 0822  0.2326206822754858E+000
 0823  0.2326206822754858E+000
 0824  0.2326206822754858E+000
 0825  0.2326206822754858E+000
 0826  0.2326206822754858E+000
 0827  0.2326206822754858E+000
 0828  0.2326206822754858E+000
 0829  0.2326206822754858E+000
 0830  0.2326206822754858E+000
 0831  0.2326206822754858E+000
 0832  0.2326206822754858E+000
 0833  0.2326206822754858E+000
 0834  0.2326206822754858E+000
 0835  0.2326206822754858E+000
 0836  0.2326206822754858E+000
 0837  0.2326206822754858E+000
 0838  0.2326206822754858E+000
 0839  0.2326206822754858E+000
 0840  0.2326206822754858E+000
 0841  0.2326206822754858E+000
 0842  0.2326206822754858E+000
 0843  0.2326206822754858E+000
 0844  0.2326206822754858E+000
 0845  0.2326206822754858E+000
 0846  0.2326206822754858E+000
 0847  0.2326206822754858E+000
 0848  0.2326206822754858E+000
 0849  0.2326206822754858E+000
 0850  0.2326206822754858E+000
 0851  0.2326206822754858E+000
 0852  0.2326206822754858E+000
 0853  0.2326206822754858E+000
 0854  0.2326206822754858E+000
 0855  0.2326206822754858E+000
 0856  0.2326206822754858E+000
 0857  0.2326206822754858E+000
 0858  0.2326206822754858E+000
 0859  0.2326206822754858E+000
 0860  0.2326206822754858E+000
 0861  0.2326206822754858E+000
 0862  0.2326206822754858E+000
 0863  0.2326206822754858E+000
 0864  0.2326206822754858E+000
 0865  0.2326206822754858E+000
 0866  0.2326206822754858E+000
 0867  0.2326206822754858E+000
 0868  0.2326206822754858E+000
 0869  0.2326206822754858E+000
 0870  0.2326206822754858E+000
 0871  0.2326206822754858E+000
 0872  0.2326206822754858E+000
 0873  0.2326206822754858E+000
 0874  0.2326206822754858E+000
 0875  0.2326206822754858E+000
 0876  0.2326206822754858E+000
 0877  0.2326206822754858E+000
 0878  0.2326206822754858E+000
 0879  0.2326206822754858E+000
 0880  0.2326206822754858E+000
 0881  0.2326206822754858E+000
 0882  0.2326206822754858E+000
 0883  0.2326206822754858E+000
 0884  0.2326206822754858E+000
 0885  0.2326206822754858E+000
 0886  0.2326206822754858E+000
 0887  0.2326206822754858E+000
 0888  0.2326206822754858E+000
 0889  0.2326206822754858E+000
 0890  0.2326206822754858E+000
 0891  0.2326206822754858E+000
 0892  0.2326206822754858E+000
 0893  0.2326206822754858E+000
 0894  0.2326206822754858E+000
 0895  0.2326206822754858E+000
 0896  0.2326206822754858E+000
 0897  0.2326206822754858E+000
 0898  0.2326206822754858E+000
 0899  0.2326206822754858E+000
 0900  0.2326206822754858E+000
 0901  0.2326206822754858E+000
 0902  0.2326206822754858E+000
 0903  0.2326206822754858E+000
 0904  0.2326206822754858E+000
 0905  0.2326206822754858E+000
 0906  0.2326206822754858E+000
 0907  0.2326206822754858E+000
 0908  0.2326206822754858E+000
 0909  0.2326206822754858E+000
 0910  0.2326206822754858E+000
 0911  0.2326206822754858E+000
 0912  0.2326206822754858E+000
 0913  0.2326206822754858E+000
 0914  0.2326206822754858E+000
 0915  0.2326206822754858E+000
 0916  0.2326206822754858E+000
 0917  0.2326206822754858E+000
 0918  0.2326206822754858E+000
 0919  0.2326206822754858E+000
 0920  0.2326206822754858E+000
 0921  0.2326206822754858E+000
 0922  0.2326206822754858E+000
 0923  0.2326206822754858E+000
 0924  0.2326206822754858E+000
 0925  0.2326206822754858E+000
 0926  0.2326206822754858E+000
 0927  0.2326206822754858E+000
 0928  0.2326206822754858E+000
 0929  0.2326206822754858E+000
 0930  0.2326206822754858E+000
 0931  0.2326206822754858E+000
 0932  0.2326206822754858E+000
 0933  0.2326206822754858E+000
 0934  0.2326206822754858E+000
 0935  0.2326206822754858E+000
 0936  0.2326206822754858E+000
 0937  0.2326206822754858E+000
 0938  0.2326206822754858E+000
 0939  0.2326206822754858E+000
 0940  0.2326206822754858E+000
 0941  0.2326206822754858E+000
 0942  0.2326206822754858E+000
 0943  0.2326206822754858E+000
 0944  0.2326206822754858E+000
 0945  0.2326206822754858E+000
 0946  0.2326206822754858E+000
 0947  0.2326206822754858E+000
 0948  0.2326206822754858E+000
 0949  0.2326206822754858E+000
 0950  0.2326206822754858E+000
 0951  0.2326206822754858E+000
 0952  0.2326206822754858E+000
 0953  0.2326206822754858E+000
 0954  0.2326206822754858E+000
 0955  0.2326206822754858E+000
 0956  0.2326206822754858E+000
 0957  0.2326206822754858E+000
 0958  0.2326206822754858E+000
 0959  0.2326206822754858E+000
 0960  0.2326206822754858E+000
 0961  0.2326206822754858E+000
 0962  0.2326206822754858E+000
 0963  0.2326206822754858E+000
 0964  0.2326206822754858E+000
 0965  0.2326206822754858E+000
 0966  0.2326206822754858E+000
 0967  0.2326206822754858E+000
 0968  0.2326206822754858E+000
 0969  0.2326206822754858E+000
 0970  0.2326206822754858E+000
 0971  0.2326206822754858E+000
 0972  0.2326206822754858E+000
 0973  0.2326206822754858E+000
 0974  0.2326206822754858E+000
 0975  0.2326206822754858E+000
 0976  0.2326206822754858E+000
 0977  0.2326206822754858E+000
 0978  0.2326206822754858E+000
 0979  0.2326206822754858E+000
 0980  0.2326206822754858E+000
 0981  0.2326206822754858E+000
 0982  0.2326206822754858E+000
 0983  0.2326206822754858E+000
 0984  0.2326206822754858E+000
 0985  0.2326206822754858E+000
 0986  0.2326206822754858E+000
 0987  0.2326206822754858E+000
 0988  0.2326206822754858E+000
 0989  0.2326206822754858E+000
 0990  0.2326206822754858E+000
 0991  0.2326206822754858E+000
 0992  0.2326206822754858E+000
 0993  0.2326206822754858E+000
 0994  0.2326206822754858E+000
 0995  0.2326206822754858E+000
 0996  0.2326206822754858E+000
 0997  0.2326206822754858E+000
 0998  0.2326206822754858E+000
 0999  0.2326206822754858E+000
 1000  0.2326206822754858E+000
