 0001  0.4672837113674591E-002
 0002  0.4672837113674591E-002
 0003  0.4761094946607090E-002
 0004  0.4761094946607090E-002
 0005  0.4761094946607090E-002
 0006  0.4761094946607090E-002
 0007  0.4761094946607090E-002
 0008  0.4848791799956880E-002
 0009  0.4848791799956880E-002
 0010  0.4848791799956881E-002
 0011  0.4848791799956881E-002
 0012  0.4947578314944232E-002
 0013  0.4947578314944232E-002
 0014  0.4947578314944232E-002
 0015  0.4947578314944234E-002
 0016  0.4947578314944235E-002
 0017  0.5058506180563206E-002
 0018  0.5058506180563207E-002
 0019  0.5058506180563208E-002
 0020  0.5058506180563209E-002
 0021  0.5168569115106333E-002
 0022  0.5168569115106332E-002
 0023  0.5168569115106332E-002
 0024  0.5168569115106332E-002
 0025  0.5291557888067264E-002
 0026  0.5291557888067264E-002
 0027  0.5291557888067265E-002
 0028  0.5412818289327555E-002
 0029  0.5412818289327556E-002
 0030  0.5412818289327557E-002
 0031  0.5550639021194085E-002
 0032  0.5550639021194086E-002
 0033  0.5550639021194087E-002
 0034  0.5550639021194088E-002
 0035  0.5708887870392707E-002
 0036  0.5708887870392705E-002
 0037  0.5708887870392704E-002
 0038  0.5865305439180513E-002
 0039  0.5865305439180510E-002
 0040  0.6042540968941461E-002
 0041  0.6042540968941460E-002
 0042  0.6042540968941460E-002
 0043  0.6245561784648492E-002
 0044  0.6245561784648493E-002
 0045  0.6245561784648494E-002
 0046  0.6477839049515399E-002
 0047  0.6477839049515398E-002
 0048  0.6704722397308844E-002
 0049  0.6704722397308846E-002
 0050  0.6704722397308848E-002
 0051  0.6967391794904259E-002
 0052  0.6967391794904257E-002
 0053  0.7272753537240789E-002
 0054  0.7272753537240791E-002
 0055  0.7272753537240791E-002
 0056  0.7631759720469780E-002
 0057  0.7631759720469780E-002
 0058  0.8045230691498430E-002
 0059  0.8045230691498434E-002
 0060  0.8519862813593935E-002
 0061  0.8519862813593937E-002
 0062  0.9061485402462165E-002
 0063  0.9061485402462164E-002
 0064  0.9683164017682190E-002
 0065  0.9683164017682190E-002
 0066  0.1038771302200145E-001
 0067  0.1038771302200145E-001
 0068  0.1117760136959411E-001
 0069  0.1117760136959412E-001
 0070  0.1205502678212239E-001
 0071  0.1205502678212239E-001
 0072  0.1302176187662793E-001
 0073  0.1302176187662793E-001
 0074  0.1408468674839980E-001
 0075  0.1408468674839980E-001
 0076  0.1521899665932577E-001
 0077  0.1637985623009291E-001
 0078  0.1637985623009291E-001
 0079  0.1760079442503387E-001
 0080  0.1760079442503387E-001
 0081  0.1899081048168683E-001
 0082  0.2038399724539787E-001
 0083  0.2038399724539787E-001
 0084  0.2182845979937318E-001
 0085  0.2327169778567989E-001
 0086  0.2471269510036386E-001
 0087  0.2471269510036386E-001
 0088  0.2620789710294950E-001
 0089  0.2778096737954838E-001
 0090  0.2933616568436078E-001
 0091  0.3087436175841667E-001
 0092  0.3239584367341729E-001
 0093  0.3390092188866510E-001
 0094  0.3544985570784605E-001
 0095  0.3697444219318315E-001
 0096  0.3847577298432866E-001
 0097  0.3995490594327383E-001
 0098  0.4141245220839312E-001
 0099  0.4289170874909233E-001
 0100  0.4434548986200632E-001
 0101  0.4577299342069664E-001
 0102  0.4717344694074553E-001
 0103  0.4985138909817725E-001
 0104  0.5112744094077679E-001
 0105  0.5237405060492311E-001
 0106  0.5359098155012892E-001
 0107  0.5477743496513152E-001
 0108  0.5595042217374393E-001
 0109  0.5814286844124469E-001
 0110  0.5916657525232612E-001
 0111  0.6017026120325965E-001
 0112  0.6114245444674073E-001
 0113  0.6208356019387267E-001
 0114  0.6383699718362336E-001
 0115  0.6465165557867364E-001
 0116  0.6543789330458470E-001
 0117  0.6619618966682994E-001
 0118  0.6692688505840166E-001
 0119  0.6827492359349997E-001
 0120  0.6889526266337963E-001
 0121  0.6948851456121009E-001
 0122  0.7005720037670222E-001
 0123  0.7060187885271929E-001
 0124  0.7159496401562777E-001
 0125  0.7204590503398427E-001
 0126  0.7247603950050943E-001
 0127  0.7288553508407125E-001
 0128  0.7326909430598394E-001
 0129  0.7396328652204437E-001
 0130  0.7426886349784768E-001
 0131  0.7455714203585685E-001
 0132  0.7482810740711325E-001
 0133  0.7530182258008156E-001
 0134  0.7550623699396153E-001
 0135  0.7569532201968789E-001
 0136  0.7586024337518371E-001
 0137  0.7614100159044231E-001
 0138  0.7624810703363323E-001
 0139  0.7634204924860447E-001
 0140  0.7642278554498311E-001
 0141  0.7652345032073343E-001
 0142  0.7655491558052011E-001
 0143  0.7656415015910002E-001
 0144  0.7656238969894869E-001
 0145  0.7651630839319143E-001
 0146  0.7647323765019697E-001
 0147  0.7642040861937212E-001
 0148  0.7634713017423221E-001
 0149  0.7617718758110152E-001
 0150  0.7607006437990776E-001
 0151  0.7595498410436653E-001
 0152  0.7582138780108097E-001
 0153  0.7553766145507786E-001
 0154  0.7537731732967833E-001
 0155  0.7521071272845085E-001
 0156  0.7484502598301183E-001
 0157  0.7465700119050458E-001
 0158  0.7445345934832014E-001
 0159  0.7424505293637430E-001
 0160  0.7380196540748495E-001
 0161  0.7357778218044680E-001
 0162  0.7333993605582922E-001
 0163  0.7285215084415830E-001
 0164  0.7260262529307410E-001
 0165  0.7234114946210717E-001
 0166  0.7181015224766940E-001
 0167  0.7154097240163643E-001
 0168  0.7126120247096082E-001
 0169  0.7069694761882617E-001
 0170  0.7041281020389743E-001
 0171  0.7011951466245137E-001
 0172  0.6953114977100007E-001
 0173  0.6923625891989674E-001
 0174  0.6893334566704265E-001
 0175  0.6832812470590757E-001
 0176  0.6802600707327516E-001
 0177  0.6771697937872871E-001
 0178  0.6710155322704590E-001
 0179  0.6679527373235132E-001
 0180  0.6648309721393235E-001
 0181  0.6585737546530243E-001
 0182  0.6554422653214438E-001
 0183  0.6492350252719574E-001
 0184  0.6461083239415123E-001
 0185  0.6429921701416100E-001
 0186  0.6367305020811445E-001
 0187  0.6336369149947961E-001
 0188  0.6274791924709208E-001
 0189  0.6244174710172853E-001
 0190  0.6213278736570314E-001
 0191  0.6151952173899276E-001
 0192  0.6121539405338098E-001
 0193  0.6061244419602590E-001
 0194  0.6031376145085381E-001
 0195  0.6001334035561767E-001
 0196  0.5941886881929902E-001
 0197  0.5912491375344182E-001
 0198  0.5854069863040880E-001
 0199  0.5825068780948493E-001
 0200  0.5768076651240812E-001
 0201  0.5739807208548941E-001
 0202  0.5683761783608111E-001
 0203  0.5656003072921575E-001
 0204  0.5601042414517259E-001
 0205  0.5573853843178649E-001
 0206  0.5520286536995600E-001
 0207  0.5493906966944870E-001
 0208  0.5441750355017044E-001
 0209  0.5415986333062920E-001
 0210  0.5364942424073517E-001
 0211  0.5339683075455189E-001
 0212  0.5289880310359365E-001
 0213  0.5265343467902742E-001
 0214  0.5217002054631550E-001
 0215  0.5193201729950014E-001
 0216  0.5146099653621057E-001
 0217  0.5122931432481034E-001
 0218  0.5077247292676104E-001
 0219  0.5054737205797562E-001
 0220  0.5010388617638534E-001
 0221  0.4967269693255838E-001
 0222  0.4946003018882058E-001
 0223  0.4904145016902816E-001
 0224  0.4883554482085840E-001
 0225  0.4842974929978408E-001
 0226  0.4803451604965932E-001
 0227  0.4784024764067756E-001
 0228  0.4745717086837213E-001
 0229  0.4708446014810946E-001
 0230  0.4690111906138669E-001
 0231  0.4653994173979459E-001
 0232  0.4636213555988988E-001
 0233  0.4601207760121256E-001
 0234  0.4567157508442653E-001
 0235  0.4533972802950004E-001
 0236  0.4517652371763640E-001
 0237  0.4485488108938927E-001
 0238  0.4454175996486879E-001
 0239  0.4438759455671126E-001
 0240  0.4408380488964985E-001
 0241  0.4378789569053492E-001
 0242  0.4349975411561417E-001
 0243  0.4335775659968732E-001
 0244  0.4307811442901625E-001
 0245  0.4280576375891429E-001
 0246  0.4254031616738631E-001
 0247  0.4228146038405055E-001
 0248  0.4215393480226605E-001
 0249  0.4190261258222032E-001
 0250  0.4165751851788365E-001
 0251  0.4141848627451809E-001
 0252  0.4118530581422201E-001
 0253  0.4095781925865873E-001
 0254  0.4073577474040837E-001
 0255  0.4051901936316704E-001
 0256  0.4030741430332165E-001
 0257  0.4010077777141293E-001
 0258  0.3999888842293988E-001
 0259  0.3979788644922436E-001
 0260  0.3960154998118656E-001
 0261  0.3941038381082310E-001
 0262  0.3922498530460232E-001
 0263  0.3904511786758511E-001
 0264  0.3878614917536143E-001
 0265  0.3862036645742403E-001
 0266  0.3845931778954852E-001
 0267  0.3830281928605397E-001
 0268  0.3815069606454962E-001
 0269  0.3800278171706372E-001
 0270  0.3785891781726639E-001
 0271  0.3771895346098820E-001
 0272  0.3751670453150136E-001
 0273  0.3738677169010463E-001
 0274  0.3726022347334811E-001
 0275  0.3713693992695226E-001
 0276  0.3695848495681849E-001
 0277  0.3684364286592721E-001
 0278  0.3673165354641542E-001
 0279  0.3656934089706999E-001
 0280  0.3646475660461162E-001
 0281  0.3636267754600399E-001
 0282  0.3621455403166287E-001
 0283  0.3611900193998669E-001
 0284  0.3598023466324152E-001
 0285  0.3589064533608301E-001
 0286  0.3576043554157030E-001
 0287  0.3567630622631832E-001
 0288  0.3555394111084540E-001
 0289  0.3543626161395293E-001
 0290  0.3536013712378356E-001
 0291  0.3524928678683962E-001
 0292  0.3514253074771984E-001
 0293  0.3503966309680091E-001
 0294  0.3497301922815188E-001
 0295  0.3487583198658913E-001
 0296  0.3478206691011506E-001
 0297  0.3469156051888884E-001
 0298  0.3460415933958298E-001
 0299  0.3451971916156395E-001
 0300  0.3443810435778900E-001
 0301  0.3435918726399305E-001
 0302  0.3428284761045499E-001
 0303  0.3418505327826604E-001
 0304  0.3411455418707073E-001
 0305  0.3404626647202470E-001
 0306  0.3395865168431644E-001
 0307  0.3389539598580615E-001
 0308  0.3381415506149536E-001
 0309  0.3375544325872968E-001
 0310  0.3367996677252693E-001
 0311  0.3360764691477431E-001
 0312  0.3353830957757941E-001
 0313  0.3347179294235736E-001
 0314  0.3340794642264085E-001
 0315  0.3334662971352623E-001
 0316  0.3328771193547472E-001
 0317  0.3321733867160784E-001
 0318  0.3316351566412502E-001
 0319  0.3309914739593044E-001
 0320  0.3304985779997491E-001
 0321  0.3299084342125520E-001
 0322  0.3293461503350906E-001
 0323  0.3288100551029361E-001
 0324  0.3281997075483372E-001
 0325  0.3277168516468833E-001
 0326  0.3271663103361742E-001
 0327  0.3266457095595939E-001
 0328  0.3261530319443531E-001
 0329  0.3256114778776906E-001
 0330  0.3251738205483018E-001
 0331  0.3246919534781249E-001
 0332  0.3241770694696988E-001
 0333  0.3237555019958505E-001
 0334  0.3232502338516888E-001
 0335  0.3228332654189078E-001
 0336  0.3223972411517816E-001
 0337  0.3219507121422661E-001
 0338  0.3215016735017198E-001
 0339  0.3210925433176018E-001
 0340  0.3206553090454697E-001
 0341  0.3202629479806433E-001
 0342  0.3198595455219654E-001
 0343  0.3194585184867405E-001
 0344  0.3190713058865551E-001
 0345  0.3186911983498293E-001
 0346  0.3183076077996314E-001
 0347  0.3179379320269133E-001
 0348  0.3175664536292397E-001
 0349  0.3172074284761972E-001
 0350  0.3169890272062850E-001
 0351  0.3169890272062850E-001
 0352  0.3169890272062850E-001
 0353  0.3169890272062850E-001
 0354  0.3169890272062850E-001
 0355  0.3169890272062850E-001
 0356  0.3169890272062850E-001
 0357  0.3169890272062850E-001
 0358  0.3169890272062850E-001
 0359  0.3169890272062850E-001
 0360  0.3169890272062850E-001
 0361  0.3169890272062850E-001
 0362  0.3169890272062850E-001
 0363  0.3169890272062850E-001
 0364  0.3169890272062850E-001
 0365  0.3169890272062850E-001
 0366  0.3169890272062850E-001
 0367  0.3169890272062850E-001
 0368  0.3169890272062850E-001
 0369  0.3169890272062850E-001
 0370  0.3169890272062850E-001
 0371  0.3169890272062850E-001
 0372  0.3169890272062850E-001
 0373  0.3169890272062850E-001
 0374  0.3169890272062850E-001
 0375  0.3169890272062850E-001
 0376  0.3169890272062850E-001
 0377  0.3169890272062850E-001
 0378  0.3169890272062850E-001
 0379  0.3169890272062850E-001
 0380  0.3169890272062850E-001
 0381  0.3169890272062850E-001
 0382  0.3169890272062850E-001
 0383  0.3169890272062850E-001
 0384  0.3169890272062850E-001
 0385  0.3169890272062850E-001
 0386  0.3169890272062850E-001
 0387  0.3169890272062850E-001
 0388  0.3169890272062850E-001
 0389  0.3169890272062850E-001
 0390  0.3169890272062850E-001
 0391  0.3169890272062850E-001
 0392  0.3169890272062850E-001
 0393  0.3169890272062850E-001
 0394  0.3169890272062850E-001
 0395  0.3169890272062850E-001
 0396  0.3169890272062850E-001
 0397  0.3169890272062850E-001
 0398  0.3169890272062850E-001
 0399  0.3169890272062850E-001
 0400  0.3169890272062850E-001
 0401  0.3169890272062850E-001
 0402  0.3169890272062850E-001
 0403  0.3169890272062850E-001
 0404  0.3169890272062850E-001
 0405  0.3169890272062850E-001
 0406  0.3169890272062850E-001
 0407  0.3169890272062850E-001
 0408  0.3169890272062850E-001
 0409  0.3169890272062850E-001
 0410  0.3169890272062850E-001
 0411  0.3169890272062850E-001
 0412  0.3169890272062850E-001
 0413  0.3169890272062850E-001
 0414  0.3169890272062850E-001
 0415  0.3169890272062850E-001
 0416  0.3169890272062850E-001
 0417  0.3169890272062850E-001
 0418  0.3169890272062850E-001
 0419  0.3169890272062850E-001
 0420  0.3169890272062850E-001
 0421  0.3169890272062850E-001
 0422  0.3169890272062850E-001
 0423  0.3169890272062850E-001
 0424  0.3169890272062850E-001
 0425  0.3169890272062850E-001
 0426  0.3169890272062850E-001
 0427  0.3169890272062850E-001
 0428  0.3169890272062850E-001
 0429  0.3169890272062850E-001
 0430  0.3169890272062850E-001
 0431  0.3169890272062850E-001
 0432  0.3169890272062850E-001
 0433  0.3169890272062850E-001
 0434  0.3169890272062850E-001
 0435  0.3169890272062850E-001
 0436  0.3169890272062850E-001
 0437  0.3169890272062850E-001
 0438  0.3169890272062850E-001
 0439  0.3169890272062850E-001
 0440  0.3169890272062850E-001
 0441  0.3169890272062850E-001
 0442  0.3169890272062850E-001
 0443  0.3169890272062850E-001
 0444  0.3169890272062850E-001
 0445  0.3169890272062850E-001
 0446  0.3169890272062850E-001
 0447  0.3169890272062850E-001
 0448  0.3169890272062850E-001
 0449  0.3169890272062850E-001
 0450  0.3169890272062850E-001
 0451  0.3169890272062850E-001
 0452  0.3169890272062850E-001
 0453  0.3169890272062850E-001
 0454  0.3169890272062850E-001
 0455  0.3169890272062850E-001
 0456  0.3169890272062850E-001
 0457  0.3169890272062850E-001
 0458  0.3169890272062850E-001
 0459  0.3169890272062850E-001
 0460  0.3169890272062850E-001
 0461  0.3169890272062850E-001
 0462  0.3169890272062850E-001
 0463  0.3169890272062850E-001
 0464  0.3169890272062850E-001
 0465  0.3169890272062850E-001
 0466  0.3169890272062850E-001
 0467  0.3169890272062850E-001
 0468  0.3169890272062850E-001
 0469  0.3169890272062850E-001
 0470  0.3169890272062850E-001
 0471  0.3169890272062850E-001
 0472  0.3169890272062850E-001
 0473  0.3169890272062850E-001
 0474  0.3169890272062850E-001
 0475  0.3169890272062850E-001
 0476  0.3169890272062850E-001
 0477  0.3169890272062850E-001
 0478  0.3169890272062850E-001
 0479  0.3169890272062850E-001
 0480  0.3169890272062850E-001
 0481  0.3169890272062850E-001
 0482  0.3169890272062850E-001
 0483  0.3169890272062850E-001
 0484  0.3169890272062850E-001
 0485  0.3169890272062850E-001
 0486  0.3169890272062850E-001
 0487  0.3169890272062850E-001
 0488  0.3169890272062850E-001
 0489  0.3169890272062850E-001
 0490  0.3169890272062850E-001
 0491  0.3169890272062850E-001
 0492  0.3169890272062850E-001
 0493  0.3169890272062850E-001
 0494  0.3169890272062850E-001
 0495  0.3169890272062850E-001
 0496  0.3169890272062850E-001
 0497  0.3169890272062850E-001
 0498  0.3169890272062850E-001
 0499  0.3169890272062850E-001
 0500  0.3169890272062850E-001
 0501  0.3169890272062850E-001
 0502  0.3169890272062850E-001
 0503  0.3169890272062850E-001
 0504  0.3169890272062850E-001
 0505  0.3169890272062850E-001
 0506  0.3169890272062850E-001
 0507  0.3169890272062850E-001
 0508  0.3169890272062850E-001
 0509  0.3169890272062850E-001
 0510  0.3169890272062850E-001
 0511  0.3169890272062850E-001
 0512  0.3169890272062850E-001
 0513  0.3169890272062850E-001
 0514  0.3169890272062850E-001
 0515  0.3169890272062850E-001
 0516  0.3169890272062850E-001
 0517  0.3169890272062850E-001
 0518  0.3169890272062850E-001
 0519  0.3169890272062850E-001
 0520  0.3169890272062850E-001
 0521  0.3169890272062850E-001
 0522  0.3169890272062850E-001
 0523  0.3169890272062850E-001
 0524  0.3169890272062850E-001
 0525  0.3169890272062850E-001
 0526  0.3169890272062850E-001
 0527  0.3169890272062850E-001
 0528  0.3169890272062850E-001
 0529  0.3169890272062850E-001
 0530  0.3169890272062850E-001
 0531  0.3169890272062850E-001
 0532  0.3169890272062850E-001
 0533  0.3169890272062850E-001
 0534  0.3169890272062850E-001
 0535  0.3169890272062850E-001
 0536  0.3169890272062850E-001
 0537  0.3169890272062850E-001
 0538  0.3169890272062850E-001
 0539  0.3169890272062850E-001
 0540  0.3169890272062850E-001
 0541  0.3169890272062850E-001
 0542  0.3169890272062850E-001
 0543  0.3169890272062850E-001
 0544  0.3169890272062850E-001
 0545  0.3169890272062850E-001
 0546  0.3169890272062850E-001
 0547  0.3169890272062850E-001
 0548  0.3169890272062850E-001
 0549  0.3169890272062850E-001
 0550  0.3169890272062850E-001
 0551  0.3169890272062850E-001
 0552  0.3169890272062850E-001
 0553  0.3169890272062850E-001
 0554  0.3169890272062850E-001
 0555  0.3169890272062850E-001
 0556  0.3169890272062850E-001
 0557  0.3169890272062850E-001
 0558  0.3169890272062850E-001
 0559  0.3169890272062850E-001
 0560  0.3169890272062850E-001
 0561  0.3169890272062850E-001
 0562  0.3169890272062850E-001
 0563  0.3169890272062850E-001
 0564  0.3169890272062850E-001
 0565  0.3169890272062850E-001
 0566  0.3169890272062850E-001
 0567  0.3169890272062850E-001
 0568  0.3169890272062850E-001
 0569  0.3169890272062850E-001
 0570  0.3169890272062850E-001
 0571  0.3169890272062850E-001
 0572  0.3169890272062850E-001
 0573  0.3169890272062850E-001
 0574  0.3169890272062850E-001
 0575  0.3169890272062850E-001
 0576  0.3169890272062850E-001
 0577  0.3169890272062850E-001
 0578  0.3169890272062850E-001
 0579  0.3169890272062850E-001
 0580  0.3169890272062850E-001
 0581  0.3169890272062850E-001
 0582  0.3169890272062850E-001
 0583  0.3169890272062850E-001
 0584  0.3169890272062850E-001
 0585  0.3169890272062850E-001
 0586  0.3169890272062850E-001
 0587  0.3169890272062850E-001
 0588  0.3169890272062850E-001
 0589  0.3169890272062850E-001
 0590  0.3169890272062850E-001
 0591  0.3169890272062850E-001
 0592  0.3169890272062850E-001
 0593  0.3169890272062850E-001
 0594  0.3169890272062850E-001
 0595  0.3169890272062850E-001
 0596  0.3169890272062850E-001
 0597  0.3169890272062850E-001
 0598  0.3169890272062850E-001
 0599  0.3169890272062850E-001
 0600  0.3169890272062850E-001
 0601  0.3169890272062850E-001
 0602  0.3169890272062850E-001
 0603  0.3169890272062850E-001
 0604  0.3169890272062850E-001
 0605  0.3169890272062850E-001
 0606  0.3169890272062850E-001
 0607  0.3169890272062850E-001
 0608  0.3169890272062850E-001
 0609  0.3169890272062850E-001
 0610  0.3169890272062850E-001
 0611  0.3169890272062850E-001
 0612  0.3169890272062850E-001
 0613  0.3169890272062850E-001
 0614  0.3169890272062850E-001
 0615  0.3169890272062850E-001
 0616  0.3169890272062850E-001
 0617  0.3169890272062850E-001
 0618  0.3169890272062850E-001
 0619  0.3169890272062850E-001
 0620  0.3169890272062850E-001
 0621  0.3169890272062850E-001
 0622  0.3169890272062850E-001
 0623  0.3169890272062850E-001
 0624  0.3169890272062850E-001
 0625  0.3169890272062850E-001
 0626  0.3169890272062850E-001
 0627  0.3169890272062850E-001
 0628  0.3169890272062850E-001
 0629  0.3169890272062850E-001
 0630  0.3169890272062850E-001
 0631  0.3169890272062850E-001
 0632  0.3169890272062850E-001
 0633  0.3169890272062850E-001
 0634  0.3169890272062850E-001
 0635  0.3169890272062850E-001
 0636  0.3169890272062850E-001
 0637  0.3169890272062850E-001
 0638  0.3169890272062850E-001
 0639  0.3169890272062850E-001
 0640  0.3169890272062850E-001
 0641  0.3169890272062850E-001
 0642  0.3169890272062850E-001
 0643  0.3169890272062850E-001
 0644  0.3169890272062850E-001
 0645  0.3169890272062850E-001
 0646  0.3169890272062850E-001
 0647  0.3169890272062850E-001
 0648  0.3169890272062850E-001
 0649  0.3169890272062850E-001
 0650  0.3169890272062850E-001
 0651  0.3169890272062850E-001
 0652  0.3169890272062850E-001
 0653  0.3169890272062850E-001
 0654  0.3169890272062850E-001
 0655  0.3169890272062850E-001
 0656  0.3169890272062850E-001
 0657  0.3169890272062850E-001
 0658  0.3169890272062850E-001
 0659  0.3169890272062850E-001
 0660  0.3169890272062850E-001
 0661  0.3169890272062850E-001
 0662  0.3169890272062850E-001
 0663  0.3169890272062850E-001
 0664  0.3169890272062850E-001
 0665  0.3169890272062850E-001
 0666  0.3169890272062850E-001
 0667  0.3169890272062850E-001
 0668  0.3169890272062850E-001
 0669  0.3169890272062850E-001
 0670  0.3169890272062850E-001
 0671  0.3169890272062850E-001
 0672  0.3169890272062850E-001
 0673  0.3169890272062850E-001
 0674  0.3169890272062850E-001
 0675  0.3169890272062850E-001
 0676  0.3169890272062850E-001
 0677  0.3169890272062850E-001
 0678  0.3169890272062850E-001
 0679  0.3169890272062850E-001
 0680  0.3169890272062850E-001
 0681  0.3169890272062850E-001
 0682  0.3169890272062850E-001
 0683  0.3169890272062850E-001
 0684  0.3169890272062850E-001
 0685  0.3169890272062850E-001
 0686  0.3169890272062850E-001
 0687  0.3169890272062850E-001
 0688  0.3169890272062850E-001
 0689  0.3169890272062850E-001
 0690  0.3169890272062850E-001
 0691  0.3169890272062850E-001
 0692  0.3169890272062850E-001
 0693  0.3169890272062850E-001
 0694  0.3169890272062850E-001
 0695  0.3169890272062850E-001
 0696  0.3169890272062850E-001
 0697  0.3169890272062850E-001
 0698  0.3169890272062850E-001
 0699  0.3169890272062850E-001
 0700  0.3169890272062850E-001
 0701  0.3169890272062850E-001
 0702  0.3169890272062850E-001
 0703  0.3169890272062850E-001
 0704  0.3169890272062850E-001
 0705  0.3169890272062850E-001
 0706  0.3169890272062850E-001
 0707  0.3169890272062850E-001
 0708  0.3169890272062850E-001
 0709  0.3169890272062850E-001
 0710  0.3169890272062850E-001
 0711  0.3169890272062850E-001
 0712  0.3169890272062850E-001
 0713  0.3169890272062850E-001
 0714  0.3169890272062850E-001
 0715  0.3169890272062850E-001
 0716  0.3169890272062850E-001
 0717  0.3169890272062850E-001
 0718  0.3169890272062850E-001
 0719  0.3169890272062850E-001
 0720  0.3169890272062850E-001
 0721  0.3169890272062850E-001
 0722  0.3169890272062850E-001
 0723  0.3169890272062850E-001
 0724  0.3169890272062850E-001
 0725  0.3169890272062850E-001
 0726  0.3169890272062850E-001
 0727  0.3169890272062850E-001
 0728  0.3169890272062850E-001
 0729  0.3169890272062850E-001
 0730  0.3169890272062850E-001
 0731  0.3169890272062850E-001
 0732  0.3169890272062850E-001
 0733  0.3169890272062850E-001
 0734  0.3169890272062850E-001
 0735  0.3169890272062850E-001
 0736  0.3169890272062850E-001
 0737  0.3169890272062850E-001
 0738  0.3169890272062850E-001
 0739  0.3169890272062850E-001
 0740  0.3169890272062850E-001
 0741  0.3169890272062850E-001
 0742  0.3169890272062850E-001
 0743  0.3169890272062850E-001
 0744  0.3169890272062850E-001
 0745  0.3169890272062850E-001
 0746  0.3169890272062850E-001
 0747  0.3169890272062850E-001
 0748  0.3169890272062850E-001
 0749  0.3169890272062850E-001
 0750  0.3169890272062850E-001
 0751  0.3169890272062850E-001
 0752  0.3169890272062850E-001
 0753  0.3169890272062850E-001
 0754  0.3169890272062850E-001
 0755  0.3169890272062850E-001
 0756  0.3169890272062850E-001
 0757  0.3169890272062850E-001
 0758  0.3169890272062850E-001
 0759  0.3169890272062850E-001
 0760  0.3169890272062850E-001
 0761  0.3169890272062850E-001
 0762  0.3169890272062850E-001
 0763  0.3169890272062850E-001
 0764  0.3169890272062850E-001
 0765  0.3169890272062850E-001
 0766  0.3169890272062850E-001
 0767  0.3169890272062850E-001
 0768  0.3169890272062850E-001
 0769  0.3169890272062850E-001
 0770  0.3169890272062850E-001
 0771  0.3169890272062850E-001
 0772  0.3169890272062850E-001
 0773  0.3169890272062850E-001
 0774  0.3169890272062850E-001
 0775  0.3169890272062850E-001
 0776  0.3169890272062850E-001
 0777  0.3169890272062850E-001
 0778  0.3169890272062850E-001
 0779  0.3169890272062850E-001
 0780  0.3169890272062850E-001
 0781  0.3169890272062850E-001
 0782  0.3169890272062850E-001
 0783  0.3169890272062850E-001
 0784  0.3169890272062850E-001
 0785  0.3169890272062850E-001
 0786  0.3169890272062850E-001
 0787  0.3169890272062850E-001
 0788  0.3169890272062850E-001
 0789  0.3169890272062850E-001
 0790  0.3169890272062850E-001
 0791  0.3169890272062850E-001
 0792  0.3169890272062850E-001
 0793  0.3169890272062850E-001
 0794  0.3169890272062850E-001
 0795  0.3169890272062850E-001
 0796  0.3169890272062850E-001
 0797  0.3169890272062850E-001
 0798  0.3169890272062850E-001
 0799  0.3169890272062850E-001
 0800  0.3169890272062850E-001
 0801  0.3169890272062850E-001
 0802  0.3169890272062850E-001
 0803  0.3169890272062850E-001
 0804  0.3169890272062850E-001
 0805  0.3169890272062850E-001
 0806  0.3169890272062850E-001
 0807  0.3169890272062850E-001
 0808  0.3169890272062850E-001
 0809  0.3169890272062850E-001
 0810  0.3169890272062850E-001
 0811  0.3169890272062850E-001
 0812  0.3169890272062850E-001
 0813  0.3169890272062850E-001
 0814  0.3169890272062850E-001
 0815  0.3169890272062850E-001
 0816  0.3169890272062850E-001
 0817  0.3169890272062850E-001
 0818  0.3169890272062850E-001
 0819  0.3169890272062850E-001
 0820  0.3169890272062850E-001
 0821  0.3169890272062850E-001
 0822  0.3169890272062850E-001
 0823  0.3169890272062850E-001
 0824  0.3169890272062850E-001
 0825  0.3169890272062850E-001
 0826  0.3169890272062850E-001
 0827  0.3169890272062850E-001
 0828  0.3169890272062850E-001
 0829  0.3169890272062850E-001
 0830  0.3169890272062850E-001
 0831  0.3169890272062850E-001
 0832  0.3169890272062850E-001
 0833  0.3169890272062850E-001
 0834  0.3169890272062850E-001
 0835  0.3169890272062850E-001
 0836  0.3169890272062850E-001
 0837  0.3169890272062850E-001
 0838  0.3169890272062850E-001
 0839  0.3169890272062850E-001
 0840  0.3169890272062850E-001
 0841  0.3169890272062850E-001
 0842  0.3169890272062850E-001
 0843  0.3169890272062850E-001
 0844  0.3169890272062850E-001
 0845  0.3169890272062850E-001
 0846  0.3169890272062850E-001
 0847  0.3169890272062850E-001
 0848  0.3169890272062850E-001
 0849  0.3169890272062850E-001
 0850  0.3169890272062850E-001
 0851  0.3169890272062850E-001
 0852  0.3169890272062850E-001
 0853  0.3169890272062850E-001
 0854  0.3169890272062850E-001
 0855  0.3169890272062850E-001
 0856  0.3169890272062850E-001
 0857  0.3169890272062850E-001
 0858  0.3169890272062850E-001
 0859  0.3169890272062850E-001
 0860  0.3169890272062850E-001
 0861  0.3169890272062850E-001
 0862  0.3169890272062850E-001
 0863  0.3169890272062850E-001
 0864  0.3169890272062850E-001
 0865  0.3169890272062850E-001
 0866  0.3169890272062850E-001
 0867  0.3169890272062850E-001
 0868  0.3169890272062850E-001
 0869  0.3169890272062850E-001
 0870  0.3169890272062850E-001
 0871  0.3169890272062850E-001
 0872  0.3169890272062850E-001
 0873  0.3169890272062850E-001
 0874  0.3169890272062850E-001
 0875  0.3169890272062850E-001
 0876  0.3169890272062850E-001
 0877  0.3169890272062850E-001
 0878  0.3169890272062850E-001
 0879  0.3169890272062850E-001
 0880  0.3169890272062850E-001
 0881  0.3169890272062850E-001
 0882  0.3169890272062850E-001
 0883  0.3169890272062850E-001
 0884  0.3169890272062850E-001
 0885  0.3169890272062850E-001
 0886  0.3169890272062850E-001
 0887  0.3169890272062850E-001
 0888  0.3169890272062850E-001
 0889  0.3169890272062850E-001
 0890  0.3169890272062850E-001
 0891  0.3169890272062850E-001
 0892  0.3169890272062850E-001
 0893  0.3169890272062850E-001
 0894  0.3169890272062850E-001
 0895  0.3169890272062850E-001
 0896  0.3169890272062850E-001
 0897  0.3169890272062850E-001
 0898  0.3169890272062850E-001
 0899  0.3169890272062850E-001
 0900  0.3169890272062850E-001
 0901  0.3169890272062850E-001
 0902  0.3169890272062850E-001
 0903  0.3169890272062850E-001
 0904  0.3169890272062850E-001
 0905  0.3169890272062850E-001
 0906  0.3169890272062850E-001
 0907  0.3169890272062850E-001
 0908  0.3169890272062850E-001
 0909  0.3169890272062850E-001
 0910  0.3169890272062850E-001
 0911  0.3169890272062850E-001
 0912  0.3169890272062850E-001
 0913  0.3169890272062850E-001
 0914  0.3169890272062850E-001
 0915  0.3169890272062850E-001
 0916  0.3169890272062850E-001
 0917  0.3169890272062850E-001
 0918  0.3169890272062850E-001
 0919  0.3169890272062850E-001
 0920  0.3169890272062850E-001
 0921  0.3169890272062850E-001
 0922  0.3169890272062850E-001
 0923  0.3169890272062850E-001
 0924  0.3169890272062850E-001
 0925  0.3169890272062850E-001
 0926  0.3169890272062850E-001
 0927  0.3169890272062850E-001
 0928  0.3169890272062850E-001
 0929  0.3169890272062850E-001
 0930  0.3169890272062850E-001
 0931  0.3169890272062850E-001
 0932  0.3169890272062850E-001
 0933  0.3169890272062850E-001
 0934  0.3169890272062850E-001
 0935  0.3169890272062850E-001
 0936  0.3169890272062850E-001
 0937  0.3169890272062850E-001
 0938  0.3169890272062850E-001
 0939  0.3169890272062850E-001
 0940  0.3169890272062850E-001
 0941  0.3169890272062850E-001
 0942  0.3169890272062850E-001
 0943  0.3169890272062850E-001
 0944  0.3169890272062850E-001
 0945  0.3169890272062850E-001
 0946  0.3169890272062850E-001
 0947  0.3169890272062850E-001
 0948  0.3169890272062850E-001
 0949  0.3169890272062850E-001
 0950  0.3169890272062850E-001
 0951  0.3169890272062850E-001
 0952  0.3169890272062850E-001
 0953  0.3169890272062850E-001
 0954  0.3169890272062850E-001
 0955  0.3169890272062850E-001
 0956  0.3169890272062850E-001
 0957  0.3169890272062850E-001
 0958  0.3169890272062850E-001
 0959  0.3169890272062850E-001
 0960  0.3169890272062850E-001
 0961  0.3169890272062850E-001
 0962  0.3169890272062850E-001
 0963  0.3169890272062850E-001
 0964  0.3169890272062850E-001
 0965  0.3169890272062850E-001
 0966  0.3169890272062850E-001
 0967  0.3169890272062850E-001
 0968  0.3169890272062850E-001
 0969  0.3169890272062850E-001
 0970  0.3169890272062850E-001
 0971  0.3169890272062850E-001
 0972  0.3169890272062850E-001
 0973  0.3169890272062850E-001
 0974  0.3169890272062850E-001
 0975  0.3169890272062850E-001
 0976  0.3169890272062850E-001
 0977  0.3169890272062850E-001
 0978  0.3169890272062850E-001
 0979  0.3169890272062850E-001
 0980  0.3169890272062850E-001
 0981  0.3169890272062850E-001
 0982  0.3169890272062850E-001
 0983  0.3169890272062850E-001
 0984  0.3169890272062850E-001
 0985  0.3169890272062850E-001
 0986  0.3169890272062850E-001
 0987  0.3169890272062850E-001
 0988  0.3169890272062850E-001
 0989  0.3169890272062850E-001
 0990  0.3169890272062850E-001
 0991  0.3169890272062850E-001
 0992  0.3169890272062850E-001
 0993  0.3169890272062850E-001
 0994  0.3169890272062850E-001
 0995  0.3169890272062850E-001
 0996  0.3169890272062850E-001
 0997  0.3169890272062850E-001
 0998  0.3169890272062850E-001
 0999  0.3169890272062850E-001
 1000  0.3169890272062850E-001
