   0.000000000E+00  -2.113999530E+51   1.214397562E+51   3.973081102E+48  -8.956288863E+50   0.000000000E+00
   1.700097057E+03  -5.702239665E+49   5.062973283E+49   5.266646733E+50   5.202720095E+50   1.415900896E+51
   3.400002794E+03  -5.639920373E+49   4.674141175E+49   5.299474449E+50   5.202896529E+50   1.415918539E+51
   5.100093518E+03  -5.574521913E+49   4.525138095E+49   5.307927133E+50   5.202988751E+50   1.415927761E+51
   6.800030032E+03  -5.534764213E+49   4.450136908E+49   5.311450947E+50   5.202988217E+50   1.415927708E+51
   8.500015799E+03  -5.516307768E+49   4.412355139E+49   5.313388648E+50   5.202993385E+50   1.415928225E+51
   1.020006432E+04  -5.517385035E+49   4.402705955E+49   5.314532064E+50   5.203064156E+50   1.415935302E+51
   1.190003340E+04  -5.495118309E+49   4.372765376E+49   5.315294109E+50   5.203058815E+50   1.415934768E+51
   1.360007775E+04  -5.474931901E+49   4.347358846E+49   5.315835935E+50   5.203078630E+50   1.415936749E+51
   1.530009076E+04  -5.470726372E+49   4.339422024E+49   5.316248785E+50   5.203118350E+50   1.415940721E+51
   1.700009895E+04  -5.474366549E+49   4.340581432E+49   5.316544954E+50   5.203166442E+50   1.415945531E+51
   1.870006074E+04  -5.470527053E+49   4.335155041E+49   5.316766298E+50   5.203229097E+50   1.415951796E+51
   2.040004519E+04  -5.466177597E+49   4.329709787E+49   5.316948983E+50   5.203302202E+50   1.415959106E+51
   2.210009046E+04  -5.463843588E+49   4.326290405E+49   5.317103221E+50   5.203347903E+50   1.415963677E+51
   2.380000530E+04  -5.449926135E+49   4.311303548E+49   5.317233986E+50   5.203371727E+50   1.415966059E+51
   2.550007508E+04  -5.443641107E+49   4.304355111E+49   5.317336645E+50   5.203408045E+50   1.415969691E+51
   2.720004288E+04  -5.441110735E+49   4.301389760E+49   5.317426413E+50   5.203454316E+50   1.415974318E+51
   2.890004739E+04  -5.435612630E+49   4.295517425E+49   5.317507838E+50   5.203498317E+50   1.415978718E+51
   3.060001109E+04  -5.436834708E+49   4.296530699E+49   5.317582191E+50   5.203551791E+50   1.415984065E+51
   3.230007697E+04  -5.439732550E+49   4.299379223E+49   5.317642883E+50   5.203607550E+50   1.415989641E+51
   3.400008993E+04  -5.437323728E+49   4.296947251E+49   5.317694824E+50   5.203657176E+50   1.415994604E+51
   3.570002987E+04  -5.433853634E+49   4.293402091E+49   5.317745586E+50   5.203700432E+50   1.415998929E+51
   3.740005279E+04  -5.428170153E+49   4.287675263E+49   5.317793447E+50   5.203743958E+50   1.416003282E+51
   3.910006697E+04  -5.424793941E+49   4.284363543E+49   5.317837407E+50   5.203794368E+50   1.416008323E+51
   4.080001951E+04  -5.422871422E+49   4.282548511E+49   5.317879526E+50   5.203847235E+50   1.416013610E+51
   4.250000208E+04  -5.421108395E+49   4.280912847E+49   5.317917983E+50   5.203898428E+50   1.416018729E+51
   4.420003705E+04  -5.421646010E+49   4.281644661E+49   5.317952514E+50   5.203952379E+50   1.416024124E+51
   4.590005944E+04  -5.420456043E+49   4.280657628E+49   5.317983727E+50   5.204003886E+50   1.416029275E+51
   4.760000106E+04  -5.420199476E+49   4.280610394E+49   5.318013316E+50   5.204054407E+50   1.416034327E+51
   4.930001799E+04  -5.418048532E+49   4.278686200E+49   5.318042836E+50   5.204106603E+50   1.416039547E+51
   5.100006543E+04  -5.414717751E+49   4.275591118E+49   5.318070960E+50   5.204158297E+50   1.416044716E+51
   5.270006053E+04  -5.413856978E+49   4.274995371E+49   5.318098182E+50   5.204212021E+50   1.416050088E+51
   5.440009997E+04  -5.411739183E+49   4.273150821E+49   5.318123984E+50   5.204265148E+50   1.416055401E+51
   5.610007810E+04  -5.411101734E+49   4.272813919E+49   5.318148198E+50   5.204319416E+50   1.416060828E+51
   5.780007052E+04  -5.410810467E+49   4.272834419E+49   5.318171560E+50   5.204373955E+50   1.416066282E+51
   5.950000864E+04  -5.409407220E+49   4.271755303E+49   5.318194032E+50   5.204428841E+50   1.416071770E+51
   6.120008948E+04  -5.409271977E+49   4.271967949E+49   5.318216403E+50   5.204486000E+50   1.416077486E+51
   6.290007682E+04  -5.408090487E+49   4.271144349E+49   5.318238383E+50   5.204543769E+50   1.416083263E+51
   6.460007407E+04  -5.407474580E+49   4.270914787E+49   5.318260156E+50   5.204604177E+50   1.416089304E+51
   6.630005244E+04  -5.405959998E+49   4.269797491E+49   5.318281846E+50   5.204665595E+50   1.416095446E+51
   6.800009573E+04  -5.404345868E+49   4.268585470E+49   5.318303704E+50   5.204727664E+50   1.416101653E+51
   6.970002972E+04  -5.403210904E+49   4.267838695E+49   5.318326238E+50   5.204789018E+50   1.416107788E+51
   7.140001167E+04  -5.401824511E+49   4.266811753E+49   5.318349313E+50   5.204848037E+50   1.416113690E+51
   7.310009397E+04  -5.400443883E+49   4.265777847E+49   5.318372139E+50   5.204905536E+50   1.416119440E+51
   7.480009532E+04  -5.397928714E+49   4.263602598E+49   5.318393596E+50   5.204960984E+50   1.416124985E+51
   7.650008380E+04  -5.395888518E+49   4.261922541E+49   5.318413069E+50   5.205016471E+50   1.416130533E+51
   7.820002389E+04  -5.392549451E+49   4.258964016E+49   5.318430576E+50   5.205072033E+50   1.416136090E+51
   7.990000303E+04  -5.390042349E+49   4.256857816E+49   5.318446655E+50   5.205128202E+50   1.416141706E+51
   8.160005172E+04  -5.388835832E+49   4.256054772E+49   5.318461769E+50   5.205183663E+50   1.416147253E+51
   8.330004135E+04  -5.387131870E+49   4.254752377E+49   5.318476376E+50   5.205238427E+50   1.416152729E+51
   8.500004019E+04  -5.386017257E+49   4.254047936E+49   5.318490695E+50   5.205293763E+50   1.416158263E+51
   8.670001198E+04  -5.384175495E+49   4.252613757E+49   5.318504883E+50   5.205348709E+50   1.416163757E+51
   8.840004575E+04  -5.382069491E+49   4.250910818E+49   5.318519068E+50   5.205403200E+50   1.416169206E+51
   9.010004312E+04  -5.380953533E+49   4.250194065E+49   5.318533373E+50   5.205457426E+50   1.416174629E+51
   9.180003120E+04  -5.379931428E+49   4.249558794E+49   5.318547893E+50   5.205510630E+50   1.416179949E+51
   9.350001876E+04  -5.379350246E+49   4.249372677E+49   5.318562650E+50   5.205564893E+50   1.416185376E+51
   9.520001907E+04  -5.378193623E+49   4.248611561E+49   5.318577671E+50   5.205619465E+50   1.416190833E+51
   9.690008875E+04  -5.376879534E+49   4.247689727E+49   5.318592900E+50   5.205673919E+50   1.416196278E+51
   9.860008218E+04  -5.376569827E+49   4.247782057E+49   5.318608431E+50   5.205729654E+50   1.416201852E+51
   1.003000179E+05  -5.375469497E+49   4.247085645E+49   5.318624240E+50   5.205785855E+50   1.416207472E+51
   1.020000547E+05  -5.374581040E+49   4.246600308E+49   5.318640294E+50   5.205842221E+50   1.416213108E+51
   1.037000889E+05  -5.374080359E+49   4.246506495E+49   5.318656663E+50   5.205899277E+50   1.416218814E+51
   1.054000712E+05  -5.372832893E+49   4.245668116E+49   5.318673283E+50   5.205956805E+50   1.416224567E+51
   1.071000122E+05  -5.371951610E+49   4.245200750E+49   5.318690250E+50   5.206015164E+50   1.416230403E+51
   1.088000139E+05  -5.370895716E+49   4.244549253E+49   5.318707545E+50   5.206072898E+50   1.416236176E+51
   1.105000174E+05  -5.369727200E+49   4.243778244E+49   5.318725045E+50   5.206130149E+50   1.416241901E+51
   1.122000742E+05  -5.367896310E+49   4.242341549E+49   5.318742509E+50   5.206187033E+50   1.416247590E+51
   1.139000576E+05  -5.365867910E+49   4.240704298E+49   5.318759647E+50   5.206243286E+50   1.416253215E+51
   1.156000552E+05  -5.364906562E+49   4.240135826E+49   5.318776271E+50   5.206299197E+50   1.416258806E+51
   1.173000595E+05  -5.362949724E+49   4.238574463E+49   5.318792290E+50   5.206354764E+50   1.416264363E+51
   1.190000005E+05  -5.360718917E+49   4.236747916E+49   5.318807762E+50   5.206410662E+50   1.416269952E+51
   1.207000195E+05  -5.359605929E+49   4.236040012E+49   5.318822769E+50   5.206466178E+50   1.416275504E+51
