 0068   0.100257E+00   0.248606E+09   0.247969E+10   0.108423E+10   0.114667E+15
 0069   0.103900E+00   0.256223E+09   0.209100E+10   0.111029E+10   0.108764E+15
 0070   0.110082E+00   0.265552E+09   0.150896E+10   0.110314E+10   0.103168E+15
 0071   0.116554E+00   0.275313E+09   0.150828E+10   0.109569E+10   0.978257E+14
 0072   0.122754E+00   0.285203E+09   0.159515E+10   0.109510E+10   0.927228E+14
 0073   0.129806E+00   0.295806E+09   0.150343E+10   0.108747E+10   0.878661E+14
 0074   0.137259E+00   0.306873E+09   0.148505E+10   0.107956E+10   0.832386E+14
 0075   0.145095E+00   0.318428E+09   0.147462E+10   0.107017E+10   0.788303E+14
 0076   0.152628E+00   0.330077E+09   0.154623E+10   0.106930E+10   0.746265E+14
 0077   0.161162E+00   0.342583E+09   0.146558E+10   0.106414E+10   0.706287E+14
 0078   0.170121E+00   0.355743E+09   0.146884E+10   0.105790E+10   0.668259E+14
 0079   0.179523E+00   0.369524E+09   0.146579E+10   0.105029E+10   0.632118E+14
 0080   0.189445E+00   0.383898E+09   0.144869E+10   0.104395E+10   0.597788E+14
 0081   0.199239E+00   0.398599E+09   0.150101E+10   0.104149E+10   0.565176E+14
 0082   0.210691E+00   0.414533E+09   0.139127E+10   0.103114E+10   0.534254E+14
 0083   0.221876E+00   0.430751E+09   0.145005E+10   0.102521E+10   0.504900E+14
 0084   0.233723E+00   0.447632E+09   0.142489E+10   0.101838E+10   0.477059E+14
 0085   0.246265E+00   0.465180E+09   0.139920E+10   0.100974E+10   0.450649E+14
 0086   0.259166E+00   0.483194E+09   0.139627E+10   0.100242E+10   0.425583E+14
 0087   0.273767E+00   0.502351E+09   0.131202E+10   0.990296E+09   0.401787E+14
 0088   0.287919E+00   0.521663E+09   0.136467E+10   0.984354E+09   0.379180E+14
 0089   0.302734E+00   0.541715E+09   0.135347E+10   0.978027E+09   0.357708E+14
 0090   0.318268E+00   0.562518E+09   0.133924E+10   0.971321E+09   0.337314E+14
 0091   0.334657E+00   0.584121E+09   0.131810E+10   0.963521E+09   0.317940E+14
 0092   0.351864E+00   0.606479E+09   0.129933E+10   0.955701E+09   0.299529E+14
 0093   0.369880E+00   0.629585E+09   0.128251E+10   0.947426E+09   0.282028E+14
 0094   0.388938E+00   0.653520E+09   0.125591E+10   0.939677E+09   0.265385E+14
 0095   0.408883E+00   0.678375E+09   0.124621E+10   0.932218E+09   0.249554E+14
 0096   0.429544E+00   0.704067E+09   0.124348E+10   0.924631E+09   0.234499E+14
 0097   0.451363E+00   0.730683E+09   0.121985E+10   0.917449E+09   0.220179E+14
 0098   0.474336E+00   0.758341E+09   0.120393E+10   0.908400E+09   0.206557E+14
 0099   0.498158E+00   0.786767E+09   0.119330E+10   0.901868E+09   0.193595E+14
 0100   0.523106E+00   0.816300E+09   0.118378E+10   0.892777E+09   0.181260E+14
 0101   0.549244E+00   0.846282E+09   0.114704E+10   0.883724E+09   0.169784E+14
 0102   0.574174E+00   0.875609E+09   0.117639E+10   0.878885E+09   0.159171E+14
 0103   0.600193E+00   0.905284E+09   0.114049E+10   0.873381E+09   0.149330E+14
 0104   0.626894E+00   0.935232E+09   0.112165E+10   0.867198E+09   0.140187E+14
 0105   0.654778E+00   0.965584E+09   0.108848E+10   0.859516E+09   0.131675E+14
 0106   0.681183E+00   0.995315E+09   0.112598E+10   0.855538E+09   0.123743E+14
 0107   0.710850E+00   0.102626E+10   0.104299E+10   0.847098E+09   0.116330E+14
 0108   0.739338E+00   0.105675E+10   0.107025E+10   0.841190E+09   0.109398E+14
 0109   0.768478E+00   0.108748E+10   0.105479E+10   0.836153E+09   0.102905E+14
 0110   0.795732E+00   0.111745E+10   0.109959E+10   0.835634E+09   0.968179E+13
 0111   0.827111E+00   0.114913E+10   0.100940E+10   0.827651E+09   0.910967E+13
 0112   0.856120E+00   0.117982E+10   0.105818E+10   0.825729E+09   0.857215E+13
 0113   0.886229E+00   0.121099E+10   0.103509E+10   0.822225E+09   0.806613E+13
 0114   0.917130E+00   0.124244E+10   0.101781E+10   0.818536E+09   0.758930E+13
 0115   0.949073E+00   0.127432E+10   0.997908E+09   0.814305E+09   0.713947E+13
 0116   0.982015E+00   0.130669E+10   0.982694E+09   0.808603E+09   0.671475E+13
 0117   0.101590E+01   0.133940E+10   0.965426E+09   0.802025E+09   0.631340E+13
 0118   0.104708E+01   0.137106E+10   0.101539E+10   0.801864E+09   0.593409E+13
 0119   0.107901E+01   0.140307E+10   0.100238E+10   0.802290E+09   0.557500E+13
 0120   0.111629E+01   0.143739E+10   0.920649E+09   0.792824E+09   0.523451E+13
 0121   0.115032E+01   0.147038E+10   0.969437E+09   0.790692E+09   0.491209E+13
 0122   0.118550E+01   0.150398E+10   0.955166E+09   0.787403E+09   0.460623E+13
 0123   0.121736E+01   0.153632E+10   0.101512E+10   0.790973E+09   0.431620E+13
 0124   0.125415E+01   0.157075E+10   0.935624E+09   0.787431E+09   0.404048E+13
 0125   0.129280E+01   0.160598E+10   0.911681E+09   0.781917E+09   0.377844E+13
 0126   0.132654E+01   0.163956E+10   0.995382E+09   0.784295E+09   0.352966E+13
 0127   0.136722E+01   0.167576E+10   0.889884E+09   0.777298E+09   0.329268E+13
 0128   0.140286E+01   0.171022E+10   0.966851E+09   0.779730E+09   0.306745E+13
 0129   0.144540E+01   0.174760E+10   0.878488E+09   0.773459E+09   0.285272E+13
 0130   0.148322E+01   0.178348E+10   0.948992E+09   0.774307E+09   0.264854E+13
 0131   0.152202E+01   0.181999E+10   0.940836E+09   0.774249E+09   0.245406E+13
 0132   0.156184E+01   0.185696E+10   0.928473E+09   0.774392E+09   0.226876E+13
 0133   0.160849E+01   0.189673E+10   0.852597E+09   0.766333E+09   0.209190E+13
 0134   0.165021E+01   0.193493E+10   0.915533E+09   0.766853E+09   0.192353E+13
 0135   0.169301E+01   0.197398E+10   0.912318E+09   0.766133E+09   0.176300E+13
 0136   0.173690E+01   0.201356E+10   0.901791E+09   0.765412E+09   0.160992E+13
 0137   0.178101E+01   0.205360E+10   0.907983E+09   0.766019E+09   0.146394E+13
 0138   0.182708E+01   0.209475E+10   0.893160E+09   0.765837E+09   0.132468E+13
 0139   0.187286E+01   0.213629E+10   0.907235E+09   0.767390E+09   0.119184E+13
 0140   0.192055E+01   0.217914E+10   0.898461E+09   0.767313E+09   0.113852E+13
 0141   0.196911E+01   0.222259E+10   0.894857E+09   0.766546E+09   0.108723E+13
 0142   0.201828E+01   0.226663E+10   0.895699E+09   0.767607E+09   0.103780E+13
 0143   0.206958E+01   0.231192E+10   0.882837E+09   0.768821E+09   0.990050E+12
 0144   0.212862E+01   0.236090E+10   0.829674E+09   0.761525E+09   0.943797E+12
 0145   0.218227E+01   0.240840E+10   0.885212E+09   0.762391E+09   0.899375E+12
 0146   0.223649E+01   0.245679E+10   0.892583E+09   0.765833E+09   0.856612E+12
 0147   0.229258E+01   0.250690E+10   0.893184E+09   0.772329E+09   0.789920E+12
 0148   0.234890E+01   0.255891E+10   0.923519E+09   0.780912E+09   0.751849E+12
 0149   0.241605E+01   0.261687E+10   0.863288E+09   0.780808E+09   0.714776E+12
 0150   0.248329E+01   0.267659E+10   0.887990E+09   0.782212E+09   0.679322E+12
 0151   0.254455E+01   0.273564E+10   0.964005E+09   0.792763E+09   0.645706E+12
 0152   0.261547E+01   0.280010E+10   0.908917E+09   0.798338E+09   0.613198E+12
 0153   0.269728E+01   0.287112E+10   0.868058E+09   0.798249E+09   0.581846E+12
 0154   0.277181E+01   0.294180E+10   0.948401E+09   0.810588E+09   0.552375E+12
 0155   0.285785E+01   0.302084E+10   0.918652E+09   0.823156E+09   0.524148E+12
 0156   0.294578E+01   0.310667E+10   0.976020E+09   0.839693E+09   0.497486E+12
 0157   0.305746E+01   0.320856E+10   0.912358E+09   0.840005E+09   0.471893E+12
 0158   0.316135E+01   0.331215E+10   0.997219E+09   0.846212E+09   0.448096E+12
 0159   0.327897E+01   0.342425E+10   0.953033E+09   0.843029E+09   0.425572E+12
 0160   0.340075E+01   0.353933E+10   0.944988E+09   0.843437E+09   0.404450E+12
 0161   0.352447E+01   0.365784E+10   0.957912E+09   0.844349E+09   0.384658E+12
 0162   0.364123E+01   0.377617E+10   0.101343E+10   0.882676E+09   0.366414E+12
 0163   0.380987E+01   0.393465E+10   0.939750E+09   0.871201E+09   0.348979E+12
 0164   0.395942E+01   0.408755E+10   0.102239E+10   0.863835E+09   0.333033E+12
 0165   0.411250E+01   0.423866E+10   0.987112E+09   0.859033E+09   0.318218E+12
 0166   0.427129E+01   0.439039E+10   0.955619E+09   0.856848E+09   0.304377E+12
 0167   0.444662E+01   0.454953E+10   0.907573E+09   0.849247E+09   0.291338E+12
 0168   0.461316E+01   0.470602E+10   0.939649E+09   0.845512E+09   0.279201E+12
 0169   0.477140E+01   0.485949E+10   0.969868E+09   0.845510E+09   0.267883E+12
 0170   0.494738E+01   0.501987E+10   0.911375E+09   0.838706E+09   0.257183E+12
 0171   0.512706E+01   0.518076E+10   0.895402E+09   0.830613E+09   0.247128E+12
 0172   0.529809E+01   0.533726E+10   0.915065E+09   0.827644E+09   0.237716E+12
 0173   0.547024E+01   0.549374E+10   0.908990E+09   0.824451E+09   0.228844E+12
 0174   0.564988E+01   0.565227E+10   0.882500E+09   0.819099E+09   0.220449E+12
 0175   0.583085E+01   0.581084E+10   0.876232E+09   0.814186E+09   0.212517E+12
 0176   0.601715E+01   0.597073E+10   0.858219E+09   0.807875E+09   0.204997E+12
 0177   0.618960E+01   0.612507E+10   0.895021E+09   0.806774E+09   0.197922E+12
 0178   0.638366E+01   0.628642E+10   0.831424E+09   0.798440E+09   0.191153E+12
 0179   0.656279E+01   0.644174E+10   0.867067E+09   0.795948E+09   0.184772E+12
 0180   0.674604E+01   0.659762E+10   0.850650E+09   0.793220E+09   0.178697E+12
 0181   0.693138E+01   0.675428E+10   0.845241E+09   0.789483E+09   0.172914E+12
 0182   0.712152E+01   0.691189E+10   0.828936E+09   0.784303E+09   0.167398E+12
 0183   0.729410E+01   0.706241E+10   0.872177E+09   0.786321E+09   0.162179E+12
 0184   0.749136E+01   0.722146E+10   0.806305E+09   0.779595E+09   0.157151E+12
 0185   0.766951E+01   0.737296E+10   0.850413E+09   0.780477E+09   0.152386E+12
 0186   0.787256E+01   0.753305E+10   0.788368E+09   0.772280E+09   0.147790E+12
 0187   0.805724E+01   0.768549E+10   0.825470E+09   0.771301E+09   0.143427E+12
 0188   0.824370E+01   0.783837E+10   0.819948E+09   0.770355E+09   0.139247E+12
 0189   0.843581E+01   0.799298E+10   0.804746E+09   0.766963E+09   0.135235E+12
 0190   0.862841E+01   0.814681E+10   0.798747E+09   0.765153E+09   0.131388E+12
 0191   0.882458E+01   0.830216E+10   0.791876E+09   0.760642E+09   0.127694E+12
 0192   0.902473E+01   0.845749E+10   0.776062E+09   0.756254E+09   0.124143E+12
 0193   0.920277E+01   0.860508E+10   0.828994E+09   0.759419E+09   0.120760E+12
 0194   0.940779E+01   0.876157E+10   0.763302E+09   0.753709E+09   0.117476E+12
 0195   0.961489E+01   0.891816E+10   0.756116E+09   0.747803E+09   0.114316E+12
 0196   0.980118E+01   0.906715E+10   0.799730E+09   0.748368E+09   0.111299E+12
 0197   0.998941E+01   0.921632E+10   0.792526E+09   0.748985E+09   0.108390E+12
 0198   0.102068E+02   0.937487E+10   0.729484E+09   0.740344E+09   0.105559E+12
 0199   0.103988E+02   0.952410E+10   0.776949E+09   0.740652E+09   0.102855E+12
 0200   0.105943E+02   0.967477E+10   0.770609E+09   0.738827E+09   0.100244E+12
 0201   0.107945E+02   0.982591E+10   0.754999E+09   0.736722E+09   0.977191E+11
 0202   0.109937E+02   0.997654E+10   0.756398E+09   0.734512E+09   0.952830E+11
 0203   0.111974E+02   0.101281E+11   0.743912E+09   0.731353E+09   0.929260E+11
 0204   0.114023E+02   0.102795E+11   0.739166E+09   0.728271E+09   0.906476E+11
 0205   0.115845E+02   0.104234E+11   0.789494E+09   0.731794E+09   0.884614E+11
 0206   0.117952E+02   0.105759E+11   0.723961E+09   0.727251E+09   0.863267E+11
 0207   0.120063E+02   0.107284E+11   0.722427E+09   0.722185E+09   0.842612E+11
 0208   0.121959E+02   0.108733E+11   0.764023E+09   0.724500E+09   0.822765E+11
 0209   0.123876E+02   0.110187E+11   0.758418E+09   0.725147E+09   0.803529E+11
 0210   0.126069E+02   0.111719E+11   0.698777E+09   0.717860E+09   0.784738E+11
 0211   0.128011E+02   0.113164E+11   0.744036E+09   0.718794E+09   0.766679E+11
 0212   0.129967E+02   0.114612E+11   0.740203E+09   0.719607E+09   0.749159E+11
 0213   0.131939E+02   0.116064E+11   0.736389E+09   0.720688E+09   0.732154E+11
 0214   0.134195E+02   0.117608E+11   0.684331E+09   0.712301E+09   0.715515E+11
 0215   0.136170E+02   0.119054E+11   0.732111E+09   0.712345E+09   0.699520E+11
 0216   0.138154E+02   0.120498E+11   0.727769E+09   0.712939E+09   0.683991E+11
 0217   0.140136E+02   0.121940E+11   0.727857E+09   0.713468E+09   0.668910E+11
 0218   0.142402E+02   0.123469E+11   0.674502E+09   0.705418E+09   0.654135E+11
 0219   0.144384E+02   0.124901E+11   0.722320E+09   0.705887E+09   0.639916E+11
 0220   0.146365E+02   0.126328E+11   0.720830E+09   0.706924E+09   0.626096E+11
 0221   0.148344E+02   0.127756E+11   0.721323E+09   0.708786E+09   0.612657E+11
 0222   0.150606E+02   0.129276E+11   0.671849E+09   0.701982E+09   0.599473E+11
 0223   0.152589E+02   0.130705E+11   0.720786E+09   0.703147E+09   0.586768E+11
 0224   0.154579E+02   0.132133E+11   0.717619E+09   0.703444E+09   0.574407E+11
 0225   0.156568E+02   0.133553E+11   0.713740E+09   0.704356E+09   0.562381E+11
 0226   0.158842E+02   0.135055E+11   0.660778E+09   0.698260E+09   0.550578E+11
 0227   0.160825E+02   0.136471E+11   0.713551E+09   0.700412E+09   0.539185E+11
 0228   0.162810E+02   0.137889E+11   0.714781E+09   0.701713E+09   0.528089E+11
 0229   0.165077E+02   0.139388E+11   0.660932E+09   0.694977E+09   0.517199E+11
 0230   0.167065E+02   0.140794E+11   0.707426E+09   0.696145E+09   0.506680E+11
 0231   0.169051E+02   0.142195E+11   0.705414E+09   0.697785E+09   0.496430E+11
 0232   0.171316E+02   0.143678E+11   0.654520E+09   0.691853E+09   0.486364E+11
 0233   0.173296E+02   0.145073E+11   0.704793E+09   0.694285E+09   0.476631E+11
 0234   0.175275E+02   0.146471E+11   0.706428E+09   0.695999E+09   0.467137E+11
 0235   0.177537E+02   0.147948E+11   0.653290E+09   0.690216E+09   0.457811E+11
 0236   0.179521E+02   0.149339E+11   0.700862E+09   0.691440E+09   0.448786E+11
 0237   0.181784E+02   0.150806E+11   0.648223E+09   0.685568E+09   0.439919E+11
 0238   0.183762E+02   0.152183E+11   0.696031E+09   0.687340E+09   0.431334E+11
 0239   0.185733E+02   0.153555E+11   0.696133E+09   0.688976E+09   0.422956E+11
 0240   0.187979E+02   0.155003E+11   0.644778E+09   0.684430E+09   0.414719E+11
 0241   0.189940E+02   0.156370E+11   0.696940E+09   0.687352E+09   0.406736E+11
 0242   0.192178E+02   0.157820E+11   0.647929E+09   0.682062E+09   0.398884E+11
 0243   0.194143E+02   0.159182E+11   0.693461E+09   0.683969E+09   0.391274E+11
 0244   0.196106E+02   0.160539E+11   0.691191E+09   0.686135E+09   0.383842E+11
 0245   0.198347E+02   0.161972E+11   0.639389E+09   0.681467E+09   0.376529E+11
 0246   0.200303E+02   0.163322E+11   0.690243E+09   0.683833E+09   0.369435E+11
 0247   0.202530E+02   0.164747E+11   0.639864E+09   0.679675E+09   0.362454E+11
 0248   0.204475E+02   0.166091E+11   0.690761E+09   0.683735E+09   0.355678E+11
 0249   0.206696E+02   0.167521E+11   0.643914E+09   0.680561E+09   0.349006E+11
 0250   0.208646E+02   0.168876E+11   0.694723E+09   0.683844E+09   0.342530E+11
 0251   0.210882E+02   0.170310E+11   0.641546E+09   0.679060E+09   0.336153E+11
 0252   0.212842E+02   0.171658E+11   0.687739E+09   0.681987E+09   0.329964E+11
 0253   0.215081E+02   0.173083E+11   0.636160E+09   0.677999E+09   0.323866E+11
 0254   0.217036E+02   0.174425E+11   0.686476E+09   0.681643E+09   0.317945E+11
 0255   0.219265E+02   0.175846E+11   0.637532E+09   0.678097E+09   0.312112E+11
 0256   0.221494E+02   0.177268E+11   0.638349E+09   0.674631E+09   0.306404E+11
 0257   0.223447E+02   0.178610E+11   0.686626E+09   0.678487E+09   0.300860E+11
 0258   0.225685E+02   0.180034E+11   0.636536E+09   0.674578E+09   0.295395E+11
 0259   0.227644E+02   0.181373E+11   0.683914E+09   0.677681E+09   0.290086E+11
 0260   0.229880E+02   0.182788E+11   0.632431E+09   0.673432E+09   0.284854E+11
 0261   0.231830E+02   0.184115E+11   0.680518E+09   0.677011E+09   0.279769E+11
 0262   0.234052E+02   0.185518E+11   0.631570E+09   0.674130E+09   0.274756E+11
 0263   0.236267E+02   0.186923E+11   0.634337E+09   0.671346E+09   0.269846E+11
 0264   0.238206E+02   0.188249E+11   0.683904E+09   0.675802E+09   0.265072E+11
 0265   0.240428E+02   0.189658E+11   0.634221E+09   0.673079E+09   0.260363E+11
 0266   0.242375E+02   0.190990E+11   0.683705E+09   0.677451E+09   0.255783E+11
 0267   0.244603E+02   0.192400E+11   0.632949E+09   0.674114E+09   0.251266E+11
 0268   0.246831E+02   0.193806E+11   0.631221E+09   0.670677E+09   0.246842E+11
 0269   0.248776E+02   0.195127E+11   0.678998E+09   0.674652E+09   0.242539E+11
 0270   0.250995E+02   0.196523E+11   0.629178E+09   0.672042E+09   0.238294E+11
 0271   0.253211E+02   0.197921E+11   0.630550E+09   0.670100E+09   0.234133E+11
 0272   0.255149E+02   0.199243E+11   0.682173E+09   0.675477E+09   0.230084E+11
 0273   0.257368E+02   0.200649E+11   0.633971E+09   0.673363E+09   0.226088E+11
 0274   0.259591E+02   0.202058E+11   0.633828E+09   0.671156E+09   0.222171E+11
 0275   0.261539E+02   0.203389E+11   0.682873E+09   0.675764E+09   0.218359E+11
 0276   0.263766E+02   0.204794E+11   0.631329E+09   0.672995E+09   0.214597E+11
 0277   0.265994E+02   0.206197E+11   0.629350E+09   0.670254E+09   0.210910E+11
 0278   0.268220E+02   0.207597E+11   0.628857E+09   0.667697E+09   0.207296E+11
 0279   0.270165E+02   0.208914E+11   0.677091E+09   0.672790E+09   0.203777E+11
 0280   0.272387E+02   0.210311E+11   0.628962E+09   0.671226E+09   0.200302E+11
 0281   0.274605E+02   0.211711E+11   0.631160E+09   0.669686E+09   0.196894E+11
 0282   0.276821E+02   0.213112E+11   0.632445E+09   0.667598E+09   0.193554E+11
 0283   0.278761E+02   0.214431E+11   0.679446E+09   0.672323E+09   0.190301E+11
 0284   0.280979E+02   0.215824E+11   0.627957E+09   0.670172E+09   0.187089E+11
 0285   0.283198E+02   0.217215E+11   0.627184E+09   0.668288E+09   0.183938E+11
 0286   0.285137E+02   0.218528E+11   0.677021E+09   0.673947E+09   0.180868E+11
 0287   0.287353E+02   0.219921E+11   0.628874E+09   0.672839E+09   0.177835E+11
 0288   0.289566E+02   0.221318E+11   0.631066E+09   0.672321E+09   0.174860E+11
 0289   0.291777E+02   0.222720E+11   0.633866E+09   0.671247E+09   0.171942E+11
 0290   0.293990E+02   0.224122E+11   0.633806E+09   0.669843E+09   0.169081E+11
 0291   0.296208E+02   0.225524E+11   0.631922E+09   0.668068E+09   0.166274E+11
 0292   0.298152E+02   0.226844E+11   0.679113E+09   0.673571E+09   0.163539E+11
 0293   0.300378E+02   0.228242E+11   0.628002E+09   0.671746E+09   0.160835E+11
 0294   0.302605E+02   0.229638E+11   0.626669E+09   0.670084E+09   0.158183E+11
 0295   0.304831E+02   0.231033E+11   0.626717E+09   0.669128E+09   0.155579E+11
 0296   0.307050E+02   0.232429E+11   0.629450E+09   0.668357E+09   0.153024E+11
 0297   0.308988E+02   0.233749E+11   0.680935E+09   0.674800E+09   0.150533E+11
 0298   0.311201E+02   0.235148E+11   0.632298E+09   0.673737E+09   0.148072E+11
 0299   0.313414E+02   0.236545E+11   0.631302E+09   0.672132E+09   0.145656E+11
 0300   0.315629E+02   0.237937E+11   0.628229E+09   0.671195E+09   0.143284E+11
 0301   0.317845E+02   0.239330E+11   0.628467E+09   0.670357E+09   0.140955E+11
 0302   0.320058E+02   0.240722E+11   0.629308E+09   0.669486E+09   0.138668E+11
 0303   0.322270E+02   0.242115E+11   0.629527E+09   0.668841E+09   0.136423E+11
 0304   0.324479E+02   0.243508E+11   0.630748E+09   0.668308E+09   0.134219E+11
 0305   0.326686E+02   0.244901E+11   0.631346E+09   0.667436E+09   0.132054E+11
 0306   0.328619E+02   0.246215E+11   0.679465E+09   0.673441E+09   0.129943E+11
 0307   0.330830E+02   0.247605E+11   0.628629E+09   0.672688E+09   0.127855E+11
 0308   0.333042E+02   0.248995E+11   0.628425E+09   0.672380E+09   0.125803E+11
 0309   0.335251E+02   0.250386E+11   0.629725E+09   0.672222E+09   0.123789E+11
 0310   0.337458E+02   0.251779E+11   0.631217E+09   0.672346E+09   0.121810E+11
 0311   0.339662E+02   0.253174E+11   0.633044E+09   0.672480E+09   0.119866E+11
 0312   0.341864E+02   0.254571E+11   0.634167E+09   0.672928E+09   0.117956E+11
 0313   0.344068E+02   0.255971E+11   0.635151E+09   0.672998E+09   0.116080E+11
 0314   0.346278E+02   0.257373E+11   0.634578E+09   0.672817E+09   0.114237E+11
 0315   0.348494E+02   0.258776E+11   0.633038E+09   0.672877E+09   0.112426E+11
 0316   0.350713E+02   0.260181E+11   0.633145E+09   0.672954E+09   0.110646E+11
 0317   0.352933E+02   0.261586E+11   0.633329E+09   0.672447E+09   0.108898E+11
 0318   0.355152E+02   0.262989E+11   0.631813E+09   0.671989E+09   0.107180E+11
 0319   0.357367E+02   0.264387E+11   0.631271E+09   0.672345E+09   0.105492E+11
 0320   0.359578E+02   0.265788E+11   0.633444E+09   0.672846E+09   0.103833E+11
 0321   0.361788E+02   0.267191E+11   0.634991E+09   0.672673E+09   0.102204E+11
 0322   0.364000E+02   0.268593E+11   0.633584E+09   0.672107E+09   0.100602E+11
 0323   0.366212E+02   0.269989E+11   0.631539E+09   0.671462E+09   0.990274E+10
 0324   0.368420E+02   0.271380E+11   0.630042E+09   0.670966E+09   0.974803E+10
 0325   0.370621E+02   0.272766E+11   0.629599E+09   0.671645E+09   0.959596E+10
 0326   0.372812E+02   0.274153E+11   0.633181E+09   0.673116E+09   0.944648E+10
 0327   0.374996E+02   0.275546E+11   0.637858E+09   0.674086E+09   0.929953E+10
 0328   0.377183E+02   0.276942E+11   0.638367E+09   0.675200E+09   0.915506E+10
 0329   0.379375E+02   0.278343E+11   0.638641E+09   0.676317E+09   0.901300E+10
 0330   0.381574E+02   0.279748E+11   0.638819E+09   0.676864E+09   0.887333E+10
 0331   0.383782E+02   0.281153E+11   0.636639E+09   0.676693E+09   0.873601E+10
 0332   0.385992E+02   0.282554E+11   0.633757E+09   0.676345E+09   0.860100E+10
 0333   0.388199E+02   0.283948E+11   0.632077E+09   0.676419E+09   0.846826E+10
 0334   0.390399E+02   0.285340E+11   0.632367E+09   0.677072E+09   0.833774E+10
 0335   0.392591E+02   0.286730E+11   0.634428E+09   0.678362E+09   0.820938E+10
 0336   0.394777E+02   0.288124E+11   0.637705E+09   0.679721E+09   0.808315E+10
 0337   0.397233E+02   0.289599E+11   0.600234E+09   0.674337E+09   0.795819E+10
 0338   0.399420E+02   0.290999E+11   0.640330E+09   0.675806E+09   0.783612E+10
 0339   0.401610E+02   0.292403E+11   0.641126E+09   0.677099E+09   0.771605E+10
 0340   0.403802E+02   0.293808E+11   0.641032E+09   0.678457E+09   0.759795E+10
 0341   0.405995E+02   0.295215E+11   0.641353E+09   0.679460E+09   0.748180E+10
 0342   0.408188E+02   0.296620E+11   0.640879E+09   0.680193E+09   0.736755E+10
 0343   0.410383E+02   0.298024E+11   0.639508E+09   0.681379E+09   0.725517E+10
 0344   0.412851E+02   0.299506E+11   0.600763E+09   0.675527E+09   0.714387E+10
 0345   0.415044E+02   0.300910E+11   0.639978E+09   0.676501E+09   0.703514E+10
 0346   0.417237E+02   0.302312E+11   0.639443E+09   0.677653E+09   0.692818E+10
 0347   0.419427E+02   0.303714E+11   0.640111E+09   0.678754E+09   0.682296E+10
 0348   0.421612E+02   0.305114E+11   0.640515E+09   0.679983E+09   0.671945E+10
 0349   0.423795E+02   0.306513E+11   0.640878E+09   0.681688E+09   0.661761E+10
 0350   0.425975E+02   0.307914E+11   0.642788E+09   0.683873E+09   0.651740E+10
 0351   0.428429E+02   0.309399E+11   0.605249E+09   0.678975E+09   0.641814E+10
 0352   0.430614E+02   0.310810E+11   0.645492E+09   0.680877E+09   0.632113E+10
 0353   0.432802E+02   0.312223E+11   0.645809E+09   0.682681E+09   0.622567E+10
 0354   0.434992E+02   0.313637E+11   0.646095E+09   0.684332E+09   0.613174E+10
 0355   0.437181E+02   0.315052E+11   0.645861E+09   0.686332E+09   0.603931E+10
 0356   0.439643E+02   0.316545E+11   0.606654E+09   0.681998E+09   0.594776E+10
 0357   0.441831E+02   0.317966E+11   0.649077E+09   0.684176E+09   0.585827E+10
 0358   0.444022E+02   0.319389E+11   0.649685E+09   0.685750E+09   0.577021E+10
 0359   0.446216E+02   0.320811E+11   0.648128E+09   0.687077E+09   0.568355E+10
 0360   0.448687E+02   0.322309E+11   0.606448E+09   0.681561E+09   0.559770E+10
 0361   0.450884E+02   0.323727E+11   0.645251E+09   0.683362E+09   0.551379E+10
 0362   0.453076E+02   0.325144E+11   0.646449E+09   0.685504E+09   0.543119E+10
 0363   0.455261E+02   0.326562E+11   0.648918E+09   0.687793E+09   0.534990E+10
 0364   0.457443E+02   0.327982E+11   0.650985E+09   0.689967E+09   0.526989E+10
 0365   0.459898E+02   0.329481E+11   0.610605E+09   0.685175E+09   0.519064E+10
 0366   0.462083E+02   0.330902E+11   0.650489E+09   0.687115E+09   0.511313E+10
 0367   0.464269E+02   0.332324E+11   0.650131E+09   0.689192E+09   0.503683E+10
 0368   0.466456E+02   0.333747E+11   0.650701E+09   0.691746E+09   0.496170E+10
 0369   0.468914E+02   0.335251E+11   0.611837E+09   0.687762E+09   0.488727E+10
 0370   0.471095E+02   0.336680E+11   0.655081E+09   0.690409E+09   0.481448E+10
 0371   0.473276E+02   0.338111E+11   0.656278E+09   0.692815E+09   0.474283E+10
 0372   0.475730E+02   0.339620E+11   0.614741E+09   0.688239E+09   0.467184E+10
 0373   0.477915E+02   0.341049E+11   0.654543E+09   0.690562E+09   0.460241E+10
 0374   0.480100E+02   0.342480E+11   0.654441E+09   0.692915E+09   0.453404E+10
 0375   0.482558E+02   0.343989E+11   0.614016E+09   0.688489E+09   0.446629E+10
 0376   0.484742E+02   0.345419E+11   0.655060E+09   0.691185E+09   0.440003E+10
 0377   0.486921E+02   0.346851E+11   0.656948E+09   0.693857E+09   0.433478E+10
 0378   0.489371E+02   0.348363E+11   0.617262E+09   0.689549E+09   0.427012E+10
 0379   0.491551E+02   0.349797E+11   0.657489E+09   0.692449E+09   0.420686E+10
 0380   0.493732E+02   0.351233E+11   0.658820E+09   0.695645E+09   0.414456E+10
 0381   0.496186E+02   0.352754E+11   0.619658E+09   0.692171E+09   0.408280E+10
 0382   0.498371E+02   0.354200E+11   0.661711E+09   0.695602E+09   0.402238E+10
 0383   0.500558E+02   0.355651E+11   0.663543E+09   0.698477E+09   0.396289E+10
 0384   0.503020E+02   0.357181E+11   0.621600E+09   0.694456E+09   0.390392E+10
 0385   0.505210E+02   0.358632E+11   0.662083E+09   0.697795E+09   0.384623E+10
 0386   0.507401E+02   0.360087E+11   0.664019E+09   0.701158E+09   0.378940E+10
 0387   0.509869E+02   0.361624E+11   0.623155E+09   0.697439E+09   0.373307E+10
 0388   0.512065E+02   0.363085E+11   0.664924E+09   0.700460E+09   0.367795E+10
 0389   0.514536E+02   0.364626E+11   0.623915E+09   0.696257E+09   0.362333E+10
 0390   0.516732E+02   0.366084E+11   0.664004E+09   0.698637E+09   0.356990E+10
 0391   0.518926E+02   0.367539E+11   0.662924E+09   0.701000E+09   0.351727E+10
 0392   0.521389E+02   0.369069E+11   0.621170E+09   0.696911E+09   0.346510E+10
 0393   0.523572E+02   0.370517E+11   0.663492E+09   0.700236E+09   0.341405E+10
 0394   0.525750E+02   0.371968E+11   0.666431E+09   0.703969E+09   0.336376E+10
 0395   0.528196E+02   0.373503E+11   0.627126E+09   0.701391E+09   0.331389E+10
 0396   0.530372E+02   0.374966E+11   0.672478E+09   0.705663E+09   0.326508E+10
 0397   0.532823E+02   0.376516E+11   0.632279E+09   0.702785E+09   0.321669E+10
 0398   0.535009E+02   0.377990E+11   0.674558E+09   0.706718E+09   0.316932E+10
 0399   0.537472E+02   0.379548E+11   0.632687E+09   0.703892E+09   0.312236E+10
 0400   0.539668E+02   0.381031E+11   0.675261E+09   0.707528E+09   0.307640E+10
 0401   0.542143E+02   0.382598E+11   0.632789E+09   0.704097E+09   0.303082E+10
 0402   0.544349E+02   0.384084E+11   0.673762E+09   0.707711E+09   0.298622E+10
 0403   0.546554E+02   0.385573E+11   0.675051E+09   0.710823E+09   0.294228E+10
 0404   0.549037E+02   0.387139E+11   0.631166E+09   0.707016E+09   0.289871E+10
 0405   0.551242E+02   0.388624E+11   0.673137E+09   0.710340E+09   0.285607E+10
 0406   0.553717E+02   0.390187E+11   0.631778E+09   0.707031E+09   0.281379E+10
 0407   0.555913E+02   0.391671E+11   0.675315E+09   0.710583E+09   0.277241E+10
 0408   0.558381E+02   0.393235E+11   0.634053E+09   0.707018E+09   0.273138E+10
 0409   0.560575E+02   0.394718E+11   0.675722E+09   0.710373E+09   0.269122E+10
 0410   0.563039E+02   0.396280E+11   0.634058E+09   0.707458E+09   0.265138E+10
 0411   0.565230E+02   0.397765E+11   0.677577E+09   0.712292E+09   0.261238E+10
 0412   0.567690E+02   0.399339E+11   0.639826E+09   0.710212E+09   0.257368E+10
 0413   0.569879E+02   0.400838E+11   0.684678E+09   0.715360E+09   0.253581E+10
 0414   0.572344E+02   0.402427E+11   0.644717E+09   0.713720E+09   0.249823E+10
 0415   0.574542E+02   0.403943E+11   0.690046E+09   0.718982E+09   0.246146E+10
 0416   0.577023E+02   0.405551E+11   0.647700E+09   0.716477E+09   0.242496E+10
 0417   0.579242E+02   0.407080E+11   0.689262E+09   0.720346E+09   0.238925E+10
 0418   0.581744E+02   0.408691E+11   0.643822E+09   0.717095E+09   0.235382E+10
 0419   0.583971E+02   0.410218E+11   0.685856E+09   0.720710E+09   0.231915E+10
 0420   0.586474E+02   0.411825E+11   0.642034E+09   0.717782E+09   0.228476E+10
 0421   0.588695E+02   0.413351E+11   0.686969E+09   0.721997E+09   0.225109E+10
 0422   0.591188E+02   0.414960E+11   0.645418E+09   0.719480E+09   0.221769E+10
 0423   0.593402E+02   0.416489E+11   0.690726E+09   0.724583E+09   0.218500E+10
 0424   0.595892E+02   0.418107E+11   0.649799E+09   0.723238E+09   0.215255E+10
 0425   0.598386E+02   0.419737E+11   0.653553E+09   0.721472E+09   0.212057E+10
 0426   0.600610E+02   0.421289E+11   0.697863E+09   0.726222E+09   0.208927E+10
 0427   0.603118E+02   0.422928E+11   0.653443E+09   0.723735E+09   0.205820E+10
 0428   0.605353E+02   0.424484E+11   0.696226E+09   0.728030E+09   0.202779E+10
 0429   0.607870E+02   0.426124E+11   0.651453E+09   0.725545E+09   0.199761E+10
 0430   0.610109E+02   0.427683E+11   0.696092E+09   0.730417E+09   0.196808E+10
 0431   0.612627E+02   0.429329E+11   0.653737E+09   0.728527E+09   0.193876E+10
 0432   0.615144E+02   0.430981E+11   0.656632E+09   0.726615E+09   0.190985E+10
 0433   0.617384E+02   0.432553E+11   0.701606E+09   0.731427E+09   0.188159E+10
 0434   0.619906E+02   0.434212E+11   0.657753E+09   0.728843E+09   0.185352E+10
 0435   0.622151E+02   0.435785E+11   0.700933E+09   0.732986E+09   0.182607E+10
 0436   0.624676E+02   0.437440E+11   0.655408E+09   0.730412E+09   0.179882E+10
 0437   0.627197E+02   0.439095E+11   0.656477E+09   0.728007E+09   0.177196E+10
 0438   0.629437E+02   0.440666E+11   0.701182E+09   0.733160E+09   0.174569E+10
 0439   0.631952E+02   0.442325E+11   0.659871E+09   0.731587E+09   0.171959E+10
 0440   0.634188E+02   0.443906E+11   0.706915E+09   0.737437E+09   0.169405E+10
 0441   0.636704E+02   0.445579E+11   0.664966E+09   0.736538E+09   0.166869E+10
 0442   0.639226E+02   0.447263E+11   0.667693E+09   0.735702E+09   0.164368E+10
 0443   0.641474E+02   0.448870E+11   0.714823E+09   0.741943E+09   0.161921E+10
 0444   0.644011E+02   0.450572E+11   0.671058E+09   0.740913E+09   0.159490E+10
 0445   0.646559E+02   0.452284E+11   0.671649E+09   0.740162E+09   0.157094E+10
 0446   0.649119E+02   0.454007E+11   0.673162E+09   0.738941E+09   0.154732E+10
 0447   0.651405E+02   0.455649E+11   0.718437E+09   0.744743E+09   0.152422E+10
 0448   0.653984E+02   0.457386E+11   0.673298E+09   0.742897E+09   0.150126E+10
 0449   0.656571E+02   0.459126E+11   0.672905E+09   0.740593E+09   0.147864E+10
 0450   0.658872E+02   0.460775E+11   0.716181E+09   0.745264E+09   0.145652E+10
 0451   0.661461E+02   0.462511E+11   0.670444E+09   0.743600E+09   0.143454E+10
 0452   0.663760E+02   0.464161E+11   0.718158E+09   0.749754E+09   0.141305E+10
 0453   0.666343E+02   0.465908E+11   0.676217E+09   0.748290E+09   0.139170E+10
 0454   0.668927E+02   0.467659E+11   0.677527E+09   0.746457E+09   0.137065E+10
 0455   0.671228E+02   0.469322E+11   0.722546E+09   0.752456E+09   0.135007E+10
 0456   0.673817E+02   0.471079E+11   0.678595E+09   0.752099E+09   0.132962E+10
 0457   0.676410E+02   0.472847E+11   0.682057E+09   0.751777E+09   0.130945E+10
 0458   0.679009E+02   0.474627E+11   0.684827E+09   0.751422E+09   0.128957E+10
 0459   0.681324E+02   0.476325E+11   0.733392E+09   0.758143E+09   0.127012E+10
 0460   0.683934E+02   0.478121E+11   0.688339E+09   0.757652E+09   0.125081E+10
 0461   0.686556E+02   0.479927E+11   0.688576E+09   0.756923E+09   0.123177E+10
 0462   0.689191E+02   0.481741E+11   0.688411E+09   0.755908E+09   0.121300E+10
 0463   0.691542E+02   0.483468E+11   0.734926E+09   0.762146E+09   0.119465E+10
 0464   0.694191E+02   0.485294E+11   0.688913E+09   0.760769E+09   0.117642E+10
 0465   0.696844E+02   0.487121E+11   0.689012E+09   0.759976E+09   0.115845E+10
 0466   0.699499E+02   0.488956E+11   0.691208E+09   0.760073E+09   0.114074E+10
 0467   0.701860E+02   0.490710E+11   0.742831E+09   0.767476E+09   0.112343E+10
 0468   0.704520E+02   0.492569E+11   0.698677E+09   0.767228E+09   0.110623E+10
 0469   0.707191E+02   0.494437E+11   0.699350E+09   0.766519E+09   0.108928E+10
 0470   0.709872E+02   0.496310E+11   0.698809E+09   0.766013E+09   0.107257E+10
 0471   0.712564E+02   0.498193E+11   0.699178E+09   0.765237E+09   0.105610E+10
 0472   0.714966E+02   0.499985E+11   0.746349E+09   0.772544E+09   0.104000E+10
 0473   0.717673E+02   0.501885E+11   0.701867E+09   0.772441E+09   0.102400E+10
 0474   0.720382E+02   0.503795E+11   0.704767E+09   0.772724E+09   0.100823E+10
 0475   0.723100E+02   0.505717E+11   0.707383E+09   0.772582E+09   0.992687E+09
 0476   0.725829E+02   0.507650E+11   0.708233E+09   0.772110E+09   0.977370E+09
 0477   0.728266E+02   0.509491E+11   0.755595E+09   0.778690E+09   0.962408E+09
 0478   0.731016E+02   0.511435E+11   0.706765E+09   0.777613E+09   0.947540E+09
 0479   0.733774E+02   0.513382E+11   0.705994E+09   0.777024E+09   0.932887E+09
 0480   0.736537E+02   0.515337E+11   0.707752E+09   0.777504E+09   0.918446E+09
 0481   0.739300E+02   0.517307E+11   0.713012E+09   0.777958E+09   0.904215E+09
 0482   0.741762E+02   0.519190E+11   0.764641E+09   0.785476E+09   0.890314E+09
 0483   0.744538E+02   0.521181E+11   0.717295E+09   0.786015E+09   0.876503E+09
 0484   0.747326E+02   0.523186E+11   0.719308E+09   0.787702E+09   0.862897E+09
 0485   0.750127E+02   0.525214E+11   0.723821E+09   0.788950E+09   0.849488E+09
 0486   0.752947E+02   0.527261E+11   0.725902E+09   0.790608E+09   0.836274E+09
 0487   0.755784E+02   0.529329E+11   0.729012E+09   0.791698E+09   0.823256E+09
 0488   0.758637E+02   0.531413E+11   0.730433E+09   0.792102E+09   0.810434E+09
 0489   0.761507E+02   0.533506E+11   0.729191E+09   0.792586E+09   0.797807E+09
 0490   0.764398E+02   0.535613E+11   0.728976E+09   0.793952E+09   0.785366E+09
 0491   0.767303E+02   0.537741E+11   0.732494E+09   0.794629E+09   0.773113E+09
 0492   0.769898E+02   0.539775E+11   0.783681E+09   0.803332E+09   0.761153E+09
 0493   0.772832E+02   0.541935E+11   0.736247E+09   0.804512E+09   0.749273E+09
 0494   0.775779E+02   0.544113E+11   0.739025E+09   0.805470E+09   0.737572E+09
 0495   0.778742E+02   0.546305E+11   0.739913E+09   0.806088E+09   0.726050E+09
 0496   0.781722E+02   0.548511E+11   0.740063E+09   0.807069E+09   0.714704E+09
 0497   0.784716E+02   0.550732E+11   0.741938E+09   0.807866E+09   0.703535E+09
 0498   0.787724E+02   0.552968E+11   0.743422E+09   0.809036E+09   0.692543E+09
 0499   0.790748E+02   0.555223E+11   0.745531E+09   0.809774E+09   0.681720E+09
 0500   0.793788E+02   0.557493E+11   0.746795E+09   0.810187E+09   0.671063E+09
 0501   0.796841E+02   0.559774E+11   0.747126E+09   0.812175E+09   0.660573E+09
 0502   0.799567E+02   0.561965E+11   0.803781E+09   0.821984E+09   0.650330E+09
 0503   0.802989E+02   0.564415E+11   0.715988E+09   0.816237E+09   0.640083E+09
 0504   0.805748E+02   0.566653E+11   0.811120E+09   0.825640E+09   0.630154E+09
 0505   0.808871E+02   0.569031E+11   0.761404E+09   0.826798E+09   0.620301E+09
 0506   0.812013E+02   0.571423E+11   0.761172E+09   0.827466E+09   0.610602E+09
 0507   0.815182E+02   0.573828E+11   0.759098E+09   0.828720E+09   0.601054E+09
 0508   0.818369E+02   0.576253E+11   0.760764E+09   0.830193E+09   0.591654E+09
 0509   0.821567E+02   0.578697E+11   0.764292E+09   0.832437E+09   0.582403E+09
 0510   0.824783E+02   0.581169E+11   0.768759E+09   0.834827E+09   0.573298E+09
 0511   0.828014E+02   0.583667E+11   0.773256E+09   0.835569E+09   0.564339E+09
 0512   0.831266E+02   0.586176E+11   0.771175E+09   0.835689E+09   0.555520E+09
 0513   0.834542E+02   0.588690E+11   0.767765E+09   0.836650E+09   0.546840E+09
 0514   0.837834E+02   0.591222E+11   0.768949E+09   0.837786E+09   0.538295E+09
 0515   0.841140E+02   0.593771E+11   0.771184E+09   0.838917E+09   0.529884E+09
 0516   0.844458E+02   0.596338E+11   0.773534E+09   0.840010E+09   0.521606E+09
 0517   0.847786E+02   0.598920E+11   0.775937E+09   0.841809E+09   0.513462E+09
 0518   0.851124E+02   0.601524E+11   0.779930E+09   0.843985E+09   0.505449E+09
 0519   0.854481E+02   0.604153E+11   0.783367E+09   0.846058E+09   0.497565E+09
 0520   0.857860E+02   0.606808E+11   0.785445E+09   0.847676E+09   0.489807E+09
 0521   0.861261E+02   0.609482E+11   0.786228E+09   0.848832E+09   0.482172E+09
 0522   0.864683E+02   0.612171E+11   0.785840E+09   0.849383E+09   0.474658E+09
 0523   0.868123E+02   0.614869E+11   0.784279E+09   0.849851E+09   0.467265E+09
 0524   0.871579E+02   0.617577E+11   0.783761E+09   0.850935E+09   0.459990E+09
 0525   0.875043E+02   0.620302E+11   0.786565E+09   0.852474E+09   0.452832E+09
 0526   0.878516E+02   0.623047E+11   0.790289E+09   0.853448E+09   0.445787E+09
 0527   0.882002E+02   0.625805E+11   0.791279E+09   0.854240E+09   0.438855E+09
 0528   0.885501E+02   0.628575E+11   0.791583E+09   0.854983E+09   0.432033E+09
 0529   0.889012E+02   0.631357E+11   0.792271E+09   0.855634E+09   0.425320E+09
 0530   0.892534E+02   0.634148E+11   0.792548E+09   0.855540E+09   0.418713E+09
 0531   0.895675E+02   0.636801E+11   0.844707E+09   0.863862E+09   0.412267E+09
 0532   0.899211E+02   0.639601E+11   0.791901E+09   0.864695E+09   0.405870E+09
 0533   0.902748E+02   0.642413E+11   0.794950E+09   0.866341E+09   0.399576E+09
 0534   0.906293E+02   0.645246E+11   0.799212E+09   0.868794E+09   0.393382E+09
 0535   0.909848E+02   0.648107E+11   0.804893E+09   0.870850E+09   0.387288E+09
 0536   0.913417E+02   0.650990E+11   0.807668E+09   0.872104E+09   0.381291E+09
 0537   0.917006E+02   0.653885E+11   0.806554E+09   0.873182E+09   0.375390E+09
 0538   0.920615E+02   0.656792E+11   0.805639E+09   0.874306E+09   0.369583E+09
 0539   0.924241E+02   0.659713E+11   0.805478E+09   0.875508E+09   0.363869E+09
 0540   0.927885E+02   0.662651E+11   0.806294E+09   0.876652E+09   0.358246E+09
 0541   0.931539E+02   0.665604E+11   0.808015E+09   0.877353E+09   0.352714E+09
 0542   0.935204E+02   0.668566E+11   0.808359E+09   0.877747E+09   0.347271E+09
 0543   0.938879E+02   0.671535E+11   0.807852E+09   0.878418E+09   0.341915E+09
 0544   0.942562E+02   0.674514E+11   0.808734E+09   0.879178E+09   0.336647E+09
 0545   0.946252E+02   0.677503E+11   0.810095E+09   0.879791E+09   0.331463E+09
 0546   0.949948E+02   0.680500E+11   0.810881E+09   0.880435E+09   0.326363E+09
 0547   0.953651E+02   0.683507E+11   0.811939E+09   0.881094E+09   0.321346E+09
 0548   0.957360E+02   0.686521E+11   0.812868E+09   0.881734E+09   0.316411E+09
 0549   0.961077E+02   0.689545E+11   0.813416E+09   0.882573E+09   0.311556E+09
 0550   0.964800E+02   0.692579E+11   0.814789E+09   0.883331E+09   0.306780E+09
 0551   0.968529E+02   0.695622E+11   0.815987E+09   0.883982E+09   0.302081E+09
 0552   0.972265E+02   0.698672E+11   0.816611E+09   0.884650E+09   0.297458E+09
 0553   0.976006E+02   0.701730E+11   0.817504E+09   0.885638E+09   0.292911E+09
 0554   0.979753E+02   0.704800E+11   0.819226E+09   0.886469E+09   0.288437E+09
 0555   0.983508E+02   0.707880E+11   0.820208E+09   0.887554E+09   0.284036E+09
 0556   0.987271E+02   0.710973E+11   0.821736E+09   0.888819E+09   0.279706E+09
 0557   0.991042E+02   0.714079E+11   0.823889E+09   0.889868E+09   0.275447E+09
 0558   0.994820E+02   0.717195E+11   0.824808E+09   0.890898E+09   0.271257E+09
 0559   0.998607E+02   0.720322E+11   0.825464E+09   0.891393E+09   0.267135E+09
 0560   0.100240E+03   0.723451E+11   0.825024E+09   0.891792E+09   0.263080E+09
 0561   0.100620E+03   0.726584E+11   0.824488E+09   0.892289E+09   0.259090E+09
 0562   0.101000E+03   0.729722E+11   0.825098E+09   0.893127E+09   0.255165E+09
 0563   0.101381E+03   0.732868E+11   0.826925E+09   0.894159E+09   0.251303E+09
 0564   0.101761E+03   0.736023E+11   0.829038E+09   0.895071E+09   0.247504E+09
 0565   0.102142E+03   0.739185E+11   0.830398E+09   0.895768E+09   0.243767E+09
 0566   0.102523E+03   0.742352E+11   0.830785E+09   0.896306E+09   0.240090E+09
 0567   0.102905E+03   0.745521E+11   0.830841E+09   0.897541E+09   0.236472E+09
 0568   0.103287E+03   0.748702E+11   0.833065E+09   0.898729E+09   0.232912E+09
 0569   0.103669E+03   0.751893E+11   0.834964E+09   0.900084E+09   0.229410E+09
 0570   0.104052E+03   0.755097E+11   0.836569E+09   0.901265E+09   0.225963E+09
 0571   0.104435E+03   0.758309E+11   0.837804E+09   0.902163E+09   0.222572E+09
 0572   0.104819E+03   0.761526E+11   0.837892E+09   0.902944E+09   0.219236E+09
 0573   0.105204E+03   0.764747E+11   0.837829E+09   0.904148E+09   0.215952E+09
 0574   0.105588E+03   0.767977E+11   0.839552E+09   0.905015E+09   0.212721E+09
 0575   0.105973E+03   0.771212E+11   0.840073E+09   0.905245E+09   0.209541E+09
 0576   0.106359E+03   0.774446E+11   0.838643E+09   0.905583E+09   0.206411E+09
 0577   0.106745E+03   0.777681E+11   0.838711E+09   0.906149E+09   0.203330E+09
 0578   0.107130E+03   0.780918E+11   0.840099E+09   0.907086E+09   0.200298E+09
 0579   0.107515E+03   0.784161E+11   0.842021E+09   0.908353E+09   0.197314E+09
 0580   0.107900E+03   0.787413E+11   0.844728E+09   0.909796E+09   0.194377E+09
 0581   0.108285E+03   0.790675E+11   0.847115E+09   0.911493E+09   0.191486E+09
 0582   0.108671E+03   0.793951E+11   0.849126E+09   0.913216E+09   0.188640E+09
 0583   0.109058E+03   0.797240E+11   0.850528E+09   0.914574E+09   0.185839E+09
 0584   0.109445E+03   0.800538E+11   0.850528E+09   0.915967E+09   0.183082E+09
 0585   0.109834E+03   0.803847E+11   0.851036E+09   0.917219E+09   0.180367E+09
 0586   0.110224E+03   0.807163E+11   0.851696E+09   0.918367E+09   0.177694E+09
 0587   0.110614E+03   0.810487E+11   0.852120E+09   0.919634E+09   0.175063E+09
 0588   0.111004E+03   0.813820E+11   0.853374E+09   0.920537E+09   0.172473E+09
 0589   0.111395E+03   0.817156E+11   0.853521E+09   0.921453E+09   0.169923E+09
 0590   0.111787E+03   0.820497E+11   0.853678E+09   0.922715E+09   0.167413E+09
 0591   0.112178E+03   0.823848E+11   0.855369E+09   0.923433E+09   0.164942E+09
 0592   0.112570E+03   0.827199E+11   0.855140E+09   0.923900E+09   0.162508E+09
 0593   0.112962E+03   0.830550E+11   0.854340E+09   0.925058E+09   0.160113E+09
 0594   0.113354E+03   0.833908E+11   0.856684E+09   0.927086E+09   0.157754E+09
 0595   0.113746E+03   0.837282E+11   0.860959E+09   0.929096E+09   0.155432E+09
 0596   0.114139E+03   0.840670E+11   0.863597E+09   0.931009E+09   0.153145E+09
 0597   0.114532E+03   0.844071E+11   0.865258E+09   0.932685E+09   0.150894E+09
 0598   0.114926E+03   0.847483E+11   0.865897E+09   0.934324E+09   0.148677E+09
 0599   0.115321E+03   0.850906E+11   0.865886E+09   0.936075E+09   0.146494E+09
 0600   0.115717E+03   0.854341E+11   0.866702E+09   0.937519E+09   0.144344E+09
 0601   0.116114E+03   0.857784E+11   0.867218E+09   0.938443E+09   0.142228E+09
 0602   0.116512E+03   0.861228E+11   0.866491E+09   0.939028E+09   0.140143E+09
 0603   0.116909E+03   0.864670E+11   0.865512E+09   0.939630E+09   0.138091E+09
 0604   0.117307E+03   0.868109E+11   0.865210E+09   0.940693E+09   0.136070E+09
 0605   0.117704E+03   0.871553E+11   0.866630E+09   0.942167E+09   0.134080E+09
 0606   0.118101E+03   0.875006E+11   0.869352E+09   0.944011E+09   0.132119E+09
 0607   0.118542E+03   0.878643E+11   0.824800E+09   0.937275E+09   0.130172E+09
 0608   0.118940E+03   0.882118E+11   0.874819E+09   0.939196E+09   0.128271E+09
 0609   0.119338E+03   0.885604E+11   0.876117E+09   0.940860E+09   0.126400E+09
 0610   0.119736E+03   0.889099E+11   0.876308E+09   0.942295E+09   0.124556E+09
 0611   0.120136E+03   0.892599E+11   0.876067E+09   0.943971E+09   0.122741E+09
 0612   0.120536E+03   0.896110E+11   0.877109E+09   0.945673E+09   0.120952E+09
 0613   0.120937E+03   0.899629E+11   0.878595E+09   0.947317E+09   0.119191E+09
 0614   0.121338E+03   0.903157E+11   0.879726E+09   0.948778E+09   0.117455E+09
 0615   0.121739E+03   0.906689E+11   0.880480E+09   0.950153E+09   0.115746E+09
 0616   0.122140E+03   0.910225E+11   0.880952E+09   0.951689E+09   0.114063E+09
 0617   0.122542E+03   0.913767E+11   0.881932E+09   0.953221E+09   0.112404E+09
 0618   0.122944E+03   0.917316E+11   0.883004E+09   0.955080E+09   0.110771E+09
 0619   0.123346E+03   0.920874E+11   0.885060E+09   0.957374E+09   0.109161E+09
 0620   0.123748E+03   0.924448E+11   0.888241E+09   0.959349E+09   0.107576E+09
 0621   0.124196E+03   0.928210E+11   0.840618E+09   0.952484E+09   0.105998E+09
 0622   0.124600E+03   0.931804E+11   0.889779E+09   0.954826E+09   0.104459E+09
 0623   0.125004E+03   0.935411E+11   0.892099E+09   0.957796E+09   0.102943E+09
 0624   0.125409E+03   0.939040E+11   0.895813E+09   0.960919E+09   0.101450E+09
 0625   0.125815E+03   0.942691E+11   0.899041E+09   0.963478E+09   0.999790E+08
 0626   0.126222E+03   0.946356E+11   0.900111E+09   0.965640E+09   0.985296E+08
 0627   0.126631E+03   0.950031E+11   0.899752E+09   0.967299E+09   0.971016E+08
 0628   0.127041E+03   0.953711E+11   0.898233E+09   0.968513E+09   0.956945E+08
 0629   0.127451E+03   0.957392E+11   0.896363E+09   0.969306E+09   0.943080E+08
 0630   0.127862E+03   0.961069E+11   0.894993E+09   0.970310E+09   0.929419E+08
 0631   0.128318E+03   0.964930E+11   0.846862E+09   0.963011E+09   0.915803E+08
 0632   0.128727E+03   0.968611E+11   0.898971E+09   0.965539E+09   0.902547E+08
 0633   0.129137E+03   0.972308E+11   0.903689E+09   0.968529E+09   0.889489E+08
 0634   0.129546E+03   0.976024E+11   0.908132E+09   0.971476E+09   0.876623E+08
 0635   0.129956E+03   0.979758E+11   0.910722E+09   0.973856E+09   0.863948E+08
 0636   0.130367E+03   0.983503E+11   0.910806E+09   0.975719E+09   0.851459E+08
 0637   0.130779E+03   0.987253E+11   0.909348E+09   0.977858E+09   0.839150E+08
 0638   0.131193E+03   0.991014E+11   0.909754E+09   0.980080E+09   0.827020E+08
 0639   0.131607E+03   0.994786E+11   0.911389E+09   0.981706E+09   0.815065E+08
 0640   0.132067E+03   0.998749E+11   0.861330E+09   0.974478E+09   0.803133E+08
 0641   0.132481E+03   0.100253E+12   0.911964E+09   0.976260E+09   0.791528E+08
 0642   0.132896E+03   0.100631E+12   0.913305E+09   0.978589E+09   0.780091E+08
 0643   0.133310E+03   0.101011E+12   0.915432E+09   0.981303E+09   0.768819E+08
 0644   0.133725E+03   0.101392E+12   0.918675E+09   0.984012E+09   0.757712E+08
 0645   0.134141E+03   0.101775E+12   0.921122E+09   0.986459E+09   0.746768E+08
 0646   0.134557E+03   0.102159E+12   0.922198E+09   0.988791E+09   0.735983E+08
 0647   0.134975E+03   0.102544E+12   0.922801E+09   0.991031E+09   0.725352E+08
 0648   0.135393E+03   0.102930E+12   0.923247E+09   0.993628E+09   0.714873E+08
 0649   0.135858E+03   0.103337E+12   0.873950E+09   0.987067E+09   0.704403E+08
 0650   0.136277E+03   0.103725E+12   0.926263E+09   0.989182E+09   0.694227E+08
 0651   0.136697E+03   0.104114E+12   0.926390E+09   0.991748E+09   0.684196E+08
 0652   0.137118E+03   0.104505E+12   0.928505E+09   0.994075E+09   0.674311E+08
 0653   0.137539E+03   0.104897E+12   0.929777E+09   0.995917E+09   0.664567E+08
 0654   0.137961E+03   0.105289E+12   0.929097E+09   0.998037E+09   0.654962E+08
 0655   0.138384E+03   0.105682E+12   0.930434E+09   0.100133E+10   0.645493E+08
 0656   0.138806E+03   0.106077E+12   0.935664E+09   0.100497E+10   0.636158E+08
 0657   0.139277E+03   0.106495E+12   0.888058E+09   0.999201E+09   0.626819E+08
 0658   0.139702E+03   0.106895E+12   0.941457E+09   0.100170E+10   0.617753E+08
 0659   0.140128E+03   0.107296E+12   0.940931E+09   0.100395E+10   0.608815E+08
 0660   0.140555E+03   0.107697E+12   0.939744E+09   0.100571E+10   0.600003E+08
 0661   0.140984E+03   0.108099E+12   0.937825E+09   0.100753E+10   0.591315E+08
 0662   0.141413E+03   0.108502E+12   0.937646E+09   0.100921E+10   0.582749E+08
 0663   0.141842E+03   0.108904E+12   0.938727E+09   0.101109E+10   0.574306E+08
 0664   0.142318E+03   0.109328E+12   0.889080E+09   0.100439E+10   0.565847E+08
 0665   0.142746E+03   0.109732E+12   0.943848E+09   0.100808E+10   0.557647E+08
 0666   0.143174E+03   0.110138E+12   0.949500E+09   0.101256E+10   0.549563E+08
 0667   0.143604E+03   0.110549E+12   0.955423E+09   0.101657E+10   0.541593E+08
 0668   0.144035E+03   0.110962E+12   0.958314E+09   0.101916E+10   0.533737E+08
 0669   0.144468E+03   0.111376E+12   0.955746E+09   0.102074E+10   0.525991E+08
 0670   0.144951E+03   0.111810E+12   0.898854E+09   0.101284E+10   0.518219E+08
 0671   0.145387E+03   0.112223E+12   0.948189E+09   0.101457E+10   0.510687E+08
 0672   0.145823E+03   0.112637E+12   0.948881E+09   0.101659E+10   0.503260E+08
 0673   0.146258E+03   0.113051E+12   0.951361E+09   0.101911E+10   0.495938E+08
 0674   0.146693E+03   0.113466E+12   0.955263E+09   0.102213E+10   0.488718E+08
 0675   0.147127E+03   0.113883E+12   0.959318E+09   0.102562E+10   0.481600E+08
 0676   0.147562E+03   0.114302E+12   0.963297E+09   0.102936E+10   0.474582E+08
 0677   0.147998E+03   0.114724E+12   0.966576E+09   0.103362E+10   0.467664E+08
 0678   0.148484E+03   0.115169E+12   0.916218E+09   0.102813E+10   0.460714E+08
 0679   0.148924E+03   0.115596E+12   0.971356E+09   0.103184E+10   0.453990E+08
 0680   0.149365E+03   0.116025E+12   0.972330E+09   0.103517E+10   0.447358E+08
 0681   0.149808E+03   0.116456E+12   0.972797E+09   0.103820E+10   0.440816E+08
 0682   0.150302E+03   0.116910E+12   0.919197E+09   0.103119E+10   0.434231E+08
 0683   0.150748E+03   0.117343E+12   0.971269E+09   0.103401E+10   0.427871E+08
 0684   0.151195E+03   0.117778E+12   0.972451E+09   0.103636E+10   0.421599E+08
 0685   0.151643E+03   0.118214E+12   0.972845E+09   0.103826E+10   0.415415E+08
 0686   0.152091E+03   0.118649E+12   0.972124E+09   0.104065E+10   0.409316E+08
 0687   0.152539E+03   0.119085E+12   0.974034E+09   0.104447E+10   0.403304E+08
 0688   0.152987E+03   0.119525E+12   0.980233E+09   0.104878E+10   0.397375E+08
 0689   0.153485E+03   0.119989E+12   0.931651E+09   0.104310E+10   0.391404E+08
 0690   0.153935E+03   0.120433E+12   0.987592E+09   0.104670E+10   0.385644E+08
 0691   0.154386E+03   0.120879E+12   0.988735E+09   0.104984E+10   0.379965E+08
 0692   0.154839E+03   0.121326E+12   0.988313E+09   0.105250E+10   0.374363E+08
 0693   0.155293E+03   0.121775E+12   0.986424E+09   0.105476E+10   0.368836E+08
 0694   0.155799E+03   0.122246E+12   0.931378E+09   0.104746E+10   0.363260E+08
 0695   0.156255E+03   0.122696E+12   0.986029E+09   0.105065E+10   0.357886E+08
 0696   0.156711E+03   0.123147E+12   0.989607E+09   0.105429E+10   0.352588E+08
 0697   0.157167E+03   0.123600E+12   0.993927E+09   0.105796E+10   0.347364E+08
 0698   0.157624E+03   0.124056E+12   0.997260E+09   0.106156E+10   0.342213E+08
 0699   0.158082E+03   0.124513E+12   0.999499E+09   0.106518E+10   0.337134E+08
 0700   0.158592E+03   0.124995E+12   0.945607E+09   0.105947E+10   0.332005E+08
 0701   0.159052E+03   0.125457E+12   0.100267E+10   0.106396E+10   0.327066E+08
 0702   0.159515E+03   0.125923E+12   0.100651E+10   0.106859E+10   0.322193E+08
 0703   0.159979E+03   0.126391E+12   0.101039E+10   0.107278E+10   0.317386E+08
 0704   0.160496E+03   0.126886E+12   0.956499E+09   0.106659E+10   0.312527E+08
 0705   0.160964E+03   0.127360E+12   0.101097E+10   0.107003E+10   0.307854E+08
 0706   0.161434E+03   0.127835E+12   0.101115E+10   0.107355E+10   0.303245E+08
 0707   0.161905E+03   0.128312E+12   0.101221E+10   0.107717E+10   0.298698E+08
 0708   0.162377E+03   0.128791E+12   0.101432E+10   0.108065E+10   0.294213E+08
 0709   0.162851E+03   0.129272E+12   0.101644E+10   0.108425E+10   0.289791E+08
 0710   0.163377E+03   0.129778E+12   0.962138E+09   0.107822E+10   0.285319E+08
 0711   0.163852E+03   0.130263E+12   0.102048E+10   0.108208E+10   0.281025E+08
 0712   0.164329E+03   0.130750E+12   0.102267E+10   0.108620E+10   0.276790E+08
 0713   0.164807E+03   0.131240E+12   0.102556E+10   0.109017E+10   0.272615E+08
 0714   0.165339E+03   0.131757E+12   0.970888E+09   0.108384E+10   0.268387E+08
 0715   0.165820E+03   0.132251E+12   0.102736E+10   0.108746E+10   0.264330E+08
 0716   0.166302E+03   0.132747E+12   0.102867E+10   0.109104E+10   0.260329E+08
 0717   0.166785E+03   0.133245E+12   0.103025E+10   0.109440E+10   0.256385E+08
 0718   0.167270E+03   0.133745E+12   0.103118E+10   0.109740E+10   0.252494E+08
 0719   0.167809E+03   0.134270E+12   0.974679E+09   0.109080E+10   0.248551E+08
 0720   0.168295E+03   0.134772E+12   0.103299E+10   0.109539E+10   0.244771E+08
 0721   0.168782E+03   0.135278E+12   0.103844E+10   0.110058E+10   0.241044E+08
 0722   0.169270E+03   0.135787E+12   0.104472E+10   0.110558E+10   0.237369E+08
 0723   0.169813E+03   0.136326E+12   0.990832E+09   0.110004E+10   0.233642E+08
 0724   0.170305E+03   0.136842E+12   0.104868E+10   0.110417E+10   0.230072E+08
 0725   0.170799E+03   0.137360E+12   0.104893E+10   0.110806E+10   0.226553E+08
 0726   0.171295E+03   0.137880E+12   0.104853E+10   0.111181E+10   0.223080E+08
 0727   0.171793E+03   0.138403E+12   0.104899E+10   0.111558E+10   0.219653E+08
 0728   0.172348E+03   0.138953E+12   0.992701E+09   0.110956E+10   0.216178E+08
 0729   0.172848E+03   0.139480E+12   0.105334E+10   0.111435E+10   0.212849E+08
 0730   0.173350E+03   0.140011E+12   0.105836E+10   0.112004E+10   0.209566E+08
 0731   0.173853E+03   0.140547E+12   0.106522E+10   0.112594E+10   0.206328E+08
 0732   0.174415E+03   0.141115E+12   0.101066E+10   0.112051E+10   0.203041E+08
 0733   0.174923E+03   0.141659E+12   0.106947E+10   0.112423E+10   0.199896E+08
 0734   0.175434E+03   0.142204E+12   0.106706E+10   0.112822E+10   0.196793E+08
 0735   0.175948E+03   0.142752E+12   0.106716E+10   0.113235E+10   0.193731E+08
 0736   0.176520E+03   0.143330E+12   0.100926E+10   0.112652E+10   0.190619E+08
 0737   0.177037E+03   0.143883E+12   0.107125E+10   0.113078E+10   0.187643E+08
 0738   0.177555E+03   0.144440E+12   0.107416E+10   0.113590E+10   0.184711E+08
 0739   0.178074E+03   0.145000E+12   0.107962E+10   0.114131E+10   0.181822E+08
 0740   0.178653E+03   0.145593E+12   0.102395E+10   0.113735E+10   0.178886E+08
 0741   0.179177E+03   0.146164E+12   0.108921E+10   0.114298E+10   0.176080E+08
 0742   0.179704E+03   0.146739E+12   0.109199E+10   0.114801E+10   0.173313E+08
 0743   0.180293E+03   0.147347E+12   0.103194E+10   0.114174E+10   0.170500E+08
 0744   0.180826E+03   0.147928E+12   0.108977E+10   0.114526E+10   0.167813E+08
 0745   0.181362E+03   0.148510E+12   0.108734E+10   0.114846E+10   0.165164E+08
 0746   0.181899E+03   0.149094E+12   0.108642E+10   0.115294E+10   0.162551E+08
 0747   0.182437E+03   0.149681E+12   0.109140E+10   0.115961E+10   0.159975E+08
 0748   0.183036E+03   0.150305E+12   0.104149E+10   0.115697E+10   0.157359E+08
 0749   0.183577E+03   0.150907E+12   0.111311E+10   0.116447E+10   0.154864E+08
 0750   0.184122E+03   0.151517E+12   0.112014E+10   0.117068E+10   0.152406E+08
 0751   0.184731E+03   0.152162E+12   0.105815E+10   0.116515E+10   0.149905E+08
 0752   0.185283E+03   0.152778E+12   0.111679E+10   0.117068E+10   0.147520E+08
 0753   0.185901E+03   0.153430E+12   0.105415E+10   0.116488E+10   0.145085E+08
 0754   0.186460E+03   0.154054E+12   0.111461E+10   0.116891E+10   0.142764E+08
 0755   0.187022E+03   0.154679E+12   0.111400E+10   0.117444E+10   0.140477E+08
 0756   0.187586E+03   0.155310E+12   0.111822E+10   0.118142E+10   0.138222E+08
 0757   0.188215E+03   0.155980E+12   0.106565E+10   0.117863E+10   0.135922E+08
 0758   0.188785E+03   0.156628E+12   0.113679E+10   0.118632E+10   0.133735E+08
 0759   0.189358E+03   0.157283E+12   0.114363E+10   0.119273E+10   0.131581E+08
 0760   0.189999E+03   0.157976E+12   0.108033E+10   0.118722E+10   0.129381E+08
 0761   0.190580E+03   0.158639E+12   0.114032E+10   0.119143E+10   0.127290E+08
 0762   0.191166E+03   0.159304E+12   0.113500E+10   0.119567E+10   0.125226E+08
 0763   0.191821E+03   0.160006E+12   0.107116E+10   0.118978E+10   0.123116E+08
 0764   0.192412E+03   0.160678E+12   0.113704E+10   0.119574E+10   0.121113E+08
 0765   0.193005E+03   0.161356E+12   0.114330E+10   0.120254E+10   0.119140E+08
 0766   0.193601E+03   0.162041E+12   0.115191E+10   0.120929E+10   0.117197E+08
 0767   0.194265E+03   0.162768E+12   0.109337E+10   0.120598E+10   0.115212E+08
 0768   0.194867E+03   0.163468E+12   0.116338E+10   0.121284E+10   0.113328E+08
 0769   0.195541E+03   0.164210E+12   0.110121E+10   0.120633E+10   0.111400E+08
 0770   0.196152E+03   0.164919E+12   0.115924E+10   0.121115E+10   0.109569E+08
 0771   0.196768E+03   0.165631E+12   0.115767E+10   0.121706E+10   0.107763E+08
 0772   0.197386E+03   0.166350E+12   0.116208E+10   0.122322E+10   0.105982E+08
 0773   0.198076E+03   0.167111E+12   0.110223E+10   0.121899E+10   0.104163E+08
 0774   0.198701E+03   0.167843E+12   0.117273E+10   0.122594E+10   0.102438E+08
 0775   0.199329E+03   0.168584E+12   0.117926E+10   0.123193E+10   0.100741E+08
 0776   0.200030E+03   0.169366E+12   0.111483E+10   0.122720E+10   0.990038E+07
 0777   0.200666E+03   0.170117E+12   0.118166E+10   0.123286E+10   0.973572E+07
 0778   0.201306E+03   0.170874E+12   0.118165E+10   0.123763E+10   0.957325E+07
 0779   0.202022E+03   0.171672E+12   0.111482E+10   0.123308E+10   0.940656E+07
 0780   0.202670E+03   0.172440E+12   0.118551E+10   0.124151E+10   0.924855E+07
 0781   0.203321E+03   0.173220E+12   0.119724E+10   0.124950E+10   0.909293E+07
 0782   0.204050E+03   0.174048E+12   0.113707E+10   0.124530E+10   0.893338E+07
 0783   0.204710E+03   0.174844E+12   0.120525E+10   0.125193E+10   0.878253E+07
 0784   0.205375E+03   0.175646E+12   0.120712E+10   0.125807E+10   0.863407E+07
 0785   0.206119E+03   0.176493E+12   0.113875E+10   0.125272E+10   0.848179E+07
 0786   0.206794E+03   0.177307E+12   0.120438E+10   0.125890E+10   0.833773E+07
 0787   0.207474E+03   0.178127E+12   0.120766E+10   0.126532E+10   0.819576E+07
 0788   0.208232E+03   0.178995E+12   0.114468E+10   0.126166E+10   0.804980E+07
 0789   0.208920E+03   0.179833E+12   0.121804E+10   0.126933E+10   0.791180E+07
 0790   0.209612E+03   0.180680E+12   0.122475E+10   0.127608E+10   0.777581E+07
 0791   0.210385E+03   0.181577E+12   0.115851E+10   0.127206E+10   0.763579E+07
 0792   0.211087E+03   0.182440E+12   0.122983E+10   0.128030E+10   0.750379E+07
 0793   0.211794E+03   0.183314E+12   0.123652E+10   0.128885E+10   0.737394E+07
 0794   0.212586E+03   0.184242E+12   0.117261E+10   0.128672E+10   0.724046E+07
 0795   0.213304E+03   0.185140E+12   0.125029E+10   0.129580E+10   0.711512E+07
 0796   0.214109E+03   0.186094E+12   0.118500E+10   0.129244E+10   0.698605E+07
 0797   0.214839E+03   0.187012E+12   0.125686E+10   0.129991E+10   0.686479E+07
 0798   0.215657E+03   0.187983E+12   0.118656E+10   0.129570E+10   0.673969E+07
 0799   0.216401E+03   0.188916E+12   0.125606E+10   0.130461E+10   0.662207E+07
 0800   0.217149E+03   0.189862E+12   0.126349E+10   0.131419E+10   0.650627E+07
 0801   0.217988E+03   0.190869E+12   0.119951E+10   0.131108E+10   0.638665E+07
 0802   0.218749E+03   0.191839E+12   0.127453E+10   0.131878E+10   0.627459E+07
 0803   0.219601E+03   0.192864E+12   0.120396E+10   0.131549E+10   0.615884E+07
 0804   0.220374E+03   0.193852E+12   0.127823E+10   0.132417E+10   0.605048E+07
 0805   0.221240E+03   0.194900E+12   0.121052E+10   0.132232E+10   0.593816E+07
 0806   0.222025E+03   0.195913E+12   0.128991E+10   0.133241E+10   0.583300E+07
 0807   0.222905E+03   0.196991E+12   0.122467E+10   0.132896E+10   0.572404E+07
 0808   0.223704E+03   0.198027E+12   0.129802E+10   0.133669E+10   0.562227E+07
 0809   0.224598E+03   0.199122E+12   0.122415E+10   0.133421E+10   0.551678E+07
 0810   0.225409E+03   0.200178E+12   0.130184E+10   0.134366E+10   0.541845E+07
 0811   0.226318E+03   0.201300E+12   0.123409E+10   0.134104E+10   0.531643E+07
 0812   0.227143E+03   0.202381E+12   0.131084E+10   0.134955E+10   0.522131E+07
 0813   0.228067E+03   0.203526E+12   0.123899E+10   0.134411E+10   0.512248E+07
 0814   0.228905E+03   0.204622E+12   0.130783E+10   0.135191E+10   0.503029E+07
 0815   0.229750E+03   0.205729E+12   0.130910E+10   0.136138E+10   0.493948E+07
 0816   0.230698E+03   0.206906E+12   0.124260E+10   0.135893E+10   0.484480E+07
 0817   0.231557E+03   0.208044E+12   0.132477E+10   0.136767E+10   0.475677E+07
 0818   0.232519E+03   0.209251E+12   0.125370E+10   0.136360E+10   0.466501E+07
 0819   0.233392E+03   0.210410E+12   0.132977E+10   0.137220E+10   0.457985E+07
 0820   0.234357E+03   0.211631E+12   0.126519E+10   0.137032E+10   0.449155E+07
 0821   0.235219E+03   0.212800E+12   0.135545E+10   0.138181E+10   0.441018E+07
 0822   0.236169E+03   0.214027E+12   0.129160E+10   0.138335E+10   0.432599E+07
 0823   0.237114E+03   0.215259E+12   0.130403E+10   0.138590E+10   0.424368E+07
 0824   0.238054E+03   0.216495E+12   0.131438E+10   0.138960E+10   0.416321E+07
 0825   0.239076E+03   0.217785E+12   0.126130E+10   0.138364E+10   0.408036E+07
 0826   0.240001E+03   0.219022E+12   0.133813E+10   0.138985E+10   0.400369E+07
 0827   0.241010E+03   0.220313E+12   0.127980E+10   0.138664E+10   0.392449E+07
 0828   0.241921E+03   0.221551E+12   0.135932E+10   0.139613E+10   0.385120E+07
 0829   0.242914E+03   0.222845E+12   0.130186E+10   0.139689E+10   0.377542E+07
 0830   0.243902E+03   0.224143E+12   0.131477E+10   0.140058E+10   0.370122E+07
 0831   0.244881E+03   0.225449E+12   0.133379E+10   0.140707E+10   0.362881E+07
 0832   0.245854E+03   0.226767E+12   0.135419E+10   0.141289E+10   0.355820E+07
 0833   0.246909E+03   0.228140E+12   0.130133E+10   0.140956E+10   0.348547E+07
 0834   0.247955E+03   0.229512E+12   0.131230E+10   0.140699E+10   0.341473E+07
 0835   0.248906E+03   0.230829E+12   0.138424E+10   0.141767E+10   0.334939E+07
 0836   0.249938E+03   0.232203E+12   0.133095E+10   0.141795E+10   0.328191E+07
 0837   0.250962E+03   0.233574E+12   0.133952E+10   0.141964E+10   0.321605E+07
 0838   0.251979E+03   0.234945E+12   0.134816E+10   0.142479E+10   0.315181E+07
 0839   0.253072E+03   0.236372E+12   0.130569E+10   0.142339E+10   0.308556E+07
 0840   0.254075E+03   0.237760E+12   0.138380E+10   0.143218E+10   0.302454E+07
 0841   0.255153E+03   0.239204E+12   0.133894E+10   0.143208E+10   0.296164E+07
 0842   0.256225E+03   0.240650E+12   0.135000E+10   0.143317E+10   0.290049E+07
 0843   0.257289E+03   0.242097E+12   0.135972E+10   0.143662E+10   0.284105E+07
 0844   0.258345E+03   0.243547E+12   0.137265E+10   0.144228E+10   0.278321E+07
 0845   0.259476E+03   0.245054E+12   0.133162E+10   0.144001E+10   0.272356E+07
 0846   0.260519E+03   0.246514E+12   0.140134E+10   0.144675E+10   0.266882E+07
 0847   0.261635E+03   0.248024E+12   0.135180E+10   0.144563E+10   0.261233E+07
 0848   0.262745E+03   0.249531E+12   0.135868E+10   0.144535E+10   0.255734E+07
 0849   0.263847E+03   0.251036E+12   0.136521E+10   0.144585E+10   0.250375E+07
 0850   0.264944E+03   0.252539E+12   0.137038E+10   0.144761E+10   0.245151E+07
 0851   0.266033E+03   0.254040E+12   0.137823E+10   0.145253E+10   0.240068E+07
 0852   0.267118E+03   0.255549E+12   0.139084E+10   0.145891E+10   0.235115E+07
 0853   0.268272E+03   0.257112E+12   0.135369E+10   0.145826E+10   0.230020E+07
 0854   0.269421E+03   0.258682E+12   0.136674E+10   0.145870E+10   0.225070E+07
 0855   0.270564E+03   0.260257E+12   0.137829E+10   0.146047E+10   0.220258E+07
 0856   0.271701E+03   0.261837E+12   0.138868E+10   0.146139E+10   0.215575E+07
 0857   0.272833E+03   0.263413E+12   0.139285E+10   0.146252E+10   0.211013E+07
 0858   0.273960E+03   0.264985E+12   0.139438E+10   0.146493E+10   0.206565E+07
 0859   0.275083E+03   0.266555E+12   0.139847E+10   0.146819E+10   0.202221E+07
 0860   0.276276E+03   0.268170E+12   0.135495E+10   0.146475E+10   0.197752E+07
 0861   0.277390E+03   0.269742E+12   0.141040E+10   0.147242E+10   0.193632E+07
 0862   0.278574E+03   0.271372E+12   0.137598E+10   0.147431E+10   0.189404E+07
 0863   0.279754E+03   0.273015E+12   0.139222E+10   0.147674E+10   0.185295E+07
 0864   0.280931E+03   0.274668E+12   0.140492E+10   0.147929E+10   0.181300E+07
 0865   0.282105E+03   0.276327E+12   0.141295E+10   0.148248E+10   0.177411E+07
 0866   0.283276E+03   0.277989E+12   0.141967E+10   0.148523E+10   0.173617E+07
 0867   0.284445E+03   0.279651E+12   0.142215E+10   0.148758E+10   0.169907E+07
 0868   0.285684E+03   0.281356E+12   0.137480E+10   0.148331E+10   0.166098E+07
 0869   0.286849E+03   0.283013E+12   0.142310E+10   0.148654E+10   0.162548E+07
 0870   0.288013E+03   0.284670E+12   0.142409E+10   0.149088E+10   0.159065E+07
 0871   0.289248E+03   0.286376E+12   0.138100E+10   0.149016E+10   0.155503E+07
 0872   0.290410E+03   0.288047E+12   0.143876E+10   0.149780E+10   0.152174E+07
 0873   0.291644E+03   0.289777E+12   0.140136E+10   0.149804E+10   0.148775E+07
 0874   0.292878E+03   0.291515E+12   0.140902E+10   0.149894E+10   0.145457E+07
 0875   0.294112E+03   0.293263E+12   0.141546E+10   0.149916E+10   0.142213E+07
 0876   0.295348E+03   0.295014E+12   0.141717E+10   0.149734E+10   0.139038E+07
 0877   0.296584E+03   0.296760E+12   0.141202E+10   0.149637E+10   0.135930E+07
 0878   0.297750E+03   0.298460E+12   0.145809E+10   0.150368E+10   0.133014E+07
 0879   0.298991E+03   0.300211E+12   0.141125E+10   0.150392E+10   0.130028E+07
 0880   0.300234E+03   0.301969E+12   0.141420E+10   0.150668E+10   0.127106E+07
 0881   0.301481E+03   0.303745E+12   0.142443E+10   0.150960E+10   0.124250E+07
 0882   0.302732E+03   0.305537E+12   0.143297E+10   0.151243E+10   0.121455E+07
 0883   0.303986E+03   0.307343E+12   0.143882E+10   0.151403E+10   0.118719E+07
 0884   0.305245E+03   0.309154E+12   0.143912E+10   0.151333E+10   0.116041E+07
 0885   0.306510E+03   0.310964E+12   0.143151E+10   0.151410E+10   0.113417E+07
 0886   0.307780E+03   0.312781E+12   0.143066E+10   0.151527E+10   0.110846E+07
 0887   0.308981E+03   0.314560E+12   0.148132E+10   0.152574E+10   0.108426E+07
 0888   0.310264E+03   0.316407E+12   0.143955E+10   0.153168E+10   0.105959E+07
 0889   0.311550E+03   0.318282E+12   0.145770E+10   0.153445E+10   0.103548E+07
 0890   0.312904E+03   0.320208E+12   0.142257E+10   0.153025E+10   0.101115E+07
 0891   0.314176E+03   0.322083E+12   0.147395E+10   0.153245E+10   0.988343E+06
 0892   0.315515E+03   0.323996E+12   0.142821E+10   0.153011E+10   0.965309E+06
 0893   0.316774E+03   0.325860E+12   0.148058E+10   0.153929E+10   0.943690E+06
 0894   0.318101E+03   0.327786E+12   0.145201E+10   0.154406E+10   0.921879E+06
 0895   0.319421E+03   0.329732E+12   0.147390E+10   0.155004E+10   0.900637E+06
 0896   0.320808E+03   0.331741E+12   0.144867E+10   0.154716E+10   0.879307E+06
 0897   0.322117E+03   0.333702E+12   0.149804E+10   0.155240E+10   0.859185E+06
 0898   0.323495E+03   0.335712E+12   0.145855E+10   0.155095E+10   0.838930E+06
 0899   0.324872E+03   0.337723E+12   0.146048E+10   0.155185E+10   0.819148E+06
 0900   0.326176E+03   0.339696E+12   0.151281E+10   0.156159E+10   0.800361E+06
 0901   0.327553E+03   0.341733E+12   0.147893E+10   0.156448E+10   0.781441E+06
 0902   0.328933E+03   0.343785E+12   0.148709E+10   0.156735E+10   0.762935E+06
 0903   0.330314E+03   0.345847E+12   0.149311E+10   0.157262E+10   0.744837E+06
 0904   0.331769E+03   0.347976E+12   0.146340E+10   0.157397E+10   0.726766E+06
 0905   0.333152E+03   0.350083E+12   0.152343E+10   0.158011E+10   0.709497E+06
 0906   0.334607E+03   0.352248E+12   0.148831E+10   0.157933E+10   0.692255E+06
 0907   0.336061E+03   0.354417E+12   0.149143E+10   0.157895E+10   0.675399E+06
 0908   0.337443E+03   0.356541E+12   0.153718E+10   0.158837E+10   0.659221E+06
 0909   0.338900E+03   0.358732E+12   0.150417E+10   0.159445E+10   0.643087E+06
 0910   0.340435E+03   0.361005E+12   0.148077E+10   0.159315E+10   0.627059E+06
 0911   0.341904E+03   0.363254E+12   0.153024E+10   0.159804E+10   0.611618E+06
 0912   0.343384E+03   0.365525E+12   0.153442E+10   0.160318E+10   0.596485E+06
 0913   0.344877E+03   0.367819E+12   0.153745E+10   0.160852E+10   0.581644E+06
 0914   0.346385E+03   0.370142E+12   0.153941E+10   0.161357E+10   0.567084E+06
 0915   0.347987E+03   0.372544E+12   0.149989E+10   0.161192E+10   0.552666E+06
 0916   0.349532E+03   0.374927E+12   0.154216E+10   0.161638E+10   0.538685E+06
 0917   0.351095E+03   0.377340E+12   0.154382E+10   0.162069E+10   0.524985E+06
 0918   0.352676E+03   0.379785E+12   0.154706E+10   0.162531E+10   0.511571E+06
 0919   0.354273E+03   0.382265E+12   0.155222E+10   0.163015E+10   0.498433E+06
 0920   0.355886E+03   0.384780E+12   0.155893E+10   0.163403E+10   0.485567E+06
 0921   0.357513E+03   0.387322E+12   0.156312E+10   0.163836E+10   0.472972E+06
 0922   0.359153E+03   0.389895E+12   0.156808E+10   0.164278E+10   0.460643E+06
 0923   0.360808E+03   0.392497E+12   0.157324E+10   0.164763E+10   0.448576E+06
 0924   0.362475E+03   0.395131E+12   0.157911E+10   0.165268E+10   0.436764E+06
 0925   0.364157E+03   0.397796E+12   0.158499E+10   0.165823E+10   0.425205E+06
 0926   0.365853E+03   0.400497E+12   0.159190E+10   0.166447E+10   0.413896E+06
 0927   0.367566E+03   0.403236E+12   0.159907E+10   0.167138E+10   0.402838E+06
 0928   0.369384E+03   0.406079E+12   0.156391E+10   0.167111E+10   0.391945E+06
 0929   0.371136E+03   0.408902E+12   0.161146E+10   0.167726E+10   0.381360E+06
 0930   0.372911E+03   0.411767E+12   0.161446E+10   0.168436E+10   0.371012E+06
 0931   0.374709E+03   0.414681E+12   0.162012E+10   0.169144E+10   0.360898E+06
 0932   0.376535E+03   0.417649E+12   0.162522E+10   0.169773E+10   0.351010E+06
 0933   0.378390E+03   0.420668E+12   0.162794E+10   0.170348E+10   0.341341E+06
 0934   0.380277E+03   0.423741E+12   0.162900E+10   0.170890E+10   0.331883E+06
 0935   0.382196E+03   0.426870E+12   0.163061E+10   0.171390E+10   0.322638E+06
 0936   0.384149E+03   0.430059E+12   0.163258E+10   0.171885E+10   0.313603E+06
 0937   0.386137E+03   0.433312E+12   0.163634E+10   0.172382E+10   0.304778E+06
 0938   0.388159E+03   0.436633E+12   0.164238E+10   0.172819E+10   0.296161E+06
 0939   0.390110E+03   0.439942E+12   0.169613E+10   0.173974E+10   0.287846E+06
 0940   0.392194E+03   0.443391E+12   0.165502E+10   0.174421E+10   0.279630E+06
 0941   0.394307E+03   0.446905E+12   0.166307E+10   0.174884E+10   0.271617E+06
 0942   0.396446E+03   0.450482E+12   0.167186E+10   0.175411E+10   0.263805E+06
 0943   0.398611E+03   0.454124E+12   0.168257E+10   0.176012E+10   0.256191E+06
 0944   0.400799E+03   0.457832E+12   0.169465E+10   0.176705E+10   0.248772E+06
 0945   0.403008E+03   0.461605E+12   0.170775E+10   0.177521E+10   0.241548E+06
 0946   0.405239E+03   0.465448E+12   0.172235E+10   0.178447E+10   0.234516E+06
 0947   0.407491E+03   0.469362E+12   0.173798E+10   0.179508E+10   0.227678E+06
 0948   0.409879E+03   0.473436E+12   0.170646E+10   0.180024E+10   0.220939E+06
 0949   0.412291E+03   0.477592E+12   0.172308E+10   0.180654E+10   0.214390E+06
 0950   0.414728E+03   0.481830E+12   0.173922E+10   0.181457E+10   0.208027E+06
 0951   0.417192E+03   0.486158E+12   0.175645E+10   0.182435E+10   0.201848E+06
 0952   0.419683E+03   0.490582E+12   0.177546E+10   0.183588E+10   0.195854E+06
 0953   0.422325E+03   0.495202E+12   0.174864E+10   0.184304E+10   0.189965E+06
 0954   0.425002E+03   0.499942E+12   0.177072E+10   0.185415E+10   0.184266E+06
 0955   0.427716E+03   0.504826E+12   0.179944E+10   0.186432E+10   0.178742E+06
 0956   0.430471E+03   0.509834E+12   0.181814E+10   0.187703E+10   0.173389E+06
 0957   0.433396E+03   0.515082E+12   0.179408E+10   0.188315E+10   0.168123E+06
 0958   0.436337E+03   0.520436E+12   0.182054E+10   0.189278E+10   0.163039E+06
 0959   0.439246E+03   0.525867E+12   0.186699E+10   0.190973E+10   0.158158E+06
 0960   0.442376E+03   0.531602E+12   0.183228E+10   0.191939E+10   0.153325E+06
 0961   0.445599E+03   0.537542E+12   0.184267E+10   0.192807E+10   0.148618E+06
 0962   0.448790E+03   0.543581E+12   0.189272E+10   0.194438E+10   0.144105E+06
 0963   0.452191E+03   0.549944E+12   0.187093E+10   0.195883E+10   0.139665E+06
 0964   0.455672E+03   0.556568E+12   0.190295E+10   0.197454E+10   0.135362E+06
 0965   0.459348E+03   0.563552E+12   0.189971E+10   0.198333E+10   0.131149E+06
 0966   0.462981E+03   0.570657E+12   0.195613E+10   0.199985E+10   0.127126E+06
 0967   0.466802E+03   0.578096E+12   0.194679E+10   0.201808E+10   0.123200E+06
 0968   0.470804E+03   0.585931E+12   0.195781E+10   0.203211E+10   0.119374E+06
 0969   0.474977E+03   0.594132E+12   0.196509E+10   0.204339E+10   0.115652E+06
 0970   0.479311E+03   0.602678E+12   0.197179E+10   0.205579E+10   0.112027E+06
 0971   0.483682E+03   0.611495E+12   0.201709E+10   0.207435E+10   0.108531E+06
 0972   0.488292E+03   0.620797E+12   0.201799E+10   0.209299E+10   0.105103E+06
 0973   0.493115E+03   0.630615E+12   0.203571E+10   0.210418E+10   0.101739E+06
 0974   0.498128E+03   0.640838E+12   0.203910E+10   0.211199E+10   0.984222E+05
 0975   0.503219E+03   0.651330E+12   0.206107E+10   0.212429E+10   0.951502E+05
 0976   0.508484E+03   0.662220E+12   0.206811E+10   0.213366E+10   0.918798E+05
 0977   0.513927E+03   0.673480E+12   0.206894E+10   0.214034E+10   0.885882E+05
 0978   0.519464E+03   0.685018E+12   0.208365E+10   0.215569E+10   0.852917E+05
 0979   0.525298E+03   0.697150E+12   0.207958E+10   0.215902E+10   0.819574E+05
 0980   0.531171E+03   0.709502E+12   0.210321E+10   0.216947E+10   0.785938E+05
 0981   0.537098E+03   0.722171E+12   0.213733E+10   0.219223E+10   0.752060E+05
 0982   0.543540E+03   0.735765E+12   0.211024E+10   0.219807E+10   0.717407E+05
 0983   0.549962E+03   0.749637E+12   0.216028E+10   0.221565E+10   0.682339E+05
 0984   0.556751E+03   0.764269E+12   0.215519E+10   0.222990E+10   0.646391E+05
 0985   0.563750E+03   0.779538E+12   0.218163E+10   0.224664E+10   0.609517E+05
 0986   0.571093E+03   0.795621E+12   0.219032E+10   0.226476E+10   0.571642E+05
 0987   0.578747E+03   0.812582E+12   0.221583E+10   0.227937E+10   0.532123E+05
 0988   0.586621E+03   0.830274E+12   0.224697E+10   0.230801E+10   0.491045E+05
 0989   0.595189E+03   0.849492E+12   0.224282E+10   0.232532E+10   0.447201E+05
 0990   0.603825E+03   0.869550E+12   0.232272E+10   0.236544E+10   0.401494E+05
 0991   0.613474E+03   0.891868E+12   0.231292E+10   0.239233E+10   0.352515E+05
 0992   0.623596E+03   0.915885E+12   0.237281E+10   0.242843E+10   0.299148E+05
 0993   0.634536E+03   0.942256E+12   0.241057E+10   0.247118E+10   0.240954E+05
 0994   0.646497E+03   0.971643E+12   0.245690E+10   0.251661E+10   0.178177E+05
 0995   0.659246E+03   0.100424E+13   0.255664E+10   0.259524E+10   0.117328E+05
 0996   0.674119E+03   0.104314E+13   0.261558E+10   0.268122E+10   0.661396E+04
 0997   0.691032E+03   0.108991E+13   0.276512E+10   0.280761E+10   0.388932E+04
 0998   0.711208E+03   0.114988E+13   0.297242E+10   0.301738E+10   0.322105E+04
 0999   0.736629E+03   0.123640E+13   0.340352E+10   0.354042E+10   0.397591E+03
