 0001  0.2784488000000000E+034
 0002  0.2791992465549984E+034
 0003  0.2799675342011350E+034
 0004  0.2807540870919100E+034
 0005  0.2815593394646345E+034
 0006  0.2823837358801631E+034
 0007  0.2832277314683250E+034
 0008  0.2840917921791905E+034
 0009  0.2849763950403116E+034
 0010  0.2858820284200768E+034
 0011  0.2868091922973286E+034
 0012  0.2877583985373894E+034
 0013  0.2887301711746508E+034
 0014  0.2897250467018801E+034
 0015  0.2907435743664059E+034
 0016  0.2917863164733441E+034
 0017  0.2928538486960335E+034
 0018  0.2939467603938515E+034
 0019  0.2950656549375856E+034
 0020  0.2962111500425399E+034
 0021  0.2973838781095616E+034
 0022  0.2985844865741742E+034
 0023  0.2998136382640115E+034
 0024  0.3010720117647491E+034
 0025  0.3023603017947360E+034
 0026  0.3036792195885314E+034
 0027  0.3050294932895612E+034
 0028  0.3064118683521085E+034
 0029  0.3078271079528615E+034
 0030  0.3092759934122452E+034
 0031  0.3107593246257702E+034
 0032  0.3122779205056360E+034
 0033  0.3138326194328333E+034
 0034  0.3154242797199938E+034
 0035  0.3170537800852454E+034
 0036  0.3187220201373308E+034
 0037  0.3204299208722609E+034
 0038  0.3221784251817745E+034
 0039  0.3239684983738871E+034
 0040  0.3258011287058144E+034
 0041  0.3276773279295658E+034
 0042  0.3295981318505090E+034
 0043  0.3315646008992137E+034
 0044  0.3335778207168901E+034
 0045  0.3356389027547461E+034
 0046  0.3377489848875933E+034
 0047  0.3399092320420405E+034
 0048  0.3421208368396228E+034
 0049  0.3443850202552193E+034
 0050  0.3467030322911247E+034
 0051  0.3490761526671466E+034
 0052  0.3515056915271078E+034
 0053  0.3539929901621464E+034
 0054  0.3565394217512109E+034
 0055  0.3591463921191599E+034
 0056  0.3618153405128848E+034
 0057  0.3645477403958842E+034
 0058  0.3673451002617283E+034
 0059  0.3702089644668627E+034
 0060  0.3731409140832112E+034
 0061  0.3761425677710480E+034
 0062  0.3792155826726226E+034
 0063  0.3823616553270282E+034
 0064  0.3855825226068216E+034
 0065  0.3888799626769091E+034
 0066  0.3922557959762296E+034
 0067  0.3957118862227762E+034
 0068  0.3992501414425107E+034
 0069  0.4028725150227401E+034
 0070  0.4065810067905352E+034
 0071  0.4103776641167886E+034
 0072  0.4142645830465192E+034
 0073  0.4182439094560500E+034
 0074  0.4223178402376951E+034
 0075  0.4264886245126129E+034
 0076  0.4307585648724923E+034
 0077  0.4351300186507595E+034
 0078  0.4396053992240062E+034
 0079  0.4441871773443581E+034
 0080  0.4488778825035188E+034
 0081  0.4536801043292422E+034
 0082  0.4585964940150056E+034
 0083  0.4636297657836707E+034
 0084  0.4687826983859419E+034
 0085  0.4740581366344497E+034
 0086  0.4794589929743041E+034
 0087  0.4849882490909872E+034
 0088  0.4906489575564711E+034
 0089  0.4964442435144715E+034
 0090  0.5023773064057658E+034
 0091  0.5084514217345285E+034
 0092  0.5146699428766600E+034
 0093  0.5210363029311063E+034
 0094  0.5275540166151929E+034
 0095  0.5342266822050158E+034
 0096  0.5410579835219666E+034
 0097  0.5480516919664824E+034
 0098  0.5552116686001468E+034
 0099  0.5625418662772921E+034
 0100  0.5700463318272763E+034
 0101  0.5775507973772590E+034
 0102  0.5849978209252438E+034
 0103  0.5923878421539184E+034
 0104  0.5997212973804751E+034
 0105  0.6069986195823706E+034
 0106  0.6142202384228892E+034
 0107  0.6213865802765107E+034
 0108  0.6284980682540843E+034
 0109  0.6355551222278097E+034
 0110  0.6425581588560268E+034
 0111  0.6495075916078159E+034
 0112  0.6564038307874092E+034
 0113  0.6632472835584163E+034
 0114  0.6700383539678633E+034
 0115  0.6767774429700481E+034
 0116  0.6834649484502142E+034
 0117  0.6901012652480411E+034
 0118  0.6966867851809573E+034
 0119  0.7032218970672733E+034
 0120  0.7097069867491377E+034
 0121  0.7161424371153187E+034
 0122  0.7225286281238092E+034
 0123  0.7288659368242614E+034
 0124  0.7351547373802472E+034
 0125  0.7413954010913497E+034
 0126  0.7475882964150856E+034
 0127  0.7537337889886590E+034
 0128  0.7598322416505496E+034
 0129  0.7658840144619345E+034
 0130  0.7718894647279474E+034
 0131  0.7778489470187741E+034
 0132  0.7837628131905869E+034
 0133  0.7896314124063181E+034
 0134  0.7954550911562762E+034
 0135  0.8012341932786023E+034
 0136  0.8069690599795709E+034
 0137  0.8126600298537357E+034
 0138  0.8183074389039200E+034
 0139  0.8239116205610553E+034
 0140  0.8294729057038672E+034
 0141  0.8349916226784112E+034
 0142  0.8404680973174584E+034
 0143  0.8459026529597335E+034
 0144  0.8512956104690050E+034
 0145  0.8566472882530294E+034
 0146  0.8619580022823501E+034
 0147  0.8672280661089539E+034
 0148  0.8724577908847822E+034
 0149  0.8776474853801020E+034
 0150  0.8827974560017374E+034
 0151  0.8879080068111592E+034
 0152  0.8929794395424371E+034
 0153  0.8980120536200547E+034
 0154  0.9030061461765881E+034
 0155  0.9079620120702490E+034
 0156  0.9128799439022931E+034
 0157  0.9177602320342969E+034
 0158  0.9226031646052990E+034
 0159  0.9274090275488142E+034
 0160  0.9321781046097141E+034
 0161  0.9369106773609811E+034
 0162  0.9416070252203314E+034
 0163  0.9462674254667132E+034
 0164  0.9508921532566774E+034
 0165  0.9554814816406225E+034
 0166  0.9600356815789174E+034
 0167  0.9645550219578983E+034
 0168  0.9690397696057435E+034
 0169  0.9734901893082290E+034
 0170  0.9779065438243602E+034
 0171  0.9822890939018870E+034
 0172  0.9866380982926970E+034
 0173  0.9909538137680941E+034
 0174  0.9952364951339578E+034
 0175  0.9994863952457880E+034
 0176  0.1003703765023633E+035
 0177  0.1007888853466905E+035
 0178  0.1012041907669081E+035
 0179  0.1016163172832291E+035
 0180  0.1020252892281796E+035
 0181  0.1024311307480355E+035
 0182  0.1028338658042479E+035
 0183  0.1032335181748580E+035
 0184  0.1036301114559008E+035
 0185  0.1040236690627986E+035
 0186  0.1044142142317430E+035
 0187  0.1048017700210672E+035
 0188  0.1051863593126073E+035
 0189  0.1055680048130531E+035
 0190  0.1059467290552889E+035
 0191  0.1063225543997238E+035
 0192  0.1066955030356119E+035
 0193  0.1070655969823625E+035
 0194  0.1074328580908400E+035
 0195  0.1077973080446541E+035
 0196  0.1081589683614399E+035
 0197  0.1085178603941285E+035
 0198  0.1088740053322076E+035
 0199  0.1092274242029727E+035
 0200  0.1095781378727683E+035
 0201  0.1099261670482202E+035
 0202  0.1102715322774578E+035
 0203  0.1106142539513275E+035
 0204  0.1109543523045963E+035
 0205  0.1112918474171468E+035
 0206  0.1116267592151627E+035
 0207  0.1119591074723050E+035
 0208  0.1122889118108800E+035
 0209  0.1126161917029971E+035
 0210  0.1129409664717190E+035
 0211  0.1132632552922025E+035
 0212  0.1135830771928304E+035
 0213  0.1139004510563353E+035
 0214  0.1142153956209140E+035
 0215  0.1145279294813342E+035
 0216  0.1148380710900324E+035
 0217  0.1151458387582030E+035
 0218  0.1154512506568797E+035
 0219  0.1157543248180084E+035
 0220  0.1160550791355114E+035
 0221  0.1163535313663446E+035
 0222  0.1166496991315451E+035
 0223  0.1169435999172723E+035
 0224  0.1172352510758395E+035
 0225  0.1175246698267394E+035
 0226  0.1178118732576599E+035
 0227  0.1180968783254932E+035
 0228  0.1183797018573375E+035
 0229  0.1186603605514897E+035
 0230  0.1189388709784317E+035
 0231  0.1192152495818089E+035
 0232  0.1194895126794006E+035
 0233  0.1197616764640838E+035
 0234  0.1200317570047892E+035
 0235  0.1202997702474497E+035
 0236  0.1205657320159422E+035
 0237  0.1208296580130215E+035
 0238  0.1210915638212478E+035
 0239  0.1213514649039065E+035
 0240  0.1216093766059210E+035
 0241  0.1218653141547591E+035
 0242  0.1221192926613317E+035
 0243  0.1223713271208852E+035
 0244  0.1226214324138868E+035
 0245  0.1228696233069027E+035
 0246  0.1231159144534707E+035
 0247  0.1233603203949645E+035
 0248  0.1236028555614529E+035
 0249  0.1238435342725514E+035
 0250  0.1240823707382679E+035
 0251  0.1243193790598414E+035
 0252  0.1245545732305749E+035
 0253  0.1247879671366611E+035
 0254  0.1250195745580030E+035
 0255  0.1252494091690266E+035
 0256  0.1254774845394891E+035
 0257  0.1257038141352792E+035
 0258  0.1259284113192130E+035
 0259  0.1261512893518226E+035
 0260  0.1263724613921386E+035
 0261  0.1265919404984679E+035
 0262  0.1268097396291640E+035
 0263  0.1270258716433921E+035
 0264  0.1272403493018890E+035
 0265  0.1274531852677154E+035
 0266  0.1276643921070048E+035
 0267  0.1278739822897043E+035
 0268  0.1280819681903115E+035
 0269  0.1282883620886050E+035
 0270  0.1284931761703694E+035
 0271  0.1286964225281145E+035
 0272  0.1288981131617898E+035
 0273  0.1290982599794923E+035
 0274  0.1292968747981702E+035
 0275  0.1294939693443203E+035
 0276  0.1296895552546803E+035
 0277  0.1298836440769161E+035
 0278  0.1300762472703032E+035
 0279  0.1302673762064036E+035
 0280  0.1304570421697371E+035
 0281  0.1306452563584475E+035
 0282  0.1308320298849640E+035
 0283  0.1310173737766567E+035
 0284  0.1312012989764884E+035
 0285  0.1313838163436602E+035
 0286  0.1315649366542528E+035
 0287  0.1317446706018627E+035
 0288  0.1319230287982337E+035
 0289  0.1321000217738832E+035
 0290  0.1322756599787241E+035
 0291  0.1324499537826817E+035
 0292  0.1326229134763062E+035
 0293  0.1327945492713798E+035
 0294  0.1329648713015199E+035
 0295  0.1331338896227775E+035
 0296  0.1333016142142307E+035
 0297  0.1334680549785742E+035
 0298  0.1336332217427034E+035
 0299  0.1337971242582953E+035
 0300  0.1339597722023837E+035
 0301  0.1341211751779307E+035
 0302  0.1342813427143938E+035
 0303  0.1344402842682884E+035
 0304  0.1345980092237463E+035
 0305  0.1347545268930696E+035
 0306  0.1349098465172803E+035
 0307  0.1350639772666664E+035
 0308  0.1352169282413230E+035
 0309  0.1353687084716896E+035
 0310  0.1355193269190834E+035
 0311  0.1356687924762282E+035
 0312  0.1358171139677796E+035
 0313  0.1359643001508461E+035
 0314  0.1361103597155057E+035
 0315  0.1362553012853195E+035
 0316  0.1363991334178406E+035
 0317  0.1365418646051194E+035
 0318  0.1366835032742047E+035
 0319  0.1368240577876419E+035
 0320  0.1369635364439659E+035
 0321  0.1371019474781919E+035
 0322  0.1372392990623009E+035
 0323  0.1373755993057226E+035
 0324  0.1375108562558141E+035
 0325  0.1376450778983349E+035
 0326  0.1377782721579187E+035
 0327  0.1379104468985408E+035
 0328  0.1380416099239829E+035
 0329  0.1381717689782934E+035
 0330  0.1383009317462450E+035
 0331  0.1384291058537884E+035
 0332  0.1385562988685020E+035
 0333  0.1386825183000395E+035
 0334  0.1388077716005727E+035
 0335  0.1389320661652316E+035
 0336  0.1390554093325413E+035
 0337  0.1391778083848549E+035
 0338  0.1392992705487838E+035
 0339  0.1394198029956240E+035
 0340  0.1395394128417797E+035
 0341  0.1396581071491838E+035
 0342  0.1397758929257141E+035
 0343  0.1398927771256077E+035
 0344  0.1400087666498712E+035
 0345  0.1401238683466885E+035
 0346  0.1402380890118248E+035
 0347  0.1403514353890279E+035
 0348  0.1404639141704265E+035
 0349  0.1405755319969253E+035
 0350  0.1406862954585969E+035
 0351  0.1407962110950711E+035
 0352  0.1409052853959207E+035
 0353  0.1410135248010451E+035
 0354  0.1411209357010502E+035
 0355  0.1412275244376259E+035
 0356  0.1413332973039203E+035
 0357  0.1414382605449114E+035
 0358  0.1415424203577757E+035
 0359  0.1416457828922544E+035
 0360  0.1417483542510161E+035
 0361  0.1418501404900173E+035
 0362  0.1419511476188600E+035
 0363  0.1420513816011464E+035
 0364  0.1421508483548310E+035
 0365  0.1422495537525701E+035
 0366  0.1423475036220686E+035
 0367  0.1424447037464237E+035
 0368  0.1425411598644668E+035
 0369  0.1426368776711020E+035
 0370  0.1427318628176426E+035
 0371  0.1428261209121445E+035
 0372  0.1429196575197374E+035
 0373  0.1430124781629535E+035
 0374  0.1431045883220536E+035
 0375  0.1431959934353502E+035
 0376  0.1432866988995292E+035
 0377  0.1433767100699679E+035
 0378  0.1434660322610519E+035
 0379  0.1435546707464883E+035
 0380  0.1436426307596173E+035
 0381  0.1437299174937211E+035
 0382  0.1438165361023306E+035
 0383  0.1439024916995297E+035
 0384  0.1439877893602570E+035
 0385  0.1440724341206058E+035
 0386  0.1441564309781212E+035
 0387  0.1442397848920951E+035
 0388  0.1443225007838594E+035
 0389  0.1444045835370758E+035
 0390  0.1444860379980251E+035
 0391  0.1445668689758925E+035
 0392  0.1446470812430521E+035
 0393  0.1447266795353483E+035
 0394  0.1448056685523758E+035
 0395  0.1448840529577565E+035
 0396  0.1449618373794154E+035
 0397  0.1450390264098537E+035
 0398  0.1451156246064195E+035
 0399  0.1451916364915778E+035
 0400  0.1452670665531764E+035
 0401  0.1453419192447118E+035
 0402  0.1454161989855916E+035
 0403  0.1454899101613956E+035
 0404  0.1455630571241348E+035
 0405  0.1456356441925082E+035
 0406  0.1457076756521578E+035
 0407  0.1457791557559218E+035
 0408  0.1458500887240855E+035
 0409  0.1459204787446307E+035
 0410  0.1459903299734826E+035
 0411  0.1460596465347554E+035
 0412  0.1461284325209960E+035
 0413  0.1461966919934253E+035
 0414  0.1462644289821779E+035
 0415  0.1463316474865404E+035
 0416  0.1463983514751874E+035
 0417  0.1464645448864157E+035
 0418  0.1465302316283770E+035
 0419  0.1465954155793083E+035
 0420  0.1466601005877612E+035
 0421  0.1467242904728294E+035
 0422  0.1467879890243732E+035
 0423  0.1468512000032444E+035
 0424  0.1469139271415075E+035
 0425  0.1469761741426606E+035
 0426  0.1470379446818537E+035
 0427  0.1470992424061059E+035
 0428  0.1471600709345205E+035
 0429  0.1472204338584990E+035
 0430  0.1472803347419528E+035
 0431  0.1473397771215140E+035
 0432  0.1473987645067438E+035
 0433  0.1474573003803398E+035
 0434  0.1475153881983421E+035
 0435  0.1475730313903366E+035
 0436  0.1476302333596581E+035
 0437  0.1476869974835908E+035
 0438  0.1477433271135681E+035
 0439  0.1477992255753700E+035
 0440  0.1478546961693201E+035
 0441  0.1479097421704797E+035
 0442  0.1479643668288418E+035
 0443  0.1480185733695226E+035
 0444  0.1480723649929522E+035
 0445  0.1481257448750632E+035
 0446  0.1481787161674786E+035
 0447  0.1482312819976976E+035
 0448  0.1482834454692803E+035
 0449  0.1483352096620311E+035
 0450  0.1483865776321804E+035
 0451  0.1484375524125649E+035
 0452  0.1484881370128070E+035
 0453  0.1485383344194923E+035
 0454  0.1485881475963460E+035
 0455  0.1486375794844076E+035
 0456  0.1486866330022050E+035
 0457  0.1487353110459265E+035
 0458  0.1487836164895919E+035
 0459  0.1488315521852222E+035
 0460  0.1488791209630080E+035
 0461  0.1489263256314764E+035
 0462  0.1489731689776571E+035
 0463  0.1490196537672467E+035
 0464  0.1490657827447724E+035
 0465  0.1491115586337534E+035
 0466  0.1491569841368624E+035
 0467  0.1492020619360845E+035
 0468  0.1492467946928760E+035
 0469  0.1492911850483217E+035
 0470  0.1493352356232900E+035
 0471  0.1493789490185887E+035
 0472  0.1494223278151176E+035
 0473  0.1494653745740218E+035
 0474  0.1495080918368419E+035
 0475  0.1495504821256650E+035
 0476  0.1495925479432731E+035
 0477  0.1496342917732908E+035
 0478  0.1496757160803324E+035
 0479  0.1497168233101468E+035
 0480  0.1497576158897623E+035
 0481  0.1497980962276301E+035
 0482  0.1498382667137658E+035
 0483  0.1498781297198911E+035
 0484  0.1499176875995739E+035
 0485  0.1499569426883664E+035
 0486  0.1499958973039442E+035
 0487  0.1500345537462422E+035
 0488  0.1500729142975909E+035
 0489  0.1501109812228509E+035
 0490  0.1501487567695467E+035
 0491  0.1501862431679994E+035
 0492  0.1502234426314585E+035
 0493  0.1502603573562324E+035
 0494  0.1502969895218179E+035
 0495  0.1503333412910295E+035
 0496  0.1503694148101264E+035
 0497  0.1504052122089397E+035
 0498  0.1504407356009979E+035
 0499  0.1504759870836517E+035
 0500  0.1505109687381981E+035
 0501  0.1505456826300028E+035
 0502  0.1505801308086226E+035
 0503  0.1506143153079261E+035
 0504  0.1506482381462140E+035
 0505  0.1506819013263381E+035
 0506  0.1507153068358197E+035
 0507  0.1507484566469668E+035
 0508  0.1507813527169907E+035
 0509  0.1508139969881212E+035
 0510  0.1508463913877220E+035
 0511  0.1508785378284036E+035
 0512  0.1509104382081369E+035
 0513  0.1509420944103648E+035
 0514  0.1509735083041140E+035
 0515  0.1510046817441046E+035
 0516  0.1510356165708602E+035
 0517  0.1510663146108161E+035
 0518  0.1510967776764277E+035
 0519  0.1511270075662769E+035
 0520  0.1511570060651787E+035
 0521  0.1511867749442865E+035
 0522  0.1512163159611965E+035
 0523  0.1512456308600518E+035
 0524  0.1512747213716449E+035
 0525  0.1513035892135203E+035
 0526  0.1513322360900759E+035
 0527  0.1513606636926632E+035
 0528  0.1513888736996878E+035
 0529  0.1514168677767079E+035
 0530  0.1514446475765330E+035
 0531  0.1514722147393213E+035
 0532  0.1514995708926768E+035
 0533  0.1515267176517448E+035
 0534  0.1515536566193082E+035
 0535  0.1515803893858811E+035
 0536  0.1516069175298037E+035
 0537  0.1516332426173345E+035
 0538  0.1516593662027436E+035
 0539  0.1516852898284041E+035
 0540  0.1517110150248830E+035
 0541  0.1517365433110320E+035
 0542  0.1517618761940767E+035
 0543  0.1517870151697061E+035
 0544  0.1518119617221604E+035
 0545  0.1518367173243189E+035
 0546  0.1518612834377872E+035
 0547  0.1518856615129828E+035
 0548  0.1519098529892215E+035
 0549  0.1519338592948018E+035
 0550  0.1519576818470897E+035
 0551  0.1519813220526018E+035
 0552  0.1520047813070891E+035
 0553  0.1520280609956188E+035
 0554  0.1520511624926562E+035
 0555  0.1520740871621460E+035
 0556  0.1520968363575928E+035
 0557  0.1521194114221410E+035
 0558  0.1521418136886538E+035
 0559  0.1521640444797925E+035
 0560  0.1521861051080941E+035
 0561  0.1522079968760489E+035
 0562  0.1522297210761776E+035
 0563  0.1522512789911073E+035
 0564  0.1522726718936475E+035
 0565  0.1522939010468650E+035
 0566  0.1523149677041589E+035
 0567  0.1523358731093339E+035
 0568  0.1523566184966745E+035
 0569  0.1523772050910174E+035
 0570  0.1523976341078238E+035
 0571  0.1524179067532516E+035
 0572  0.1524380242242261E+035
 0573  0.1524579877085109E+035
 0574  0.1524777983847780E+035
 0575  0.1524974574226775E+035
 0576  0.1525169659829065E+035
 0577  0.1525363252172777E+035
 0578  0.1525555362687874E+035
 0579  0.1525746002716829E+035
 0580  0.1525935183515296E+035
 0581  0.1526122916252775E+035
 0582  0.1526309212013269E+035
 0583  0.1526494081795939E+035
 0584  0.1526677536515757E+035
 0585  0.1526859587004147E+035
 0586  0.1527040244009623E+035
 0587  0.1527219518198428E+035
 0588  0.1527397420155161E+035
 0589  0.1527573960383402E+035
 0590  0.1527749149306333E+035
 0591  0.1527922997267354E+035
 0592  0.1528095514530692E+035
 0593  0.1528266711282006E+035
 0594  0.1528436597628993E+035
 0595  0.1528605183601980E+035
 0596  0.1528772479154519E+035
 0597  0.1528938494163973E+035
 0598  0.1529103238432102E+035
 0599  0.1529266721685636E+035
 0600  0.1529428953576856E+035
 0601  0.1529589943684160E+035
 0602  0.1529749701512629E+035
 0603  0.1529908236494589E+035
 0604  0.1530065557990166E+035
 0605  0.1530221675287843E+035
 0606  0.1530376597605002E+035
 0607  0.1530530334088474E+035
 0608  0.1530682893815076E+035
 0609  0.1530834285792148E+035
 0610  0.1530984518958084E+035
 0611  0.1531133602182860E+035
 0612  0.1531281544268558E+035
 0613  0.1531428353949887E+035
 0614  0.1531574039894695E+035
 0615  0.1531718610704483E+035
 0616  0.1531862074914916E+035
 0617  0.1532004440996321E+035
 0618  0.1532145717354189E+035
 0619  0.1532285912329676E+035
 0620  0.1532425034200089E+035
 0621  0.1532563091179377E+035
 0622  0.1532700091418617E+035
 0623  0.1532836043006496E+035
 0624  0.1532970953969786E+035
 0625  0.1533104832273818E+035
 0626  0.1533237685822955E+035
 0627  0.1533369522461056E+035
 0628  0.1533500349971941E+035
 0629  0.1533630176079849E+035
 0630  0.1533759008449895E+035
 0631  0.1533886854688522E+035
 0632  0.1534013722343953E+035
 0633  0.1534139618906629E+035
 0634  0.1534264551809660E+035
 0635  0.1534388528429261E+035
 0636  0.1534511556085183E+035
 0637  0.1534633642041152E+035
 0638  0.1534754793505293E+035
 0639  0.1534875017630559E+035
 0640  0.1534994321515150E+035
 0641  0.1535112712202934E+035
 0642  0.1535230196683862E+035
 0643  0.1535346781894384E+035
 0644  0.1535462474717853E+035
 0645  0.1535577281984936E+035
 0646  0.1535691210474013E+035
 0647  0.1535804266911582E+035
 0648  0.1535916457972654E+035
 0649  0.1536027790281146E+035
 0650  0.1536138270410272E+035
 0651  0.1536247904882936E+035
 0652  0.1536356700172108E+035
 0653  0.1536464662701215E+035
 0654  0.1536571798844517E+035
 0655  0.1536678114927480E+035
 0656  0.1536783617227155E+035
 0657  0.1536888311972545E+035
 0658  0.1536992205344975E+035
 0659  0.1537095303478454E+035
 0660  0.1537197612460041E+035
 0661  0.1537299138330202E+035
 0662  0.1537399887083165E+035
 0663  0.1537499864667277E+035
 0664  0.1537599076985356E+035
 0665  0.1537697529895036E+035
 0666  0.1537795229209113E+035
 0667  0.1537892180695892E+035
 0668  0.1537988390079525E+035
 0669  0.1538083863040348E+035
 0670  0.1538178605215218E+035
 0671  0.1538272622197846E+035
 0672  0.1538365919539127E+035
 0673  0.1538458502747464E+035
 0674  0.1538550377289102E+035
 0675  0.1538641548588441E+035
 0676  0.1538732022028362E+035
 0677  0.1538821802950543E+035
 0678  0.1538910896655777E+035
 0679  0.1538999308404280E+035
 0680  0.1539087043416005E+035
 0681  0.1539174106870951E+035
 0682  0.1539260503909465E+035
 0683  0.1539346239632549E+035
 0684  0.1539431319102161E+035
 0685  0.1539515747341510E+035
 0686  0.1539599529335360E+035
 0687  0.1539682670030316E+035
 0688  0.1539765174335120E+035
 0689  0.1539847047120943E+035
 0690  0.1539928293221668E+035
 0691  0.1540008917434179E+035
 0692  0.1540088924518641E+035
 0693  0.1540168319198786E+035
 0694  0.1540247106162187E+035
 0695  0.1540325290060534E+035
 0696  0.1540402875509916E+035
 0697  0.1540479867091087E+035
 0698  0.1540556269349736E+035
 0699  0.1540632086796759E+035
 0700  0.1540707323908526E+035
 0701  0.1540781985127140E+035
 0702  0.1540856074860704E+035
 0703  0.1540929597483580E+035
 0704  0.1541002557336646E+035
 0705  0.1541074958727554E+035
 0706  0.1541146805930984E+035
 0707  0.1541218103188894E+035
 0708  0.1541288854710775E+035
 0709  0.1541359064673896E+035
 0710  0.1541428737223550E+035
 0711  0.1541497876473304E+035
 0712  0.1541566486505234E+035
 0713  0.1541634571370173E+035
 0714  0.1541702135087947E+035
 0715  0.1541769181647612E+035
 0716  0.1541835715007691E+035
 0717  0.1541901739096407E+035
 0718  0.1541967257811913E+035
 0719  0.1542032275022528E+035
 0720  0.1542096794566957E+035
 0721  0.1542160820254525E+035
 0722  0.1542224355865399E+035
 0723  0.1542287405150809E+035
 0724  0.1542349971833273E+035
 0725  0.1542412059606816E+035
 0726  0.1542473672137188E+035
 0727  0.1542534813062077E+035
 0728  0.1542595485991330E+035
 0729  0.1542655694507162E+035
 0730  0.1542715442164367E+035
 0731  0.1542774732490530E+035
 0732  0.1542833568986236E+035
 0733  0.1542891955125274E+035
 0734  0.1542949894354842E+035
 0735  0.1543007390095755E+035
 0736  0.1543064445742640E+035
 0737  0.1543121064664144E+035
 0738  0.1543177250203126E+035
 0739  0.1543233005676860E+035
 0740  0.1543288334377226E+035
 0741  0.1543343239570908E+035
 0742  0.1543397724499587E+035
 0743  0.1543451792380127E+035
 0744  0.1543505446404773E+035
 0745  0.1543558689741334E+035
 0746  0.1543611525533370E+035
 0747  0.1543663956900380E+035
 0748  0.1543715986937987E+035
 0749  0.1543767618718115E+035
 0750  0.1543818855289177E+035
 0751  0.1543869699676253E+035
 0752  0.1543920154881266E+035
 0753  0.1543970223883162E+035
 0754  0.1544019909638085E+035
 0755  0.1544069215079551E+035
 0756  0.1544118143118622E+035
 0757  0.1544166696644079E+035
 0758  0.1544214878522590E+035
 0759  0.1544262691598880E+035
 0760  0.1544310138695900E+035
 0761  0.1544357222614993E+035
 0762  0.1544403946136059E+035
 0763  0.1544450312017720E+035
 0764  0.1544496322997484E+035
 0765  0.1544541981791902E+035
 0766  0.1544587291096734E+035
 0767  0.1544632253587104E+035
 0768  0.1544676871917662E+035
 0769  0.1544721148722734E+035
 0770  0.1544765086616487E+035
 0771  0.1544808688193074E+035
 0772  0.1544851956026794E+035
 0773  0.1544894892672241E+035
 0774  0.1544937500664453E+035
 0775  0.1544979782519067E+035
 0776  0.1545021740732462E+035
 0777  0.1545063377781909E+035
 0778  0.1545104696125719E+035
 0779  0.1545145698203384E+035
 0780  0.1545186386435725E+035
 0781  0.1545226763225031E+035
 0782  0.1545266830955205E+035
 0783  0.1545306591991901E+035
 0784  0.1545346048682667E+035
 0785  0.1545385203357081E+035
 0786  0.1545424058326889E+035
 0787  0.1545462615886144E+035
 0788  0.1545500878311337E+035
 0789  0.1545538847861537E+035
 0790  0.1545576526778517E+035
 0791  0.1545613917286895E+035
 0792  0.1545651021594257E+035
 0793  0.1545687841891295E+035
 0794  0.1545724380351930E+035
 0795  0.1545760639133444E+035
 0796  0.1545796620376607E+035
 0797  0.1545832326205800E+035
 0798  0.1545867758729146E+035
 0799  0.1545902920038631E+035
 0800  0.1545937812210229E+035
 0801  0.1545972437304020E+035
 0802  0.1546006797364321E+035
 0803  0.1546040894419796E+035
 0804  0.1546074730483583E+035
 0805  0.1546108307553411E+035
 0806  0.1546141627611717E+035
 0807  0.1546174692625764E+035
 0808  0.1546207504547756E+035
 0809  0.1546240065314956E+035
 0810  0.1546272376849797E+035
 0811  0.1546304441059996E+035
 0812  0.1546336259838670E+035
 0813  0.1546367835064445E+035
 0814  0.1546399168601565E+035
 0815  0.1546430262300005E+035
 0816  0.1546461117995583E+035
 0817  0.1546491737510061E+035
 0818  0.1546522122651258E+035
 0819  0.1546552275213155E+035
 0820  0.1546582196976002E+035
 0821  0.1546611889706422E+035
 0822  0.1546641355157515E+035
 0823  0.1546670595068962E+035
 0824  0.1546699611167129E+035
 0825  0.1546728405165167E+035
 0826  0.1546756978763113E+035
 0827  0.1546785333647993E+035
 0828  0.1546813471493919E+035
 0829  0.1546841393962189E+035
 0830  0.1546869102701384E+035
 0831  0.1546896599347467E+035
 0832  0.1546923885523878E+035
 0833  0.1546950962841632E+035
 0834  0.1546977832899412E+035
 0835  0.1547004497283662E+035
 0836  0.1547030957568686E+035
 0837  0.1547057215316735E+035
 0838  0.1547083272078105E+035
 0839  0.1547109129391222E+035
 0840  0.1547134788782739E+035
 0841  0.1547160251767622E+035
 0842  0.1547185519849241E+035
 0843  0.1547210594519460E+035
 0844  0.1547235477258720E+035
 0845  0.1547260169536136E+035
 0846  0.1547284672809572E+035
 0847  0.1547308988525737E+035
 0848  0.1547333118120265E+035
 0849  0.1547357063017801E+035
 0850  0.1547380824632083E+035
 0851  0.1547404404366033E+035
 0852  0.1547427803611830E+035
 0853  0.1547451023750999E+035
 0854  0.1547474066154488E+035
 0855  0.1547496932182754E+035
 0856  0.1547519623185839E+035
 0857  0.1547542140503452E+035
 0858  0.1547564485465045E+035
 0859  0.1547586659389898E+035
 0860  0.1547608663587190E+035
 0861  0.1547630499356080E+035
 0862  0.1547652167985781E+035
 0863  0.1547673670755641E+035
 0864  0.1547695008935211E+035
 0865  0.1547716183784330E+035
 0866  0.1547737196553189E+035
 0867  0.1547758048482411E+035
 0868  0.1547778740803124E+035
 0869  0.1547799274737031E+035
 0870  0.1547819651496484E+035
 0871  0.1547839872284556E+035
 0872  0.1547859938295111E+035
 0873  0.1547879850712873E+035
 0874  0.1547899610713500E+035
 0875  0.1547919219463650E+035
 0876  0.1547938678121051E+035
 0877  0.1547957987834569E+035
 0878  0.1547977149744276E+035
 0879  0.1547996164981519E+035
 0880  0.1548015034668984E+035
 0881  0.1548033759920764E+035
 0882  0.1548052341842423E+035
 0883  0.1548070781531065E+035
 0884  0.1548089080075394E+035
 0885  0.1548107238555783E+035
 0886  0.1548125258044332E+035
 0887  0.1548143139604938E+035
 0888  0.1548160884293353E+035
 0889  0.1548178493157249E+035
 0890  0.1548195967236278E+035
 0891  0.1548213307562133E+035
 0892  0.1548230515158611E+035
 0893  0.1548247591041674E+035
 0894  0.1548264536219505E+035
 0895  0.1548281351692571E+035
 0896  0.1548298038453681E+035
 0897  0.1548314597488046E+035
 0898  0.1548331029773333E+035
 0899  0.1548347336279728E+035
 0900  0.1548363517969989E+035
 0901  0.1548379575799507E+035
 0902  0.1548395510716357E+035
 0903  0.1548411323661361E+035
 0904  0.1548427015568135E+035
 0905  0.1548442587363153E+035
 0906  0.1548458039965795E+035
 0907  0.1548473374288404E+035
 0908  0.1548488591236340E+035
 0909  0.1548503691708032E+035
 0910  0.1548518676595035E+035
 0911  0.1548533546782076E+035
 0912  0.1548548303147113E+035
 0913  0.1548562946561381E+035
 0914  0.1548577477889448E+035
 0915  0.1548591897989265E+035
 0916  0.1548606207712214E+035
 0917  0.1548620407903161E+035
 0918  0.1548634499400505E+035
 0919  0.1548648483036228E+035
 0920  0.1548662359635944E+035
 0921  0.1548676130018946E+035
 0922  0.1548689794998257E+035
 0923  0.1548703355380677E+035
 0924  0.1548716811966829E+035
 0925  0.1548730165551209E+035
 0926  0.1548743416922232E+035
 0927  0.1548756566862276E+035
 0928  0.1548769616147733E+035
 0929  0.1548782565549051E+035
 0930  0.1548795415830781E+035
 0931  0.1548808167751621E+035
 0932  0.1548820822064463E+035
 0933  0.1548833379516434E+035
 0934  0.1548845840848944E+035
 0935  0.1548858206797729E+035
 0936  0.1548870478092890E+035
 0937  0.1548882655458942E+035
 0938  0.1548894739614855E+035
 0939  0.1548906731274092E+035
 0940  0.1548918631144660E+035
 0941  0.1548930439929142E+035
 0942  0.1548942158324746E+035
 0943  0.1548953787023342E+035
 0944  0.1548965326711506E+035
 0945  0.1548976778070555E+035
 0946  0.1548988141776596E+035
 0947  0.1548999418500556E+035
 0948  0.1549010608908229E+035
 0949  0.1549021713660313E+035
 0950  0.1549032733412447E+035
 0951  0.1549043668815254E+035
 0952  0.1549054520514375E+035
 0953  0.1549065289150509E+035
 0954  0.1549075975359451E+035
 0955  0.1549086579772130E+035
 0956  0.1549097103014647E+035
 0957  0.1549107545708307E+035
 0958  0.1549117908469662E+035
 0959  0.1549128191910544E+035
 0960  0.1549138396638101E+035
 0961  0.1549148523254835E+035
 0962  0.1549158572358636E+035
 0963  0.1549168544542816E+035
 0964  0.1549178440396148E+035
 0965  0.1549188260502896E+035
 0966  0.1549198005442854E+035
 0967  0.1549207675791376E+035
 0968  0.1549217272119413E+035
 0969  0.1549226794993545E+035
 0970  0.1549236244976017E+035
 0971  0.1549245622624769E+035
 0972  0.1549254928493470E+035
 0973  0.1549264163131552E+035
 0974  0.1549273327084240E+035
 0975  0.1549282420892588E+035
 0976  0.1549291445093506E+035
 0977  0.1549300400219796E+035
 0978  0.1549309286800181E+035
 0979  0.1549318105359337E+035
 0980  0.1549326856417925E+035
 0981  0.1549335540492618E+035
 0982  0.1549344158096137E+035
 0983  0.1549352709737278E+035
 0984  0.1549361195920941E+035
 0985  0.1549369617148162E+035
 0986  0.1549377973916142E+035
 0987  0.1549386266718278E+035
 0988  0.1549394496044186E+035
 0989  0.1549402662379738E+035
 0990  0.1549410766207087E+035
 0991  0.1549418808004693E+035
 0992  0.1549426788247355E+035
 0993  0.1549434707406239E+035
 0994  0.1549442565948901E+035
 0995  0.1549450364339322E+035
 0996  0.1549458103037930E+035
 0997  0.1549465782501628E+035
 0998  0.1549473403183822E+035
 0999  0.1549480965534448E+035
 1000  0.1549488469999998E+035
