  0.0000000000E+000 0000
  0.6004970381E+002 0000
  0.1201027246E+003 0000
  0.1800952849E+003 0000
  0.2400959540E+003 0000
  0.3000645546E+003 0000
  0.3601234741E+003 0000
  0.4201859388E+003 0000
  0.4801766013E+003 0000
  0.5402214069E+003 0000
  0.6003830116E+003 0000
  0.6603045674E+003 0000
  0.7204026087E+003 0000
  0.7806192508E+003 0000
  0.8406764288E+003 0000
  0.9006911096E+003 0000
  0.9606517588E+003 0000
  0.1020736492E+004 0000
  0.1080680516E+004 0000
  0.1140882217E+004 0000
  0.1200730268E+004 0000
  0.1260761773E+004 0000
  0.1321355236E+004 0000
  0.1381253470E+004 0000
  0.1441445840E+004 0000
  0.1500841684E+004 0000
  0.1561282407E+004 0000
  0.1620977793E+004 0000
  0.1681149940E+004 0000
  0.1741016361E+004 0000
  0.1801220823E+004 0000
  0.1860936518E+004 0000
  0.1920627019E+004 0000
  0.1980696539E+004 0000
  0.2040634653E+004 0000
  0.2100715077E+004 0000
  0.2160769903E+004 0000
  0.2220658854E+004 0000
  0.2280698456E+004 0000
  0.2340419987E+004 0000
  0.2400510903E+004 0000
  0.2460385445E+004 0000
  0.2520670841E+004 0000
  0.2580637831E+004 0000
  0.2640620766E+004 0000
  0.2700395127E+004 0000
  0.2760343791E+004 0000
  0.2820332995E+004 0000
  0.2880434908E+004 0000
  0.2940550299E+004 0000
  0.3000466395E+004 0000
  0.3060393652E+004 0000
  0.3120529049E+004 0000
  0.3180527481E+004 0000
  0.3240430289E+004 0000
  0.3300350167E+004 0000
  0.3360575559E+004 0000
  0.3420294113E+004 0000
  0.3480538776E+004 0000
  0.3540493161E+004 0000
  0.3600409106E+004 0000
  0.3660318980E+004 0000
  0.3720500202E+004 0000
  0.3780605513E+004 0000
  0.3840432984E+004 0000
  0.3900635380E+004 0000
  0.3960401238E+004 0000
  0.4020448629E+004 0000
  0.4080477919E+004 0000
  0.4140771642E+004 0000
  0.4200476167E+004 0000
  0.4260583369E+004 0000
  0.4320634715E+004 0000
  0.4380650837E+004 0000
  0.4440522208E+004 0000
  0.4500710613E+004 0000
  0.4560906127E+004 0000
  0.4620945385E+004 0000
  0.4680746798E+004 0000
  0.4740819606E+004 0000
  0.4800670895E+004 0000
  0.4860575045E+004 0000
  0.4920752531E+004 0000
  0.4980688021E+004 0000
  0.5040590236E+004 0000
  0.5100648256E+004 0000
  0.5160559259E+004 0000
  0.5220844431E+004 0000
  0.5280745463E+004 0000
  0.5340753763E+004 0000
  0.5400497004E+004 0000
  0.5460401911E+004 0000
  0.5520438743E+004 0000
  0.5580597472E+004 0000
  0.5640519803E+004 0000
  0.5700623565E+004 0000
  0.5760659023E+004 0000
  0.5820478861E+004 0000
  0.5880418791E+004 0000
  0.5940498524E+004 0000
  0.6000704244E+004 0000
  0.6060601829E+004 0000
  0.6120409738E+004 0000
  0.6180501243E+004 0000
  0.6240711178E+004 0000
  0.6300681878E+004 0000
  0.6360658588E+004 0000
  0.6420654718E+004 0000
  0.6480378929E+004 0000
  0.6540568521E+004 0000
  0.6600721915E+004 0000
  0.6660565582E+004 0000
  0.6720494882E+004 0000
  0.6780458316E+004 0000
  0.6840403601E+004 0000
  0.6900679480E+004 0000
  0.6960524922E+004 0000
  0.7020439651E+004 0000
  0.7080508714E+004 0000
  0.7140777192E+004 0000
  0.7200791538E+004 0000
  0.7260461263E+004 0000
  0.7320567755E+004 0000
  0.7380612926E+004 0000
  0.7440582461E+004 0000
  0.7500925814E+004 0000
  0.7560619200E+004 0000
  0.7620794570E+004 0000
  0.7680554582E+004 0000
  0.7740654011E+004 0000
  0.7800532782E+004 0000
  0.7860562706E+004 0000
  0.7920664621E+004 0000
  0.7980783037E+004 0000
  0.8040482153E+004 0000
  0.8100662783E+004 0000
  0.8160515495E+004 0000
  0.8220533689E+004 0000
  0.8280415629E+004 0000
  0.8340719713E+004 0000
  0.8400761942E+004 0000
  0.8460646033E+004 0000
  0.8520454891E+004 0000
  0.8580655763E+004 0000
  0.8640444055E+004 0000
  0.8700642361E+004 0000
  0.8760461845E+004 0000
  0.8820814090E+004 0000
  0.8880562047E+004 0000
  0.8940564769E+004 0000
  0.9000812446E+004 0000
  0.9060468033E+004 0000
  0.9120449283E+004 0000
  0.9180568655E+004 0000
  0.9240414732E+004 0000
  0.9300422743E+004 0000
  0.9360678781E+004 0000
  0.9420451259E+004 0000
  0.9480643446E+004 0000
  0.9540541690E+004 0000
  0.9600661715E+004 0000
  0.9660697305E+004 0000
  0.9720730453E+004 0000
  0.9780831071E+004 0000
  0.9840621470E+004 0000
  0.9900524662E+004 0000
  0.9960535710E+004 0000
  0.1002065804E+005 0000
  0.1008087666E+005 0000
  0.1014065966E+005 0000
  0.1020075209E+005 0000
  0.1026060103E+005 0000
  0.1032058546E+005 0000
  0.1038068908E+005 0000
  0.1044077619E+005 0000
  0.1050067498E+005 0000
  0.1056081906E+005 0000
  0.1062073820E+005 0000
  0.1068083569E+005 0000
  0.1074062251E+005 0000
  0.1080052210E+005 0000
  0.1086053128E+005 0000
  0.1092065228E+005 0000
  0.1098047604E+005 0000
  0.1104045162E+005 0000
  0.1110059823E+005 0000
  0.1116048771E+005 0000
  0.1122054241E+005 0000
  0.1128078432E+005 0000
  0.1134082939E+005 0000
  0.1140069748E+005 0000
  0.1146083203E+005 0000
  0.1152044431E+005 0000
  0.1158045312E+005 0000
  0.1164055028E+005 0000
  0.1170081745E+005 0000
  0.1176042081E+005 0000
  0.1182057142E+005 0000
  0.1188081693E+005 0000
  0.1194072278E+005 0000
  0.1200068726E+005 0000
  0.1206060027E+005 0000
  0.1212046337E+005 0000
  0.1218069636E+005 0000
  0.1224046503E+005 0000
  0.1230061309E+005 0000
  0.1236071814E+005 0000
  0.1242080088E+005 0000
  0.1248047085E+005 0000
  0.1254059298E+005 0000
  0.1260076147E+005 0000
  0.1266059050E+005 0000
  0.1272054074E+005 0000
  0.1278067180E+005 0000
  0.1284059638E+005 0000
  0.1290071699E+005 0000
  0.1296057570E+005 0000
  0.1302058726E+005 0000
  0.1308075975E+005 0000
  0.1314062997E+005 0000
  0.1320056594E+005 0000
  0.1326053456E+005 0000
  0.1332048484E+005 0000
  0.1338079063E+005 0000
  0.1344054648E+005 0000
  0.1350058264E+005 0000
  0.1356047412E+005 0000
  0.1362066236E+005 0000
  0.1368073242E+005 0000
  0.1374070860E+005 0000
  0.1380059143E+005 0000
  0.1386081347E+005 0000
  0.1392052965E+005 0000
  0.1398058100E+005 0000
  0.1404054089E+005 0000
  0.1410043606E+005 0000
  0.1416075776E+005 0000
  0.1422071187E+005 0000
  0.1428071136E+005 0000
  0.1434072383E+005 0000
  0.1440073622E+005 0000
  0.1446075713E+005 0000
  0.1452078247E+005 0000
  0.1458081299E+005 0000
  0.1464083073E+005 0000
  0.1470042388E+005 0000
  0.1476046957E+005 0000
  0.1482057091E+005 0000
  0.1488063116E+005 0000
  0.1494063278E+005 0000
  0.1500058949E+005 0000
  0.1506051847E+005 0000
  0.1512084104E+005 0000
  0.1518070594E+005 0000
  0.1524055078E+005 0000
  0.1530082289E+005 0000
  0.1536070860E+005 0000
  0.1542063834E+005 0000
  0.1548066133E+005 0000
  0.1554084066E+005 0000
  0.1560078222E+005 0000
  0.1566046906E+005 0000
  0.1572071125E+005 0000
  0.1578062588E+005 0000
  0.1584064562E+005 0000
  0.1590078207E+005 0000
  0.1596056441E+005 0000
  0.1602072543E+005 0000
  0.1608084014E+005 0000
  0.1614049765E+005 0000
  0.1620055950E+005 0000
  0.1626060156E+005 0000
  0.1632062116E+005 0000
  0.1638063291E+005 0000
  0.1644064680E+005 0000
  0.1650066203E+005 0000
  0.1656069294E+005 0000
  0.1662077714E+005 0000
  0.1668080928E+005 0000
  0.1674074433E+005 0000
  0.1680060908E+005 0000
  0.1686043290E+005 0000
  0.1692067662E+005 0000
  0.1698049902E+005 0000
  0.1704078346E+005 0000
  0.1710073312E+005 0000
  0.1716081740E+005 0000
  0.1722062010E+005 0000
  0.1728054553E+005 0000
  0.1734056164E+005 0000
  0.1740064931E+005 0000
  0.1746079678E+005 0000
  0.1752057883E+005 0000
  0.1758043791E+005 0000
  0.1764079467E+005 0000
  0.1770071163E+005 0000
  0.1776059992E+005 0000
  0.1782045974E+005 0000
  0.1788073824E+005 0000
  0.1794057410E+005 0000
  0.1800083551E+005 0000
  0.1806063753E+005 0000
  0.1812081446E+005 0000
  0.1818049027E+005 0000
  0.1824055395E+005 0000
  0.1830061656E+005 0000
  0.1836069940E+005 0000
  0.1842080502E+005 0000
  0.1848050865E+005 0000
  0.1854069267E+005 0000
  0.1860083809E+005 0000
  0.1866048490E+005 0000
  0.1872050272E+005 0000
  0.1878047372E+005 0000
  0.1884043334E+005 0000
  0.1890083405E+005 0000
  0.1896081372E+005 0000
  0.1902081196E+005 0000
  0.1908083688E+005 0000
  0.1914047973E+005 0000
  0.1920062661E+005 0000
  0.1926086548E+005 0000
  0.1932076391E+005 0000
  0.1938075413E+005 0000
  0.1944084716E+005 0000
  0.1950061364E+005 0000
  0.1956047917E+005 0000
  0.1962085036E+005 0000
  0.1968083837E+005 0000
  0.1974046118E+005 0000
  0.1980062268E+005 0000
  0.1986046325E+005 0000
  0.1992087367E+005 0000
  0.1998051091E+005 0000
  0.2004066940E+005 0000
  0.2010085882E+005 0000
  0.2016056212E+005 0000
  0.2022065524E+005 0000
  0.2028069053E+005 0000
  0.2034066110E+005 0000
  0.2040056879E+005 0000
  0.2046084869E+005 0000
  0.2052060323E+005 0000
  0.2058069699E+005 0000
  0.2064068340E+005 0000
  0.2070058295E+005 0000
  0.2076085014E+005 0000
  0.2082061173E+005 0000
  0.2088074060E+005 0000
  0.2094081980E+005 0000
  0.2100044764E+005 0000
  0.2106051466E+005 0000
  0.2112060276E+005 0000
  0.2118071072E+005 0000
  0.2124083370E+005 0000
  0.2130054555E+005 0000
  0.2136074635E+005 0000
  0.2142057845E+005 0000
  0.2148080343E+005 0000
  0.2154053103E+005 0000
  0.2160067020E+005 0000
  0.2166081750E+005 0000
  0.2172056324E+005 0000
  0.2178078342E+005 0000
  0.2184059442E+005 0000
  0.2190086510E+005 0000
  0.2196073319E+005 0000
  0.2202062970E+005 0000
  0.2208053713E+005 0000
  0.2214045878E+005 0000
  0.2220085134E+005 0000
  0.2226085095E+005 0000
  0.2232047019E+005 0000
  0.2238057292E+005 0000
  0.2244070057E+005 0000
  0.2250084594E+005 0000
  0.2256057920E+005 0000
  0.2262078950E+005 0000
  0.2268059977E+005 0000
  0.2274044176E+005 0000
  0.2280072415E+005 0000
  0.2286054257E+005 0000
  0.2292076801E+005 0000
  0.2298051390E+005 0000
  0.2304064921E+005 0000
  0.2310075823E+005 0000
  0.2316044430E+005 0000
  0.2322060643E+005 0000
  0.2328081445E+005 0000
  0.2334057308E+005 0000
  0.2340073666E+005 0000
  0.2346043940E+005 0000
  0.2352057210E+005 0000
  0.2358071487E+005 0000
  0.2364044982E+005 0000
  0.2370066826E+005 0000
  0.2376047601E+005 0000
  0.2382074227E+005 0000
  0.2388058596E+005 0000
  0.2394046534E+005 0000
  0.2400077702E+005 0000
  0.2406058362E+005 0000
  0.2412076128E+005 0000
  0.2418044231E+005 0000
  0.2424052430E+005 0000
  0.2430056869E+005 0000
  0.2436056645E+005 0000
  0.2442050882E+005 0000
  0.2448084214E+005 0000
  0.2454069591E+005 0000
  0.2460050557E+005 0000
  0.2466070006E+005 0000
  0.2472083211E+005 0000
  0.2478047683E+005 0000
  0.2484052165E+005 0000
  0.2490055070E+005 0000
  0.2496056807E+005 0000
  0.2502056948E+005 0000
  0.2508056756E+005 0000
  0.2514058170E+005 0000
  0.2520060836E+005 0000
  0.2526064164E+005 0000
  0.2532067464E+005 0000
  0.2538070945E+005 0000
  0.2544076167E+005 0000
  0.2550086075E+005 0000
  0.2556050777E+005 0000
  0.2562053723E+005 0000
  0.2568053779E+005 0000
  0.2574054034E+005 0000
  0.2580056197E+005 0000
  0.2586060131E+005 0000
  0.2592065814E+005 0000
  0.2598073271E+005 0000
  0.2604083792E+005 0000
  0.2610054707E+005 0000
  0.2616072430E+005 0000
  0.2622049654E+005 0000
  0.2628075171E+005 0000
  0.2634063092E+005 0000
  0.2640056148E+005 0000
  0.2646052690E+005 0000
  0.2652051211E+005 0000
  0.2658050533E+005 0000
  0.2664048632E+005 0000
  0.2670044849E+005 0000
  0.2676083287E+005 0000
  0.2682076898E+005 0000
  0.2688069811E+005 0000
  0.2694060608E+005 0000
  0.2700047635E+005 0000
  0.2706073532E+005 0000
  0.2712051612E+005 0000
  0.2718070853E+005 0000
  0.2724045981E+005 0000
  0.2730064210E+005 0000
  0.2736080296E+005 0000
  0.2742050815E+005 0000
  0.2748065013E+005 0000
  0.2754079917E+005 0000
  0.2760052618E+005 0000
  0.2766070920E+005 0000
  0.2772048730E+005 0000
  0.2778070194E+005 0000
  0.2784045611E+005 0000
  0.2790064322E+005 0000
  0.2796085633E+005 0000
  0.2802065360E+005 0000
  0.2808084895E+005 0000
  0.2814057921E+005 0000
  0.2820072751E+005 0000
  0.2826085627E+005 0000
  0.2832053074E+005 0000
  0.2838060936E+005 0000
  0.2844065887E+005 0000
  0.2850069436E+005 0000
  0.2856071263E+005 0000
  0.2862069766E+005 0000
  0.2868064249E+005 0000
  0.2874055709E+005 0000
  0.2880045851E+005 0000
  0.2886079341E+005 0000
  0.2892069612E+005 0000
  0.2898060070E+005 0000
  0.2904051519E+005 0000
  0.2910045109E+005 0000
  0.2916084910E+005 0000
  0.2922083238E+005 0000
  0.2928080063E+005 0000
  0.2934073867E+005 0000
  0.2940064023E+005 0000
  0.2946051538E+005 0000
  0.2952081199E+005 0000
  0.2958068613E+005 0000
  0.2964059632E+005 0000
  0.2970055158E+005 0000
  0.2976053915E+005 0000
  0.2982054224E+005 0000
  0.2988056986E+005 0000
  0.2994063457E+005 0000
  0.3000074870E+005 0000
  0.3006047277E+005 0000
  0.3012067066E+005 0000
  0.3018046710E+005 0000
  0.3024073546E+005 0000
  0.3030059930E+005 0000
  0.3036047898E+005 0000
  0.3042079833E+005 0000
  0.3048068702E+005 0000
  0.3054059302E+005 0000
  0.3060052001E+005 0000
  0.3066045970E+005 0000
  0.3072082829E+005 0000
  0.3078075079E+005 0000
  0.3084066067E+005 0000
  0.3090055123E+005 0000
  0.3096086280E+005 0000
  0.3102073102E+005 0000
  0.3108060471E+005 0000
  0.3114048113E+005 0000
  0.3120077444E+005 0000
  0.3126059907E+005 0000
  0.3132083191E+005 0000
  0.3138062066E+005 0000
  0.3144085865E+005 0000
  0.3150068003E+005 0000
  0.3156051262E+005 0000
  0.3162079218E+005 0000
  0.3168064805E+005 0000
  0.3174050250E+005 0000
  0.3180079692E+005 0000
  0.3186065560E+005 0000
  0.3192051566E+005 0000
  0.3198079332E+005 0000
  0.3204060301E+005 0000
  0.3210081938E+005 0000
  0.3216057740E+005 0000
  0.3222076664E+005 0000
  0.3228052083E+005 0000
  0.3234071209E+005 0000
  0.3240046732E+005 0000
  0.3246067241E+005 0000
  0.3252047469E+005 0000
  0.3258076069E+005 0000
  0.3264066472E+005 0000
  0.3270061437E+005 0000
  0.3276060348E+005 0000
  0.3282065225E+005 0000
  0.3288077007E+005 0000
  0.3294051207E+005 0000
  0.3300074247E+005 0000
  0.3306057330E+005 0000
  0.3312087843E+005 0000
  0.3318077660E+005 0000
  0.3324070972E+005 0000
  0.3330067781E+005 0000
  0.3336068532E+005 0000
  0.3342068128E+005 0000
  0.3348061227E+005 0000
  0.3354047096E+005 0000
  0.3360070764E+005 0000
  0.3366045661E+005 0000
  0.3372060844E+005 0000
  0.3378072672E+005 0000
  0.3384079565E+005 0000
  0.3390080756E+005 0000
  0.3396077482E+005 0000
  0.3402072498E+005 0000
  0.3408067225E+005 0000
  0.3414062306E+005 0000
  0.3420058464E+005 0000
  0.3426056950E+005 0000
  0.3432059276E+005 0000
  0.3438066013E+005 0000
  0.3444074204E+005 0000
  0.3450079544E+005 0000
  0.3456083122E+005 0000
  0.3462085253E+005 0000
  0.3468085706E+005 0000
  0.3474084996E+005 0000
  0.3480084186E+005 0000
  0.3486083599E+005 0000
  0.3492083699E+005 0000
  0.3498085456E+005 0000
  0.3504045467E+005 0000
  0.3510052560E+005 0000
  0.3516065295E+005 0000
  0.3522084901E+005 0000
  0.3528065991E+005 0000
  0.3534050811E+005 0000
  0.3540082337E+005 0000
  0.3546073669E+005 0000
  0.3552069994E+005 0000
  0.3558071794E+005 0000
  0.3564078457E+005 0000
  0.3570044474E+005 0000
  0.3576057423E+005 0000
  0.3582071269E+005 0000
  0.3588083907E+005 0000
  0.3594052021E+005 0000
  0.3600064157E+005 0000
  0.3606075377E+005 0000
  0.3612085711E+005 0000
  0.3618050491E+005 0000
  0.3624058552E+005 0000
  0.3630067022E+005 0000
  0.3636077166E+005 0000
  0.3642044924E+005 0000
  0.3648056409E+005 0000
  0.3654068097E+005 0000
  0.3660080297E+005 0000
  0.3666048193E+005 0000
  0.3672060122E+005 0000
  0.3678072739E+005 0000
  0.3684084448E+005 0000
  0.3690049573E+005 0000
  0.3696057972E+005 0000
  0.3702068078E+005 0000
  0.3708080121E+005 0000
  0.3714047452E+005 0000
  0.3720057840E+005 0000
  0.3726067480E+005 0000
  0.3732077185E+005 0000
  0.3738087753E+005 0000
  0.3744055038E+005 0000
  0.3750067185E+005 0000
  0.3756080159E+005 0000
  0.3762048643E+005 0000
  0.3768060604E+005 0000
  0.3774072105E+005 0000
  0.3780084620E+005 0000
  0.3786055217E+005 0000
  0.3792072177E+005 0000
  0.3798045828E+005 0000
  0.3804063029E+005 0000
  0.3810078718E+005 0000
  0.3816050269E+005 0000
  0.3822067405E+005 0000
  0.3828085765E+005 0000
  0.3834060952E+005 0000
  0.3840081866E+005 0000
  0.3846061393E+005 0000
  0.3852044332E+005 0000
  0.3858075555E+005 0000
  0.3864065689E+005 0000
  0.3870058446E+005 0000
  0.3876053407E+005 0000
  0.3882049885E+005 0000
  0.3888047924E+005 0000
  0.3894047368E+005 0000
  0.3900047056E+005 0000
  0.3906046624E+005 0000
  0.3912046087E+005 0000
  0.3918045057E+005 0000
  0.3924088162E+005 0000
  0.3930087553E+005 0000
  0.3936086692E+005 0000
  0.3942083432E+005 0000
  0.3948079958E+005 0000
  0.3954078681E+005 0000
  0.3960079828E+005 0000
  0.3966081576E+005 0000
  0.3972083711E+005 0000
  0.3978086046E+005 0000
  0.3984087475E+005 0000
  0.3990087764E+005 0000
  0.3996087258E+005 0000
  0.4002085844E+005 0000
  0.4008084289E+005 0000
  0.4014083116E+005 0000
  0.4020083211E+005 0000
  0.4026084922E+005 0000
  0.4032087630E+005 0000
  0.4038046661E+005 0000
  0.4044050659E+005 0000
  0.4050055166E+005 0000
  0.4056061413E+005 0000
  0.4062070286E+005 0000
  0.4068081125E+005 0000
  0.4074048818E+005 0000
  0.4080062747E+005 0000
  0.4086080096E+005 0000
  0.4092054537E+005 0000
  0.4098070367E+005 0000
  0.4104083985E+005 0000
  0.4110051577E+005 0000
  0.4116062080E+005 0000
  0.4122070181E+005 0000
  0.4128074855E+005 0000
  0.4134076080E+005 0000
  0.4140074805E+005 0000
  0.4146071118E+005 0000
  0.4152066097E+005 0000
  0.4158060718E+005 0000
  0.4164055607E+005 0000
  0.4170051020E+005 0000
  0.4176047609E+005 0000
  0.4182045375E+005 0000
  0.4188087465E+005 0000
  0.4194084648E+005 0000
  0.4200082663E+005 0000
  0.4206083344E+005 0000
  0.4212082216E+005 0000
  0.4218077736E+005 0000
  0.4224071470E+005 0000
  0.4230064165E+005 0000
  0.4236056664E+005 0000
  0.4242048542E+005 0000
  0.4248084326E+005 0000
  0.4254076794E+005 0000
  0.4260071938E+005 0000
  0.4266070085E+005 0000
  0.4272071335E+005 0000
  0.4278076074E+005 0000
  0.4284084382E+005 0000
  0.4290052210E+005 0000
  0.4296069801E+005 0000
  0.4302048837E+005 0000
  0.4308078478E+005 0000
  0.4314069074E+005 0000
  0.4320064331E+005 0000
  0.4326062626E+005 0000
  0.4332058206E+005 0000
  0.4338051871E+005 0000
  0.4344089140E+005 0000
  0.4350080730E+005 0000
  0.4356069857E+005 0000
  0.4362054456E+005 0000
  0.4368078358E+005 0000
  0.4374053096E+005 0000
  0.4380069321E+005 0000
  0.4386082285E+005 0000
  0.4392047687E+005 0000
  0.4398054255E+005 0000
  0.4404057818E+005 0000
  0.4410058899E+005 0000
  0.4416058109E+005 0000
  0.4422056245E+005 0000
  0.4428054157E+005 0000
  0.4434051966E+005 0000
  0.4440050380E+005 0000
  0.4446050908E+005 0000
  0.4452054021E+005 0000
  0.4458059316E+005 0000
  0.4464066241E+005 0000
  0.4470074123E+005 0000
  0.4476081116E+005 0000
  0.4482086900E+005 0000
  0.4488047068E+005 0000
  0.4494051920E+005 0000
  0.4500057955E+005 0000
  0.4506064128E+005 0000
  0.4512069240E+005 0000
  0.4518072963E+005 0000
  0.4524076562E+005 0000
  0.4530081367E+005 0000
  0.4536088401E+005 0000
  0.4542053623E+005 0000
  0.4548065259E+005 0000
  0.4554078015E+005 0000
  0.4560046717E+005 0000
  0.4566061028E+005 0000
  0.4572076804E+005 0000
  0.4578049810E+005 0000
  0.4584069917E+005 0000
  0.4590048457E+005 0000
  0.4596075093E+005 0000
  0.4602061083E+005 0000
  0.4608050333E+005 0000
  0.4614086112E+005 0000
  0.4620077744E+005 0000
  0.4626070621E+005 0000
  0.4632065109E+005 0000
  0.4638057895E+005 0000
  0.4644049123E+005 0000
  0.4650083952E+005 0000
  0.4656072761E+005 0000
  0.4662059551E+005 0000
  0.4668088542E+005 0000
  0.4674070392E+005 0000
  0.4680050785E+005 0000
  0.4686075131E+005 0000
  0.4692053975E+005 0000
  0.4698076247E+005 0000
  0.4704051661E+005 0000
  0.4710068986E+005 0000
  0.4716083703E+005 0000
  0.4722052118E+005 0000
  0.4728063885E+005 0000
  0.4734074523E+005 0000
  0.4740084691E+005 0000
  0.4746050891E+005 0000
  0.4752063274E+005 0000
  0.4758077029E+005 0000
  0.4764046195E+005 0000
  0.4770060542E+005 0000
  0.4776076731E+005 0000
  0.4782048488E+005 0000
  0.4788061533E+005 0000
  0.4794072301E+005 0000
  0.4800082500E+005 0000
  0.4806049328E+005 0000
  0.4812062019E+005 0000
  0.4818075847E+005 0000
  0.4824046484E+005 0000
  0.4830062894E+005 0000
  0.4836080375E+005 0000
  0.4842054889E+005 0000
  0.4848075264E+005 0000
  0.4854052009E+005 0000
  0.4860074421E+005 0000
  0.4866054578E+005 0000
  0.4872083082E+005 0000
  0.4878070959E+005 0000
  0.4884062415E+005 0000
  0.4890057360E+005 0000
  0.4896056067E+005 0000
  0.4902058111E+005 0000
  0.4908059151E+005 0000
  0.4914058709E+005 0000
  0.4920057937E+005 0000
  0.4926055979E+005 0000
  0.4932051429E+005 0000
  0.4938088849E+005 0000
  0.4944079671E+005 0000
  0.4950069892E+005 0000
  0.4956060710E+005 0000
  0.4962052898E+005 0000
  0.4968046340E+005 0000
  0.4974084828E+005 0000
  0.4980078639E+005 0000
  0.4986072878E+005 0000
  0.4992067816E+005 0000
  0.4998063456E+005 0000
  0.5004059452E+005 0000
  0.5010054992E+005 0000
  0.5016049526E+005 0000
  0.5022087801E+005 0000
  0.5028080555E+005 0000
  0.5034073888E+005 0000
  0.5040068864E+005 0000
  0.5046064793E+005 0000
  0.5052060949E+005 0000
  0.5058057346E+005 0000
  0.5064054902E+005 0000
  0.5070054357E+005 0000
  0.5076055521E+005 0000
  0.5082058028E+005 0000
  0.5088061094E+005 0000
  0.5094063493E+005 0000
  0.5100064436E+005 0000
  0.5106062444E+005 0000
  0.5112057546E+005 0000
  0.5118051057E+005 0000
  0.5124088741E+005 0000
  0.5130082007E+005 0000
  0.5136075763E+005 0000
  0.5142069713E+005 0000
  0.5148063793E+005 0000
  0.5154058294E+005 0000
  0.5160053494E+005 0000
  0.5166048526E+005 0000
  0.5172088590E+005 0000
  0.5178085298E+005 0000
  0.5184080685E+005 0000
  0.5190073496E+005 0000
  0.5196065123E+005 0000
  0.5202057094E+005 0000
  0.5208050387E+005 0000
  0.5214045071E+005 0000
  0.5220085540E+005 0000
  0.5226081832E+005 0000
  0.5232078902E+005 0000
  0.5238077255E+005 0000
  0.5244077230E+005 0000
  0.5250078277E+005 0000
  0.5256080028E+005 0000
  0.5262082398E+005 0000
  0.5268085693E+005 0000
  0.5274046293E+005 0000
  0.5280054418E+005 0000
  0.5286064711E+005 0000
  0.5292076783E+005 0000
  0.5298045801E+005 0000
  0.5304062370E+005 0000
  0.5310081459E+005 0000
  0.5316055923E+005 0000
  0.5322073875E+005 0000
  0.5328089664E+005 0000
  0.5334057712E+005 0000
  0.5340068117E+005 0000
  0.5346076758E+005 0000
  0.5352085269E+005 0000
  0.5358049725E+005 0000
  0.5364059180E+005 0000
  0.5370067783E+005 0000
  0.5376074544E+005 0000
  0.5382079082E+005 0000
  0.5388081931E+005 0000
  0.5394083927E+005 0000
  0.5400085746E+005 0000
  0.5406086899E+005 0000
  0.5412087352E+005 0000
  0.5418087666E+005 0000
  0.5424088710E+005 0000
  0.5430045342E+005 0000
  0.5436046535E+005 0000
  0.5442047712E+005 0000
  0.5448049992E+005 0000
  0.5454053936E+005 0000
  0.5460057483E+005 0000
  0.5466059397E+005 0000
  0.5472060942E+005 0000
  0.5478062099E+005 0000
  0.5484062626E+005 0000
  0.5490062682E+005 0000
  0.5496063124E+005 0000
  0.5502064612E+005 0000
  0.5508067623E+005 0000
  0.5514071976E+005 0000
  0.5520076684E+005 0000
  0.5526080829E+005 0000
  0.5532084516E+005 0000
  0.5538088835E+005 0000
  0.5544050832E+005 0000
  0.5550060766E+005 0000
  0.5556073337E+005 0000
  0.5562088890E+005 0000
  0.5568062586E+005 0000
  0.5574084684E+005 0000
  0.5580065008E+005 0000
  0.5586048316E+005 0000
  0.5592079345E+005 0000
  0.5598068729E+005 0000
  0.5604062283E+005 0000
  0.5610055223E+005 0000
  0.5616045471E+005 0000
  0.5622078429E+005 0000
  0.5628064303E+005 0000
  0.5634047437E+005 0000
  0.5640072425E+005 0000
  0.5646048957E+005 0000
  0.5652067279E+005 0000
  0.5658083370E+005 0000
  0.5664053076E+005 0000
  0.5670065848E+005 0000
  0.5676076651E+005 0000
  0.5682086347E+005 0000
  0.5688051566E+005 0000
  0.5694063037E+005 0000
  0.5700076434E+005 0000
  0.5706046526E+005 0000
  0.5712062626E+005 0000
  0.5718080671E+005 0000
  0.5724053686E+005 0000
  0.5730069643E+005 0000
  0.5736084117E+005 0000
  0.5742052462E+005 0000
  0.5748063847E+005 0000
  0.5754073234E+005 0000
  0.5760081913E+005 0000
  0.5766046310E+005 0000
  0.5772057887E+005 0000
  0.5778073083E+005 0000
  0.5784047263E+005 0000
  0.5790069349E+005 0000
  0.5796048922E+005 0000
  0.5802076516E+005 0000
  0.5808062455E+005 0000
  0.5814052696E+005 0000
  0.5820047094E+005 0000
  0.5826089839E+005 0000
  0.5832090110E+005 0000
  0.5838048127E+005 0000
  0.5844054224E+005 0000
  0.5850062661E+005 0000
  0.5856072363E+005 0000
  0.5862082804E+005 0000
  0.5868049265E+005 0000
  0.5874062151E+005 0000
  0.5880074068E+005 0000
  0.5886084445E+005 0000
  0.5892048024E+005 0000
  0.5898055125E+005 0000
  0.5904060011E+005 0000
  0.5910062562E+005 0000
  0.5916063830E+005 0000
  0.5922064566E+005 0000
  0.5928065747E+005 0000
  0.5934067553E+005 0000
  0.5940069179E+005 0000
  0.5946069989E+005 0000
  0.5952069894E+005 0000
  0.5958070328E+005 0000
  0.5964072320E+005 0000
  0.5970076226E+005 0000
  0.5976080529E+005 0000
  0.5982084947E+005 0000
  0.5988089338E+005 0000
  0.5994048426E+005 0000
  0.6000053311E+005 0000
  0.6006058265E+005 0000
  0.6012063094E+005 0000
  0.6018068241E+005 0000
  0.6024072706E+005 0000
  0.6030075659E+005 0000
  0.6036077615E+005 0000
  0.6042079995E+005 0000
  0.6048082971E+005 0000
  0.6054086817E+005 0000
  0.6060046297E+005 0000
  0.6066051350E+005 0000
  0.6072057032E+005 0000
  0.6078064003E+005 0000
  0.6084072289E+005 0000
  0.6090081520E+005 0000
  0.6096045357E+005 0000
  0.6102053905E+005 0000
  0.6108063231E+005 0000
  0.6114074357E+005 0000
  0.6120087609E+005 0000
  0.6126057020E+005 0000
  0.6132072710E+005 0000
  0.6138089029E+005 0000
  0.6144060870E+005 0000
  0.6150078975E+005 0000
  0.6156052501E+005 0000
  0.6162071905E+005 0000
  0.6168047477E+005 0000
  0.6174070116E+005 0000
  0.6180048464E+005 0000
  0.6186071271E+005 0000
  0.6192048452E+005 0000
  0.6198071345E+005 0000
  0.6204049298E+005 0000
  0.6210072253E+005 0000
  0.6216048544E+005 0000
  0.6222068610E+005 0000
  0.6228088433E+005 0000
  0.6234063757E+005 0000
  0.6240084972E+005 0000
  0.6246061709E+005 0000
  0.6252084309E+005 0000
  0.6258061667E+005 0000
  0.6264083122E+005 0000
  0.6270058379E+005 0000
  0.6276078723E+005 0000
  0.6282054740E+005 0000
  0.6288077048E+005 0000
  0.6294054704E+005 0000
  0.6300078252E+005 0000
  0.6306057399E+005 0000
  0.6312082637E+005 0000
  0.6318063245E+005 0000
  0.6324089777E+005 0000
  0.6330071684E+005 0000
  0.6336054015E+005 0000
  0.6342081712E+005 0000
  0.6348062201E+005 0000
  0.6354086153E+005 0000
  0.6360063880E+005 0000
  0.6366087283E+005 0000
  0.6372066195E+005 0000
  0.6378045304E+005 0000
  0.6384068685E+005 0000
  0.6390090289E+005 0000
  0.6396065447E+005 0000
  0.6402085437E+005 0000
  0.6408059795E+005 0000
  0.6414079438E+005 0000
  0.6420054580E+005 0000
  0.6426077052E+005 0000
  0.6432054146E+005 0000
  0.6438074650E+005 0000
  0.6444048268E+005 0000
  0.6450066293E+005 0000
  0.6456084079E+005 0000
  0.6462056454E+005 0000
  0.6468073977E+005 0000
  0.6474046760E+005 0000
  0.6480066150E+005 0000
  0.6486087742E+005 0000
  0.6492066444E+005 0000
  0.6498047378E+005 0000
  0.6504075343E+005 0000
  0.6510060082E+005 0000
  0.6516047839E+005 0000
  0.6522084492E+005 0000
  0.6528079087E+005 0000
  0.6534075281E+005 0000
  0.6540072495E+005 0000
  0.6546071631E+005 0000
  0.6552073063E+005 0000
  0.6558077139E+005 0000
  0.6564083761E+005 0000
  0.6570089022E+005 0000
  0.6576046139E+005 0000
  0.6582046146E+005 0000
  0.6588088993E+005 0000
  0.6594084877E+005 0000
  0.6600079463E+005 0000
  0.6606072994E+005 0000
  0.6612064895E+005 0000
  0.6618054621E+005 0000
  0.6624087441E+005 0000
  0.6630073380E+005 0000
  0.6636059066E+005 0000
  0.6642045890E+005 0000
  0.6648079084E+005 0000
  0.6654067442E+005 0000
  0.6660056523E+005 0000
  0.6666047405E+005 0000
  0.6672085141E+005 0000
  0.6678076188E+005 0000
  0.6684066125E+005 0000
  0.6690055745E+005 0000
  0.6696090642E+005 0000
  0.6702079558E+005 0000
  0.6708067548E+005 0000
  0.6714055230E+005 0000
  0.6720088262E+005 0000
  0.6726076545E+005 0000
  0.6732065830E+005 0000
  0.6738056553E+005 0000
  0.6744049300E+005 0000
  0.6750089821E+005 0000
  0.6756087512E+005 0000
  0.6762087539E+005 0000
  0.6768089649E+005 0000
  0.6774047508E+005 0000
  0.6780052242E+005 0000
  0.6786060003E+005 0000
  0.6792071934E+005 0000
  0.6798087554E+005 0000
  0.6804060651E+005 0000
  0.6810081234E+005 0000
  0.6816057768E+005 0000
  0.6822081941E+005 0000
  0.6828062613E+005 0000
  0.6834090850E+005 0000
  0.6840074782E+005 0000
  0.6846060135E+005 0000
  0.6852046621E+005 0000
  0.6858078106E+005 0000
  0.6864062943E+005 0000
  0.6870047147E+005 0000
  0.6876076124E+005 0000
  0.6882058869E+005 0000
  0.6888086258E+005 0000
  0.6894065896E+005 0000
  0.6900089090E+005 0000
  0.6906064864E+005 0000
  0.6912084849E+005 0000
  0.6918057596E+005 0000
  0.6924074039E+005 0000
  0.6930088901E+005 0000
  0.6936057798E+005 0000
  0.6942073555E+005 0000
  0.6948046130E+005 0000
  0.6954066254E+005 0000
  0.6960087705E+005 0000
  0.6966063871E+005 0000
  0.6972085315E+005 0000
  0.6978060002E+005 0000
  0.6984079356E+005 0000
  0.6990052281E+005 0000
  0.6996069668E+005 0000
  0.7002086300E+005 0000
  0.7008057097E+005 0000
  0.7014073521E+005 0000
  0.7020090374E+005 0000
  0.7026062833E+005 0000
  0.7032082700E+005 0000
  0.7038058453E+005 0000
  0.7044081064E+005 0000
  0.7050059100E+005 0000
  0.7056084054E+005 0000
  0.7062066100E+005 0000
  0.7068051783E+005 0000
  0.7074086887E+005 0000
  0.7080079702E+005 0000
  0.7086075476E+005 0000
  0.7092074681E+005 0000
  0.7098078233E+005 0000
  0.7104085837E+005 0000
  0.7110050591E+005 0000
  0.7116063388E+005 0000
  0.7122078002E+005 0000
  0.7128047349E+005 0000
  0.7134061033E+005 0000
  0.7140072620E+005 0000
  0.7146082314E+005 0000
  0.7152090317E+005 0000
  0.7158051362E+005 0000
  0.7164057196E+005 0000
  0.7170062480E+005 0000
  0.7176067519E+005 0000
  0.7182072862E+005 0000
  0.7188078568E+005 0000
  0.7194084457E+005 0000
  0.7200089530E+005 0000
  0.7206047715E+005 0000
  0.7212051432E+005 0000
  0.7218056480E+005 0000
  0.7224063884E+005 0000
  0.7230070512E+005 0000
  0.7236076053E+005 0000
  0.7242081032E+005 0000
  0.7248085915E+005 0000
  0.7254090736E+005 0000
  0.7260049700E+005 0000
  0.7266054916E+005 0000
  0.7272060726E+005 0000
  0.7278067490E+005 0000
  0.7284075063E+005 0000
  0.7290083138E+005 0000
  0.7296046037E+005 0000
  0.7302055742E+005 0000
  0.7308067047E+005 0000
  0.7314080426E+005 0000
  0.7320050177E+005 0000
  0.7326068002E+005 0000
  0.7332087687E+005 0000
  0.7338063670E+005 0000
  0.7344088265E+005 0000
  0.7350068585E+005 0000
  0.7356049464E+005 0000
  0.7362076158E+005 0000
  0.7368057124E+005 0000
  0.7374084643E+005 0000
  0.7380064972E+005 0000
  0.7386090021E+005 0000
  0.7392069006E+005 0000
  0.7398048386E+005 0000
  0.7404074484E+005 0000
  0.7410055197E+005 0000
  0.7416082062E+005 0000
  0.7422062857E+005 0000
  0.7428089766E+005 0000
  0.7434070337E+005 0000
  0.7440051188E+005 0000
  0.7446078461E+005 0000
  0.7452059875E+005 0000
  0.7458086757E+005 0000
  0.7464066326E+005 0000
  0.7470090232E+005 0000
  0.7476067605E+005 0000
  0.7482091458E+005 0000
  0.7488069988E+005 0000
  0.7494049228E+005 0000
  0.7500074859E+005 0000
  0.7506054923E+005 0000
  0.7512082455E+005 0000
  0.7518065974E+005 0000
  0.7524051454E+005 0000
  0.7530084427E+005 0000
  0.7536072166E+005 0000
  0.7542061013E+005 0000
  0.7548051640E+005 0000
  0.7554090582E+005 0000
  0.7560085534E+005 0000
  0.7566082400E+005 0000
  0.7572080293E+005 0000
  0.7578078369E+005 0000
  0.7584076367E+005 0000
  0.7590074583E+005 0000
  0.7596072774E+005 0000
  0.7602071033E+005 0000
  0.7608069634E+005 0000
  0.7614068125E+005 0000
  0.7620064875E+005 0000
  0.7626059915E+005 0000
  0.7632053615E+005 0000
  0.7638047234E+005 0000
  0.7644087247E+005 0000
  0.7650080955E+005 0000
  0.7656073650E+005 0000
  0.7662065231E+005 0000
  0.7668056232E+005 0000
  0.7674047460E+005 0000
  0.7680084807E+005 0000
  0.7686076451E+005 0000
  0.7692068315E+005 0000
  0.7698060141E+005 0000
  0.7704052205E+005 0000
  0.7710090905E+005 0000
  0.7716084541E+005 0000
  0.7722078294E+005 0000
  0.7728072138E+005 0000
  0.7734066199E+005 0000
  0.7740060258E+005 0000
  0.7746054007E+005 0000
  0.7752047107E+005 0000
  0.7758085892E+005 0000
  0.7764078376E+005 0000
  0.7770070539E+005 0000
  0.7776062124E+005 0000
  0.7782052861E+005 0000
  0.7788089881E+005 0000
  0.7794082286E+005 0000
  0.7800076323E+005 0000
  0.7806071433E+005 0000
  0.7812066674E+005 0000
  0.7818061776E+005 0000
  0.7824056851E+005 0000
  0.7830052440E+005 0000
  0.7836049802E+005 0000
  0.7842049537E+005 0000
  0.7848051750E+005 0000
  0.7854056613E+005 0000
  0.7860063789E+005 0000
  0.7866073566E+005 0000
  0.7872086029E+005 0000
  0.7878054414E+005 0000
  0.7884071010E+005 0000
  0.7890089130E+005 0000
  0.7896062556E+005 0000
  0.7902082906E+005 0000
  0.7908054764E+005 0000
  0.7914071115E+005 0000
  0.7920086064E+005 0000
  0.7926052855E+005 0000
  0.7932063573E+005 0000
  0.7938071771E+005 0000
  0.7944077631E+005 0000
  0.7950082086E+005 0000
  0.7956085380E+005 0000
  0.7962087329E+005 0000
  0.7968087551E+005 0000
  0.7974085408E+005 0000
  0.7980080993E+005 0000
  0.7986075368E+005 0000
  0.7992069310E+005 0000
  0.7998063834E+005 0000
  0.8004059474E+005 0000
  0.8010056248E+005 0000
  0.8016054164E+005 0000
  0.8022053526E+005 0000
  0.8028054673E+005 0000
  0.8034054864E+005 0000
  0.8040053954E+005 0000
  0.8046051977E+005 0000
  0.8052048877E+005 0000
  0.8058090419E+005 0000
  0.8064084958E+005 0000
  0.8070079906E+005 0000
  0.8076076453E+005 0000
  0.8082074968E+005 0000
  0.8088075594E+005 0000
  0.8094077614E+005 0000
  0.8100080894E+005 0000
  0.8106085689E+005 0000
  0.8112046349E+005 0000
  0.8118055431E+005 0000
  0.8124066575E+005 0000
  0.8130080066E+005 0000
  0.8136049537E+005 0000
  0.8142067892E+005 0000
  0.8148089658E+005 0000
  0.8154069278E+005 0000
  0.8160052593E+005 0000
  0.8166085228E+005 0000
  0.8172073447E+005 0000
  0.8178061655E+005 0000
  0.8184048055E+005 0000
  0.8190079028E+005 0000
  0.8196062338E+005 0000
  0.8202090663E+005 0000
  0.8208070547E+005 0000
  0.8214048156E+005 0000
  0.8220069736E+005 0000
  0.8226089732E+005 0000
  0.8232063384E+005 0000
  0.8238083719E+005 0000
  0.8244057767E+005 0000
  0.8250078045E+005 0000
  0.8256051461E+005 0000
  0.8262070554E+005 0000
  0.8268089464E+005 0000
  0.8274062780E+005 0000
  0.8280083467E+005 0000
  0.8286058765E+005 0000
  0.8292081166E+005 0000
  0.8298058005E+005 0000
  0.8304080813E+005 0000
  0.8310056241E+005 0000
  0.8316077466E+005 0000
  0.8322052714E+005 0000
  0.8328074470E+005 0000
  0.8334050268E+005 0000
  0.8340072212E+005 0000
  0.8346047561E+005 0000
  0.8352069642E+005 0000
  0.8358046402E+005 0000
  0.8364070374E+005 0000
  0.8370048353E+005 0000
  0.8376073347E+005 0000
  0.8382053098E+005 0000
  0.8388080860E+005 0000
  0.8394064311E+005 0000
  0.8400049697E+005 0000
  0.8406082492E+005 0000
  0.8412069326E+005 0000
  0.8418055800E+005 0000
  0.8424088880E+005 0000
  0.8430076729E+005 0000
  0.8436065957E+005 0000
  0.8442056609E+005 0000
  0.8448048174E+005 0000
  0.8454086760E+005 0000
  0.8460079357E+005 0000
  0.8466072482E+005 0000
  0.8472065763E+005 0000
  0.8478058781E+005 0000
  0.8484051479E+005 0000
  0.8490091394E+005 0000
  0.8496086328E+005 0000
  0.8502082780E+005 0000
  0.8508080316E+005 0000
  0.8514078165E+005 0000
  0.8520075918E+005 0000
  0.8526073403E+005 0000
  0.8532070291E+005 0000
  0.8538066681E+005 0000
  0.8544062923E+005 0000
  0.8550059812E+005 0000
  0.8556057604E+005 0000
  0.8562055200E+005 0000
  0.8568052938E+005 0000
  0.8574050973E+005 0000
  0.8580049271E+005 0000
  0.8586047541E+005 0000
  0.8592091485E+005 0000
  0.8598088434E+005 0000
  0.8604085832E+005 0000
  0.8610083851E+005 0000
  0.8616082260E+005 0000
  0.8622081062E+005 0000
  0.8628080287E+005 0000
  0.8634080237E+005 0000
  0.8640080556E+005 0000
  0.8646080638E+005 0000
  0.8652079962E+005 0000
  0.8658078689E+005 0000
  0.8664077439E+005 0000
  0.8670076993E+005 0000
  0.8676078502E+005 0000
  0.8682081809E+005 0000
  0.8688086270E+005 0000
  0.8694091640E+005 0000
  0.8700050905E+005 0000
  0.8706057187E+005 0000
  0.8712064535E+005 0000
  0.8718072726E+005 0000
  0.8724080528E+005 0000
  0.8730088448E+005 0000
  0.8736049422E+005 0000
  0.8742056043E+005 0000
  0.8748061794E+005 0000
  0.8754067089E+005 0000
  0.8760072675E+005 0000
  0.8766078859E+005 0000
  0.8772085592E+005 0000
  0.8778092915E+005 0000
  0.8784054043E+005 0000
  0.8790061187E+005 0000
  0.8796067694E+005 0000
  0.8802073962E+005 0000
  0.8808080603E+005 0000
  0.8814087842E+005 0000
  0.8820048778E+005 0000
  0.8826055788E+005 0000
  0.8832062094E+005 0000
  0.8838067317E+005 0000
  0.8844071920E+005 0000
  0.8850077141E+005 0000
  0.8856083674E+005 0000
  0.8862091495E+005 0000
  0.8868053415E+005 0000
  0.8874062335E+005 0000
  0.8880071979E+005 0000
  0.8886083132E+005 0000
  0.8892049129E+005 0000
  0.8898063411E+005 0000
  0.8904079529E+005 0000
  0.8910051283E+005 0000
  0.8916072303E+005 0000
  0.8922049621E+005 0000
  0.8928076305E+005 0000
  0.8934057979E+005 0000
  0.8940088125E+005 0000
  0.8946073529E+005 0000
  0.8952060894E+005 0000
  0.8958048509E+005 0000
  0.8964080957E+005 0000
  0.8970064681E+005 0000
  0.8976093345E+005 0000
  0.8982073644E+005 0000
  0.8988051578E+005 0000
  0.8994073679E+005 0000
  0.9000047164E+005 0000
  0.9006066529E+005 0000
  0.9012086022E+005 0000
  0.9018058888E+005 0000
  0.9024078122E+005 0000
  0.9030049933E+005 0000
  0.9036067452E+005 0000
  0.9042084497E+005 0000
  0.9048055145E+005 0000
  0.9054072513E+005 0000
  0.9060090523E+005 0000
  0.9066063428E+005 0000
  0.9072085008E+005 0000
  0.9078058294E+005 0000
  0.9084076617E+005 0000
  0.9090047197E+005 0000
  0.9096064149E+005 0000
  0.9102081218E+005 0000
  0.9108051629E+005 0000
  0.9114068616E+005 0000
  0.9120085480E+005 0000
  0.9126056035E+005 0000
  0.9132074997E+005 0000
  0.9138049535E+005 0000
  0.9144073050E+005 0000
  0.9150052163E+005 0000
  0.9156080002E+005 0000
  0.9162063452E+005 0000
  0.9168049887E+005 0000
  0.9174086259E+005 0000
  0.9180078301E+005 0000
  0.9186072179E+005 0000
  0.9192067748E+005 0000
  0.9198065305E+005 0000
  0.9204065004E+005 0000
  0.9210066719E+005 0000
  0.9216070292E+005 0000
  0.9222075736E+005 0000
  0.9228083235E+005 0000
  0.9234092373E+005 0000
  0.9240055046E+005 0000
  0.9246063610E+005 0000
  0.9252071556E+005 0000
  0.9258079187E+005 0000
  0.9264085968E+005 0000
  0.9270091200E+005 0000
  0.9276047439E+005 0000
  0.9282048376E+005 0000
  0.9288047771E+005 0000
  0.9294047036E+005 0000
  0.9300093590E+005 0000
  0.9306093221E+005 0000
  0.9312092720E+005 0000
  0.9318091980E+005 0000
  0.9324091170E+005 0000
  0.9330090508E+005 0000
  0.9336089395E+005 0000
  0.9342087637E+005 0000
  0.9348085533E+005 0000
  0.9354083247E+005 0000
  0.9360081395E+005 0000
  0.9366080485E+005 0000
  0.9372080448E+005 0000
  0.9378081303E+005 0000
  0.9384081970E+005 0000
  0.9390081766E+005 0000
  0.9396080974E+005 0000
  0.9402079630E+005 0000
  0.9408077865E+005 0000
  0.9414076333E+005 0000
  0.9420075505E+005 0000
  0.9426075127E+005 0000
  0.9432074615E+005 0000
  0.9438073540E+005 0000
  0.9444072210E+005 0000
  0.9450071993E+005 0000
  0.9456073511E+005 0000
  0.9462076911E+005 0000
  0.9468081908E+005 0000
  0.9474088177E+005 0000
  0.9480048860E+005 0000
  0.9486057803E+005 0000
  0.9492068346E+005 0000
  0.9498080502E+005 0000
  0.9504047184E+005 0000
  0.9510062688E+005 0000
  0.9516080402E+005 0000
  0.9522053225E+005 0000
  0.9528074803E+005 0000
  0.9534050542E+005 0000
  0.9540073982E+005 0000
  0.9546050508E+005 0000
  0.9552074374E+005 0000
  0.9558051971E+005 0000
  0.9564075609E+005 0000
  0.9570050782E+005 0000
  0.9576072259E+005 0000
  0.9582092871E+005 0000
  0.9588064973E+005 0000
  0.9594082393E+005 0000
  0.9600051044E+005 0000
  0.9606065308E+005 0000
  0.9612079250E+005 0000
  0.9618093117E+005 0000
  0.9624059814E+005 0000
  0.9630073069E+005 0000
  0.9636085815E+005 0000
  0.9642051601E+005 0000
  0.9648064352E+005 0000
  0.9654077418E+005 0000
  0.9660091314E+005 0000
  0.9666059274E+005 0000
  0.9672075451E+005 0000
  0.9678090759E+005 0000
  0.9684057873E+005 0000
  0.9690071222E+005 0000
  0.9696084581E+005 0000
  0.9702052212E+005 0000
  0.9708068023E+005 0000
  0.9714084473E+005 0000
  0.9720053777E+005 0000
  0.9726069807E+005 0000
  0.9732085976E+005 0000
  0.9738055892E+005 0000
  0.9744074232E+005 0000
  0.9750093745E+005 0000
  0.9756066886E+005 0000
  0.9762088149E+005 0000
  0.9768063782E+005 0000
  0.9774087985E+005 0000
  0.9780066802E+005 0000
  0.9786093852E+005 0000
  0.9792075025E+005 0000
  0.9798057336E+005 0000
  0.9804086175E+005 0000
  0.9810066520E+005 0000
  0.9816092568E+005 0000
  0.9822070503E+005 0000
  0.9828047826E+005 0000
  0.9834071759E+005 0000
  0.9840047982E+005 0000
  0.9846070914E+005 0000
  0.9852047099E+005 0000
  0.9858071163E+005 0000
  0.9864049747E+005 0000
  0.9870076215E+005 0000
  0.9876055534E+005 0000
  0.9882082131E+005 0000
  0.9888061849E+005 0000
  0.9894088454E+005 0000
  0.9900066883E+005 0000
  0.9906091386E+005 0000
  0.9912068124E+005 0000
  0.9918091686E+005 0000
  0.9924068267E+005 0000
  0.9930092398E+005 0000
  0.9936070420E+005 0000
  0.9942049386E+005 0000
  0.9948076534E+005 0000
  0.9954058114E+005 0000
  0.9960087651E+005 0000
  0.9966070874E+005 0000
  0.9972054907E+005 0000
  0.9978087095E+005 0000
  0.9984073825E+005 0000
  0.9990062669E+005 0000
  0.9996053479E+005 0000
  0.1000209285E+006 0000
  0.1000808612E+006 0000
  0.1001408058E+006 0000
  0.1002007465E+006 0000
  0.1002606705E+006 0000
  0.1003205825E+006 0000
  0.1003804894E+006 0000
  0.1004408610E+006 0000
  0.1005007522E+006 0000
  0.1005606307E+006 0000
  0.1006204934E+006 0000
  0.1006808136E+006 0000
  0.1007406538E+006 0000
  0.1008004903E+006 0000
  0.1008607964E+006 0000
  0.1009206327E+006 0000
  0.1009804724E+006 0000
  0.1010407864E+006 0000
  0.1011006323E+006 0000
  0.1011604833E+006 0000
  0.1012208049E+006 0000
  0.1012806556E+006 0000
  0.1013405082E+006 0000
  0.1014008425E+006 0000
  0.1014607054E+006 0000
  0.1015205530E+006 0000
  0.1015808675E+006 0000
  0.1016407145E+006 0000
  0.1017005651E+006 0000
  0.1017608885E+006 0000
  0.1018207384E+006 0000
  0.1018805850E+006 0000
  0.1019409031E+006 0000
  0.1020007544E+006 0000
  0.1020606124E+006 0000
  0.1021204748E+006 0000
  0.1021808169E+006 0000
  0.1022406986E+006 0000
  0.1023005967E+006 0000
  0.1023605165E+006 0000
  0.1024209312E+006 0000
  0.1024808980E+006 0000
  0.1025408853E+006 0000
  0.1026008873E+006 0000
  0.1026609036E+006 0000
  0.1027209364E+006 0000
  0.1027805071E+006 0000
  0.1028405579E+006 0000
  0.1029006132E+006 0000
  0.1029606808E+006 0000
  0.1030207678E+006 0000
  0.1030808746E+006 0000
  0.1031405083E+006 0000
  0.1032006109E+006 0000
  0.1032607116E+006 0000
  0.1033208063E+006 0000
  0.1033808900E+006 0000
  0.1034404847E+006 0000
  0.1035005342E+006 0000
  0.1035605696E+006 0000
  0.1036205891E+006 0000
  0.1036805968E+006 0000
  0.1037405955E+006 0000
  0.1038005863E+006 0000
  0.1038605702E+006 0000
  0.1039205519E+006 0000
  0.1039805344E+006 0000
  0.1040405159E+006 0000
  0.1041004928E+006 0000
  0.1041609374E+006 0000
  0.1042209116E+006 0000
  0.1042808929E+006 0000
  0.1043408860E+006 0000
  0.1044008882E+006 0000
  0.1044608990E+006 0000
  0.1045209073E+006 0000
  0.1045809064E+006 0000
  0.1046408901E+006 0000
  0.1047008632E+006 0000
  0.1047608331E+006 0000
  0.1048208065E+006 0000
  0.1048807854E+006 0000
  0.1049407672E+006 0000
  0.1050007497E+006 0000
  0.1050607332E+006 0000
  0.1051207187E+006 0000
  0.1051807121E+006 0000
  0.1052407249E+006 0000
  0.1053007591E+006 0000
  0.1053608180E+006 0000
  0.1054209027E+006 0000
  0.1054805419E+006 0000
  0.1055406810E+006 0000
  0.1056008452E+006 0000
  0.1056605561E+006 0000
  0.1057207554E+006 0000
  0.1057804978E+006 0000
  0.1058407383E+006 0000
  0.1059005325E+006 0000
  0.1059608216E+006 0000
  0.1060206250E+006 0000
  0.1060808915E+006 0000
  0.1061406681E+006 0000
  0.1062009021E+006 0000
  0.1062606442E+006 0000
  0.1063208446E+006 0000
  0.1063805585E+006 0000
  0.1064407374E+006 0000
  0.1065009105E+006 0000
  0.1065606015E+006 0000
  0.1066207537E+006 0000
  0.1066808968E+006 0000
  0.1067405600E+006 0000
  0.1068006943E+006 0000
  0.1068608352E+006 0000
  0.1069205068E+006 0000
  0.1069806593E+006 0000
  0.1070408215E+006 0000
  0.1071005219E+006 0000
  0.1071607032E+006 0000
  0.1072208723E+006 0000
  0.1072805633E+006 0000
  0.1073407270E+006 0000
  0.1074008834E+006 0000
  0.1074605561E+006 0000
  0.1075206950E+006 0000
  0.1075808348E+006 0000
  0.1076405117E+006 0000
  0.1077006809E+006 0000
  0.1077608718E+006 0000
  0.1078206044E+006 0000
  0.1078808252E+006 0000
  0.1079405812E+006 0000
  0.1080008222E+006 0000
  0.1080606013E+006 0000
  0.1081208662E+006 0000
  0.1081806690E+006 0000
  0.1082404829E+006 0000
  0.1083007825E+006 0000
  0.1083606221E+006 0000
  0.1084204794E+006 0000
  0.1084808274E+006 0000
  0.1085407116E+006 0000
  0.1086006000E+006 0000
  0.1086604977E+006 0000
  0.1087208832E+006 0000
  0.1087808027E+006 0000
  0.1088407286E+006 0000
  0.1089006582E+006 0000
  0.1089605901E+006 0000
  0.1090205277E+006 0000
  0.1090809360E+006 0000
  0.1091408625E+006 0000
  0.1092007901E+006 0000
  0.1092607276E+006 0000
  0.1093206639E+006 0000
  0.1093805918E+006 0000
  0.1094405166E+006 0000
  0.1095009200E+006 0000
  0.1095608535E+006 0000
  0.1096207945E+006 0000
  0.1096807373E+006 0000
  0.1097406800E+006 0000
  0.1098006267E+006 0000
  0.1098605780E+006 0000
  0.1099205310E+006 0000
  0.1099804849E+006 0000
  0.1100409165E+006 0000
  0.1101008796E+006 0000
  0.1101608537E+006 0000
  0.1102208364E+006 0000
  0.1102808243E+006 0000
  0.1103408100E+006 0000
  0.1104007949E+006 0000
  0.1104607837E+006 0000
  0.1105207811E+006 0000
  0.1105807888E+006 0000
  0.1106408032E+006 0000
  0.1107008212E+006 0000
  0.1107608458E+006 0000
  0.1108208769E+006 0000
  0.1108809140E+006 0000
  0.1109404852E+006 0000
  0.1110005388E+006 0000
  0.1110605923E+006 0000
  0.1111206412E+006 0000
  0.1111806871E+006 0000
  0.1112407364E+006 0000
  0.1113007924E+006 0000
  0.1113608559E+006 0000
  0.1114209249E+006 0000
  0.1114805209E+006 0000
  0.1115405977E+006 0000
  0.1116006753E+006 0000
  0.1116607559E+006 0000
  0.1117208310E+006 0000
  0.1117808979E+006 0000
  0.1118404836E+006 0000
  0.1119005518E+006 0000
  0.1119606305E+006 0000
  0.1120207187E+006 0000
  0.1120808108E+006 0000
  0.1121409051E+006 0000
  0.1122005191E+006 0000
  0.1122606067E+006 0000
  0.1123206957E+006 0000
  0.1123807886E+006 0000
  0.1124408831E+006 0000
  0.1125005010E+006 0000
  0.1125605941E+006 0000
  0.1126206864E+006 0000
  0.1126807846E+006 0000
  0.1127408871E+006 0000
  0.1128005181E+006 0000
  0.1128606286E+006 0000
  0.1129207403E+006 0000
  0.1129808597E+006 0000
  0.1130405145E+006 0000
  0.1131006610E+006 0000
  0.1131608200E+006 0000
  0.1132205122E+006 0000
  0.1132806987E+006 0000
  0.1133409056E+006 0000
  0.1134006518E+006 0000
  0.1134608915E+006 0000
  0.1135206634E+006 0000
  0.1135809185E+006 0000
  0.1136407028E+006 0000
  0.1137004977E+006 0000
  0.1137607878E+006 0000
  0.1138206000E+006 0000
  0.1138808762E+006 0000
  0.1139406627E+006 0000
  0.1140009199E+006 0000
  0.1140606909E+006 0000
  0.1141209283E+006 0000
  0.1141806727E+006 0000
  0.1142408796E+006 0000
  0.1143005964E+006 0000
  0.1143607783E+006 0000
  0.1144209425E+006 0000
  0.1144806146E+006 0000
  0.1145407571E+006 0000
  0.1146009022E+006 0000
  0.1146605774E+006 0000
  0.1147207418E+006 0000
  0.1147809165E+006 0000
  0.1148406247E+006 0000
  0.1149008238E+006 0000
  0.1149605384E+006 0000
  0.1150207183E+006 0000
  0.1150808896E+006 0000
  0.1151405790E+006 0000
  0.1152007487E+006 0000
  0.1152609203E+006 0000
  0.1153206145E+006 0000
  0.1153807854E+006 0000
  0.1154409529E+006 0000
  0.1155006443E+006 0000
  0.1155608252E+006 0000
  0.1156205468E+006 0000
  0.1156807639E+006 0000
  0.1157405186E+006 0000
  0.1158007661E+006 0000
  0.1158605546E+006 0000
  0.1159208410E+006 0000
  0.1159806669E+006 0000
  0.1160405127E+006 0000
  0.1161008554E+006 0000
  0.1161607438E+006 0000
  0.1162206602E+006 0000
  0.1162806044E+006 0000
  0.1163405731E+006 0000
  0.1164005582E+006 0000
  0.1164605530E+006 0000
  0.1165205566E+006 0000
  0.1165805539E+006 0000
  0.1166405357E+006 0000
  0.1167004979E+006 0000
  0.1167609214E+006 0000
  0.1168208499E+006 0000
  0.1168807689E+006 0000
  0.1169406746E+006 0000
  0.1170005648E+006 0000
  0.1170609217E+006 0000
  0.1171207928E+006 0000
  0.1171806631E+006 0000
  0.1172405355E+006 0000
  0.1173008859E+006 0000
  0.1173607545E+006 0000
  0.1174206223E+006 0000
  0.1174804903E+006 0000
  0.1175408420E+006 0000
  0.1176007197E+006 0000
  0.1176606020E+006 0000
  0.1177204921E+006 0000
  0.1177808721E+006 0000
  0.1178407601E+006 0000
  0.1179006369E+006 0000
  0.1179605067E+006 0000
  0.1180208532E+006 0000
  0.1180807264E+006 0000
  0.1181406089E+006 0000
  0.1182004957E+006 0000
  0.1182608614E+006 0000
  0.1183207447E+006 0000
  0.1183806279E+006 0000
  0.1184405209E+006 0000
  0.1185009064E+006 0000
  0.1185608281E+006 0000
  0.1186207652E+006 0000
  0.1186807171E+006 0000
  0.1187406870E+006 0000
  0.1188006763E+006 0000
  0.1188606839E+006 0000
  0.1189207063E+006 0000
  0.1189807376E+006 0000
  0.1190407799E+006 0000
  0.1191008389E+006 0000
  0.1191609118E+006 0000
  0.1192205178E+006 0000
  0.1192806170E+006 0000
  0.1193407259E+006 0000
  0.1194008463E+006 0000
  0.1194604976E+006 0000
  0.1195206453E+006 0000
  0.1195808079E+006 0000
  0.1196405008E+006 0000
  0.1197006812E+006 0000
  0.1197608673E+006 0000
  0.1198205795E+006 0000
  0.1198807673E+006 0000
  0.1199409407E+006 0000
  0.1200006206E+006 0000
  0.1200607769E+006 0000
  0.1201209377E+006 0000
  0.1201806190E+006 0000
  0.1202407818E+006 0000
  0.1203009463E+006 0000
  0.1203606328E+006 0000
  0.1204208015E+006 0000
  0.1204804871E+006 0000
  0.1205406487E+006 0000
  0.1206008068E+006 0000
  0.1206604837E+006 0000
  0.1207206474E+006 0000
  0.1207808219E+006 0000
  0.1208405122E+006 0000
  0.1209006765E+006 0000
  0.1209608394E+006 0000
  0.1210205231E+006 0000
  0.1210806875E+006 0000
  0.1211408502E+006 0000
  0.1212005272E+006 0000
  0.1212606835E+006 0000
  0.1213208417E+006 0000
  0.1213805245E+006 0000
  0.1214406952E+006 0000
  0.1215008680E+006 0000
  0.1215605589E+006 0000
  0.1216207391E+006 0000
  0.1216809336E+006 0000
  0.1217406625E+006 0000
  0.1218008930E+006 0000
  0.1218606568E+006 0000
  0.1219209182E+006 0000
  0.1219807138E+006 0000
  0.1220405222E+006 0000
  0.1221008263E+006 0000
  0.1221606590E+006 0000
  0.1222205005E+006 0000
  0.1222808350E+006 0000
  0.1223406997E+006 0000
  0.1224005787E+006 0000
  0.1224609429E+006 0000
  0.1225208191E+006 0000
  0.1225806940E+006 0000
  0.1226405757E+006 0000
  0.1227009459E+006 0000
  0.1227608328E+006 0000
  0.1228207163E+006 0000
  0.1228805946E+006 0000
  0.1229409566E+006 0000
  0.1230008412E+006 0000
  0.1230607300E+006 0000
  0.1231206191E+006 0000
  0.1231805055E+006 0000
  0.1232408711E+006 0000
  0.1233007489E+006 0000
  0.1233606212E+006 0000
  0.1234204919E+006 0000
  0.1234808471E+006 0000
  0.1235407243E+006 0000
  0.1236006068E+006 0000
  0.1236604910E+006 0000
  0.1237208608E+006 0000
  0.1237807523E+006 0000
  0.1238406475E+006 0000
  0.1239005478E+006 0000
  0.1239609395E+006 0000
  0.1240208532E+006 0000
  0.1240807732E+006 0000
  0.1241407019E+006 0000
  0.1242006468E+006 0000
  0.1242606169E+006 0000
  0.1243206112E+006 0000
  0.1243806245E+006 0000
  0.1244406484E+006 0000
  0.1245006793E+006 0000
  0.1245607170E+006 0000
  0.1246207644E+006 0000
  0.1246808218E+006 0000
  0.1247408785E+006 0000
  0.1248009299E+006 0000
  0.1248604885E+006 0000
  0.1249205204E+006 0000
  0.1249805436E+006 0000
  0.1250405600E+006 0000
  0.1251005728E+006 0000
  0.1251605823E+006 0000
  0.1252205883E+006 0000
  0.1252805893E+006 0000
  0.1253405818E+006 0000
  0.1254005652E+006 0000
  0.1254605442E+006 0000
  0.1255205250E+006 0000
  0.1255805134E+006 0000
  0.1256405099E+006 0000
  0.1257005110E+006 0000
  0.1257605209E+006 0000
  0.1258205336E+006 0000
  0.1258805340E+006 0000
  0.1259405214E+006 0000
  0.1260004999E+006 0000
  0.1260609612E+006 0000
  0.1261209448E+006 0000
  0.1261809339E+006 0000
  0.1262409248E+006 0000
  0.1263009195E+006 0000
  0.1263609187E+006 0000
  0.1264209243E+006 0000
  0.1264809388E+006 0000
  0.1265409649E+006 0000
  0.1266005215E+006 0000
  0.1266605801E+006 0000
  0.1267206570E+006 0000
  0.1267807535E+006 0000
  0.1268408708E+006 0000
  0.1269005186E+006 0000
  0.1269606624E+006 0000
  0.1270208114E+006 0000
  0.1270809691E+006 0000
  0.1271406565E+006 0000
  0.1272008491E+006 0000
  0.1272605788E+006 0000
  0.1273208145E+006 0000
  0.1273805749E+006 0000
  0.1274408312E+006 0000
  0.1275006082E+006 0000
  0.1275608610E+006 0000
  0.1276206176E+006 0000
  0.1276808535E+006 0000
  0.1277405977E+006 0000
  0.1278008214E+006 0000
  0.1278605527E+006 0000
  0.1279207605E+006 0000
  0.1279809593E+006 0000
  0.1280406633E+006 0000
  0.1281008464E+006 0000
  0.1281605414E+006 0000
  0.1282207169E+006 0000
  0.1282808886E+006 0000
  0.1283405741E+006 0000
  0.1284007455E+006 0000
  0.1284609207E+006 0000
  0.1285206155E+006 0000
  0.1285807965E+006 0000
  0.1286404897E+006 0000
  0.1287006636E+006 0000
  0.1287608409E+006 0000
  0.1288205450E+006 0000
  0.1288807384E+006 0000
  0.1289409229E+006 0000
  0.1290006187E+006 0000
  0.1290608014E+006 0000
  0.1291205020E+006 0000
  0.1291806875E+006 0000
  0.1292408741E+006 0000
  0.1293005740E+006 0000
  0.1293607555E+006 0000
  0.1294209373E+006 0000
  0.1294806316E+006 0000
  0.1295408095E+006 0000
  0.1296005041E+006 0000
  0.1296606902E+006 0000
  0.1297208870E+006 0000
  0.1297806138E+006 0000
  0.1298408435E+006 0000
  0.1299006044E+006 0000
  0.1299608644E+006 0000
  0.1300206505E+006 0000
  0.1300809411E+006 0000
  0.1301407655E+006 0000
  0.1302006095E+006 0000
  0.1302609561E+006 0000
  0.1303208253E+006 0000
  0.1303807095E+006 0000
  0.1304406129E+006 0000
  0.1305005370E+006 0000
  0.1305609700E+006 0000
  0.1306209328E+006 0000
  0.1306809052E+006 0000
  0.1307408846E+006 0000
  0.1308008692E+006 0000
  0.1308608525E+006 0000
  0.1309208277E+006 0000
  0.1309807921E+006 0000
  0.1310407403E+006 0000
  0.1311006756E+006 0000
  0.1311605954E+006 0000
  0.1312205006E+006 0000
  0.1312808802E+006 0000
  0.1313407641E+006 0000
  0.1314006463E+006 0000
  0.1314605308E+006 0000
  0.1315209003E+006 0000
  0.1315807772E+006 0000
  0.1316406488E+006 0000
  0.1317005193E+006 0000
  0.1317608842E+006 0000
  0.1318207721E+006 0000
  0.1318806709E+006 0000
  0.1319405804E+006 0000
  0.1320004891E+006 0000
  0.1320608805E+006 0000
  0.1321207776E+006 0000
  0.1321806685E+006 0000
  0.1322405573E+006 0000
  0.1323009318E+006 0000
  0.1323608220E+006 0000
  0.1324207164E+006 0000
  0.1324806124E+006 0000
  0.1325405107E+006 0000
  0.1326008954E+006 0000
  0.1326607941E+006 0000
  0.1327206993E+006 0000
  0.1327806134E+006 0000
  0.1328405401E+006 0000
  0.1329009654E+006 0000
  0.1329609200E+006 0000
  0.1330208969E+006 0000
  0.1330808970E+006 0000
  0.1331409182E+006 0000
  0.1332009557E+006 0000
  0.1332605132E+006 0000
  0.1333205648E+006 0000
  0.1333806288E+006 0000
  0.1334407091E+006 0000
  0.1335008088E+006 0000
  0.1335609236E+006 0000
  0.1336205471E+006 0000
  0.1336806522E+006 0000
  0.1337407507E+006 0000
  0.1338008432E+006 0000
  0.1338609307E+006 0000
  0.1339205259E+006 0000
  0.1339806053E+006 0000
  0.1340406856E+006 0000
  0.1341007667E+006 0000
  0.1341608437E+006 0000
  0.1342209200E+006 0000
  0.1342805073E+006 0000
  0.1343405864E+006 0000
  0.1344006734E+006 0000
  0.1344607673E+006 0000
  0.1345208639E+006 0000
  0.1345809590E+006 0000
  0.1346405642E+006 0000
  0.1347006529E+006 0000
  0.1347607341E+006 0000
  0.1348208132E+006 0000
  0.1348808956E+006 0000
  0.1349404966E+006 0000
  0.1350005928E+006 0000
  0.1350606888E+006 0000
  0.1351207842E+006 0000
  0.1351808792E+006 0000
  0.1352409741E+006 0000
  0.1353005869E+006 0000
  0.1353607006E+006 0000
  0.1354208285E+006 0000
  0.1354809698E+006 0000
  0.1355406348E+006 0000
  0.1356007994E+006 0000
  0.1356609747E+006 0000
  0.1357206699E+006 0000
  0.1357808631E+006 0000
  0.1358405730E+006 0000
  0.1359007764E+006 0000
  0.1359604999E+006 0000
  0.1360207127E+006 0000
  0.1360809105E+006 0000
  0.1361406102E+006 0000
  0.1362007988E+006 0000
  0.1362604983E+006 0000
  0.1363206874E+006 0000
  0.1363808756E+006 0000
  0.1364405741E+006 0000
  0.1365007644E+006 0000
  0.1365609589E+006 0000
  0.1366206692E+006 0000
  0.1366808750E+006 0000
  0.1367405905E+006 0000
  0.1368007933E+006 0000
  0.1368605057E+006 0000
  0.1369207064E+006 0000
  0.1369809129E+006 0000
  0.1370406304E+006 0000
  0.1371008313E+006 0000
  0.1371605386E+006 0000
  0.1372207338E+006 0000
  0.1372809284E+006 0000
  0.1373406327E+006 0000
  0.1374008246E+006 0000
  0.1374605314E+006 0000
  0.1375207336E+006 0000
  0.1375809412E+006 0000
  0.1376406596E+006 0000
  0.1377008654E+006 0000
  0.1377605857E+006 0000
  0.1378208031E+006 0000
  0.1378805453E+006 0000
  0.1379407948E+006 0000
  0.1380005683E+006 0000
  0.1380608404E+006 0000
  0.1381206287E+006 0000
  0.1381809129E+006 0000
  0.1382407131E+006 0000
  0.1383005234E+006 0000
  0.1383608326E+006 0000
  0.1384206626E+006 0000
  0.1384805019E+006 0000
  0.1385408407E+006 0000
  0.1386007007E+006 0000
  0.1386605732E+006 0000
  0.1387209518E+006 0000
  0.1387808478E+006 0000
  0.1388407479E+006 0000
  0.1389006531E+006 0000
  0.1389605645E+006 0000
  0.1390209628E+006 0000
  0.1390808626E+006 0000
  0.1391407588E+006 0000
  0.1392006482E+006 0000
  0.1392605299E+006 0000
  0.1393208898E+006 0000
  0.1393807436E+006 0000
  0.1394405885E+006 0000
  0.1395009204E+006 0000
  0.1395607632E+006 0000
  0.1396206105E+006 0000
  0.1396809494E+006 0000
  0.1397407959E+006 0000
  0.1398006388E+006 0000
  0.1398609656E+006 0000
  0.1399207995E+006 0000
  0.1399806376E+006 0000
  0.1400409708E+006 0000
  0.1401008196E+006 0000
  0.1401606747E+006 0000
  0.1402205363E+006 0000
  0.1402808805E+006 0000
  0.1403407268E+006 0000
  0.1404005697E+006 0000
  0.1404609020E+006 0000
  0.1405207467E+006 0000
  0.1405805921E+006 0000
  0.1406409238E+006 0000
  0.1407007610E+006 0000
  0.1407605982E+006 0000
  0.1408209291E+006 0000
  0.1408807794E+006 0000
  0.1409406358E+006 0000
  0.1410004972E+006 0000
  0.1410608577E+006 0000
  0.1411207371E+006 0000
  0.1411806301E+006 0000
  0.1412405404E+006 0000
  0.1413009622E+006 0000
  0.1413609126E+006 0000
  0.1414208776E+006 0000
  0.1414808568E+006 0000
  0.1415408542E+006 0000
  0.1416008729E+006 0000
  0.1416609163E+006 0000
  0.1417204940E+006 0000
  0.1417805845E+006 0000
  0.1418406947E+006 0000
  0.1419008214E+006 0000
  0.1419609611E+006 0000
  0.1420206068E+006 0000
  0.1420807427E+006 0000
  0.1421408761E+006 0000
  0.1422005138E+006 0000
  0.1422606320E+006 0000
  0.1423207325E+006 0000
  0.1423808153E+006 0000
  0.1424408818E+006 0000
  0.1425009344E+006 0000
  0.1425609791E+006 0000
  0.1426205251E+006 0000
  0.1426805551E+006 0000
  0.1427405785E+006 0000
  0.1428005947E+006 0000
  0.1428606090E+006 0000
  0.1429206258E+006 0000
  0.1429806468E+006 0000
  0.1430406749E+006 0000
  0.1431007072E+006 0000
  0.1431607464E+006 0000
  0.1432207969E+006 0000
  0.1432808498E+006 0000
  0.1433408895E+006 0000
  0.1434009175E+006 0000
  0.1434609411E+006 0000
  0.1435209641E+006 0000
  0.1435804921E+006 0000
  0.1436405130E+006 0000
  0.1437005391E+006 0000
  0.1437605742E+006 0000
  0.1438206223E+006 0000
  0.1438806815E+006 0000
  0.1439407509E+006 0000
  0.1440008271E+006 0000
  0.1440609095E+006 0000
  0.1441205111E+006 0000
  0.1441806229E+006 0000
  0.1442407551E+006 0000
  0.1443009104E+006 0000
  0.1443605916E+006 0000
  0.1444207797E+006 0000
  0.1444809810E+006 0000
  0.1445406991E+006 0000
  0.1446009250E+006 0000
  0.1446606754E+006 0000
  0.1447209344E+006 0000
  0.1447807122E+006 0000
  0.1448405016E+006 0000
  0.1449008006E+006 0000
  0.1449606070E+006 0000
  0.1450208994E+006 0000
  0.1450806930E+006 0000
  0.1451409801E+006 0000
  0.1452007732E+006 0000
  0.1452605648E+006 0000
  0.1453208470E+006 0000
  0.1453806327E+006 0000
  0.1454409113E+006 0000
  0.1455006972E+006 0000
  0.1455609782E+006 0000
  0.1456207630E+006 0000
  0.1456805439E+006 0000
  0.1457408164E+006 0000
  0.1458005950E+006 0000
  0.1458608709E+006 0000
  0.1459206642E+006 0000
  0.1459809509E+006 0000
  0.1460407368E+006 0000
  0.1461005251E+006 0000
  0.1461608118E+006 0000
  0.1462206071E+006 0000
  0.1462808984E+006 0000
  0.1463406956E+006 0000
  0.1464009881E+006 0000
  0.1464607882E+006 0000
  0.1465205881E+006 0000
  0.1465808818E+006 0000
  0.1466406795E+006 0000
  0.1467009741E+006 0000
  0.1467607798E+006 0000
  0.1468205960E+006 0000
  0.1468809152E+006 0000
  0.1469407447E+006 0000
  0.1470005761E+006 0000
  0.1470609039E+006 0000
  0.1471207418E+006 0000
  0.1471805859E+006 0000
  0.1472409356E+006 0000
  0.1473008027E+006 0000
  0.1473606800E+006 0000
  0.1474205623E+006 0000
  0.1474809449E+006 0000
  0.1475408406E+006 0000
  0.1476007441E+006 0000
  0.1476606559E+006 0000
  0.1477205689E+006 0000
  0.1477809755E+006 0000
  0.1478408840E+006 0000
  0.1479007915E+006 0000
  0.1479607018E+006 0000
  0.1480206164E+006 0000
  0.1480805342E+006 0000
  0.1481409500E+006 0000
  0.1482008730E+006 0000
  0.1482608014E+006 0000
  0.1483207354E+006 0000
  0.1483806692E+006 0000
  0.1484406003E+006 0000
  0.1485005301E+006 0000
  0.1485609524E+006 0000
  0.1486208819E+006 0000
  0.1486808176E+006 0000
  0.1487407620E+006 0000
  0.1488007143E+006 0000
  0.1488606667E+006 0000
  0.1489206146E+006 0000
  0.1489805560E+006 0000
  0.1490409883E+006 0000
  0.1491009260E+006 0000
  0.1491608660E+006 0000
  0.1492208071E+006 0000
  0.1492807513E+006 0000
  0.1493406982E+006 0000
  0.1494006505E+006 0000
  0.1494606148E+006 0000
  0.1495205872E+006 0000
  0.1495805653E+006 0000
  0.1496405475E+006 0000
  0.1497005343E+006 0000
  0.1497605292E+006 0000
  0.1498205307E+006 0000
  0.1498805394E+006 0000
  0.1499405555E+006 0000
  0.1500005764E+006 0000
  0.1500606026E+006 0000
  0.1501206371E+006 0000
  0.1501806805E+006 0000
  0.1502407348E+006 0000
  0.1503007986E+006 0000
  0.1503608652E+006 0000
  0.1504209357E+006 0000
  0.1504805132E+006 0000
  0.1505405956E+006 0000
  0.1506006809E+006 0000
  0.1506607523E+006 0000
  0.1507208116E+006 0000
  0.1507808659E+006 0000
  0.1508409147E+006 0000
  0.1509009575E+006 0000
  0.1509604984E+006 0000
  0.1510205322E+006 0000
  0.1510805625E+006 0000
  0.1511405887E+006 0000
  0.1512006093E+006 0000
  0.1512606220E+006 0000
  0.1513206281E+006 0000
  0.1513806308E+006 0000
  0.1514406352E+006 0000
  0.1515006471E+006 0000
  0.1515606702E+006 0000
  0.1516207032E+006 0000
  0.1516807408E+006 0000
  0.1517407727E+006 0000
  0.1518007994E+006 0000
  0.1518608209E+006 0000
  0.1519208360E+006 0000
  0.1519808455E+006 0000
  0.1520408543E+006 0000
  0.1521008689E+006 0000
  0.1521608871E+006 0000
  0.1522209064E+006 0000
  0.1522809239E+006 0000
  0.1523409431E+006 0000
  0.1524009683E+006 0000
  0.1524605087E+006 0000
  0.1525205601E+006 0000
  0.1525806262E+006 0000
  0.1526407094E+006 0000
  0.1527008085E+006 0000
  0.1527609253E+006 0000
  0.1528205630E+006 0000
  0.1528807143E+006 0000
  0.1529408812E+006 0000
  0.1530005656E+006 0000
  0.1530607656E+006 0000
  0.1531209871E+006 0000
  0.1531807328E+006 0000
  0.1532405012E+006 0000
  0.1533007851E+006 0000
  0.1533605659E+006 0000
  0.1534208396E+006 0000
  0.1534806095E+006 0000
  0.1535408662E+006 0000
  0.1536006091E+006 0000
  0.1536608368E+006 0000
  0.1537205541E+006 0000
  0.1537807606E+006 0000
  0.1538409593E+006 0000
  0.1539006497E+006 0000
  0.1539608297E+006 0000
  0.1540205051E+006 0000
  0.1540806734E+006 0000
  0.1541408422E+006 0000
  0.1542005134E+006 0000
  0.1542606801E+006 0000
  0.1543208451E+006 0000
  0.1543805121E+006 0000
  0.1544406775E+006 0000
  0.1545008455E+006 0000
  0.1545605207E+006 0000
  0.1546207020E+006 0000
  0.1546808922E+006 0000
  0.1547405881E+006 0000
  0.1548007703E+006 0000
  0.1548609396E+006 0000
  0.1549206001E+006 0000
  0.1549807498E+006 0000
  0.1550409021E+006 0000
  0.1551005674E+006 0000
  0.1551607404E+006 0000
  0.1552209228E+006 0000
  0.1552806138E+006 0000
  0.1553408068E+006 0000
  0.1554005102E+006 0000
  0.1554607222E+006 0000
  0.1555209479E+006 0000
  0.1555806896E+006 0000
  0.1556409413E+006 0000
  0.1557007118E+006 0000
  0.1557604992E+006 0000
  0.1558208006E+006 0000
  0.1558806188E+006 0000
  0.1559409479E+006 0000
  0.1560007898E+006 0000
  0.1560606412E+006 0000
  0.1561205034E+006 0000
  0.1561808776E+006 0000
  0.1562407686E+006 0000
  0.1563006739E+006 0000
  0.1563605894E+006 0000
  0.1564205113E+006 0000
  0.1564809394E+006 0000
  0.1565408651E+006 0000
  0.1566007813E+006 0000
  0.1566606893E+006 0000
  0.1567205925E+006 0000
  0.1567809961E+006 0000
  0.1568409016E+006 0000
  0.1569008017E+006 0000
  0.1569606935E+006 0000
  0.1570205796E+006 0000
  0.1570809574E+006 0000
  0.1571408347E+006 0000
  0.1572007104E+006 0000
  0.1572605874E+006 0000
  0.1573209673E+006 0000
  0.1573808514E+006 0000
  0.1574407397E+006 0000
  0.1575006314E+006 0000
  0.1575605256E+006 0000
  0.1576209200E+006 0000
  0.1576808126E+006 0000
  0.1577407027E+006 0000
  0.1578005968E+006 0000
  0.1578609954E+006 0000
  0.1579208922E+006 0000
  0.1579807793E+006 0000
  0.1580406623E+006 0000
  0.1581005492E+006 0000
  0.1581609396E+006 0000
  0.1582208339E+006 0000
  0.1582807279E+006 0000
  0.1583406214E+006 0000
  0.1584005194E+006 0000
  0.1584609209E+006 0000
  0.1585208283E+006 0000
  0.1585807389E+006 0000
  0.1586406505E+006 0000
  0.1587005646E+006 0000
  0.1587609831E+006 0000
  0.1588209080E+006 0000
  0.1588808446E+006 0000
  0.1589407937E+006 0000
  0.1590007537E+006 0000
  0.1590607258E+006 0000
  0.1591207091E+006 0000
  0.1591807042E+006 0000
  0.1592407097E+006 0000
  0.1593007235E+006 0000
  0.1593607453E+006 0000
  0.1594207703E+006 0000
  0.1594808007E+006 0000
  0.1595408407E+006 0000
  0.1596008941E+006 0000
  0.1596609579E+006 0000
  0.1597205225E+006 0000
  0.1597805899E+006 0000
  0.1598406560E+006 0000
  0.1599007231E+006 0000
  0.1599607933E+006 0000
  0.1600208633E+006 0000
  0.1600809276E+006 0000
  0.1601409883E+006 0000
  0.1602005473E+006 0000
  0.1602606046E+006 0000
  0.1603206618E+006 0000
  0.1603807214E+006 0000
  0.1604407875E+006 0000
  0.1605008576E+006 0000
  0.1605609214E+006 0000
  0.1606209792E+006 0000
  0.1606805317E+006 0000
  0.1607405864E+006 0000
  0.1608006434E+006 0000
  0.1608607015E+006 0000
  0.1609207601E+006 0000
  0.1609808191E+006 0000
  0.1610408823E+006 0000
  0.1611009547E+006 0000
  0.1611605348E+006 0000
  0.1612206197E+006 0000
  0.1612807090E+006 0000
  0.1613408017E+006 0000
  0.1614009048E+006 0000
  0.1614605199E+006 0000
  0.1615206524E+006 0000
  0.1615808013E+006 0000
  0.1616409587E+006 0000
  0.1617006215E+006 0000
  0.1617607917E+006 0000
  0.1618209654E+006 0000
  0.1618806435E+006 0000
  0.1619408297E+006 0000
  0.1620005223E+006 0000
  0.1620607253E+006 0000
  0.1621209345E+006 0000
  0.1621806362E+006 0000
  0.1622408299E+006 0000
  0.1623005134E+006 0000
  0.1623606944E+006 0000
  0.1624208770E+006 0000
  0.1624805584E+006 0000
  0.1625407385E+006 0000
  0.1626009141E+006 0000
  0.1626605837E+006 0000
  0.1627207530E+006 0000
  0.1627809269E+006 0000
  0.1628406075E+006 0000
  0.1629007972E+006 0000
  0.1629609904E+006 0000
  0.1630206799E+006 0000
  0.1630808659E+006 0000
  0.1631405437E+006 0000
  0.1632007170E+006 0000
  0.1632608858E+006 0000
  0.1633205521E+006 0000
  0.1633807215E+006 0000
  0.1634408953E+006 0000
  0.1635005728E+006 0000
  0.1635607563E+006 0000
  0.1636209419E+006 0000
  0.1636806287E+006 0000
  0.1637408238E+006 0000
  0.1638005269E+006 0000
  0.1638607394E+006 0000
  0.1639209635E+006 0000
  0.1639806990E+006 0000
  0.1640409529E+006 0000
  0.1641007261E+006 0000
  0.1641605205E+006 0000
  0.1642208358E+006 0000
  0.1642806593E+006 0000
  0.1643409917E+006 0000
  0.1644008313E+006 0000
  0.1644606838E+006 0000
  0.1645205527E+006 0000
  0.1645809433E+006 0000
  0.1646408462E+006 0000
  0.1647007630E+006 0000
  0.1647606917E+006 0000
  0.1648206192E+006 0000
  0.1648805357E+006 0000
  0.1649409451E+006 0000
  0.1650008402E+006 0000
  0.1650607285E+006 0000
  0.1651206109E+006 0000
  0.1651809892E+006 0000
  0.1652408564E+006 0000
  0.1653007156E+006 0000
  0.1653605676E+006 0000
  0.1654209191E+006 0000
  0.1654807678E+006 0000
  0.1655406182E+006 0000
  0.1656009700E+006 0000
  0.1656608193E+006 0000
  0.1657206716E+006 0000
  0.1657805319E+006 0000
  0.1658409071E+006 0000
  0.1659007845E+006 0000
  0.1659606600E+006 0000
  0.1660205362E+006 0000
  0.1660809157E+006 0000
  0.1661407908E+006 0000
  0.1662006616E+006 0000
  0.1662605248E+006 0000
  0.1663208846E+006 0000
  0.1663807378E+006 0000
  0.1664405931E+006 0000
  0.1665009548E+006 0000
  0.1665608183E+006 0000
  0.1666206892E+006 0000
  0.1666805642E+006 0000
  0.1667409497E+006 0000
  0.1668008401E+006 0000
  0.1668607387E+006 0000
  0.1669206455E+006 0000
  0.1669805585E+006 0000
  0.1670409836E+006 0000
  0.1671009199E+006 0000
  0.1671608755E+006 0000
  0.1672208511E+006 0000
  0.1672808434E+006 0000
  0.1673408463E+006 0000
  0.1674008609E+006 0000
  0.1674608874E+006 0000
  0.1675209246E+006 0000
  0.1675809753E+006 0000
  0.1676405308E+006 0000
  0.1677005980E+006 0000
  0.1677606712E+006 0000
  0.1678207522E+006 0000
  0.1678808442E+006 0000
  0.1679409497E+006 0000
  0.1680005644E+006 0000
  0.1680606905E+006 0000
  0.1681208086E+006 0000
  0.1681809220E+006 0000
  0.1682405254E+006 0000
  0.1683006273E+006 0000
  0.1683607220E+006 0000
  0.1684208075E+006 0000
  0.1684808883E+006 0000
  0.1685409630E+006 0000
  0.1686005225E+006 0000
  0.1686605757E+006 0000
  0.1687206207E+006 0000
  0.1687806606E+006 0000
  0.1688407023E+006 0000
  0.1689007484E+006 0000
  0.1689607983E+006 0000
  0.1690208491E+006 0000
  0.1690808974E+006 0000
  0.1691409452E+006 0000
  0.1692009964E+006 0000
  0.1692605476E+006 0000
  0.1693206144E+006 0000
  0.1693806831E+006 0000
  0.1694407469E+006 0000
  0.1695008044E+006 0000
  0.1695608586E+006 0000
  0.1696209107E+006 0000
  0.1696809590E+006 0000
  0.1697410048E+006 0000
  0.1698005484E+006 0000
  0.1698606035E+006 0000
  0.1699206658E+006 0000
  0.1699807330E+006 0000
  0.1700408032E+006 0000
  0.1701008788E+006 0000
  0.1701609606E+006 0000
  0.1702205463E+006 0000
  0.1702806473E+006 0000
  0.1703407565E+006 0000
  0.1704008748E+006 0000
  0.1704610052E+006 0000
  0.1705206477E+006 0000
  0.1705808163E+006 0000
  0.1706410050E+006 0000
  0.1707007040E+006 0000
  0.1707609188E+006 0000
  0.1708206374E+006 0000
  0.1708808699E+006 0000
  0.1709406051E+006 0000
  0.1710008597E+006 0000
  0.1710606226E+006 0000
  0.1711209035E+006 0000
  0.1711806744E+006 0000
  0.1712409449E+006 0000
  0.1713007025E+006 0000
  0.1713609613E+006 0000
  0.1714207084E+006 0000
  0.1714809602E+006 0000
  0.1715407070E+006 0000
  0.1716009615E+006 0000
  0.1716607088E+006 0000
  0.1717209592E+006 0000
  0.1717806986E+006 0000
  0.1718409435E+006 0000
  0.1719006852E+006 0000
  0.1719609373E+006 0000
  0.1720206862E+006 0000
  0.1720809424E+006 0000
  0.1721406960E+006 0000
  0.1722009602E+006 0000
  0.1722607165E+006 0000
  0.1723209728E+006 0000
  0.1723807164E+006 0000
  0.1724409625E+006 0000
  0.1725007029E+006 0000
  0.1725609536E+006 0000
  0.1726206998E+006 0000
  0.1726809539E+006 0000
  0.1727406998E+006 0000
  0.1728000000E+006 0000
