 0001  0.4759365800576361E+008
 0002  0.4689807373586027E+008
 0003  0.4635195959667110E+008
 0004  0.4579286215831926E+008
 0005  0.4502262776216967E+008
 0006  0.4423189923092226E+008
 0007  0.4318613985529563E+008
 0008  0.4212910573823807E+008
 0009  0.4133993036586127E+008
 0010  0.4074834101695156E+008
 0011  0.4001589701242351E+008
 0012  0.3922391990048213E+008
 0013  0.3842851384408282E+008
 0014  0.3757801328009906E+008
 0015  0.3667049335783755E+008
 0016  0.3566361319096822E+008
 0017  0.3489799671371804E+008
 0018  0.3427034263276911E+008
 0019  0.3354002599085341E+008
 0020  0.3270688762962276E+008
 0021  0.3155323512953135E+008
 0022  0.3045782569549717E+008
 0023  0.2946320444241480E+008
 0024  0.2880096899057662E+008
 0025  0.2806885056279965E+008
 0026  0.2707742966395850E+008
 0027  0.2605489189869865E+008
 0028  0.2502143082081266E+008
 0029  0.2353373812579085E+008
 0030  0.2226098614847126E+008
 0031  0.2132312072845885E+008
 0032  0.2066823580286485E+008
 0033  0.1976789737175196E+008
 0034  0.1898173967751925E+008
 0035  0.1840186818190131E+008
 0036  0.1756044588947810E+008
 0037  0.1683547806026263E+008
 0038  0.1609636835670161E+008
 0039  0.1531243811189969E+008
 0040  0.1446292788896423E+008
 0041  0.1385519269904869E+008
 0042  0.1297117778705003E+008
 0043  0.1231169761454524E+008
 0044  0.1154756040124821E+008
 0045  0.1077171088211243E+008
 0046  0.1010864222362742E+008
 0047  0.9326016268984385E+007
 0048  0.8559774745735535E+007
 0049  0.7993520683562695E+007
 0050  0.7274221387179202E+007
 0051  0.6640352838475702E+007
 0052  0.6090182894693769E+007
 0053  0.5365011802453478E+007
 0054  0.4871418025379238E+007
 0055  0.4429379924393478E+007
 0056  0.3082686868826865E+007
 0057  0.2217274599970606E+007
 0058  0.1978205597574113E+007
 0059  0.1787323705702132E+007
 0060  0.1611163426528227E+007
 0061  0.1447316683939954E+007
 0062  0.1310797269175952E+007
 0063  0.1179581092726683E+007
 0064  0.1064311570523802E+007
 0065  0.9617786677957252E+006
 0066  0.8638090702714006E+006
 0067  0.7844207029373834E+006
 0068  0.7091655376691606E+006
 0069  0.6441102724610452E+006
 0070  0.5745797661711517E+006
 0071  0.5193645178926550E+006
 0072  0.4356674289783913E+006
 0073  0.3505909092455423E+006
 0074  0.3158167303832406E+006
 0075  0.2870176942170164E+006
 0076  0.2618830203805382E+006
 0077  0.2407528235665997E+006
 0078  0.2213769947838850E+006
 0079  0.2036648375909128E+006
 0080  0.1871037945522366E+006
 0081  0.1730756516361364E+006
 0082  0.1618662348277855E+006
 0083  0.1500858949833834E+006
 0084  0.1400013464751178E+006
 0085  0.1300695060463524E+006
 0086  0.1226735658571805E+006
 0087  0.1142205675612572E+006
 0088  0.1069061748208273E+006
 0089  0.1007350988146853E+006
 0090  0.9393458459292333E+005
 0091  0.8813585075274619E+005
 0092  0.8295946326741646E+005
 0093  0.7881032597336759E+005
 0094  0.7429072914931217E+005
 0095  0.6970311692322721E+005
 0096  0.6585667173153569E+005
 0097  0.6263505728162833E+005
 0098  0.5893119816793788E+005
 0099  0.5599054001642798E+005
 0100  0.5330076234819995E+005
 0101  0.5007860473916600E+005
 0102  0.4780208007805167E+005
 0103  0.4554150902145554E+005
 0104  0.4346655106334121E+005
 0105  0.4124582078757472E+005
 0106  0.3962145823103590E+005
 0107  0.3782920769709790E+005
 0108  0.3644006775981544E+005
 0109  0.3490595743728948E+005
 0110  0.3339626592727460E+005
 0111  0.3234751904909140E+005
 0112  0.3102843213774425E+005
 0113  0.2983294822302368E+005
 0114  0.2877798779887539E+005
 0115  0.2784233624284197E+005
 0116  0.2682997007475533E+005
 0117  0.2599688787244975E+005
 0118  0.2526194401491514E+005
 0119  0.2438615511218857E+005
 0120  0.2356046985827331E+005
 0121  0.2285136422836025E+005
 0122  0.2230127039282412E+005
 0123  0.2165019954229258E+005
 0124  0.2099589280508276E+005
 0125  0.2035806647818716E+005
 0126  0.1977368990648443E+005
 0127  0.1921975709052807E+005
 0128  0.1861330276615082E+005
 0129  0.1791762339857950E+005
 0130  0.1748082862453784E+005
 0131  0.1710672828941394E+005
 0132  0.1668473157587543E+005
 0133  0.1625445563878206E+005
 0134  0.1579855848290982E+005
 0135  0.1537988973985217E+005
 0136  0.1499710328009194E+005
 0137  0.1461540214748180E+005
 0138  0.1423482624100632E+005
 0139  0.1385354124283084E+005
 0140  0.1347231530898964E+005
 0141  0.1301527284045147E+005
 0142  0.1275775321425424E+005
 0143  0.1245037867432012E+005
 0144  0.1214385320222861E+005
 0145  0.1188310955186648E+005
 0146  0.1153093493409557E+005
 0147  0.1125406545769229E+005
 0148  0.1096562906618007E+005
 0149  0.1074161387957046E+005
 0150  0.1055728648724478E+005
 0151  0.1022079210219936E+005
 0152  0.1001062458357383E+005
 0153  0.9846611138058059E+004
 0154  0.9591717741064143E+004
 0155  0.9350499039266184E+004
 0156  0.9179548341317908E+004
 0157  0.9002901126491488E+004
 0158  0.8740140028585600E+004
 0159  0.8552199265539524E+004
 0160  0.8391142206169934E+004
 0161  0.8247754105157794E+004
 0162  0.8034688182320194E+004
 0163  0.7861286787759346E+004
 0164  0.7700450367753400E+004
 0165  0.7541200938525645E+004
 0166  0.7369451182373386E+004
 0167  0.7202002334188531E+004
 0168  0.7061052213520182E+004
 0169  0.6918442368062101E+004
 0170  0.6776033166189488E+004
 0171  0.6637556304906568E+004
 0172  0.6496762818649741E+004
 0173  0.6363907562812955E+004
 0174  0.6231195514156288E+004
 0175  0.6105880403315158E+004
 0176  0.5994601760958922E+004
 0177  0.5903461706387598E+004
 0178  0.5764878272977784E+004
 0179  0.5639614067468084E+004
 0180  0.5540292941759995E+004
 0181  0.5443111502799260E+004
 0182  0.5341730498302297E+004
 0183  0.5238325014844886E+004
 0184  0.5130328387975169E+004
 0185  0.5012136468201569E+004
 0186  0.4926933713540078E+004
 0187  0.4801812462869920E+004
 0188  0.4712992755935236E+004
 0189  0.4632107132284179E+004
 0190  0.4543200489535256E+004
 0191  0.4456344236664803E+004
 0192  0.4371337843336668E+004
 0193  0.4290450987142317E+004
 0194  0.4186123577311353E+004
 0195  0.4116732952077106E+004
 0196  0.4040145771300715E+004
 0197  0.3970532145091035E+004
 0198  0.3896393024958595E+004
 0199  0.3828645755908190E+004
 0200  0.3750852110999916E+004
 0201  0.3665903710930196E+004
 0202  0.3600499114042604E+004
 0203  0.3535573211306275E+004
 0204  0.3486152216357447E+004
 0205  0.3431842078232458E+004
 0206  0.3367773168493638E+004
 0207  0.3297364737174264E+004
 0208  0.3224699163299723E+004
 0209  0.3164368348207032E+004
 0210  0.3102739170698299E+004
 0211  0.3044479817700783E+004
 0212  0.2988162177617418E+004
 0213  0.2931682550265925E+004
 0214  0.2875491453921951E+004
 0215  0.2820776621870360E+004
 0216  0.2764497491844252E+004
 0217  0.2714068970401242E+004
 0218  0.2666781582772514E+004
 0219  0.2617010258357559E+004
 0220  0.2572529803322178E+004
 0221  0.2530699399165396E+004
 0222  0.2491194157555138E+004
 0223  0.2447854343307936E+004
 0224  0.2394226609269997E+004
 0225  0.2334627506360563E+004
 0226  0.2290596596091721E+004
 0227  0.2241973836468331E+004
 0228  0.2197088857080372E+004
 0229  0.2150805285979679E+004
 0230  0.2097307439598834E+004
 0231  0.2025073784568007E+004
 0232  0.1955324109916729E+004
 0233  0.1887380692937127E+004
 0234  0.1815886913537463E+004
 0235  0.1765312932851009E+004
 0236  0.1699865499529124E+004
 0237  0.1645640182568488E+004
 0238  0.1600620914288525E+004
 0239  0.1559470115254508E+004
 0240  0.1511354684790406E+004
 0241  0.1467687987499761E+004
 0242  0.1429360559129142E+004
 0243  0.1395866940024249E+004
 0244  0.1372076075539548E+004
 0245  0.1346125716810085E+004
 0246  0.1322725732115233E+004
 0247  0.1295823428422087E+004
 0248  0.1272440087616598E+004
 0249  0.1252016918432775E+004
 0250  0.1222099165962118E+004
 0251  0.1190274673476139E+004
 0252  0.1157802522360544E+004
 0253  0.1141147749193693E+004
 0254  0.1123331761902377E+004
 0255  0.1104023271255445E+004
 0256  0.1081842168979766E+004
 0257  0.1054879077801836E+004
 0258  0.1034816875990174E+004
 0259  0.1011807294980274E+004
 0260  0.9949600552247778E+003
 0261  0.9775824366877540E+003
 0262  0.9516919303786626E+003
 0263  0.9351228183192433E+003
 0264  0.9090937197157295E+003
 0265  0.8930034221728132E+003
 0266  0.8773048804000825E+003
 0267  0.8630457107408705E+003
 0268  0.8415745879263383E+003
 0269  0.8281222850599651E+003
 0270  0.8135691350351382E+003
 0271  0.7965563265894781E+003
 0272  0.7744037203886548E+003
 0273  0.7532854993254807E+003
 0274  0.7384119814055563E+003
 0275  0.7194522428526460E+003
 0276  0.7045202815193476E+003
 0277  0.6849217370105579E+003
 0278  0.6686197631170355E+003
 0279  0.6530111886011998E+003
 0280  0.6378865682972203E+003
 0281  0.6192887333216328E+003
 0282  0.5963564415893788E+003
 0283  0.5760967536706127E+003
 0284  0.5622272020459308E+003
 0285  0.5445671942555415E+003
 0286  0.5220263830053568E+003
 0287  0.5008446224397808E+003
 0288  0.4181593142409764E+003
 0289  0.4119511913072780E+003
 0290  0.4048482800926384E+003
 0291  0.3979493239530231E+003
 0292  0.3908416959752479E+003
 0293  0.3828149128412691E+003
 0294  0.3755189222890414E+003
 0295  0.3683661055232918E+003
 0296  0.3623704871067804E+003
 0297  0.3546829017160908E+003
 0298  0.3497794171960833E+003
 0299  0.3435193533600863E+003
 0300  0.3374023686256281E+003
 0301  0.3311234257319769E+003
 0302  0.3248245329865192E+003
 0303  0.3193303714232983E+003
 0304  0.3143021557054966E+003
 0305  0.3084109597315703E+003
 0306  0.3025253397624231E+003
 0307  0.2980108399639877E+003
 0308  0.2933022738108019E+003
 0309  0.2874912314204608E+003
 0310  0.2824523481429460E+003
 0311  0.2786144018147860E+003
 0312  0.2725274714485984E+003
 0313  0.2681347165066596E+003
 0314  0.2644274576152804E+003
 0315  0.2589696331842802E+003
 0316  0.2556974534544574E+003
 0317  0.2503094450968136E+003
 0318  0.2469544421538989E+003
 0319  0.2432731286971457E+003
 0320  0.2396148612145955E+003
 0321  0.2351400634995767E+003
 0322  0.2305211937946675E+003
 0323  0.2270746352602074E+003
 0324  0.2234024782986549E+003
 0325  0.2197472947437893E+003
 0326  0.2160683360279277E+003
 0327  0.2127359973767195E+003
 0328  0.2099752965630600E+003
 0329  0.2070472348176279E+003
 0330  0.2024191750521659E+003
 0331  0.1996050876895976E+003
 0332  0.1970041480560157E+003
 0333  0.1938831372861264E+003
 0334  0.1900603558379794E+003
 0335  0.1871368066263286E+003
 0336  0.1850145911580561E+003
 0337  0.1823954843754507E+003
 0338  0.1787671181985363E+003
 0339  0.1760173343288196E+003
 0340  0.1733181884771510E+003
 0341  0.1706683638190664E+003
 0342  0.1680766961301713E+003
 0343  0.1661449006305129E+003
 0344  0.1642278918202219E+003
 0345  0.1606107425015744E+003
 0346  0.1579948138741461E+003
 0347  0.1556219315033359E+003
 0348  0.1532895033480589E+003
 0349  0.1509998613067733E+003
 0350  0.1487509760227930E+003
 0351  0.1465398850139593E+003
 0352  0.1443686399616576E+003
 0353  0.1422342176998612E+003
 0354  0.1401376009027036E+003
 0355  0.1380776784895449E+003
 0356  0.1360520604506214E+003
 0357  0.1342501346210328E+003
 0358  0.1326692507593960E+003
 0359  0.1302314061943606E+003
 0360  0.1281192571967983E+003
 0361  0.1261768547810042E+003
 0362  0.1247976633361739E+003
 0363  0.1232059901146951E+003
 0364  0.1211420374456761E+003
 0365  0.1191059303287412E+003
 0366  0.1176756761775712E+003
 0367  0.1161769062924217E+003
 0368  0.1144462227502651E+003
 0369  0.1124882896930033E+003
 0370  0.1112778375794208E+003
 0371  0.1091476285092788E+003
 0372  0.1076934809376044E+003
 0373  0.1065421236637028E+003
 0374  0.1051851743819589E+003
 0375  0.1037045572666855E+003
 0376  0.1016647457382132E+003
 0377  0.1002398363785752E+003
 0378  0.9899260199660341E+002
 0379  0.9794600931225325E+002
 0380  0.9616592243895657E+002
 0381  0.9484132427908293E+002
 0382  0.9353578480606491E+002
 0383  0.9251288075999361E+002
 0384  0.9154115212782747E+002
 0385  0.8984742764851634E+002
 0386  0.8846658509858403E+002
 0387  0.8724775590210015E+002
 0388  0.8604755997055818E+002
 0389  0.8500701065952595E+002
 0390  0.8407654175134056E+002
 0391  0.8257633130138417E+002
 0392  0.8133876007252019E+002
 0393  0.8029524692375068E+002
 0394  0.7921884307609041E+002
 0395  0.7825229973342235E+002
 0396  0.7735941694827501E+002
 0397  0.7607850511389371E+002
 0398  0.7476558693473893E+002
 0399  0.7398905289152360E+002
 0400  0.7308867798895315E+002
 0401  0.7214085247066649E+002
 0402  0.7113794824910525E+002
 0403  0.6995967237196591E+002
 0404  0.6901080011425516E+002
 0405  0.6830865768346084E+002
 0406  0.6746892664041937E+002
 0407  0.6656324903122629E+002
 0408  0.6567050462480860E+002
 0409  0.6478841316119546E+002
 0410  0.6392140251450266E+002
 0411  0.6319456373730834E+002
 0412  0.6255999691169828E+002
 0413  0.6193028729925341E+002
 0414  0.6130546747156342E+002
 0415  0.6069916974918450E+002
 0416  0.6009751285762141E+002
 0417  0.5950046127420983E+002
 0418  0.5890797974818833E+002
 0419  0.5832003329861958E+002
 0420  0.5773658721232170E+002
 0421  0.5715760704182199E+002
 0422  0.5658305860332114E+002
 0423  0.5504956615110824E+002
 0424  0.5330029206032325E+002
 0425  0.5156440757138909E+002
 0426  0.4984181019525803E+002
 0427  0.4825048036321623E+002
 0428  0.4673145374788425E+002
 0429  0.4522405433362309E+002
 0430  0.4372819312146162E+002
 0431  0.4253248359792474E+002
 0432  0.4177916308642397E+002
 0433  0.4103160877346708E+002
 0434  0.4028977652240143E+002
 0435  0.3955362253441342E+002
 0436  0.3882310334594168E+002
 0437  0.3809817582611059E+002
 0438  0.3737879717418625E+002
 0439  0.3666492491704609E+002
 0440  0.3598731787642048E+002
 0441  0.3543901266591786E+002
 0442  0.3489490438973232E+002
 0443  0.3435496092295000E+002
 0444  0.3381915038655320E+002
 0445  0.3328744114553827E+002
 0446  0.3275980180704752E+002
 0447  0.3219566430826142E+002
 0448  0.3162815812708040E+002
 0449  0.3106499585166773E+002
 0450  0.3057572801420043E+002
 0451  0.3019638038711928E+002
 0452  0.2981993642946097E+002
 0453  0.2944637391544783E+002
 0454  0.2916710413809567E+002
 0455  0.2890501978017133E+002
 0456  0.2864494151450123E+002
 0457  0.2838685398570079E+002
 0458  0.2813074195592098E+002
 0459  0.2787659030394942E+002
 0460  0.2762438402431690E+002
 0461  0.2737410822641195E+002
 0462  0.2712574813360128E+002
 0463  0.2672826679698796E+002
 0464  0.2628380396831247E+002
 0465  0.2584274322530517E+002
 0466  0.2540505852712235E+002
 0467  0.2497072403224765E+002
 0468  0.2465381122732419E+002
 0469  0.2436399179602032E+002
 0470  0.2407639075165461E+002
 0471  0.2379099111385881E+002
 0472  0.2350777603223900E+002
 0473  0.2324959261632268E+002
 0474  0.2300320039121374E+002
 0475  0.2275869414487191E+002
 0476  0.2251605944130676E+002
 0477  0.2227528195502542E+002
 0478  0.2203634747018867E+002
 0479  0.2178911621762449E+002
 0480  0.2146475481168081E+002
 0481  0.2114287618994132E+002
 0482  0.2082346134824212E+002
 0483  0.2051099934436280E+002
 0484  0.2030042082448512E+002
 0485  0.2009145415180441E+002
 0486  0.1988408698863555E+002
 0487  0.1967830709173137E+002
 0488  0.1947410231155876E+002
 0489  0.1928500971733696E+002
 0490  0.1910214880652302E+002
 0491  0.1892068758190051E+002
 0492  0.1874061532974493E+002
 0493  0.1856192141833851E+002
 0494  0.1838459529734285E+002
 0495  0.1820862649717539E+002
 0496  0.1803400462839220E+002
 0497  0.1783783523940794E+002
 0498  0.1760147227486473E+002
 0499  0.1736691852135597E+002
 0500  0.1713416013050016E+002
 0501  0.1690318335991608E+002
 0502  0.1667397457241199E+002
 0503  0.1647259136782345E+002
 0504  0.1630492890946865E+002
 0505  0.1613854980263352E+002
 0506  0.1597344422406280E+002
 0507  0.1580960242569226E+002
 0508  0.1564701473407267E+002
 0509  0.1548567154979939E+002
 0510  0.1530138211636136E+002
 0511  0.1506319615996641E+002
 0512  0.1482683336847163E+002
 0513  0.1459227978668680E+002
 0514  0.1440398027433939E+002
 0515  0.1424930236373599E+002
 0516  0.1409580841603979E+002
 0517  0.1394348936875356E+002
 0518  0.1382093411791864E+002
 0519  0.1370922617905567E+002
 0520  0.1359837329477389E+002
 0521  0.1348836892016383E+002
 0522  0.1337920656041330E+002
 0523  0.1327087977042391E+002
 0524  0.1316338215443048E+002
 0525  0.1305670736562327E+002
 0526  0.1292555209265123E+002
 0527  0.1273151146029851E+002
 0528  0.1253895608793081E+002
 0529  0.1234787460680978E+002
 0530  0.1215825573521746E+002
 0531  0.1204282379723576E+002
 0532  0.1194268052386194E+002
 0533  0.1184330378476971E+002
 0534  0.1174468771261746E+002
 0535  0.1164682648497431E+002
 0536  0.1154971432397631E+002
 0537  0.1145334549598564E+002
 0538  0.1135771431125198E+002
 0539  0.1124655333505745E+002
 0540  0.1112045263570951E+002
 0541  0.1099531715854521E+002
 0542  0.1087113951539051E+002
 0543  0.1074791237462408E+002
 0544  0.1062562846074291E+002
 0545  0.1050428055393349E+002
 0546  0.1038676155150619E+002
 0547  0.1027520195429156E+002
 0548  0.1016449627619524E+002
 0549  0.1005463798099920E+002
 0550  0.9945620582515890E+001
 0551  0.9837437644205666E+001
 0552  0.9730082778796566E+001
 0553  0.9637830131174825E+001
 0554  0.9550667249477153E+001
 0555  0.9464171545260736E+001
 0556  0.9378337911698413E+001
 0557  0.9293161281052260E+001
 0558  0.9208636624374815E+001
 0559  0.9124758951212231E+001
 0560  0.9041523309309081E+001
 0561  0.8958924784316840E+001
 0562  0.8847325359367110E+001
 0563  0.8729201356311554E+001
 0564  0.8611981518805658E+001
 0565  0.8495658926026444E+001
 0566  0.8380226710125074E+001
 0567  0.8276740994354883E+001
 0568  0.8187532160740650E+001
 0569  0.8099006165093463E+001
 0570  0.8011157780714489E+001
 0571  0.7923981820912306E+001
 0572  0.7845671489519265E+001
 0573  0.7771301933999781E+001
 0574  0.7697501631030947E+001
 0575  0.7624266223339862E+001
 0576  0.7551591387005492E+001
 0577  0.7482710856500511E+001
 0578  0.7425130193508241E+001
 0579  0.7367990274568467E+001
 0580  0.7311287726060594E+001
 0581  0.7255019200186653E+001
 0582  0.7199181374774200E+001
 0583  0.7143770953079981E+001
 0584  0.7088784663595183E+001
 0585  0.7034219259852148E+001
 0586  0.6980071520233243E+001
 0587  0.6926338247780203E+001
 0588  0.6873016270005427E+001
 0589  0.6777249111111466E+001
 0590  0.6675393836404605E+001
 0591  0.6574318200281473E+001
 0592  0.6474016235095205E+001
 0593  0.6374482018877447E+001
 0594  0.6296020094049418E+001
 0595  0.6239656271386307E+001
 0596  0.6183723878622259E+001
 0597  0.6128219613430277E+001
 0598  0.6073140198761093E+001
 0599  0.6018482382649087E+001
 0600  0.5964242938020200E+001
 0601  0.5909830076166375E+001
 0602  0.5855450338008301E+001
 0603  0.5801486842820133E+001
 0604  0.5747936404521566E+001
 0605  0.5694795861419786E+001
 0606  0.5642062076022898E+001
 0607  0.5589731934854298E+001
 0608  0.5537802348269404E+001
 0609  0.5479377981439998E+001
 0610  0.5412468967782463E+001
 0611  0.5346072100882437E+001
 0612  0.5280183460575532E+001
 0613  0.5214799156704506E+001
 0614  0.5150226399819633E+001
 0615  0.5099311585580034E+001
 0616  0.5048786492479374E+001
 0617  0.4998648137445481E+001
 0618  0.4948893560239638E+001
 0619  0.4899519823282137E+001
 0620  0.4857667782090431E+001
 0621  0.4820203519001728E+001
 0622  0.4783026021474281E+001
 0623  0.4746133094496662E+001
 0624  0.4709522559858704E+001
 0625  0.4673192256023301E+001
 0626  0.4637140037998523E+001
 0627  0.4601363777210976E+001
 0628  0.4565861361380117E+001
 0629  0.4530630694393634E+001
 0630  0.4489901591795972E+001
 0631  0.4440784763470809E+001
 0632  0.4392043893824076E+001
 0633  0.4343676105126757E+001
 0634  0.4295678541676796E+001
 0635  0.4248048369630941E+001
 0636  0.4200782776837204E+001
 0637  0.4153878972668918E+001
 0638  0.4106103857426645E+001
 0639  0.4054227404523843E+001
 0640  0.4002748033503924E+001
 0641  0.3951662704952945E+001
 0642  0.3900968402721559E+001
 0643  0.3852117904870607E+001
 0644  0.3816625084886653E+001
 0645  0.3781403940296800E+001
 0646  0.3746452391595638E+001
 0647  0.3711768375194576E+001
 0648  0.3677349843300907E+001
 0649  0.3643028565139677E+001
 0650  0.3603098852536226E+001
 0651  0.3563474776972104E+001
 0652  0.3524153998986124E+001
 0653  0.3485134197024743E+001
 0654  0.3446413067304283E+001
 0655  0.3419135697739984E+001
 0656  0.3392394370870381E+001
 0657  0.3365857732175007E+001
 0658  0.3339524214893552E+001
 0659  0.3313392264258207E+001
 0660  0.3287460337402137E+001
 0661  0.3261726903268073E+001
 0662  0.3236190442518079E+001
 0663  0.3210849447443787E+001
 0664  0.3182283191707059E+001
 0665  0.3139956369239783E+001
 0666  0.3097953532192196E+001
 0667  0.3056272200658100E+001
 0668  0.3014909913713309E+001
 0669  0.2973864229270552E+001
 0670  0.2938884987134735E+001
 0671  0.2911411486786546E+001
 0672  0.2884148278943660E+001
 0673  0.2857093753948262E+001
 0674  0.2830246314463276E+001
 0675  0.2803604375378342E+001
 0676  0.2777166363716069E+001
 0677  0.2748813265332907E+001
 0678  0.2718443245047274E+001
 0679  0.2688305688320195E+001
 0680  0.2658398815788024E+001
 0681  0.2628720861707255E+001
 0682  0.2599270073849825E+001
 0683  0.2573846239758491E+001
 0684  0.2551732105133852E+001
 0685  0.2529787240413578E+001
 0686  0.2508010349942061E+001
 0687  0.2486400147981145E+001
 0688  0.2464955358634385E+001
 0689  0.2443674715771471E+001
 0690  0.2422556962953273E+001
 0691  0.2401600853358312E+001
 0692  0.2378584362949787E+001
 0693  0.2348515704350353E+001
 0694  0.2318677202573697E+001
 0695  0.2289067095912920E+001
 0696  0.2259683636145835E+001
 0697  0.2230525088431969E+001
 0698  0.2201589731209731E+001
 0699  0.2177014092429097E+001
 0700  0.2153100991385108E+001
 0701  0.2129370930211053E+001
 0702  0.2105822507850907E+001
 0703  0.2082454333972820E+001
 0704  0.2059154502379323E+001
 0705  0.2033252358336340E+001
 0706  0.2007548479046541E+001
 0707  0.1982041346916955E+001
 0708  0.1956729455970733E+001
 0709  0.1938443813469286E+001
 0710  0.1922155596618400E+001
 0711  0.1905992055905874E+001
 0712  0.1889952237013598E+001
 0713  0.1874035192928268E+001
 0714  0.1858239983885210E+001
 0715  0.1842565677313402E+001
 0716  0.1827011347779689E+001
 0717  0.1807568717698992E+001
 0718  0.1786373813083956E+001
 0719  0.1765341142240977E+001
 0720  0.1744469463371755E+001
 0721  0.1723757544183006E+001
 0722  0.1703204161814279E+001
 0723  0.1682808102765020E+001
 0724  0.1656546639942845E+001
 0725  0.1626915930615711E+001
 0726  0.1597512025882831E+001
 0727  0.1575929771386265E+001
 0728  0.1562203139824465E+001
 0729  0.1548581577063701E+001
 0730  0.1535064278867808E+001
 0731  0.1521650447156713E+001
 0732  0.1508339289958781E+001
 0733  0.1494196452172303E+001
 0734  0.1478241052858668E+001
 0735  0.1462407782172740E+001
 0736  0.1446695705296139E+001
 0737  0.1431103894565788E+001
 0738  0.1415631429419285E+001
 0739  0.1400277396340785E+001
 0740  0.1385040888806627E+001
 0741  0.1368618475973109E+001
 0742  0.1352316712522430E+001
 0743  0.1336139728900741E+001
 0744  0.1320086569996320E+001
 0745  0.1304156288008320E+001
 0746  0.1288347942390663E+001
 0747  0.1272660599796368E+001
 0748  0.1251420158504347E+001
 0749  0.1228641036033616E+001
 0750  0.1206036273534301E+001
 0751  0.1185724650754184E+001
 0752  0.1173216485077342E+001
 0753  0.1160804061605340E+001
 0754  0.1148486647491343E+001
 0755  0.1136263515497926E+001
 0756  0.1124133943954383E+001
 0757  0.1111484359295375E+001
 0758  0.1098882985221176E+001
 0759  0.1086378066803963E+001
 0760  0.1073968865735758E+001
 0761  0.1061654649360122E+001
 0762  0.1049434690628449E+001
 0763  0.1037308268057222E+001
 0764  0.1017550143108825E+001
 0765  0.9974667484661783E+000
 0766  0.9775370796801950E+000
 0767  0.9626104488360412E+000
 0768  0.9525399469341299E+000
 0769  0.9425465284416569E+000
 0770  0.9326296033331638E+000
 0771  0.9227885860995448E+000
 0772  0.9130228957133041E+000
 0773  0.9033319555945454E+000
 0774  0.8873502445338362E+000
 0775  0.8687626436554000E+000
 0776  0.8503173192655354E+000
 0777  0.8340365882102230E+000
 0778  0.8218057407949375E+000
 0779  0.8096685128861898E+000
 0780  0.7976630272209029E+000
 0781  0.7884285754599695E+000
 0782  0.7792648076662063E+000
 0783  0.7701711827979352E+000
 0784  0.7611471639548303E+000
 0785  0.7521922183461019E+000
 0786  0.7433058172593680E+000
 0787  0.7304593748270869E+000
 0788  0.7135187705782520E+000
 0789  0.6967078360864178E+000
 0790  0.6817833708342032E+000
 0791  0.6723284549592302E+000
 0792  0.6629459105665878E+000
 0793  0.6536351836978905E+000
 0794  0.6443957246346746E+000
 0795  0.6331194646900683E+000
 0796  0.6194783835650428E+000
 0797  0.6059417164059407E+000
 0798  0.5940355783351289E+000
 0799  0.5850396670886114E+000
 0800  0.5761126139304390E+000
 0801  0.5672538917948703E+000
 0802  0.5584629776506485E+000
 0803  0.5484522004219704E+000
 0804  0.5379733831858452E+000
 0805  0.5275747747583449E+000
 0806  0.5172557611909163E+000
 0807  0.5066281305011963E+000
 0808  0.4939816152906242E+000
 0809  0.4814319012642139E+000
 0810  0.4693801376825011E+000
 0811  0.4593950906002613E+000
 0812  0.4494864728242005E+000
 0813  0.4386729820316808E+000
 0814  0.4242073022941543E+000
 0815  0.4149304227848337E+000
 0816  0.4075644493013523E+000
 0817  0.4002548577494726E+000
 0818  0.3916527854785394E+000
 0819  0.3828473346552376E+000
 0820  0.3741092840645018E+000
 0821  0.3642808089981226E+000
 0822  0.3517362778548725E+000
 0823  0.3393807082204622E+000
 0824  0.3275539187388758E+000
 0825  0.3194484104284323E+000
 0826  0.3123563104808916E+000
 0827  0.3052185908694138E+000
 0828  0.2912784561090025E+000
 0829  0.2813561546908394E+000
 0830  0.2735446419645077E+000
 0831  0.2648160596990116E+000
 0832  0.2555837051703083E+000
 0833  0.2448261990925094E+000
 0834  0.2338453935531958E+000
 0835  0.2245667147101765E+000
 0836  0.2154136908294142E+000
 0837  0.2069031668800567E+000
 0838  0.1987511336203056E+000
 0839  0.1885849252132389E+000
 0840  0.1787895664890244E+000
 0841  0.1697274760796501E+000
 0842  0.1593809605514347E+000
 0843  0.1489949466700722E+000
 0844  0.1388276604245524E+000
 0845  0.1277826285021409E+000
 0846  0.1170005863378680E+000
 0847  0.1072906221184287E+000
 0848  0.9569003704526664E-001
 0849  0.8494440534843266E-001
 0850  0.7517094729736179E-001
 0851  0.6183060544987988E-001
 0852  0.4894246093837810E-001
 0853  0.3501334604217745E-001
 0854  0.1882813012169617E-001
 0855  0.2485616603269656E-002
 0856  0.2854292839712898E-002
 0857  0.2435699202362070E-002
 0858  0.2105112779971420E-002
 0859  0.1839475627033913E-002
 0860  0.1622755277428628E-002
 0861  0.1443424870393601E-002
 0862  0.1293401335854757E-002
 0863  0.1166455304618852E-002
 0864  0.1058104524678171E-002
 0865  0.9648385480051388E-003
 0866  0.8839388114129691E-003
 0867  0.8132793595527544E-003
 0868  0.7511719067040698E-003
 0869  0.6963049981484017E-003
 0870  0.6477492589359778E-003
 0871  0.6044180048130355E-003
 0872  0.5655212252491271E-003
 0873  0.5304923371213143E-003
 0874  0.4988076368504254E-003
 0875  0.4701922365191084E-003
 0876  0.4441525208909713E-003
 0877  0.4203612747634559E-003
 0878  0.3985502704110500E-003
 0879  0.3786174358046929E-003
 0880  0.3602694665893952E-003
 0881  0.3433114590611162E-003
 0882  0.3276588116428268E-003
 0883  0.3131804045045055E-003
 0884  0.2997037010822807E-003
 0885  0.2872010387528904E-003
 0886  0.2755481986199380E-003
 0887  0.2646420290667986E-003
 0888  0.2544915840425688E-003
 0889  0.2449587183486361E-003
 0890  0.2360235453619585E-003
 0891  0.2276396355166779E-003
 0892  0.2197336784825429E-003
 0893  0.2123149004420260E-003
 0894  0.2052873082949204E-003
 0895  0.1986865354652579E-003
 0896  0.1924164650582424E-003
 0897  0.1865088900543143E-003
 0898  0.1808887552261510E-003
 0899  0.1755788303989393E-003
 0900  0.1705220377417594E-003
 0901  0.1657273170995559E-003
 0902  0.1611610708878648E-003
 0903  0.1568149735640632E-003
 0904  0.1526756174983775E-003
 0905  0.1487186869753268E-003
 0906  0.1449558135723698E-003
 0907  0.1413528329649015E-003
 0908  0.1379103256978609E-003
 0909  0.1346195977602107E-003
 0910  0.1314631701059307E-003
 0911  0.1284436911290303E-003
 0912  0.1255509278937699E-003
 0913  0.1227686390331645E-003
 0914  0.1201040548249188E-003
 0915  0.1175462154612741E-003
 0916  0.1150825236603252E-003
 0917  0.1127134844462303E-003
 0918  0.1104400119517022E-003
 0919  0.1082477829486785E-003
 0920  0.1061346866661050E-003
 0921  0.1040978636162443E-003
 0922  0.1021390169734776E-003
 0923  0.1002474500671983E-003
 0924  0.9841922572917393E-004
 0925  0.9665329946979510E-004
 0926  0.9495121693701954E-004
 0927  0.9330548965564282E-004
 0928  0.9171430289070840E-004
 0929  0.9017436086500121E-004
 0930  0.8868257351388448E-004
 0931  0.8723871199396190E-004
 0932  0.8584345190785274E-004
 0933  0.8449060907221894E-004
 0934  0.8317993985469209E-004
 0935  0.8190835369489151E-004
 0936  0.8067483145677456E-004
 0937  0.7947836519523736E-004
 0938  0.7831702771672654E-004
 0939  0.7718863696183868E-004
 0940  0.7609345492106359E-004
 0941  0.7502992938963814E-004
 0942  0.7399637063219922E-004
 0943  0.7299240567968115E-004
 0944  0.7201609779444928E-004
 0945  0.7106626809433776E-004
 0946  0.7014161606368159E-004
 0947  0.6924235258622596E-004
 0948  0.6836673378351579E-004
 0949  0.6751371421438917E-004
 0950  0.6668343723808574E-004
 0951  0.6587436711344756E-004
 0952  0.6508553050322728E-004
 0953  0.6431715768793804E-004
 0954  0.6356799075167709E-004
 0955  0.6283730064394917E-004
 0956  0.6212397850296668E-004
 0957  0.6142873494537197E-004
 0958  0.6075086675709075E-004
 0959  0.6008864630691998E-004
 0960  0.5944253733812704E-004
 0961  0.5881165153796488E-004
 0962  0.5819538854172728E-004
 0963  0.5759297203327107E-004
 0964  0.5700422639974545E-004
 0965  0.5642901820843091E-004
 0966  0.5586652822267524E-004
 0967  0.5531602984168789E-004
 0968  0.5477923938112462E-004
 0969  0.5425424149836711E-004
 0970  0.5374016859250637E-004
 0971  0.5323709725145912E-004
 0972  0.5274479725619868E-004
 0973  0.5226271886731209E-004
 0974  0.5179113924012780E-004
 0975  0.5132980733297030E-004
 0976  0.5087803789149178E-004
 0977  0.5043540188790711E-004
 0978  0.5000141596195605E-004
 0979  0.4957582809803823E-004
 0980  0.4916037389331827E-004
 0981  0.4875288331453733E-004
 0982  0.4835310827450034E-004
 0983  0.4796077858558427E-004
 0984  0.4757651364352016E-004
 0985  0.4720032066008035E-004
 0986  0.4683101346165869E-004
 0987  0.4646827974786248E-004
 0988  0.4611272475517828E-004
 0989  0.4576455986338953E-004
 0990  0.4542249430045702E-004
 0991  0.4508627595476781E-004
 0992  0.4475704817028984E-004
 0993  0.4443392685113177E-004
 0994  0.4411625288630366E-004
 0995  0.4380444509269496E-004
 0996  0.4349899859699140E-004
 0997  0.4319832338232559E-004
 0998  0.4290238833161779E-004
 0999  0.4261319007756337E-004
 1000  0.0000000000000000E+000
