  1.2983104143E+010  3.8368694953E-008  7.5044655499E+028
  2.6066623308E+010  3.8658390940E-008  1.5066816176E+029
  3.9250774622E+010  3.8955318526E-008  2.2687498370E+029
  5.2536566224E+010  3.9257301604E-008  3.0366962068E+029
  6.5925055656E+010  3.9564369915E-008  3.8105660675E+029
  7.9416760503E+010  3.9878294479E-008  4.5904051097E+029
  9.3012443865E+010  4.0198527370E-008  5.3762593759E+029
  1.0671309457E+011  4.0524589673E-008  6.1681752642E+029
  1.2051952035E+011  4.0857211706E-008  6.9661995305E+029
  1.3443223670E+011  4.1197454256E-008  7.7703792911E+029
  1.4845227230E+011  4.1544003053E-008  8.5807620259E+029
  1.6258063531E+011  4.1897135042E-008  9.3973955811E+029
  1.7681792095E+011  4.2258293593E-008  1.0220328172E+030
  1.9116485608E+011  4.2627312350E-008  1.1049608386E+030
  2.0562248548E+011  4.3003482821E-008  1.1885285184E+030
  2.2019182073E+011  4.3387149891E-008  1.2727407906E+030
  2.3487350973E+011  4.3779647165E-008  1.3576026272E+030
  2.4966826161E+011  4.4181050036E-008  1.4431190386E+030
  2.6457712176E+011  4.4590625062E-008  1.5292950738E+030
  2.7960112619E+011  4.5008682088E-008  1.6161358207E+030
  2.9474131172E+011  4.5435510561E-008  1.7036464066E+030
  3.0999799093E+011  4.5873579936E-008  1.7918319982E+030
  3.2537221366E+011  4.6320984565E-008  1.8806978020E+030
  3.4086504699E+011  4.6777997519E-008  1.9702490649E+030
  3.5647748987E+011  4.7245161139E-008  2.0604910741E+030
  3.7221049446E+011  4.7722965860E-008  2.1514291576E+030
  3.8806483633E+011  4.8212307975E-008  2.2430686845E+030
  4.0404132852E+011  4.8713448735E-008  2.3354150653E+030
  4.2014101422E+011  4.9226077927E-008  2.4284737523E+030
  4.3636486383E+011  4.9750824725E-008  2.5222502398E+030
  4.5271388775E+011  5.0287989583E-008  2.6167500645E+030
  4.6918924585E+011  5.0837554057E-008  2.7119788058E+030
  4.8579192295E+011  5.1400516023E-008  2.8079420862E+030
  5.0252233705E+011  5.1979103801E-008  2.9046455714E+030
  5.1938167622E+011  5.2571425729E-008  3.0020949710E+030
  5.3637102504E+011  5.3178322304E-008  3.1002960385E+030
  5.5349133828E+011  5.3800739551E-008  3.1992545718E+030
  5.7074367779E+011  5.4438905456E-008  3.2989764136E+030
  5.8812920477E+011  5.5093095579E-008  3.3994674516E+030
  6.0564898422E+011  5.5764228576E-008  3.5007336190E+030
  6.2330405028E+011  5.6453044550E-008  3.6027808945E+030
  6.4109531652E+011  5.7160599694E-008  3.7056153034E+030
  6.5902403522E+011  5.7886510124E-008  3.8092429169E+030
  6.7709104666E+011  5.8632837287E-008  3.9136698535E+030
  6.9529717823E+011  5.9400393568E-008  4.0189022787E+030
  7.1364370615E+011  6.0188523581E-008  4.1249464055E+030
  7.3213175685E+011  6.0998559668E-008  4.2318084949E+030
  7.5076244105E+011  6.1831437482E-008  4.3394948562E+030
  7.6953669029E+011  6.2688678594E-008  4.4480118474E+030
  7.8845575368E+011  6.3570199528E-008  4.5573658755E+030
  8.0752081693E+011  6.4477233242E-008  4.6675633968E+030
  8.2673283157E+011  6.5411644198E-008  4.7786109177E+030
  8.4609306984E+011  6.6373473534E-008  4.8905149944E+030
  8.6560275467E+011  6.7364075150E-008  5.0032822340E+030
  8.8526284975E+011  6.8385592334E-008  5.1169192944E+030
  9.0507469778E+011  6.9438028076E-008  5.2314328849E+030
  9.2503955485E+011  7.0523068543E-008  5.3468297666E+030
  9.4515864538E+011  7.1642286354E-008  5.4631167525E+030
  9.6543294115E+011  7.2798123756E-008  5.5803007086E+030
  9.8586362120E+011  7.3991472925E-008  5.6983885534E+030
  1.0064517476E+012  7.5224480401E-008  5.8173872591E+030
  1.0271983230E+012  7.6499189038E-008  5.9373038514E+030
  1.0481048561E+012  7.7815665322E-008  6.0581454106E+030
  1.0691726328E+012  7.9176767381E-008  6.1799190711E+030
  1.0904028192E+012  8.0585103785E-008  6.3026320227E+030
  1.1117967658E+012  8.2042268351E-008  6.4262915105E+030
  1.1333560296E+012  8.3549894950E-008  6.5509048356E+030
  1.1550817838E+012  8.5112039662E-008  6.6764793553E+030
  1.1769756813E+012  8.6729570229E-008  6.8030224838E+030
  1.1990379713E+012  8.8410955180E-008  6.9305416922E+030
  1.2212698892E+012  9.0155406827E-008  7.0590445095E+030
  1.2436732570E+012  9.1963854864E-008  7.1885385226E+030
  1.2662496937E+012  9.3840632129E-008  7.3190313772E+030
  1.2890006012E+012  9.5790392040E-008  7.4505307777E+030
  1.3119275583E+012  9.7816410984E-008  7.5830444879E+030
  1.3350306426E+012  9.9929401812E-008  7.7165803317E+030
  1.3583114457E+012  1.0212751601E-007  7.8511461932E+030
  1.3817721593E+012  1.0441303218E-007  7.9867500174E+030
  1.4054148356E+012  1.0679180078E-007  8.1233998105E+030
  1.4292393147E+012  1.0927947968E-007  8.2611036405E+030
  1.4532470476E+012  1.1187493576E-007  8.3998696377E+030
  1.4774399901E+012  1.1458238984E-007  8.5397059949E+030
  1.5018207099E+012  1.1740596972E-007  8.6806209684E+030
  1.5263887788E+012  1.2036769278E-007  8.8226228778E+030
  1.5511456401E+012  1.2346686347E-007  8.9657201073E+030
  1.5760943820E+012  1.2670418787E-007  9.1099211055E+030
  1.6012360694E+012  1.3009945925E-007  9.2552343862E+030
  1.6265703828E+012  1.3367046241E-007  9.4016685288E+030
  1.6521009192E+012  1.3740812194E-007  9.5492321792E+030
  1.6778287468E+012  1.4133819968E-007  9.6979340496E+030
  1.7037539595E+012  1.4547969918E-007  9.8477829197E+030
  1.7298799399E+012  1.4982907715E-007  9.9987876366E+030
  1.7562074177E+012  1.5441742153E-007  1.0150957116E+031
  1.7827374079E+012  1.5926089018E-007  1.0304300342E+031
  1.8094740591E+012  1.6436002106E-007  1.0458826368E+031
  1.8364149450E+012  1.6977623404E-007  1.0614544319E+031
  1.8635642867E+012  1.7549174058E-007  1.0771463386E+031
  1.8909230751E+012  1.8155272573E-007  1.0929592836E+031
  1.9184925759E+012  1.8798608713E-007  1.1088942005E+031
  1.9462760668E+012  1.9480970294E-007  1.1249520300E+031
  1.9742722248E+012  2.0209072693E-007  1.1411337203E+031
  2.0024869618E+012  2.0981647866E-007  1.1574402267E+031
  2.0309166128E+012  2.1810092778E-007  1.1738725120E+031
  2.0595689047E+012  2.2690651896E-007  1.1904315463E+031
  2.0884388378E+012  2.3638724717E-007  1.2071183074E+031
  2.1175355575E+012  2.4649030623E-007  1.2239337805E+031
  2.1468526863E+012  2.5741442637E-007  1.2408789583E+031
  2.1763992012E+012  2.6910552408E-007  1.2579548414E+031
  2.2061707593E+012  2.8177121381E-007  1.2751624379E+031
  2.2361735305E+012  2.9541533910E-007  1.2925027637E+031
  2.2664077315E+012  3.1020981660E-007  1.3099768427E+031
  2.2968737372E+012  3.2628647119E-007  1.3275857066E+031
  2.3275798131E+012  3.4371273084E-007  1.3453303951E+031
  2.3585176604E+012  3.6284790143E-007  1.3632119557E+031
  2.3896955709E+012  3.8370783936E-007  1.3812314442E+031
  2.4211161188E+012  4.0659599681E-007  1.3993899246E+031
  2.4527750954E+012  4.3188093393E-007  1.4176884689E+031
  2.4846820158E+012  4.5970866441E-007  1.4361281576E+031
  2.5168353580E+012  4.9062211812E-007  1.4547100792E+031
  2.5492325306E+012  5.2510987029E-007  1.4734353310E+031
  2.5818827201E+012  5.6354384732E-007  1.4923050185E+031
  2.6147910332E+012  6.0665954642E-007  1.5113202557E+031
  2.6479450294E+012  6.5560913955E-007  1.5304821654E+031
  2.6813531604E+012  7.1101727295E-007  1.5497918789E+031
  2.7150240066E+012  7.7412085463E-007  1.5692505363E+031
  2.7489621043E+012  8.4657124410E-007  1.5888592865E+031
  2.7831519877E+012  9.3087398556E-007  1.6086192871E+031
  2.8176009852E+012  1.0290167045E-006  1.6285317049E+031
  2.8523156621E+012  1.1443162196E-006  1.6485977154E+031
  2.8873077356E+012  1.2809418447E-006  1.6688185035E+031
  2.9225842738E+012  1.4448652923E-006  1.6891952630E+031
  2.9581207690E+012  1.6454104985E-006  1.7097291969E+031
  2.9939178394E+012  1.8927655615E-006  1.7304215176E+031
  3.0299787162E+012  2.2026987701E-006  1.7512734468E+031
  3.0663055610E+012  2.5985696409E-006  1.7722862157E+031
  3.1028989351E+012  3.1157975669E-006  1.7934610648E+031
  3.1397559094E+012  3.8102863633E-006  1.8147992444E+031
  3.1768670700E+012  4.7744537201E-006  1.8363020142E+031
  3.2142184598E+012  6.1689824090E-006  1.8579706439E+031
  3.2517616899E+012  8.2996450655E-006  1.8798064128E+031
  3.2893947352E+012  1.1795937262E-005  1.9018106101E+031
  3.3268180800E+012  1.8157498027E-005  1.9239845350E+031
  3.3630589446E+012  3.1709698354E-005  1.9463294965E+031
  3.3942600907E+012  6.9844714746E-005  1.9688468142E+031
  3.4321858493E+012  1.4792691063E-004  1.9915378172E+031
  3.4329177585E+012  1.8828130122E-002  2.0144038455E+031
  3.4333271384E+012  3.5013346042E-002  2.0374462490E+031
  3.4336282194E+012  4.8942460938E-002  2.0606663882E+031
  3.4338721202E+012  6.1830605450E-002  2.0840656340E+031
  3.4340768907E+012  7.5170947297E-002  2.1076453679E+031
  3.4342615526E+012  8.4944405348E-002  2.1314069822E+031
  3.4344284276E+012  9.5690037045E-002  2.1553518797E+031
  3.4345797989E+012  1.0729062212E-001  2.1794814743E+031
  3.4347208759E+012  1.1700058634E-001  2.2037971904E+031
  3.4348520868E+012  1.2778262850E-001  2.2283004639E+031
  3.4349747012E+012  1.3882766042E-001  2.2529927413E+031
  3.4350906424E+012  1.4899494667E-001  2.2778754805E+031
  3.4352005968E+012  1.5938096055E-001  2.3029501508E+031
  3.4353053099E+012  1.6972747608E-001  2.3282182324E+031
  3.4354060972E+012  1.7878956649E-001  2.3536812173E+031
  3.4355029565E+012  1.8858492521E-001  2.3793406088E+031
  3.4355960989E+012  1.9875113362E-001  2.4051979219E+031
  3.4356867607E+012  2.0690316688E-001  2.4312546833E+031
  3.4357749864E+012  2.1541369083E-001  2.4575124313E+031
  3.4358607182E+012  2.2456671471E-001  2.4839727163E+031
  3.4359441091E+012  2.3384539355E-001  2.5106371006E+031
  3.4360247750E+012  2.4482619909E-001  2.5375071584E+031
  3.4361030190E+012  2.5558370517E-001  2.5645844761E+031
  3.4361794777E+012  2.6481605970E-001  2.5918706525E+031
  3.4362544135E+012  2.7354464196E-001  2.6193672986E+031
  3.4363281661E+012  2.8135615469E-001  2.6470760378E+031
  3.4364002782E+012  2.9127845611E-001  2.6749985061E+031
  3.4364699308E+012  3.0521859087E-001  2.7031363520E+031
  3.4365388104E+012  3.1235631048E-001  2.7314912369E+031
  3.4366069685E+012  3.1944841043E-001  2.7600648348E+031
  3.4366742342E+012  3.2755391874E-001  2.7888588329E+031
  3.4367399272E+012  3.3938070822E-001  2.8178749310E+031
  3.4368040600E+012  3.5173627785E-001  2.8471148425E+031
  3.4368667090E+012  3.6428080900E-001  2.8765802936E+031
  3.4369284218E+012  3.7410928406E-001  2.9062730240E+031
  3.4369894250E+012  3.8284733466E-001  2.9361947868E+031
  3.4370497457E+012  3.9165278548E-001  2.9663473487E+031
  3.4371094499E+012  4.0025485775E-001  2.9967324899E+031
  3.4371687572E+012  4.0756444930E-001  3.0273520044E+031
  3.4372276803E+012  4.1493042278E-001  3.0582077000E+031
  3.4372859748E+012  4.2420730229E-001  3.0893013984E+031
  3.4373429894E+012  4.3867298203E-001  3.1206349356E+031
  3.4373992633E+012  4.4948647282E-001  3.1522101613E+031
  3.4374549458E+012  4.5939509060E-001  3.1840289400E+031
  3.4375100581E+012  4.6938013768E-001  3.2160931502E+031
  3.4375643943E+012  4.8143190126E-001  3.2484046850E+031
  3.4376179427E+012  4.9398161529E-001  3.2809654522E+031
  3.4376707364E+012  5.0662813050E-001  3.3137773742E+031
  3.4377230199E+012  5.1725576119E-001  3.3468423883E+031
  3.4377748491E+012  5.2757477476E-001  3.3801624466E+031
  3.4378262386E+012  5.3797338319E-001  3.4137395164E+031
  3.4378772028E+012  5.4845220042E-001  3.4475755802E+031
  3.4379278050E+012  5.5846297765E-001  3.4816726357E+031
  3.4379781711E+012  5.6725389179E-001  3.5160326960E+031
  3.4380283081E+012  5.7611261393E-001  3.5506577898E+031
  3.4380782225E+012  5.8503966709E-001  3.5855499614E+031
  3.4381279205E+012  5.9403557834E-001  3.6207112709E+031
  3.4381771761E+012  6.0594171641E-001  3.6561437942E+031
  3.4382258820E+012  6.1947838357E-001  3.6918496234E+031
  3.4382740581E+012  6.3311946469E-001  3.7278308666E+031
  3.4383219061E+012  6.4439572463E-001  3.7640896481E+031
  3.4383695905E+012  6.5363518370E-001  3.8006281087E+031
  3.4384171158E+012  6.6294591057E-001  3.8374484057E+031
  3.4384644866E+012  6.7232845496E-001  3.8745527131E+031
  3.4385117074E+012  6.8178337083E-001  3.9119432215E+031
  3.4385584173E+012  6.9670783609E-001  3.9496221385E+031
  3.4386045193E+012  7.1351877058E-001  3.9875916887E+031
  3.4386500370E+012  7.3045937483E-001  4.0258541139E+031
  3.4386952486E+012  7.4330581726E-001  4.0644116731E+031
  3.4387404055E+012  7.5219221835E-001  4.1032666429E+031
  3.4387855103E+012  7.6114716395E-001  4.1424213173E+031
  3.4388305651E+012  7.7017118280E-001  4.1818780081E+031
  3.4388755722E+012  7.7926480767E-001  4.2216390448E+031
  3.4389205340E+012  7.8842857546E-001  4.2617067750E+031
  3.4389654526E+012  7.9766302722E-001  4.3020835643E+031
  3.4390101802E+012  8.0966851289E-001  4.3427717966E+031
  3.4390547201E+012  8.2180574079E-001  4.3837738743E+031
  3.4390990773E+012  8.3403658821E-001  4.4250922181E+031
  3.4391430509E+012  8.5031731927E-001  4.4667292675E+031
  3.4391865507E+012  8.6876264366E-001  4.5086874809E+031
  3.4392295930E+012  8.8735024453E-001  4.5509693355E+031
  3.4392723233E+012  9.0333195559E-001  4.5935773278E+031
  3.4393150493E+012  9.1302289571E-001  4.6365139732E+031
  3.4393577724E+012  9.2278858610E-001  4.6797818069E+031
  3.4394004942E+012  9.3262960333E-001  4.7233833835E+031
  3.4394432163E+012  9.4254652844E-001  4.7673212773E+031
  3.4394859399E+012  9.5253994693E-001  4.8115980823E+031
  3.4395286667E+012  9.6261044884E-001  4.8562164129E+031
  3.4395711889E+012  9.7753707968E-001  4.9011789033E+031
  3.4396133044E+012  9.9746674847E-001  4.9464882081E+031
  3.4396550263E+012  1.0175501431E+000  4.9921470025E+031
  3.4396963866E+012  1.0373082681E+000  5.0381579823E+031
  3.4397377012E+012  1.0494346906E+000  5.0845238639E+031
  3.4397789720E+012  1.0616546494E+000  5.1312473850E+031
  3.4398202010E+012  1.0739688657E+000  5.1783313041E+031
  3.4398613900E+012  1.0863780668E+000  5.2257784011E+031
  3.4399025410E+012  1.0988829852E+000  5.2735914774E+031
  3.4399436557E+012  1.1114843593E+000  5.3217733559E+031
  3.4399847379E+012  1.1241339440E+000  5.3703268814E+031
  3.4400258116E+012  1.1362635155E+000  5.4192549204E+031
  3.4400668783E+012  1.1484866475E+000  5.4685603619E+031
  3.4401079394E+012  1.1608040616E+000  5.5182461168E+031
  3.4401489966E+012  1.1732164851E+000  5.5683151187E+031
  3.4401900510E+012  1.1857246508E+000  5.6187703237E+031
  3.4402308416E+012  1.2060362735E+000  5.6696147108E+031
  3.4402713051E+012  1.2286410360E+000  5.7208512819E+031
  3.4403114514E+012  1.2514201585E+000  5.7724830620E+031
  3.4403513437E+012  1.2726605998E+000  5.8245130996E+031
  3.4403911653E+012  1.2883479424E+000  5.8769444666E+031
  3.4404309185E+012  1.3041562880E+000  5.9297802587E+031
  3.4404706056E+012  1.3200865700E+000  5.9830235952E+031
  3.4405102287E+012  1.3361397289E+000  6.0366776199E+031
  3.4405497900E+012  1.3523167125E+000  6.0907455004E+031
  3.4405892917E+012  1.3686184760E+000  6.1452304291E+031
  3.4406287360E+012  1.3850408888E+000  6.2001356228E+031
  3.4406681618E+012  1.4002773963E+000  6.2554643231E+031
  3.4407075709E+012  1.4156314294E+000  6.3112197969E+031
  3.4407469645E+012  1.4311038946E+000  6.3674053359E+031
  3.4407863442E+012  1.4466957053E+000  6.4240242574E+031
  3.4408257115E+012  1.4624077822E+000  6.4810799042E+031
  3.4408650678E+012  1.4782410529E+000  6.5385756452E+031
  3.4409044145E+012  1.4941964522E+000  6.5965148747E+031
  3.4409438036E+012  1.5083392900E+000  6.6549010138E+031
  3.4409832604E+012  1.5216504472E+000  6.7137375095E+031
  3.4410227859E+012  1.5350642789E+000  6.7730278356E+031
  3.4410623808E+012  1.5485815771E+000  6.8327754928E+031
  3.4411020461E+012  1.5622031398E+000  6.8929840087E+031
  3.4411417825E+012  1.5759297714E+000  6.9536569379E+031
  3.4411813976E+012  1.5975120259E+000  7.0147978628E+031
  3.4412207086E+012  1.6269159306E+000  7.0764103932E+031
  3.4412597245E+012  1.6565466399E+000  7.1384981667E+031
  3.4412985370E+012  1.6828081028E+000  7.2010648492E+031
  3.4413372892E+012  1.7032041618E+000  7.2641141346E+031
  3.4413759834E+012  1.7237575442E+000  7.3276497455E+031
  3.4414146215E+012  1.7444694634E+000  7.3916754330E+031
  3.4414532056E+012  1.7653411422E+000  7.4561949775E+031
  3.4414917377E+012  1.7863738131E+000  7.5212121881E+031
  3.4415302197E+012  1.8075687177E+000  7.5867309036E+031
  3.4415686940E+012  1.8270113478E+000  7.6527549923E+031
  3.4416072462E+012  1.8425656773E+000  7.7192883524E+031
  3.4416458773E+012  1.8582399839E+000  7.7863349121E+031
  3.4416845880E+012  1.8740351929E+000  7.8538986298E+031
  3.4417233791E+012  1.8899522370E+000  7.9219834948E+031
  3.4417622514E+012  1.9059920559E+000  7.9905935267E+031
  3.4418012058E+012  1.9221555966E+000  8.0597327764E+031
  3.4418402430E+012  1.9384438135E+000  8.1294053261E+031
  3.4418793264E+012  1.9567294560E+000  8.1996152892E+031
  3.4419183209E+012  1.9820413469E+000  8.2703668111E+031
  3.4419572291E+012  2.0075484790E+000  8.3416640690E+031
  3.4419960536E+012  2.0332523583E+000  8.4135112724E+031
  3.4420347971E+012  2.0591545024E+000  8.4859126634E+031
  3.4420735141E+012  2.0824543340E+000  8.5588725164E+031
  3.4421122084E+012  2.1058225079E+000  8.6323951393E+031
  3.4421508814E+012  2.1293709302E+000  8.7064848729E+031
  3.4421895349E+012  2.1531009914E+000  8.7811460915E+031
  3.4422281703E+012  2.1770140924E+000  8.8563832032E+031
  3.4422667809E+012  2.2015897312E+000  8.9322006503E+031
  3.4423052960E+012  2.2305250884E+000  9.0086029089E+031
  3.4423437183E+012  2.2596836361E+000  9.0855944901E+031
  3.4423820507E+012  2.2890670959E+000  9.1631799395E+031
  3.4424202958E+012  2.3186772026E+000  9.2413638378E+031
  3.4424584563E+012  2.3485157044E+000  9.3201508012E+031
  3.4424965346E+012  2.3785843629E+000  9.3995454814E+031
  3.4425346488E+012  2.4016008534E+000  9.4795525658E+031
  3.4425728351E+012  2.4225569630E+000  9.5601767783E+031
  3.4426110944E+012  2.4436747158E+000  9.6414228791E+031
  3.4426494275E+012  2.4649553586E+000  9.7232956649E+031
  3.4426878354E+012  2.4864001480E+000  9.8057999697E+031
  3.4427263187E+012  2.5080103499E+000  9.8889406646E+031
  3.4427648784E+012  2.5297872404E+000  9.9727226585E+031
  3.4428035154E+012  2.5517321051E+000  1.0057150898E+032
  3.4428422305E+012  2.5738462398E+000  1.0142230367E+032
  3.4428809778E+012  2.5992700738E+000  1.0227966091E+032
  3.4429197016E+012  2.6287208617E+000  1.0314363129E+032
  3.4429584037E+012  2.6583988158E+000  1.0401426584E+032
  3.4429970857E+012  2.6883056883E+000  1.0489161596E+032
  3.4430357492E+012  2.7184432450E+000  1.0577573344E+032
  3.4430743959E+012  2.7488132653E+000  1.0666667049E+032
  3.4431130587E+012  2.7771663637E+000  1.0756447972E+032
  3.4431517684E+012  2.8036043754E+000  1.0846921412E+032
  3.4431905259E+012  2.8302463145E+000  1.0938092711E+032
  3.4432293323E+012  2.8570937539E+000  1.1029967253E+032
  3.4432681887E+012  2.8841482789E+000  1.1122550461E+032
  3.4433070960E+012  2.9114114868E+000  1.1215847802E+032
  3.4433460553E+012  2.9388849871E+000  1.1309864785E+032
  3.4433849718E+012  2.9738642293E+000  1.1404606960E+032
  3.4434237726E+012  3.0149099137E+000  1.1500079920E+032
  3.4434624611E+012  3.0562722007E+000  1.1596289304E+032
  3.4435010405E+012  3.0979535322E+000  1.1693240791E+032
  3.4435395141E+012  3.1399563692E+000  1.1790940105E+032
  3.4435778849E+012  3.1822831917E+000  1.1889393015E+032
  3.4436163241E+012  3.2108494474E+000  1.1988605333E+032
  3.4436548737E+012  3.2361904425E+000  1.2088582917E+032
  3.4436935347E+012  3.2617269033E+000  1.2189331670E+032
  3.4437323079E+012  3.2874603374E+000  1.2290857540E+032
  3.4437711942E+012  3.3133922643E+000  1.2393166522E+032
  3.4438101946E+012  3.3395242149E+000  1.2496264655E+032
  3.4438493100E+012  3.3658577322E+000  1.2600158027E+032
  3.4438885413E+012  3.3923943709E+000  1.2704852773E+032
  3.4439278895E+012  3.4191356977E+000  1.2810355073E+032
  3.4439673518E+012  3.4464130673E+000  1.2916671155E+032
  3.4440068014E+012  3.4851341970E+000  1.3023807299E+032
  3.4440462399E+012  3.5241539990E+000  1.3131769828E+032
  3.4440856691E+012  3.5634747770E+000  1.3240565117E+032
  3.4441250906E+012  3.6030988525E+000  1.3350199590E+032
  3.4441645060E+012  3.6430285651E+000  1.3460679719E+032
  3.4442039806E+012  3.6773498433E+000  1.3572012027E+032
  3.4442435170E+012  3.7117683752E+000  1.3684203088E+032
  3.4442831166E+012  3.7464523916E+000  1.3797259526E+032
  3.4443227803E+012  3.7814039403E+000  1.3911188015E+032
  3.4443625092E+012  3.8166250849E+000  1.4025995282E+032
  3.4444023046E+012  3.8521179049E+000  1.4141688106E+032
  3.4444420336E+012  3.9009684027E+000  1.4258273316E+032
  3.4444816839E+012  3.9516627050E+000  1.4375757797E+032
  3.4445212584E+012  4.0027480335E+000  1.4494148485E+032
  3.4445607597E+012  4.0542274045E+000  1.4613452369E+032
  3.4446001906E+012  4.1061038574E+000  1.4733676495E+032
  3.4446395963E+012  4.1538789727E+000  1.4854827959E+032
  3.4446789903E+012  4.2007827768E+000  1.4976913915E+032
  3.4447183745E+012  4.2480483696E+000  1.5099941571E+032
  3.4447577505E+012  4.2956785417E+000  1.5223918190E+032
  3.4447971201E+012  4.3436761051E+000  1.5348851093E+032
  3.4448364848E+012  4.3920438938E+000  1.5474747656E+032
  3.4448758464E+012  4.4407847635E+000  1.5601615311E+032
  3.4449152065E+012  4.4899015918E+000  1.5729461550E+032
  3.4449546431E+012  4.5306306944E+000  1.5858293920E+032
  3.4449942076E+012  4.5658613614E+000  1.5988120028E+032
  3.4450339011E+012  4.6013637772E+000  1.6118947539E+032
  3.4450737247E+012  4.6371400380E+000  1.6250784177E+032
  3.4451136795E+012  4.6731922560E+000  1.6383637726E+032
  3.4451537666E+012  4.7095225599E+000  1.6517516030E+032
  3.4451939871E+012  4.7461330945E+000  1.6652426994E+032
  3.4452343423E+012  4.7830260215E+000  1.6788378581E+032
  3.4452748333E+012  4.8202035190E+000  1.6925378821E+032
  3.4453154612E+012  4.8576677821E+000  1.7063435800E+032
  3.4453561931E+012  4.8995198233E+000  1.7202557670E+032
  3.4453969707E+012  4.9488935602E+000  1.7342752646E+032
  3.4454377953E+012  4.9986481374E+000  1.7484029004E+032
  3.4454786685E+012  5.0487864925E+000  1.7626395085E+032
  3.4455195915E+012  5.0993115856E+000  1.7769859296E+032
  3.4455605659E+012  5.1502263998E+000  1.7914430105E+032
  3.4456014884E+012  5.2147991567E+000  1.8060116050E+032
  3.4456423593E+012  5.2801834606E+000  1.8206925731E+032
  3.4456831810E+012  5.3460721009E+000  1.8354867817E+032
  3.4457239561E+012  5.4124689678E+000  1.8503951042E+032
  3.4457646870E+012  5.4793779814E+000  1.8654184208E+032
  3.4458054424E+012  5.5378023483E+000  1.8805576185E+032
  3.4458462747E+012  5.5897319349E+000  1.8958135912E+032
  3.4458871851E+012  5.6420620760E+000  1.9111872395E+032
  3.4459281751E+012  5.6947958614E+000  1.9266794712E+032
  3.4459692459E+012  5.7479364045E+000  1.9422912010E+032
  3.4460103988E+012  5.8014868428E+000  1.9580233505E+032
  3.4460516352E+012  5.8554503380E+000  1.9738768487E+032
  3.4460929564E+012  5.9098300762E+000  1.9898526316E+032
  3.4461343665E+012  5.9642429380E+000  2.0059516423E+032
  3.4461758708E+012  6.0184823826E+000  2.0221748314E+032
  3.4462174708E+012  6.0731401988E+000  2.0385231568E+032
  3.4462591679E+012  6.1282196134E+000  2.0549975836E+032
  3.4463009633E+012  6.1837238786E+000  2.0715990845E+032
  3.4463428585E+012  6.2396562714E+000  2.0883286398E+032
  3.4463848549E+012  6.2960200940E+000  2.1051872371E+032
  3.4464268105E+012  6.3744820189E+000  2.1221758718E+032
  3.4464685952E+012  6.4740162351E+000  2.1392955469E+032
  3.4465102144E+012  6.5743182003E+000  2.1565472733E+032
  3.4465516732E+012  6.6753938364E+000  2.1739320694E+032
  3.4465929766E+012  6.7772491111E+000  2.1914509617E+032
  3.4466341708E+012  6.8730162700E+000  2.2091049845E+032
  3.4466755162E+012  6.9263382478E+000  2.2268951802E+032
  3.4467170143E+012  6.9800715202E+000  2.2448225990E+032
  3.4467586664E+012  7.0342192599E+000  2.2628882996E+032
  3.4468004742E+012  7.0887846636E+000  2.2810933484E+032
  3.4468424390E+012  7.1437709531E+000  2.2994388204E+032
  3.4468845623E+012  7.1991813748E+000  2.3179257987E+032
  3.4469268458E+012  7.2550192002E+000  2.3365553747E+032
  3.4469692909E+012  7.3112877261E+000  2.3553286485E+032
  3.4470118993E+012  7.3679902746E+000  2.3742467283E+032
  3.4470546725E+012  7.4251301935E+000  2.3933107312E+032
  3.4470976122E+012  7.4827108565E+000  2.4125217827E+032
  3.4471406579E+012  7.5515913870E+000  2.4318810171E+032
  3.4471837927E+012  7.6242662233E+000  2.4513895773E+032
  3.4472270184E+012  7.6975016310E+000  2.4710486152E+032
  3.4472703365E+012  7.7713019340E+000  2.4908592915E+032
  3.4473137488E+012  7.8456714895E+000  2.5108227758E+032
  3.4473572385E+012  7.9239818209E+000  2.5309402467E+032
  3.4474007622E+012  8.0111577807E+000  2.5512128922E+032
  3.4474443221E+012  8.0990061651E+000  2.5716419090E+032
  3.4474879202E+012  8.1875321607E+000  2.5922285033E+032
  3.4475315586E+012  8.2767409944E+000  2.6129738907E+032
  3.4475751683E+012  8.3802267101E+000  2.6338792958E+032
  3.4476186949E+012  8.4956589260E+000  2.6549459531E+032
  3.4476621421E+012  8.6119815188E+000  2.6761751064E+032
  3.4477055135E+012  8.7292013563E+000  2.6975680089E+032
  3.4477488126E+012  8.8473253594E+000  2.7191259238E+032
  3.4477920791E+012  8.9589247843E+000  2.7408501240E+032
  3.4478354588E+012  9.0415233093E+000  2.7627418919E+032
  3.4478789534E+012  9.1247589512E+000  2.7848025202E+032
  3.4479225647E+012  9.2086366244E+000  2.8070333113E+032
  3.4479662945E+012  9.2931612811E+000  2.8294355779E+032
  3.4480101446E+012  9.3783379117E+000  2.8520106424E+032
  3.4480541166E+012  9.4641715453E+000  2.8747598379E+032
  3.4480982126E+012  9.5506672495E+000  2.8976845073E+032
  3.4481424342E+012  9.6378301312E+000  2.9207860044E+032
  3.4481867633E+012  9.7300827788E+000  2.9440656929E+032
  3.4482311365E+012  9.8374376442E+000  2.9675249474E+032
  3.4482755561E+012  9.9456205825E+000  2.9911651529E+032
  3.4483200243E+012  1.0054637981E+001  3.0149877052E+032
  3.4483645435E+012  1.0164496276E+001  3.0389940108E+032
  3.4484091157E+012  1.0275201954E+001  3.0631854870E+032
  3.4484537432E+012  1.0386761552E+001  3.0875635622E+032
  3.4484984066E+012  1.0504280554E+001  3.1121296757E+032
  3.4485430959E+012  1.0625628461E+001  3.1368852778E+032
  3.4485878135E+012  1.0747912375E+001  3.1618318303E+032
  3.4486325621E+012  1.0871139515E+001  3.1869708059E+032
  3.4486773441E+012  1.0995317159E+001  3.2123036890E+032
  3.4487221619E+012  1.1120452636E+001  3.2378319751E+032
  3.4487670181E+012  1.1246553335E+001  3.2635571716E+032
  3.4488119780E+012  1.1357714311E+001  3.2894807973E+032
  3.4488571086E+012  1.1453345496E+001  3.3156043827E+032
  3.4489024118E+012  1.1549714324E+001  3.3419294702E+032
  3.4489478899E+012  1.1646826485E+001  3.3684576141E+032
  3.4489935452E+012  1.1744687713E+001  3.3951903807E+032
  3.4490393798E+012  1.1843303785E+001  3.4221293483E+032
  3.4490853960E+012  1.1942680524E+001  3.4492761073E+032
  3.4491315962E+012  1.2042823797E+001  3.4766322607E+032
  3.4491779272E+012  1.2158255735E+001  3.5041994235E+032
  3.4492241149E+012  1.2347874607E+001  3.5319792233E+032
  3.4492701651E+012  1.2538956088E+001  3.5599733003E+032
  3.4493160834E+012  1.2731511460E+001  3.5881833073E+032
  3.4493618753E+012  1.2925552093E+001  3.6166109099E+032
  3.4494077719E+012  1.3056707366E+001  3.6452577865E+032
  3.4494538648E+012  1.3163382154E+001  3.6741256284E+032
  3.4495001565E+012  1.3270879770E+001  3.7032161399E+032
  3.4495466496E+012  1.3379206560E+001  3.7325310388E+032
  3.4495933465E+012  1.3488368920E+001  3.7620720557E+032
  3.4496402500E+012  1.3598373295E+001  3.7918409348E+032
  3.4496873626E+012  1.3709226179E+001  3.8218394337E+032
  3.4497346870E+012  1.3820934118E+001  3.8520693236E+032
  3.4497821920E+012  1.3943489369E+001  3.8825323892E+032
  3.4498297823E+012  1.4095808416E+001  3.9132304291E+032
  3.4498774608E+012  1.4249302364E+001  3.9441652559E+032
  3.4499252304E+012  1.4403980274E+001  3.9753386959E+032
  3.4499729873E+012  1.4592279787E+001  4.0067525896E+032
  3.4500205905E+012  1.4826833368E+001  4.0384087919E+032
  3.4500680467E+012  1.5063196160E+001  4.0703091716E+032
  3.4501153622E+012  1.5301382116E+001  4.1024556123E+032
  3.4501627134E+012  1.5485671550E+001  4.1348500119E+032
  3.4502101776E+012  1.5647014734E+001  4.1674942830E+032
  3.4502577574E+012  1.5809602426E+001  4.2003903530E+032
  3.4503054558E+012  1.5973444224E+001  4.2335401642E+032
  3.4503532754E+012  1.6138549803E+001  4.2669456737E+032
  3.4504012193E+012  1.6304928909E+001  4.3006088538E+032
  3.4504492903E+012  1.6472591368E+001  4.3345316921E+032
  3.4504973972E+012  1.6673974572E+001  4.3687161914E+032
  3.4505454686E+012  1.6903183360E+001  4.4031643700E+032
  3.4505935087E+012  1.7134160131E+001  4.4378782618E+032
  3.4506415221E+012  1.7366918521E+001  4.4728599163E+032
  3.4506895128E+012  1.7601472275E+001  4.5081113990E+032
  3.4507374852E+012  1.7837835239E+001  4.5436347911E+032
  3.4507855555E+012  1.8034004628E+001  4.5794321899E+032
  3.4508337879E+012  1.8208626497E+001  4.6155057090E+032
  3.4508821854E+012  1.8384595297E+001  4.6518574782E+032
  3.4509307511E+012  1.8561921418E+001  4.6884896438E+032
  3.4509794882E+012  1.8740615330E+001  4.7254043685E+032
  3.4510283997E+012  1.8920687582E+001  4.7626038320E+032
  3.4510774889E+012  1.9102148807E+001  4.8000902305E+032
  3.4511267590E+012  1.9285009717E+001  4.8378657771E+032
  3.4511762011E+012  1.9474102312E+001  4.8759327024E+032
  3.4512257839E+012  1.9678307092E+001  4.9142932538E+032
  3.4512755109E+012  1.9884086989E+001  4.9529496961E+032
  3.4513253855E+012  2.0091454152E+001  4.9919043116E+032
  3.4513754112E+012  2.0300420824E+001  5.0311594004E+032
  3.4514255915E+012  2.0510999344E+001  5.0707172801E+032
  3.4514756869E+012  2.0823461348E+001  5.1105802862E+032
  3.4515256926E+012  2.1142876190E+001  5.1507507724E+032
  3.4515756150E+012  2.1464754812E+001  5.1912311102E+032
  3.4516254599E+012  2.1789116218E+001  5.2320236899E+032
  3.4516754137E+012  2.2036347470E+001  5.2731309197E+032
  3.4517255031E+012  2.2275281955E+001  5.3145552267E+032
  3.4517757319E+012  2.2516059441E+001  5.3562990567E+032
  3.4518261036E+012  2.2758694145E+001  5.3983648743E+032
  3.4518766223E+012  2.3003200391E+001  5.4407551632E+032
  3.4519272915E+012  2.3249592616E+001  5.4834724260E+032
  3.4519780938E+012  2.3507776032E+001  5.5265191849E+032
  3.4520289837E+012  2.3790991114E+001  5.5698979814E+032
  3.4520799653E+012  2.4076390752E+001  5.6136113767E+032
  3.4521310429E+012  2.4363991796E+001  5.6576619517E+032
  3.4521822207E+012  2.4653811227E+001  5.7020523071E+032
  3.4522334518E+012  2.4970724032E+001  5.7467850639E+032
  3.4522845081E+012  2.5405058527E+001  5.7918628631E+032
  3.4523353983E+012  2.5842743225E+001  5.8372883662E+032
  3.4523861309E+012  2.6283803968E+001  5.8830642552E+032
  3.4524367144E+012  2.6728266797E+001  5.9291932328E+032
  3.4524872507E+012  2.7125748134E+001  5.9756780223E+032
  3.4525380275E+012  2.7374108226E+001  6.0225213685E+032
  3.4525890491E+012  2.7624384024E+001  6.0697260370E+032
  3.4526403197E+012  2.7876590304E+001  6.1172948148E+032
  3.4526918440E+012  2.8130741956E+001  6.1652305104E+032
  3.4527436265E+012  2.8386853986E+001  6.2135359541E+032
  3.4527956719E+012  2.8644941515E+001  6.2622139978E+032
  3.4528479850E+012  2.8905019780E+001  6.3112675156E+032
  3.4529005706E+012  2.9167104138E+001  6.3606994037E+032
  3.4529534065E+012  2.9446373915E+001  6.4105125805E+032
  3.4530063331E+012  2.9819936429E+001  6.4607099872E+032
  3.4530593556E+012  3.0196380387E+001  6.5112945874E+032
  3.4531124791E+012  3.0575728014E+001  6.5622693678E+032
  3.4531655251E+012  3.1064995852E+001  6.6136373380E+032
  3.4532183832E+012  3.1628158127E+001  6.6654015307E+032
  3.4532710637E+012  3.2195664308E+001  6.7175650023E+032
  3.4533235891E+012  3.2759801807E+001  6.7701308325E+032
  3.4533760331E+012  3.3287441146E+001  6.8231021249E+032
  3.4534284033E+012  3.3819150387E+001  6.8764820070E+032
  3.4534807074E+012  3.4354960923E+001  6.9302736305E+032
  3.4535329526E+012  3.4894904390E+001  6.9844801712E+032
  3.4535851463E+012  3.5439012666E+001  7.0391048295E+032
  3.4536372955E+012  3.5987317876E+001  7.0941508307E+032
  3.4536892290E+012  3.6664924917E+001  7.1496214246E+032
  3.4537409148E+012  3.7378797174E+001  7.2055198864E+032
  3.4537923648E+012  3.8098175826E+001  7.2618495164E+032
  3.4538435908E+012  3.8823103346E+001  7.3186136403E+032
  3.4538946040E+012  3.9553622534E+001  7.3758156097E+032
  3.4539454154E+012  4.0289776522E+001  7.4334588017E+032
  3.4539960353E+012  4.1031608773E+001  7.4915466197E+032
  3.4540464741E+012  4.1779163086E+001  7.5500824933E+032
  3.4540967415E+012  4.2532483598E+001  7.6090698785E+032
  3.4541463454E+012  4.3728193121E+001  7.6685122580E+032
  3.4541950017E+012  4.5224054334E+001  7.7284131415E+032
  3.4542427641E+012  4.6731453748E+001  7.7887760655E+032
  3.4542896820E+012  4.8250480363E+001  7.8496045939E+032
  3.4543357447E+012  4.9841810195E+001  7.9109023181E+032
  3.4543808941E+012  5.1564407571E+001  7.9726728573E+032
  3.4544251821E+012  5.3300292060E+001  8.0349198585E+032
  3.4544686566E+012  5.5049566151E+001  8.0976469968E+032
  3.4545115351E+012  5.6583058603E+001  8.1608579756E+032
  3.4545545664E+012  5.7157607042E+001  8.2245565272E+032
  3.4545977537E+012  5.7736587212E+001  8.2887464122E+032
  3.4546411004E+012  5.8320033299E+001  8.3534314207E+032
  3.4546846100E+012  5.8907979748E+001  8.4186153716E+032
  3.4547282858E+012  5.9500461274E+001  8.4843021136E+032
  3.4547721314E+012  6.0097512858E+001  8.5504955248E+032
  3.4548161504E+012  6.0699169749E+001  8.6171995135E+032
  3.4548603464E+012  6.1305467472E+001  8.6844180178E+032
  3.4549047132E+012  6.1930287299E+001  8.7521550066E+032
  3.4549492545E+012  6.2559996912E+001  8.8204144790E+032
  3.4549939740E+012  6.3194563737E+001  8.8892004652E+032
  3.4550388142E+012  6.3921402515E+001  8.9585170265E+032
  3.4550836852E+012  6.4788413161E+001  9.0283682554E+032
  3.4551285860E+012  6.5670504625E+001  9.0987582759E+032
  3.4551735187E+012  6.6563249031E+001  9.1696912441E+032
  3.4552184839E+012  6.7468926640E+001  9.2411713478E+032
  3.4552635346E+012  6.8308657683E+001  9.3132028075E+032
  3.4553087697E+012  6.9010800114E+001  9.3857898759E+032
  3.4553540361E+012  6.9959672372E+001  9.4589368386E+032
  3.4553991967E+012  7.1137948249E+001  9.5326480144E+032
  3.4554443747E+012  7.2140852471E+001  9.6069277553E+032
  3.4554896139E+012  7.3088677989E+001  9.6817804468E+032
  3.4555349527E+012  7.3989052892E+001  9.7572105084E+032
  3.4555804754E+012  7.4765586935E+001  9.8332223936E+032
  3.4556258667E+012  7.6078505114E+001  9.9098205901E+032
  3.4556711592E+012  7.7359416948E+001  9.9870096206E+032
  3.4557165912E+012  7.8252299733E+001  1.0064794042E+033
  3.4557621283E+012  7.9218843076E+001  1.0143178448E+033
  3.4558077170E+012  8.0295246924E+001  1.0222167465E+033
  3.4558533853E+012  8.1338760073E+001  1.0301765757E+033
  3.4558990349E+012  8.2576331301E+001  1.0381978024E+033
  3.4559445340E+012  8.4076541751E+001  1.0462809002E+033
  3.4559902026E+012  8.5007010660E+001  1.0544263463E+033
  3.4560359905E+012  8.6047559971E+001  1.0626346216E+033
  3.4560818224E+012  8.7247755902E+001  1.0709062108E+033
  3.4561276988E+012  8.8466585099E+001  1.0792416022E+033
  3.4561735470E+012  8.9847427649E+001  1.0876412879E+033
  3.4562192215E+012  9.1541152128E+001  1.0961057640E+033
  3.4562650952E+012  9.2512880760E+001  1.1046355300E+033
  3.4563111513E+012  9.3535784806E+001  1.1132310898E+033
  3.4563572604E+012  9.4841324279E+001  1.1218929506E+033
  3.4564034239E+012  9.6165922439E+001  1.1306216240E+033
  3.4564494364E+012  9.7946009312E+001  1.1394176254E+033
  3.4564956551E+012  9.8992601997E+001  1.1482814739E+033
  3.4565419955E+012  1.0023983638E+002  1.1572136930E+033
  3.4565883860E+012  1.0166474574E+002  1.1662148100E+033
  3.4566345609E+012  1.0370455727E+002  1.1752853565E+033
  3.4566807843E+012  1.0518517438E+002  1.1844258678E+033
  3.4567271209E+012  1.0654212366E+002  1.1936368837E+033
  3.4567736699E+012  1.0769348094E+002  1.2029189480E+033
  3.4568203104E+012  1.0914762851E+002  1.2122726088E+033
  3.4568667679E+012  1.1127783758E+002  1.2216984182E+033
  3.4569134401E+012  1.1248828969E+002  1.2311969329E+033
  3.4569600292E+012  1.1444622275E+002  1.2407687136E+033
  3.4570066409E+012  1.1617690629E+002  1.2504143254E+033
  3.4570533797E+012  1.1767567618E+002  1.2601343378E+033
  3.4571002831E+012  1.1910593033E+002  1.2699293247E+033
  3.4571471248E+012  1.2114203745E+002  1.2797998645E+033
  3.4571939087E+012  1.2320599011E+002  1.2897465399E+033
  3.4572408265E+012  1.2479766334E+002  1.2997699381E+033
  3.4572879686E+012  1.2617685478E+002  1.3098706510E+033
  3.4573351360E+012  1.2811925720E+002  1.3200492749E+033
  3.4573822796E+012  1.3023140619E+002  1.3303064108E+033
  3.4574292971E+012  1.3266925076E+002  1.3406426642E+033
  3.4574765058E+012  1.3425013462E+002  1.3510586455E+033
  3.4575238391E+012  1.3605206045E+002  1.3615549696E+033
  3.4575712312E+012  1.3807767849E+002  1.3721322562E+033
  3.4576186827E+012  1.4013760090E+002  1.3827911299E+033
  3.4576661941E+012  1.4223421770E+002  1.3935322199E+033
  3.4577137655E+012  1.4436863996E+002  1.4043561604E+033
  3.4577613975E+012  1.4653988501E+002  1.4152635905E+033
  3.4578090903E+012  1.4875097602E+002  1.4262551541E+033
  3.4578568448E+012  1.5099986131E+002  1.4373315003E+033
  3.4579046613E+012  1.5328950335E+002  1.4484932830E+033
  3.4579525397E+012  1.5562193150E+002  1.4597411611E+033
  3.4580004810E+012  1.5799481387E+002  1.4710757988E+033
  3.4580484257E+012  1.6061074250E+002  1.4824978653E+033
  3.4580960945E+012  1.6422789182E+002  1.4940080350E+033
  3.4581439992E+012  1.6614490063E+002  1.5056069874E+033
  3.4581921470E+012  1.6807669613E+002  1.5172954074E+033
  3.4582403618E+012  1.7066836382E+002  1.5290739851E+033
  3.4582886412E+012  1.7331818848E+002  1.5409434158E+033
  3.4583369856E+012  1.7601733433E+002  1.5529044004E+033
  3.4583853954E+012  1.7876711820E+002  1.5649576451E+033
  3.4584336503E+012  1.8239548438E+002  1.5771038615E+033
  3.4584820341E+012  1.8501459116E+002  1.5893437667E+033
  3.4585306897E+012  1.8713680663E+002  1.6016780835E+033
  3.4585794225E+012  1.9006035584E+002  1.6141075399E+033
  3.4586280196E+012  1.9388313729E+002  1.6266328700E+033
  3.4586766747E+012  1.9700414806E+002  1.6392548131E+033
  3.4587255304E+012  1.9960508769E+002  1.6519741146E+033
  3.4587745483E+012  2.0241917505E+002  1.6647915254E+033
  3.4588233093E+012  2.0704723482E+002  1.6777078022E+033
  3.4588722337E+012  2.0997529656E+002  1.6907237076E+033
  3.4589213744E+012  2.1273599738E+002  1.7038400101E+033
  3.4589706141E+012  2.1606833603E+002  1.7170574842E+033
  3.4590198899E+012  2.1974729474E+002  1.7303769102E+033
  3.4590692237E+012  2.2340247830E+002  1.7437990744E+033
  3.4591186285E+012  2.2707463526E+002  1.7573247694E+033
  3.4591681691E+012  2.3052119379E+002  1.7709547938E+033
  3.4592176122E+012  2.3514006350E+002  1.7846899522E+033
  3.4592670084E+012  2.3961486121E+002  1.7985310556E+033
  3.4593165437E+012  2.4327312870E+002  1.8124789212E+033
  3.4593662294E+012  2.4695444215E+002  1.8265343726E+033
  3.4594161467E+012  2.5030944510E+002  1.8406982395E+033
  3.4594659099E+012  2.5569745345E+002  1.8549713582E+033
  3.4595159506E+012  2.5896963318E+002  1.8693545715E+033
  3.4595658658E+012  2.6442745762E+002  1.8838487284E+033
  3.4596160059E+012  2.6813471651E+002  1.8984546849E+033
  3.4596662595E+012  2.7252747145E+002  1.9131733032E+033
  3.4597163361E+012  2.7861440181E+002  1.9280054524E+033
  3.4597666612E+012  2.8245234814E+002  1.9429520081E+033
  3.4598170386E+012  2.8749123142E+002  1.9580138528E+033
  3.4598673542E+012  2.9330227381E+002  1.9731918759E+033
  3.4599178174E+012  2.9801083996E+002  1.9884869733E+033
  3.4599684788E+012  3.0252533976E+002  2.0039000483E+033
  3.4600191287E+012  3.0841095973E+002  2.0194320107E+033
  3.4600697879E+012  3.1430215571E+002  2.0350837776E+033
  3.4601206156E+012  3.1933037142E+002  2.0508562732E+033
  3.4601715569E+012  3.2482453299E+002  2.0667504286E+033
  3.4602225066E+012  3.3112342573E+002  2.0827671822E+033
  3.4602734899E+012  3.3740236863E+002  2.0989074798E+033
  3.4603245529E+012  3.4351935336E+002  2.1151722742E+033
  3.4603756956E+012  3.4977941720E+002  2.1315625257E+033
  3.4604271364E+012  3.5468290172E+002  2.1480792021E+033
  3.4604784944E+012  3.6237048711E+002  2.1647232786E+033
  3.4605300329E+012  3.6836610552E+002  2.1814957377E+033
  3.4605816120E+012  3.7551892229E+002  2.1983975698E+033
  3.4606332357E+012  3.8281491284E+002  2.2154297729E+033
  3.4606848303E+012  3.9084169598E+002  2.2325933524E+033
  3.4607365413E+012  3.9794932395E+002  2.2498893217E+033
  3.4607884182E+012  4.0484828009E+002  2.2673187021E+033
  3.4608404571E+012  4.1195119131E+002  2.2848825226E+033
  3.4608927933E+012  4.1815931424E+002  2.3025818202E+033
  3.4609373630E+012  5.0084462244E+002  2.3204176398E+033
  3.4609809344E+012  5.2202638301E+002  2.3383910346E+033
  3.4610234853E+012  5.4456719426E+002  2.3565030656E+033
  3.4610654663E+012  5.6222720205E+002  2.3747548024E+033
  3.4611071968E+012  5.7609675367E+002  2.3931473223E+033
  3.4611482550E+012  5.9635644159E+002  2.4116817115E+033
  3.4611885186E+012  6.1928873332E+002  2.4303590642E+033
  3.4612283216E+012  6.3788656830E+002  2.4491804830E+033
  3.4612679107E+012  6.5301118860E+002  2.4681470794E+033
  3.4613072796E+012  6.6861976312E+002  2.4872599730E+033
  3.4613464110E+012  6.8492173701E+002  2.5065202923E+033
  3.4613851451E+012  7.0452028152E+002  2.5259291745E+033
  3.4614237640E+012  7.1945224285E+002  2.5454877656E+033
  3.4614620742E+012  7.3841198141E+002  2.5651972202E+033
  3.4615003097E+012  7.5328549933E+002  2.5850587021E+033
  3.4615381774E+012  7.7440372039E+002  2.6050733838E+033
  3.4615756582E+012  7.9655632659E+002  2.6252424472E+033
  3.4616130187E+012  8.1356913504E+002  2.6455670830E+033
  3.4616503876E+012  8.2812228506E+002  2.6660484911E+033
  3.4616878277E+012  8.4157458793E+002  2.6866878810E+033
  3.4617250012E+012  8.6304571074E+002  2.7074864710E+033
  3.4617622373E+012  8.7730488040E+002  2.7284454893E+033
  3.4617994883E+012  8.9300342217E+002  2.7495661732E+033
  3.4618367518E+012  9.0909371972E+002  2.7708497698E+033
  3.4618736434E+012  9.3512281832E+002  2.7922975357E+033
  3.4619105587E+012  9.5169193038E+002  2.8139107371E+033
  3.4619471570E+012  9.7758243669E+002  2.8356906502E+033
  3.4619837777E+012  9.9496005522E+002  2.8576385608E+033
  3.4620204536E+012  1.0118072950E+003  2.8797557648E+033
  3.4620569779E+012  1.0348168760E+003  2.9020435681E+033
  3.4620934718E+012  1.0548790778E+003  2.9245032865E+033
  3.4621297166E+012  1.0818421690E+003  2.9471362461E+033
  3.4621658926E+012  1.1040232713E+003  2.9699437831E+033
  3.4622021090E+012  1.1233317619E+003  2.9929272442E+033
  3.4622384267E+012  1.1411477492E+003  3.0160879863E+033
  3.4622748951E+012  1.1578025224E+003  3.0394273769E+033
  3.4623110368E+012  1.1902746735E+003  3.0629467940E+033
  3.4623468992E+012  1.2220991660E+003  3.0866476262E+033
  3.4623825625E+012  1.2520169184E+003  3.1105312727E+033
  3.4624183144E+012  1.2724400876E+003  3.1345991439E+033
  3.4624540851E+012  1.2958234284E+003  3.1588526605E+033
  3.4624897930E+012  1.3227257321E+003  3.1832932547E+033
  3.4625255479E+012  1.3461257168E+003  3.2079223693E+033
  3.4625612966E+012  1.3720760755E+003  3.2327414586E+033
  3.4625971098E+012  1.3958669400E+003  3.2577519879E+033
  3.4626327562E+012  1.4293605591E+003  3.2829554339E+033
  3.4626681388E+012  1.4676879875E+003  3.3083532845E+033
  3.4627031583E+012  1.5113546848E+003  3.3339470394E+033
  3.4627377462E+012  1.5594701153E+003  3.3597382096E+033
  3.4627720874E+012  1.6006209143E+003  3.3857283179E+033
  3.4628061251E+012  1.6456401826E+003  3.4119188987E+033
  3.4628397024E+012  1.6998654995E+003  3.4383114984E+033
  3.4628726445E+012  1.7653129329E+003  3.4649076753E+033
  3.4629052698E+012  1.8158869135E+003  3.4917089995E+033
  3.4629372447E+012  1.8873806929E+003  3.5187170536E+033
  3.4629686797E+012  1.9553241099E+003  3.5459334321E+033
  3.4629995899E+012  2.0250737846E+003  3.5733597418E+033
  3.4630299805E+012  2.0973074396E+003  3.6009976022E+033
  3.4630601540E+012  2.1508052860E+003  3.6288486449E+033
  3.4630902289E+012  2.1970888571E+003  3.6569145143E+033
  3.4631202385E+012  2.2419738365E+003  3.6851968675E+033
  3.4631501466E+012  2.2905965961E+003  3.7136973742E+033
  3.4631800267E+012  2.3346275064E+003  3.7424177173E+033
  3.4632096955E+012  2.3942266093E+003  3.7713595924E+033
  3.4632392448E+012  2.4478543433E+003  3.8005247083E+033
  3.4632688117E+012  2.4911941576E+003  3.8299147868E+033
  3.4632984521E+012  2.5306993992E+003  3.8595315634E+033
  3.4633281490E+012  2.5725298033E+003  3.8893767864E+033
  3.4633578825E+012  2.6170102584E+003  3.9194522182E+033
  3.4633876038E+012  2.6667815828E+003  3.9497596343E+033
  3.4634173525E+012  2.7140689704E+003  3.9803008242E+033
  3.4634471055E+012  2.7644974918E+003  4.0110775910E+033
  3.4634768127E+012  2.8207766219E+003  4.0420917519E+033
  3.4635065034E+012  2.8754914539E+003  4.0733451379E+033
  3.4635361752E+012  2.9316825503E+003  4.1048395944E+033
  3.4635658376E+012  2.9881621776E+003  4.1365769807E+033
  3.4635955048E+012  3.0444798177E+003  4.1685591708E+033
  3.4636251700E+012  3.1027391707E+003  4.2007880528E+033
  3.4636548140E+012  3.1643683482E+003  4.2332655297E+033
  3.4636844618E+012  3.2246991633E+003  4.2659935189E+033
  3.4637140140E+012  3.2973647372E+003  4.2989739528E+033
  3.4637435062E+012  3.3677731685E+003  4.3322087785E+033
  3.4637730074E+012  3.4318420782E+003  4.3656999583E+033
  3.4638026130E+012  3.4861522164E+003  4.3994494695E+033
  3.4638323754E+012  3.5355732113E+003  4.4334593049E+033
  3.4638621754E+012  3.6004991140E+003  4.4677314723E+033
  3.4638920216E+012  3.6659037109E+003  4.5022679952E+033
  3.4639217696E+012  3.7508521110E+003  4.5370709127E+033
  3.4639514916E+012  3.8286457559E+003  4.5721422797E+033
  3.4639812789E+012  3.8963930250E+003  4.6074841668E+033
  3.4640110955E+012  3.9705321451E+003  4.6430986606E+033
  3.4640409880E+012  4.0401457713E+003  4.6789878639E+033
  3.4640709177E+012  4.1167329521E+003  4.7151538955E+033
  3.4641009498E+012  4.1861235773E+003  4.7515988909E+033
  3.4641308495E+012  4.2904509871E+003  4.7883250018E+033
  3.4641607967E+012  4.3713378433E+003  4.8253343964E+033
  3.4641907768E+012  4.4563442367E+003  4.8626292600E+033
  3.4642207914E+012  4.5432004895E+003  4.9002117945E+033
  3.4642508411E+012  4.6321071323E+003  4.9380842187E+033
  3.4642809918E+012  4.7129927559E+003  4.9762487687E+033
  3.4643112062E+012  4.8018124629E+003  5.0147076979E+033
  3.4643412738E+012  4.9269337135E+003  5.0534632768E+033
  3.4643714555E+012  5.0121364682E+003  5.0925177937E+033
  3.4644015686E+012  5.1303283880E+003  5.1318735544E+033
  3.4644316900E+012  5.2383250148E+003  5.1715328825E+033
  3.4644618614E+012  5.3417304983E+003  5.2114981196E+033
  3.4644921093E+012  5.4431115028E+003  5.2517716252E+033
  3.4645224716E+012  5.5402929418E+003  5.2923557772E+033
  3.4645529509E+012  5.6396140675E+003  5.3332529717E+033
  3.4645834233E+012  5.7648782730E+003  5.3744656233E+033
  3.4646138370E+012  5.9034617064E+003  5.4159961653E+033
  3.4646444532E+012  5.9946017610E+003  5.4578470498E+033
  3.4646751843E+012  6.1058804033E+003  5.5000207475E+033
  3.4647059759E+012  6.2311955142E+003  5.5425197487E+033
  3.4647368089E+012  6.3639075628E+003  5.5853465623E+033
  3.4647677002E+012  6.4967628186E+003  5.6285037171E+033
  3.4647986299E+012  6.6375563049E+003  5.6719937610E+033
  3.4648296270E+012  6.7760331662E+003  5.7158192618E+033
  3.4648606915E+012  6.9184423681E+003  5.7599828069E+033
  3.4648918408E+012  7.0610522135E+003  5.8044870039E+033
  3.4649231003E+012  7.2020023342E+003  5.8493344804E+033
  3.4649543745E+012  7.3694511824E+003  5.8945278842E+033
  3.4649856658E+012  7.5412009385E+003  5.9400698836E+033
  3.4650170461E+012  7.7004503678E+003  5.9859631674E+033
  3.4650485285E+012  7.8612867878E+003  6.0322104453E+033
  3.4650800828E+012  8.0346881823E+003  6.0788144478E+033
  3.4651115760E+012  8.2477541052E+003  6.1257779264E+033
  3.4651432963E+012  8.3911422062E+003  6.1731036539E+033
  3.4651751966E+012  8.5521992655E+003  6.2207944245E+033
  3.4652071975E+012  8.7401400286E+003  6.2688530539E+033
  3.4652390519E+012  9.0029011265E+003  6.3172823797E+033
  3.4652710901E+012  9.1795483413E+003  6.3660852610E+033
  3.4653033536E+012  9.3504990393E+003  6.4152645793E+033
  3.4653356240E+012  9.5917177411E+003  6.4648232382E+033
  3.4653678819E+012  9.8466111381E+003  6.5147641638E+033
  3.4654004503E+012  1.0010624584E+004  6.5650903046E+033
  3.4654332025E+012  1.0220792102E+004  6.6158046319E+033
  3.4654657651E+012  1.0557286487E+004  6.6669101400E+033
  3.4654986382E+012  1.0741613880E+004  6.7184098462E+033
  3.4655317256E+012  1.0965629066E+004  6.7703067912E+033
  3.4655648609E+012  1.1254065458E+004  6.8226040389E+033
  3.4655981073E+012  1.1530934934E+004  6.8753046772E+033
  3.4656312801E+012  1.1883109552E+004  6.9284118175E+033
  3.4656646663E+012  1.2143853202E+004  6.9819285953E+033
  3.4656981695E+012  1.2450378674E+004  7.0358581704E+033
  3.4657318186E+012  1.2757753214E+004  7.0902037268E+033
  3.4657657756E+012  1.3015272840E+004  7.1449684732E+033
  3.4657995586E+012  1.3472315309E+004  7.2001556430E+033
  3.4658333980E+012  1.3853541243E+004  7.2557684944E+033
  3.4658673293E+012  1.4234826241E+004  7.3118103110E+033
  3.4659013899E+012  1.4615402147E+004  7.3682844015E+033
  3.4659356129E+012  1.4997103280E+004  7.4251941002E+033
  3.4659700323E+012  1.5379889740E+004  7.4825427672E+033
  3.4660046057E+012  1.5798558483E+004  7.5403337884E+033
  3.4660392915E+012  1.6254455639E+004  7.5985705759E+033
  3.4660741852E+012  1.6684731576E+004  7.6572565681E+033
  3.4661093449E+012  1.7106728289E+004  7.7163952298E+033
  3.4661449111E+012  1.7480828625E+004  7.7759900527E+033
  3.4661808004E+012  1.7917623399E+004  7.8360445554E+033
  3.4662165480E+012  1.8613302766E+004  7.8965622835E+033
  3.4662523818E+012  1.9219757091E+004  7.9575468101E+033
  3.4662884508E+012  1.9773689906E+004  8.0190017358E+033
  3.4663247509E+012  2.0358066478E+004  8.0809306891E+033
  3.4663612411E+012  2.0995892805E+004  8.1433373262E+033
  3.4663979492E+012  2.1650199542E+004  8.2062253318E+033
  3.4664349389E+012  2.2301270393E+004  8.2695984188E+033
  3.4664724377E+012  2.2851364228E+004  8.3334603288E+033
  3.4665102487E+012  2.3560469858E+004  8.3978148325E+033
  3.4665482535E+012  2.4386155112E+004  8.4626657293E+033
  3.4665864470E+012  2.5261944015E+004  8.5280168482E+033
  3.4666251166E+012  2.5996887872E+004  8.5938720475E+033
  3.4666641939E+012  2.6829970075E+004  8.6602352155E+033
  3.4667035015E+012  2.7842336243E+004  8.7271102703E+033
  3.4667432360E+012  2.8777987799E+004  8.7945011603E+033
  3.4667833250E+012  2.9832948223E+004  8.8624118644E+033
  3.4668236794E+012  3.1028432138E+004  8.9308463921E+033
  3.4668642455E+012  3.2347519049E+004  8.9998087839E+033
  3.4669054732E+012  3.3396265927E+004  9.0693031114E+033
  3.4669469137E+012  3.4905957437E+004  9.1393334777E+033
  3.4669886667E+012  3.6440067760E+004  9.2099040175E+033
  3.4670310312E+012  3.7829207697E+004  9.2810188972E+033
  3.4670737002E+012  3.9621458231E+004  9.3526823158E+033
  3.4671170086E+012  4.1245820788E+004  9.4248985042E+033
  3.4671605004E+012  4.3466551063E+004  9.4976717262E+033
  3.4672045030E+012  4.5541509021E+004  9.5710062785E+033
  3.4672490277E+012  4.7802080078E+004  9.6449064907E+033
  3.4672942660E+012  5.0078604739E+004  9.7193767262E+033
  3.4673396005E+012  5.3300762348E+004  9.7944213817E+033
  3.4673853710E+012  5.5990540016E+004  9.8694660372E+033
  3.4674304945E+012  5.8931198168E+004  9.9427680140E+033
  3.4674745792E+012  6.2635057282E+004  1.0014367780E+034
  3.4675181520E+012  6.5856671732E+004  1.0084304865E+034
  3.4675609802E+012  6.9703116923E+004  1.0152617878E+034
  3.4676028141E+012  7.4290729149E+004  1.0219344534E+034
  3.4676438979E+012  7.8810325973E+004  1.0284521671E+034
  3.4676846091E+012  8.2959463267E+004  1.0348185271E+034
  3.4677246344E+012  8.8135850753E+004  1.0410370483E+034
  3.4677639017E+012  9.3934584593E+004  1.0471111636E+034
  3.4678022210E+012  1.0073509881E+005  1.0530442265E+034
  3.4678400495E+012  1.0690617482E+005  1.0588395124E+034
  3.4678771957E+012  1.1422056756E+005  1.0645002209E+034
  3.4679135233E+012  1.2267356586E+005  1.0700294770E+034
  3.4679495670E+012  1.3006950605E+005  1.0754303334E+034
  3.4679848563E+012  1.4000134648E+005  1.0807057716E+034
  3.4680195993E+012  1.5008589498E+005  1.0858587042E+034
  3.4680536568E+012  1.6186623483E+005  1.0908919760E+034
  3.4680873994E+012  1.7307565164E+005  1.0958083657E+034
  3.4681205400E+012  1.8710379455E+005  1.1006105875E+034
  3.4681529256E+012  2.0366483759E+005  1.1053012927E+034
  3.4681846775E+012  2.2137699478E+005  1.1098830708E+034
  3.4682158615E+012  2.4075282357E+005  1.1143584513E+034
  3.4682465597E+012  2.6188302038E+005  1.1187299051E+034
  3.4682766335E+012  2.8701769422E+005  1.1229998455E+034
  3.4683060537E+012  3.1581673038E+005  1.1271706298E+034
  3.4683346487E+012  3.5059090925E+005  1.1312445605E+034
  3.4683593929E+012  4.3566742898E+005  1.1352238870E+034
  3.4683815432E+012  5.1936451789E+005  1.1391108059E+034
  3.4684028482E+012  5.7457976617E+005  1.1429074632E+034
  3.4684230667E+012  6.4411027246E+005  1.1466159550E+034
  3.4684426015E+012  7.0916553767E+005  1.1502383286E+034
  3.4684613984E+012  7.8442070294E+005  1.1537765838E+034
  3.4684795772E+012  8.6380907027E+005  1.1572326740E+034
  3.4684969724E+012  9.6177866780E+005  1.1606085073E+034
  3.4685137239E+012  1.0643115705E+006  1.1639059474E+034
  3.4685298385E+012  1.1795810927E+006  1.1671268147E+034
  3.4685453048E+012  1.3107972692E+006  1.1702728873E+034
  3.4685602528E+012  1.4473166839E+006  1.1733459022E+034
  3.4685745907E+012  1.6111634265E+006  1.1763475559E+034
  3.4685883973E+012  1.7873237057E+006  1.1792795055E+034
  3.4686017332E+012  1.9782055976E+006  1.1821433697E+034
  3.4686144584E+012  2.2172746000E+006  1.1849407296E+034
  3.4686241582E+012  3.0826868688E+006  1.1876731295E+034
  3.4686311813E+012  4.4293799244E+006  1.1903420779E+034
  3.4686377566E+012  4.8714180254E+006  1.1929490482E+034
  3.4686438909E+012  5.3650118025E+006  1.1954954798E+034
  3.4686494266E+012  6.0901828947E+006  1.1979827785E+034
  3.4686546127E+012  6.6403528385E+006  1.2004123173E+034
  3.4686594387E+012  7.2742213872E+006  1.2027854377E+034
  3.4686639057E+012  7.9935206836E+006  1.2051034497E+034
  3.4686681410E+012  8.5597747457E+006  1.2073676332E+034
  3.4686720812E+012  9.3260162690E+006  1.2095792380E+034
  3.4686757588E+012  1.0108642224E+007  1.2117394851E+034
  3.4686792451E+012  1.0771710882E+007  1.2138495672E+034
  3.4686825257E+012  1.1547560401E+007  1.2159106493E+034
  3.4686856257E+012  1.2311697615E+007  1.2179238691E+034
  3.4686885866E+012  1.2971177787E+007  1.2198903381E+034
  3.4686913731E+012  1.3855192699E+007  1.2218111421E+034
  3.4686940536E+012  1.4462927889E+007  1.2236873413E+034
  3.4686965938E+012  1.5312438112E+007  1.2255199716E+034
  3.4686990157E+012  1.6096368357E+007  1.2273100448E+034
  3.4687013348E+012  1.6835478060E+007  1.2290585491E+034
  3.4687035597E+012  1.7560445889E+007  1.2307664499E+034
  3.4687056828E+012  1.8401868182E+007  1.2324346899E+034
  3.4687077396E+012  1.8981739678E+007  1.2340641903E+034
  3.4687097121E+012  1.9767897372E+007  1.2356558506E+034
  3.4687115949E+012  2.0668235803E+007  1.2372105495E+034
  3.4687134152E+012  2.1323120728E+007  1.2387291454E+034
  3.4687151531E+012  2.2260986148E+007  1.2402124766E+034
  3.4687167904E+012  2.3533738126E+007  1.2416613620E+034
  3.4687183225E+012  2.5021430821E+007  1.2430766016E+034
  3.4687197851E+012  2.6054891899E+007  1.2444589767E+034
  3.4687211832E+012  2.7077429664E+007  1.2458092504E+034
  3.4687225223E+012  2.8068850563E+007  1.2471281682E+034
  3.4687238174E+012  2.8800968991E+007  1.2484164582E+034
  3.4687250732E+012  2.9463204442E+007  1.2496748317E+034
  3.4687262777E+012  3.0457825695E+007  1.2509039834E+034
  3.4687274300E+012  3.1553235130E+007  1.2521045919E+034
  3.4687285311E+012  3.2706887630E+007  1.2532773200E+034
  3.4687295942E+012  3.3540025991E+007  1.2544228151E+034
  3.4687306239E+012  3.4270342633E+007  1.2555417096E+034
  3.4687316243E+012  3.4897996714E+007  1.2566346213E+034
  3.4687325926E+012  3.5663613191E+007  1.2577021535E+034
  3.4687335236E+012  3.6670493358E+007  1.2587448956E+034
  3.4687344215E+012  3.7578013280E+007  1.2597634233E+034
  3.4687352891E+012  3.8428513844E+007  1.2607582988E+034
  3.4687361286E+012  3.9223919900E+007  1.2617300715E+034
  3.4687369411E+012  4.0015897012E+007  1.2626792777E+034
  3.4687377287E+012  4.0748341017E+007  1.2636064416E+034
  3.4687384949E+012  4.1339930366E+007  1.2645120750E+034
  3.4687392366E+012  4.2129105738E+007  1.2653966778E+034
  3.4687399503E+012  4.3186139855E+007  1.2662607385E+034
  3.4687406373E+012  4.4231899231E+007  1.2671047341E+034
  3.4687413027E+012  4.5022627762E+007  1.2679291305E+034
  3.4687419474E+012  4.5792862158E+007  1.2687343829E+034
  3.4687425749E+012  4.6351959597E+007  1.2695209358E+034
  3.4687431858E+012  4.6898073736E+007  1.2702892234E+034
  3.4687437787E+012  4.7593658006E+007  1.2710396700E+034
