  0.0000000000E+000 0000
  0.6005445408E+002 1000
  0.1201155091E+003 1000
  0.1802058205E+003 1000
  0.2401507384E+003 1000
  0.3002658854E+003 1000
  0.3603309289E+003 1000
  0.4202406189E+003 1000
  0.4802301914E+003 1000
  0.5401873226E+003 1000
  0.6002768685E+003 1000
  0.6602238459E+003 1000
  0.7201906288E+003 1000
  0.7801977922E+003 1000
  0.8402956982E+003 1000
  0.9001865854E+003 1000
  0.9601744081E+003 1000
  0.1020185522E+004 1000
  0.1080214554E+004 1000
  0.1140260257E+004 1000
  0.1200160837E+004 1000
  0.1260242876E+004 1000
  0.1320241384E+004 1000
  0.1380149187E+004 1000
  0.1440168606E+004 1000
  0.1500275146E+004 1000
  0.1560163058E+004 1000
  0.1620235373E+004 1000
  0.1680215228E+004 1000
  0.1740248421E+004 1000
  0.1800241742E+004 1000
  0.1860263101E+004 1000
  0.1920237257E+004 0998
  0.1980194434E+004 1000
  0.2040226322E+004 1000
  0.2100170596E+004 1000
  0.2160262272E+004 1000
  0.2220242867E+004 1000
  0.2280252966E+004 1000
  0.2340170241E+004 1000
  0.2400191623E+004 1000
  0.2460180261E+004 1000
  0.2520260051E+004 1000
  0.2580283208E+004 1000
  0.2640261036E+004 1000
  0.2700188960E+004 1000
  0.2760168128E+004 1000
  0.2820188850E+004 1000
  0.2880233209E+004 1000
  0.2940288162E+004 1000
  0.3000287211E+004 1000
  0.3060271054E+004 1000
  0.3120205269E+004 1000
  0.3180392798E+004 1000
  0.3240432972E+004 1000
  0.3300407997E+004 1000
  0.3360291722E+004 1000
  0.3420426842E+004 1000
  0.3480472021E+004 1000
  0.3540384442E+004 1000
  0.3600318108E+004 1000
  0.3660483713E+004 1000
  0.3720424681E+004 1000
  0.3780330870E+004 1000
  0.3840660386E+004 1000
  0.3900631401E+004 1000
  0.3960564033E+004 1000
  0.4020485412E+004 1000
  0.4080714580E+004 1000
  0.4140451342E+004 1000
  0.4200679076E+004 1000
  0.4260507865E+004 1000
  0.4320764465E+004 1000
  0.4380898546E+004 1000
  0.4440887709E+004 1000
  0.4500902145E+004 1000
  0.4560804190E+004 1000
  0.4620558589E+004 1000
  0.4680700019E+004 1000
  0.4740576395E+004 1000
  0.4800862879E+004 1000
  0.4860843719E+004 1000
  0.4920616886E+004 1000
  0.4980850550E+004 1000
  0.5040817866E+004 1000
  0.5100661812E+004 1000
  0.5160467422E+004 1000
  0.5220727306E+004 1000
  0.5280657686E+004 1000
  0.5340681179E+004 1000
  0.5400399560E+004 1000
  0.5460552552E+004 1000
  0.5520735321E+004 1000
  0.5580602943E+004 1000
  0.5640590808E+004 1000
  0.5700513391E+004 0999
  0.5760670328E+004 0999
  0.5820388963E+004 0999
  0.5880412280E+004 0999
  0.5940712205E+004 0999
  0.6000476172E+004 0999
  0.6060607230E+004 0999
  0.6120538088E+004 0999
  0.6180550637E+004 0999
  0.6240425845E+004 0999
  0.6300506143E+004 0999
  0.6360520740E+004 0999
  0.6420497210E+004 0999
  0.6480690853E+004 0999
  0.6540484875E+004 0999
  0.6600649673E+004 0999
  0.6660399331E+004 0999
  0.6720454285E+004 0999
  0.6780412110E+004 0999
  0.6840717488E+004 0998
  0.6900710975E+004 0998
  0.6960480229E+004 0998
  0.7020462942E+004 0998
  0.7080639555E+004 0998
  0.7140503420E+004 0998
  0.7200834906E+004 0998
  0.7260711200E+004 0998
  0.7320575979E+004 0998
  0.7380867969E+004 0998
  0.7440585374E+004 0998
  0.7500478133E+004 0998
  0.7560627693E+004 0998
  0.7620617358E+004 0998
  0.7680806980E+004 0998
  0.7740657900E+004 0998
  0.7800545002E+004 0998
  0.7860852153E+004 0997
  0.7920716163E+004 0997
  0.7980594851E+004 0997
  0.8040539852E+004 0997
  0.8100637282E+004 0997
  0.8160627035E+004 0997
  0.8220665928E+004 0997
  0.8280472807E+004 0997
  0.8340533450E+004 0997
  0.8400511024E+004 0997
  0.8460434525E+004 0997
  0.8520711781E+004 0997
  0.8580564380E+004 0997
  0.8640458987E+004 0997
  0.8700497060E+004 0997
  0.8760727136E+004 0996
  0.8820739840E+004 0996
  0.8880533805E+004 0996
  0.8940574752E+004 0996
  0.9000618682E+004 0996
  0.9060708930E+004 0996
  0.9120454365E+004 0996
  0.9180741049E+004 0996
  0.9240477856E+004 0996
  0.9300569892E+004 0996
  0.9360749124E+004 0996
  0.9420752913E+004 0996
  0.9480691613E+004 0996
  0.9540647906E+004 0996
  0.9600679027E+004 0995
  0.9660818307E+004 0995
  0.9720645400E+004 0995
  0.9780562995E+004 0995
  0.9840579064E+004 0995
  0.9900655782E+004 0995
  0.9960694292E+004 0995
  0.1002055775E+005 0995
  0.1008059014E+005 0995
  0.1014075348E+005 0995
  0.1020061820E+005 0995
  0.1026063729E+005 0995
  0.1032057785E+005 0995
  0.1038076165E+005 0995
  0.1044070337E+005 0994
  0.1050077800E+005 0994
  0.1056050882E+005 0994
  0.1062074724E+005 0994
  0.1068064250E+005 0994
  0.1074063303E+005 0994
  0.1080074456E+005 0994
  0.1086057902E+005 0994
  0.1092057227E+005 0994
  0.1098071190E+005 0994
  0.1104059436E+005 0994
  0.1110065747E+005 0994
  0.1116050073E+005 0993
  0.1122055999E+005 0993
  0.1128047916E+005 0993
  0.1134075777E+005 0993
  0.1140069410E+005 0993
  0.1146077446E+005 0993
  0.1152058503E+005 0993
  0.1158047428E+005 0993
  0.1164081577E+005 0993
  0.1170078424E+005 0993
  0.1176079510E+005 0993
  0.1182044155E+005 0993
  0.1188056913E+005 0992
  0.1194070399E+005 0992
  0.1200073761E+005 0992
  0.1206067828E+005 0992
  0.1212053571E+005 0992
  0.1218075194E+005 0992
  0.1224054265E+005 0992
  0.1230075447E+005 0992
  0.1236059517E+005 0992
  0.1242051950E+005 0992
  0.1248057250E+005 0992
  0.1254080615E+005 0991
  0.1260081349E+005 0991
  0.1266056558E+005 0991
  0.1272047240E+005 0991
  0.1278054712E+005 0991
  0.1284078107E+005 0991
  0.1290069282E+005 0991
  0.1296065663E+005 0991
  0.1302067428E+005 0991
  0.1308077038E+005 0991
  0.1314082212E+005 0991
  0.1320071934E+005 0990
  0.1326046369E+005 0990
  0.1332048911E+005 0990
  0.1338080581E+005 0990
  0.1344059740E+005 0990
  0.1350069730E+005 0990
  0.1356067170E+005 0990
  0.1362051864E+005 0990
  0.1368064329E+005 0990
  0.1374064533E+005 0990
  0.1380057063E+005 0990
  0.1386049116E+005 0989
  0.1392044009E+005 0989
  0.1398080396E+005 0989
  0.1404072868E+005 0989
  0.1410062678E+005 0989
  0.1416050760E+005 0989
  0.1422076905E+005 0989
  0.1428058591E+005 0989
  0.1434077968E+005 0989
  0.1440057685E+005 0989
  0.1446043590E+005 0988
  0.1452079235E+005 0988
  0.1458075515E+005 0988
  0.1464063365E+005 0988
  0.1470044477E+005 0988
  0.1476061095E+005 0988
  0.1482071872E+005 0988
  0.1488077930E+005 0988
  0.1494042080E+005 0988
  0.1500050054E+005 0988
  0.1506064989E+005 0987
  0.1512051077E+005 0987
  0.1518056112E+005 0987
  0.1524081667E+005 0987
  0.1530082615E+005 0987
  0.1536054174E+005 0987
  0.1542077017E+005 0987
  0.1548069828E+005 0987
  0.1554074426E+005 0987
  0.1560045695E+005 0987
  0.1566059849E+005 0986
  0.1572070653E+005 0986
  0.1578079000E+005 0986
  0.1584043341E+005 0986
  0.1590047006E+005 0986
  0.1596049192E+005 0986
  0.1602051275E+005 0986
  0.1608054796E+005 0986
  0.1614060545E+005 0986
  0.1620067616E+005 0985
  0.1626066914E+005 0985
  0.1632058006E+005 0985
  0.1638043547E+005 0985
  0.1644068710E+005 0985
  0.1650053476E+005 0985
  0.1656042144E+005 0985
  0.1662078801E+005 0985
  0.1668043371E+005 0985
  0.1674063966E+005 0984
  0.1680054661E+005 0984
  0.1686052557E+005 0984
  0.1692053729E+005 0984
  0.1698057669E+005 0984
  0.1704065214E+005 0984
  0.1710077449E+005 0984
  0.1716047283E+005 0984
  0.1722055235E+005 0984
  0.1728060510E+005 0983
  0.1734064515E+005 0983
  0.1740067685E+005 0983
  0.1746071543E+005 0983
  0.1752075815E+005 0983
  0.1758079709E+005 0983
  0.1764081372E+005 0983
  0.1770079664E+005 0983
  0.1776076819E+005 0983
  0.1782077540E+005 0982
  0.1788081059E+005 0982
  0.1794079630E+005 0982
  0.1800074451E+005 0982
  0.1806064930E+005 0982
  0.1812050530E+005 0982
  0.1818073596E+005 0982
  0.1824052924E+005 0982
  0.1830075047E+005 0982
  0.1836059091E+005 0981
  0.1842048750E+005 0981
  0.1848043541E+005 0981
  0.1854043473E+005 0981
  0.1860050321E+005 0981
  0.1866065280E+005 0981
  0.1872048747E+005 0981
  0.1878044083E+005 0981
  0.1884051046E+005 0980
  0.1890068637E+005 0980
  0.1896053965E+005 0980
  0.1902049117E+005 0980
  0.1908051327E+005 0980
  0.1914058399E+005 0980
  0.1920070412E+005 0980
  0.1926047731E+005 0980
  0.1932078479E+005 0980
  0.1938076588E+005 0979
  0.1944071455E+005 0979
  0.1950059978E+005 0979
  0.1956043500E+005 0979
  0.1962064603E+005 0979
  0.1968080005E+005 0979
  0.1974046561E+005 0979
  0.1980049727E+005 0979
  0.1986045733E+005 0978
  0.1992076585E+005 0978
  0.1998056055E+005 0978
  0.2004067387E+005 0978
  0.2010067812E+005 0978
  0.2016059194E+005 0978
  0.2022044293E+005 0978
  0.2028066936E+005 0978
  0.2034043153E+005 0977
  0.2040059938E+005 0977
  0.2046078133E+005 0977
  0.2052057350E+005 0977
  0.2058081413E+005 0977
  0.2064065462E+005 0977
  0.2070051529E+005 0977
  0.2076083775E+005 0977
  0.2082078999E+005 0976
  0.2088068736E+005 0976
  0.2094053906E+005 0976
  0.2100080066E+005 0976
  0.2106066345E+005 0976
  0.2112056643E+005 0976
  0.2118051024E+005 0976
  0.2124048288E+005 0976
  0.2130046794E+005 0975
  0.2136046585E+005 0975
  0.2142047982E+005 0975
  0.2148050418E+005 0975
  0.2154053283E+005 0975
  0.2160058406E+005 0975
  0.2166067604E+005 0975
  0.2172080615E+005 0975
  0.2178053861E+005 0974
  0.2184070510E+005 0974
  0.2190045183E+005 0974
  0.2196064318E+005 0974
  0.2202043727E+005 0974
  0.2208066352E+005 0974
  0.2214046296E+005 0974
  0.2220067197E+005 0974
  0.2226043033E+005 0973
  0.2232058114E+005 0973
  0.2238070314E+005 0973
  0.2244081635E+005 0973
  0.2250053002E+005 0973
  0.2256070513E+005 0973
  0.2262083514E+005 0973
  0.2268051271E+005 0972
  0.2274060597E+005 0972
  0.2280071087E+005 0972
  0.2286084142E+005 0972
  0.2292058603E+005 0972
  0.2298080008E+005 0972
  0.2304063444E+005 0972
  0.2310047577E+005 0972
  0.2316072452E+005 0971
  0.2322051336E+005 0971
  0.2328065757E+005 0971
  0.2334071639E+005 0971
  0.2340069585E+005 0971
  0.2346060984E+005 0971
  0.2352046409E+005 0971
  0.2358068487E+005 0970
  0.2364042697E+005 0970
  0.2370052232E+005 0970
  0.2376055579E+005 0970
  0.2382053860E+005 0970
  0.2388047122E+005 0970
  0.2394076800E+005 0970
  0.2400058940E+005 0969
  0.2406077972E+005 0969
  0.2412052334E+005 0969
  0.2418068254E+005 0969
  0.2424042421E+005 0969
  0.2430058416E+005 0969
  0.2436074526E+005 0969
  0.2442050480E+005 0969
  0.2448069700E+005 0968
  0.2454047077E+005 0968
  0.2460066775E+005 0968
  0.2466047877E+005 0968
  0.2472074007E+005 0968
  0.2478052891E+005 0968
  0.2484068792E+005 0968
  0.2490083123E+005 0967
  0.2496057528E+005 0967
  0.2502076934E+005 0967
  0.2508057427E+005 0967
  0.2514082172E+005 0967
  0.2520067175E+005 0967
  0.2526055163E+005 0967
  0.2532046849E+005 0966
  0.2538041959E+005 0966
  0.2544082016E+005 0966
  0.2550083455E+005 0966
  0.2556047426E+005 0966
  0.2562056867E+005 0966
  0.2568067498E+005 0966
  0.2574078132E+005 0966
  0.2580046133E+005 0965
  0.2586055014E+005 0965
  0.2592062379E+005 0965
  0.2598068383E+005 0965
  0.2604072694E+005 0965
  0.2610073068E+005 0965
  0.2616068303E+005 0965
  0.2622058087E+005 0964
  0.2628044212E+005 0964
  0.2634070451E+005 0964
  0.2640054372E+005 0964
  0.2646079679E+005 0964
  0.2652061065E+005 0964
  0.2658081777E+005 0964
  0.2664059633E+005 0963
  0.2670080017E+005 0963
  0.2676058985E+005 0963
  0.2682079382E+005 0963
  0.2688057714E+005 0963
  0.2694076271E+005 0963
  0.2700049755E+005 0963
  0.2706059348E+005 0962
  0.2712062055E+005 0962
  0.2718058926E+005 0962
  0.2724052485E+005 0962
  0.2730044195E+005 0962
  0.2736075165E+005 0962
  0.2742061997E+005 0962
  0.2748046450E+005 0961
  0.2754070482E+005 0961
  0.2760051343E+005 0961
  0.2766072349E+005 0961
  0.2772050633E+005 0961
  0.2778069024E+005 0961
  0.2784047159E+005 0961
  0.2790070755E+005 0960
  0.2796057484E+005 0960
  0.2802043495E+005 0960
  0.2808068558E+005 0960
  0.2814050291E+005 0960
  0.2820071835E+005 0960
  0.2826050218E+005 0960
  0.2832069423E+005 0959
  0.2838047154E+005 0959
  0.2844066011E+005 0959
  0.2850044264E+005 0959
  0.2856067596E+005 0959
  0.2862055438E+005 0959
  0.2868049406E+005 0959
  0.2874048370E+005 0958
  0.2880051289E+005 0958
  0.2886056917E+005 0958
  0.2892065906E+005 0958
  0.2898079723E+005 0958
  0.2904056713E+005 0958
  0.2910078773E+005 0958
  0.2916061246E+005 0957
  0.2922045386E+005 0957
  0.2928073152E+005 0957
  0.2934059437E+005 0957
  0.2940045612E+005 0957
  0.2946073350E+005 0957
  0.2952057655E+005 0957
  0.2958080498E+005 0956
  0.2964058571E+005 0956
  0.2970076410E+005 0956
  0.2976049867E+005 0956
  0.2982062522E+005 0956
  0.2988073006E+005 0956
  0.2994082466E+005 0955
  0.3000049348E+005 0955
  0.3006057426E+005 0955
  0.3012063598E+005 0955
  0.3018066927E+005 0955
  0.3024068174E+005 0955
  0.3030069472E+005 0955
  0.3036073238E+005 0954
  0.3042080529E+005 0954
  0.3048047974E+005 0954
  0.3054056625E+005 0954
  0.3060065228E+005 0954
  0.3066072628E+005 0954
  0.3072078458E+005 0954
  0.3078082845E+005 0953
  0.3084043689E+005 0953
  0.3090042723E+005 0953
  0.3096080183E+005 0953
  0.3102074966E+005 0953
  0.3108070562E+005 0953
  0.3114069029E+005 0952
  0.3120071262E+005 0952
  0.3126077418E+005 0952
  0.3132046657E+005 0952
  0.3138063299E+005 0952
  0.3144044758E+005 0952
  0.3150074169E+005 0952
  0.3156067158E+005 0951
  0.3162064768E+005 0951
  0.3168067238E+005 0951
  0.3174075673E+005 0951
  0.3180048118E+005 0951
  0.3186067024E+005 0951
  0.3192045256E+005 0950
  0.3198063588E+005 0950
  0.3204077868E+005 0950
  0.3210044691E+005 0950
  0.3216047324E+005 0950
  0.3222042910E+005 0950
  0.3228072903E+005 0950
  0.3234053687E+005 0949
  0.3240070458E+005 0949
  0.3246041930E+005 0949
  0.3252052707E+005 0949
  0.3258061027E+005 0949
  0.3264066557E+005 0949
  0.3270069262E+005 0948
  0.3276070731E+005 0948
  0.3282072870E+005 0948
  0.3288078571E+005 0948
  0.3294046673E+005 0948
  0.3300059950E+005 0948
  0.3306075757E+005 0947
  0.3312046905E+005 0947
  0.3318056291E+005 0947
  0.3324064094E+005 0947
  0.3330071934E+005 0947
  0.3336080702E+005 0947
  0.3342048269E+005 0947
  0.3348057436E+005 0946
  0.3354066864E+005 0946
  0.3360077860E+005 0946
  0.3366049667E+005 0946
  0.3372066358E+005 0946
  0.3378045164E+005 0946
  0.3384071084E+005 0945
  0.3390060479E+005 0945
  0.3396054333E+005 0945
  0.3402051371E+005 0945
  0.3408050269E+005 0945
  0.3414050358E+005 0945
  0.3420052957E+005 0944
  0.3426060145E+005 0944
  0.3432071473E+005 0944
  0.3438042540E+005 0944
  0.3444055486E+005 0944
  0.3450068279E+005 0944
  0.3456080416E+005 0943
  0.3462049944E+005 0943
  0.3468061279E+005 0943
  0.3474072781E+005 0943
  0.3480083414E+005 0943
  0.3486050397E+005 0943
  0.3492058383E+005 0942
  0.3498065891E+005 0942
  0.3504072894E+005 0942
  0.3510078520E+005 0942
  0.3516082579E+005 0942
  0.3522083803E+005 0942
  0.3528082491E+005 0941
  0.3534079182E+005 0941
  0.3540074151E+005 0941
  0.3546067213E+005 0941
  0.3552058505E+005 0941
  0.3558049483E+005 0941
  0.3564042345E+005 0941
  0.3570080343E+005 0940
  0.3576078598E+005 0940
  0.3582076851E+005 0940
  0.3588074394E+005 0940
  0.3594071569E+005 0940
  0.3600069574E+005 0940
  0.3606067040E+005 0939
  0.3612063356E+005 0939
  0.3618057583E+005 0939
  0.3624050257E+005 0939
  0.3630042138E+005 0939
  0.3636076123E+005 0939
  0.3642069407E+005 0938
  0.3648064273E+005 0938
  0.3654060185E+005 0938
  0.3660055947E+005 0938
  0.3666051962E+005 0938
  0.3672049129E+005 0938
  0.3678049366E+005 0937
  0.3684053396E+005 0937
  0.3690061092E+005 0937
  0.3696071688E+005 0937
  0.3702042989E+005 0937
  0.3708060290E+005 0937
  0.3714081103E+005 0936
  0.3720060523E+005 0936
  0.3726081902E+005 0936
  0.3732060521E+005 0936
  0.3738081291E+005 0936
  0.3744060092E+005 0936
  0.3750081611E+005 0935
  0.3756061264E+005 0935
  0.3762083027E+005 0935
  0.3768062840E+005 0935
  0.3774042279E+005 0935
  0.3780063474E+005 0934
  0.3786084080E+005 0934
  0.3792062772E+005 0934
  0.3798042706E+005 0934
  0.3804066387E+005 0934
  0.3810047798E+005 0934
  0.3816071789E+005 0933
  0.3822052961E+005 0933
  0.3828073699E+005 0933
  0.3834051859E+005 0933
  0.3840073222E+005 0933
  0.3846053704E+005 0933
  0.3852077569E+005 0932
  0.3858060312E+005 0932
  0.3864044523E+005 0932
  0.3870072627E+005 0932
  0.3876058547E+005 0932
  0.3882044008E+005 0932
  0.3888071127E+005 0931
  0.3894054356E+005 0931
  0.3900077139E+005 0931
  0.3906054436E+005 0931
  0.3912069956E+005 0931
  0.3918081404E+005 0931
  0.3924047233E+005 0930
  0.3930051526E+005 0930
  0.3936052859E+005 0930
  0.3942053085E+005 0930
  0.3948054082E+005 0930
  0.3954055621E+005 0930
  0.3960056498E+005 0929
  0.3966055754E+005 0929
  0.3972054319E+005 0929
  0.3978054082E+005 0929
  0.3984056844E+005 0929
  0.3990062097E+005 0929
  0.3996065951E+005 0928
  0.4002067894E+005 0928
  0.4008068399E+005 0928
  0.4014068007E+005 0928
  0.4020067428E+005 0928
  0.4026066859E+005 0927
  0.4032065557E+005 0927
  0.4038064298E+005 0927
  0.4044062887E+005 0927
  0.4050062132E+005 0927
  0.4056063770E+005 0927
  0.4062069687E+005 0926
  0.4068080174E+005 0926
  0.4074052658E+005 0926
  0.4080071209E+005 0926
  0.4086052143E+005 0926
  0.4092080373E+005 0926
  0.4098071447E+005 0925
  0.4104065878E+005 0925
  0.4110061445E+005 0925
  0.4116054051E+005 0925
  0.4122083557E+005 0925
  0.4128065718E+005 0925
  0.4134043300E+005 0924
  0.4140059147E+005 0924
  0.4146072150E+005 0924
  0.4152083146E+005 0924
  0.4158049974E+005 0924
  0.4164055891E+005 0923
  0.4170058531E+005 0923
  0.4176057138E+005 0923
  0.4182050861E+005 0923
  0.4188081699E+005 0923
  0.4194067311E+005 0923
  0.4200051738E+005 0922
  0.4206078273E+005 0922
  0.4212063368E+005 0922
  0.4218047897E+005 0922
  0.4224073189E+005 0922
  0.4230056842E+005 0922
  0.4236042048E+005 0921
  0.4242070354E+005 0921
  0.4248057150E+005 0921
  0.4254044786E+005 0921
  0.4260075617E+005 0921
  0.4266065945E+005 0920
  0.4272055120E+005 0920
  0.4278043331E+005 0920
  0.4284073021E+005 0920
  0.4290060682E+005 0920
  0.4296047930E+005 0920
  0.4302076214E+005 0919
  0.4308061940E+005 0919
  0.4314047301E+005 0919
  0.4320074487E+005 0919
  0.4326060328E+005 0919
  0.4332046930E+005 0919
  0.4338077398E+005 0918
  0.4344069469E+005 0918
  0.4350065207E+005 0918
  0.4356062685E+005 0918
  0.4362060861E+005 0918
  0.4368060845E+005 0918
  0.4374064124E+005 0917
  0.4380072013E+005 0917
  0.4386042475E+005 0917
  0.4392058174E+005 0917
  0.4398072412E+005 0917
  0.4404083633E+005 0916
  0.4410050357E+005 0916
  0.4416056610E+005 0916
  0.4422060555E+005 0916
  0.4428061556E+005 0916
  0.4434058986E+005 0916
  0.4440052252E+005 0915
  0.4446082679E+005 0915
  0.4452067278E+005 0915
  0.4458049232E+005 0915
  0.4464069660E+005 0915
  0.4470044945E+005 0915
  0.4476059135E+005 0914
  0.4482072188E+005 0914
  0.4488042478E+005 0914
  0.4494053308E+005 0914
  0.4500062235E+005 0914
  0.4506069976E+005 0913
  0.4512078604E+005 0913
  0.4518048498E+005 0913
  0.4524064148E+005 0913
  0.4530081808E+005 0913
  0.4536055324E+005 0913
  0.4542068838E+005 0912
  0.4548081746E+005 0912
  0.4554052464E+005 0912
  0.4560064736E+005 0912
  0.4566077116E+005 0912
  0.4572048388E+005 0912
  0.4578061926E+005 0911
  0.4584076448E+005 0911
  0.4590051844E+005 0911
  0.4596072396E+005 0911
  0.4602054344E+005 0911
  0.4608080097E+005 0910
  0.4614065257E+005 0910
  0.4620052688E+005 0910
  0.4626043328E+005 0910
  0.4632079865E+005 0910
  0.4638077372E+005 0910
  0.4644077309E+005 0909
  0.4650079257E+005 0909
  0.4656079012E+005 0909
  0.4662076334E+005 0909
  0.4668072177E+005 0909
  0.4674067716E+005 0909
  0.4680064185E+005 0908
  0.4686061075E+005 0908
  0.4692057626E+005 0908
  0.4698053444E+005 0908
  0.4704048502E+005 0908
  0.4710042583E+005 0907
  0.4716077409E+005 0907
  0.4722069561E+005 0907
  0.4728061837E+005 0907
  0.4734054987E+005 0907
  0.4740048765E+005 0907
  0.4746083137E+005 0906
  0.4752072645E+005 0906
  0.4758059653E+005 0906
  0.4764045894E+005 0906
  0.4770073596E+005 0906
  0.4776058986E+005 0906
  0.4782043783E+005 0905
  0.4788069321E+005 0905
  0.4794051795E+005 0905
  0.4800075001E+005 0905
  0.4806055379E+005 0905
  0.4812076090E+005 0904
  0.4818053599E+005 0904
  0.4824072229E+005 0904
  0.4830049435E+005 0904
  0.4836069175E+005 0904
  0.4842047582E+005 0904
  0.4848068295E+005 0903
  0.4854047983E+005 0903
  0.4860070478E+005 0903
  0.4866049691E+005 0903
  0.4872070278E+005 0903
  0.4878048796E+005 0903
  0.4884067837E+005 0902
  0.4890043543E+005 0902
  0.4896060562E+005 0902
  0.4902078749E+005 0902
  0.4908057528E+005 0902
  0.4914080968E+005 0901
  0.4920064143E+005 0901
  0.4926048028E+005 0901
  0.4932074090E+005 0901
  0.4938059334E+005 0901
  0.4944046106E+005 0901
  0.4950076669E+005 0900
  0.4956067412E+005 0900
  0.4962059825E+005 0900
  0.4968053621E+005 0900
  0.4974048539E+005 0900
  0.4980043499E+005 0900
  0.4986079640E+005 0899
  0.4992073742E+005 0899
  0.4998068256E+005 0899
  0.5004060758E+005 0899
  0.5010051019E+005 0899
  0.5016081129E+005 0898
  0.5022066690E+005 0898
  0.5028049286E+005 0898
  0.5034071160E+005 0898
  0.5040049719E+005 0898
  0.5046069790E+005 0898
  0.5052047708E+005 0897
  0.5058066218E+005 0897
  0.5064082828E+005 0897
  0.5070055140E+005 0897
  0.5076067328E+005 0897
  0.5082078473E+005 0897
  0.5088047302E+005 0896
  0.5094056670E+005 0896
  0.5100065012E+005 0896
  0.5106072798E+005 0896
  0.5112079832E+005 0896
  0.5118044186E+005 0896
  0.5124049651E+005 0895
  0.5130056206E+005 0895
  0.5136065688E+005 0895
  0.5142076180E+005 0895
  0.5148042493E+005 0895
  0.5154049881E+005 0894
  0.5160057134E+005 0894
  0.5166063746E+005 0894
  0.5172069531E+005 0894
  0.5178074948E+005 0894
  0.5184080447E+005 0894
  0.5190044734E+005 0893
  0.5196051961E+005 0893
  0.5202060176E+005 0893
  0.5208069909E+005 0893
  0.5214082207E+005 0893
  0.5220056455E+005 0893
  0.5226076037E+005 0892
  0.5232056770E+005 0892
  0.5238082085E+005 0892
  0.5244068863E+005 0892
  0.5250059322E+005 0892
  0.5256053413E+005 0892
  0.5262050786E+005 0891
  0.5268048896E+005 0891
  0.5274083406E+005 0891
  0.5280070397E+005 0891
  0.5286053556E+005 0891
  0.5292075743E+005 0890
  0.5298053911E+005 0890
  0.5304071130E+005 0890
  0.5310043045E+005 0890
  0.5316052814E+005 0890
  0.5322059579E+005 0890
  0.5328064622E+005 0889
  0.5334068682E+005 0889
  0.5340072366E+005 0889
  0.5346076093E+005 0889
  0.5352080817E+005 0889
  0.5358045422E+005 0889
  0.5364053280E+005 0888
  0.5370062446E+005 0888
  0.5376072814E+005 0888
  0.5382042056E+005 0888
  0.5388050245E+005 0888
  0.5394056598E+005 0888
  0.5400062330E+005 0887
  0.5406067649E+005 0887
  0.5412072326E+005 0887
  0.5418077019E+005 0887
  0.5424082681E+005 0887
  0.5430048653E+005 0887
  0.5436059094E+005 0886
  0.5442071693E+005 0886
  0.5448044338E+005 0886
  0.5454060123E+005 0886
  0.5460078472E+005 0886
  0.5466058626E+005 0886
  0.5472042765E+005 0885
  0.5478072095E+005 0885
  0.5484061466E+005 0885
  0.5490052174E+005 0885
  0.5496044334E+005 0885
  0.5502079593E+005 0884
  0.5508073630E+005 0884
  0.5514069328E+005 0884
  0.5520068148E+005 0884
  0.5526068909E+005 0884
  0.5532067073E+005 0884
  0.5538063025E+005 0883
  0.5544056971E+005 0883
  0.5550048704E+005 0883
  0.5556079370E+005 0883
  0.5562065228E+005 0883
  0.5568048720E+005 0883
  0.5574071832E+005 0882
  0.5580051092E+005 0882
  0.5586069811E+005 0882
  0.5592044576E+005 0882
  0.5598059207E+005 0882
  0.5604073765E+005 0882
  0.5610047011E+005 0881
  0.5616061604E+005 0881
  0.5622075160E+005 0881
  0.5628046211E+005 0881
  0.5634058743E+005 0881
  0.5640071189E+005 0881
  0.5646042145E+005 0880
  0.5652056284E+005 0880
  0.5658072744E+005 0880
  0.5664046354E+005 0880
  0.5670059727E+005 0880
  0.5676072401E+005 0880
  0.5682043973E+005 0879
  0.5688057493E+005 0879
  0.5694070729E+005 0879
  0.5700041929E+005 0879
  0.5706054916E+005 0879
  0.5712069291E+005 0879
  0.5718044489E+005 0878
  0.5724063945E+005 0878
  0.5730043493E+005 0878
  0.5736066488E+005 0878
  0.5742049941E+005 0878
  0.5748077010E+005 0878
  0.5754063592E+005 0877
  0.5760051010E+005 0877
  0.5766081497E+005 0877
  0.5772072101E+005 0877
  0.5778064442E+005 0877
  0.5784055979E+005 0877
  0.5790046439E+005 0876
  0.5796077172E+005 0876
  0.5802064494E+005 0876
  0.5808051290E+005 0876
  0.5814080167E+005 0876
  0.5820067516E+005 0876
  0.5826054895E+005 0875
  0.5832083171E+005 0875
  0.5838067610E+005 0875
  0.5844050704E+005 0875
  0.5850075862E+005 0875
  0.5856060528E+005 0875
  0.5862046387E+005 0874
  0.5868074355E+005 0874
  0.5874060228E+005 0874
  0.5880045302E+005 0874
  0.5886071363E+005 0874
  0.5892054021E+005 0874
  0.5898076518E+005 0873
  0.5904055747E+005 0873
  0.5910076315E+005 0873
  0.5916054429E+005 0873
  0.5922072800E+005 0873
  0.5928047775E+005 0873
  0.5934063288E+005 0872
  0.5940078321E+005 0872
  0.5946051860E+005 0872
  0.5952067447E+005 0872
  0.5958083484E+005 0872
  0.5964058104E+005 0872
  0.5970075945E+005 0872
  0.5976052263E+005 0871
  0.5982068785E+005 0871
  0.5988042975E+005 0871
  0.5994059098E+005 0871
  0.6000075164E+005 0871
  0.6006048302E+005 0871
  0.6012061382E+005 0870
  0.6018073665E+005 0870
  0.6024044615E+005 0870
  0.6030057887E+005 0870
  0.6036072531E+005 0870
  0.6042047563E+005 0870
  0.6048067354E+005 0869
  0.6054047948E+005 0869
  0.6060072467E+005 0869
  0.6066057057E+005 0869
  0.6072043799E+005 0869
  0.6078075744E+005 0869
  0.6084069928E+005 0868
  0.6090068144E+005 0868
  0.6096069093E+005 0868
  0.6102071421E+005 0868
  0.6108074533E+005 0868
  0.6114077358E+005 0868
  0.6120078740E+005 0867
  0.6126079286E+005 0867
  0.6132079321E+005 0867
  0.6138078012E+005 0867
  0.6144074134E+005 0867
  0.6150067359E+005 0867
  0.6156058415E+005 0867
  0.6162047798E+005 0866
  0.6168077875E+005 0866
  0.6174064930E+005 0866
  0.6180051293E+005 0866
  0.6186079161E+005 0866
  0.6192064928E+005 0866
  0.6198050190E+005 0865
  0.6204076473E+005 0865
  0.6210060627E+005 0865
  0.6216045627E+005 0865
  0.6222074160E+005 0865
  0.6228062472E+005 0865
  0.6234049253E+005 0865
  0.6240077630E+005 0864
  0.6246064627E+005 0864
  0.6252051258E+005 0864
  0.6258078326E+005 0864
  0.6264062521E+005 0864
  0.6270046126E+005 0864
  0.6276071634E+005 0863
  0.6282055369E+005 0863
  0.6288081507E+005 0863
  0.6294067015E+005 0863
  0.6300054292E+005 0863
  0.6306043578E+005 0863
  0.6312076002E+005 0863
  0.6318067546E+005 0862
  0.6324060684E+005 0862
  0.6330056157E+005 0862
  0.6336054301E+005 0862
  0.6342055505E+005 0862
  0.6348059996E+005 0862
  0.6354067591E+005 0861
  0.6360078755E+005 0861
  0.6366051857E+005 0861
  0.6372070179E+005 0861
  0.6378048255E+005 0861
  0.6384069020E+005 0861
  0.6390048983E+005 0861
  0.6396071102E+005 0860
  0.6402047601E+005 0860
  0.6408062547E+005 0860
  0.6414074182E+005 0860
  0.6420082894E+005 0860
  0.6426046374E+005 0860
  0.6432049243E+005 0860
  0.6438050015E+005 0859
  0.6444048401E+005 0859
  0.6450043891E+005 0859
  0.6456078181E+005 0859
  0.6462067845E+005 0859
  0.6468056016E+005 0859
  0.6474043941E+005 0859
  0.6480075001E+005 0858
  0.6486065363E+005 0858
  0.6492057042E+005 0858
  0.6498050192E+005 0858
  0.6504045879E+005 0858
  0.6510082986E+005 0858
  0.6516075833E+005 0858
  0.6522067633E+005 0857
  0.6528059270E+005 0857
  0.6534050514E+005 0857
  0.6540082670E+005 0857
  0.6546072906E+005 0857
  0.6552064282E+005 0857
  0.6558057366E+005 0857
  0.6564052261E+005 0856
  0.6570049265E+005 0856
  0.6576048359E+005 0856
  0.6582049474E+005 0856
  0.6588052538E+005 0856
  0.6594057602E+005 0856
  0.6600064722E+005 0856
  0.6606074547E+005 0856
  0.6612046096E+005 0856
  0.6618064172E+005 0855
  0.6624043695E+005 0855
  0.6630067074E+005 0855
  0.6636048200E+005 0855
  0.6642071165E+005 0855
  0.6648050766E+005 0855
  0.6654070699E+005 0855
  0.6660047305E+005 0855
  0.6666065173E+005 0855
  0.6672081642E+005 0854
  0.6678054708E+005 0854
  0.6684068767E+005 0854
  0.6690082254E+005 0854
  0.6696053742E+005 0854
  0.6702067265E+005 0854
  0.6708080680E+005 0854
  0.6714051185E+005 0854
  0.6720062973E+005 0854
  0.6726074037E+005 0854
  0.6732042208E+005 0854
  0.6738051481E+005 0853
  0.6744059879E+005 0853
  0.6750067914E+005 0853
  0.6756076127E+005 0853
  0.6762043578E+005 0853
  0.6768053614E+005 0853
  0.6774062709E+005 0853
  0.6780070534E+005 0853
  0.6786077778E+005 0853
  0.6792043743E+005 0853
  0.6798052715E+005 0853
  0.6804062332E+005 0852
  0.6810071871E+005 0852
  0.6816081365E+005 0852
  0.6822048879E+005 0852
  0.6828058531E+005 0852
  0.6834068122E+005 0852
  0.6840077611E+005 0852
  0.6846045260E+005 0852
  0.6852054023E+005 0852
  0.6858062095E+005 0852
  0.6864069533E+005 0852
  0.6870077392E+005 0852
  0.6876044179E+005 0851
  0.6882053502E+005 0851
  0.6888062642E+005 0851
  0.6894071624E+005 0851
  0.6900081345E+005 0851
  0.6906049774E+005 0851
  0.6912060562E+005 0851
  0.6918071169E+005 0851
  0.6924081823E+005 0851
  0.6930051586E+005 0851
  0.6936065250E+005 0851
  0.6942080843E+005 0850
  0.6948054974E+005 0850
  0.6954071043E+005 0850
  0.6960044906E+005 0850
  0.6966060200E+005 0850
  0.6972075087E+005 0850
  0.6978048054E+005 0850
  0.6984063864E+005 0850
  0.6990080755E+005 0850
  0.6996056264E+005 0850
  0.7002072664E+005 0850
  0.7008046620E+005 0850
  0.7014063149E+005 0849
  0.7020079941E+005 0849
  0.7026053982E+005 0849
  0.7032068857E+005 0849
  0.7038082825E+005 0849
  0.7044054520E+005 0849
  0.7050068794E+005 0849
  0.7056082953E+005 0849
  0.7062054516E+005 0849
  0.7068067886E+005 0849
  0.7074081348E+005 0849
  0.7080052378E+005 0848
  0.7086064285E+005 0848
  0.7092074694E+005 0848
  0.7098083051E+005 0848
  0.7104047419E+005 0848
  0.7110052234E+005 0848
  0.7116055877E+005 0848
  0.7122058444E+005 0848
  0.7128059903E+005 0848
  0.7134060934E+005 0848
  0.7140061727E+005 0848
  0.7146061916E+005 0847
  0.7152061006E+005 0847
  0.7158059173E+005 0847
  0.7164057534E+005 0847
  0.7170057895E+005 0847
  0.7176060328E+005 0847
  0.7182061731E+005 0847
  0.7188062621E+005 0847
  0.7194063255E+005 0847
  0.7200063738E+005 0847
  0.7206063668E+005 0847
  0.7212063085E+005 0846
  0.7218061928E+005 0846
  0.7224060240E+005 0846
  0.7230058362E+005 0846
  0.7236056435E+005 0846
  0.7242055461E+005 0846
  0.7248056345E+005 0846
  0.7254059759E+005 0846
  0.7260065741E+005 0846
  0.7266074085E+005 0846
  0.7272042721E+005 0845
  0.7278055813E+005 0845
  0.7284072141E+005 0845
  0.7290049253E+005 0845
  0.7296070390E+005 0845
  0.7302051404E+005 0845
  0.7308074209E+005 0845
  0.7314050980E+005 0845
  0.7320065969E+005 0845
  0.7326077927E+005 0845
  0.7332045498E+005 0844
  0.7338052779E+005 0844
  0.7344057347E+005 0844
  0.7350058763E+005 0844
  0.7356057179E+005 0844
  0.7362052945E+005 0844
  0.7368046055E+005 0844
  0.7374079425E+005 0844
  0.7380069620E+005 0844
  0.7386059060E+005 0843
  0.7392048194E+005 0843
  0.7398079063E+005 0843
  0.7404067139E+005 0843
  0.7410053963E+005 0843
  0.7416082499E+005 0843
  0.7422070707E+005 0843
  0.7428061113E+005 0843
  0.7434053621E+005 0843
  0.7440046304E+005 0842
  0.7446079188E+005 0842
  0.7452068694E+005 0842
  0.7458057021E+005 0842
  0.7464045157E+005 0842
  0.7470075992E+005 0842
  0.7476066002E+005 0842
  0.7482056717E+005 0842
  0.7488047905E+005 0841
  0.7494081406E+005 0841
  0.7500073665E+005 0841
  0.7506067348E+005 0841
  0.7512063152E+005 0841
  0.7518060902E+005 0841
  0.7524060805E+005 0841
  0.7530062976E+005 0841
  0.7536067506E+005 0840
  0.7542073576E+005 0840
  0.7548080474E+005 0840
  0.7554046628E+005 0840
  0.7560057103E+005 0840
  0.7566070781E+005 0840
  0.7572044317E+005 0840
  0.7578058232E+005 0839
  0.7584070983E+005 0839
  0.7590082243E+005 0839
  0.7596049824E+005 0839
  0.7602057905E+005 0839
  0.7608064253E+005 0839
  0.7614069012E+005 0839
  0.7620072197E+005 0838
  0.7626073505E+005 0838
  0.7632072838E+005 0838
  0.7638070230E+005 0838
  0.7644066549E+005 0838
  0.7650061615E+005 0838
  0.7656055152E+005 0837
  0.7662046994E+005 0837
  0.7668079400E+005 0837
  0.7674069269E+005 0837
  0.7680058687E+005 0837
  0.7686047771E+005 0837
  0.7692078392E+005 0837
  0.7698068181E+005 0836
  0.7704060570E+005 0836
  0.7710054468E+005 0836
  0.7716046776E+005 0836
  0.7722080519E+005 0836
  0.7728072196E+005 0836
  0.7734063657E+005 0835
  0.7740054480E+005 0835
  0.7746044388E+005 0835
  0.7752075565E+005 0835
  0.7758065045E+005 0835
  0.7764055466E+005 0834
  0.7770047172E+005 0834
  0.7776082716E+005 0834
  0.7782078924E+005 0834
  0.7788077558E+005 0834
  0.7794078431E+005 0834
  0.7800080355E+005 0833
  0.7806083347E+005 0833
  0.7812046183E+005 0833
  0.7818053443E+005 0833
  0.7824062880E+005 0833
  0.7830073697E+005 0833
  0.7836044064E+005 0832
  0.7842057963E+005 0832
  0.7848070763E+005 0832
  0.7854081855E+005 0832
  0.7860049989E+005 0832
  0.7866059671E+005 0831
  0.7872068941E+005 0831
  0.7878077103E+005 0831
  0.7884042081E+005 0831
  0.7890048057E+005 0831
  0.7896053719E+005 0830
  0.7902059829E+005 0830
  0.7908066772E+005 0830
  0.7914074375E+005 0830
  0.7920082781E+005 0830
  0.7926049376E+005 0829
  0.7932057460E+005 0829
  0.7938066156E+005 0829
  0.7944074382E+005 0829
  0.7950082604E+005 0829
  0.7956049191E+005 0828
  0.7962057210E+005 0828
  0.7968065028E+005 0828
  0.7974073357E+005 0828
  0.7980082420E+005 0828
  0.7986049095E+005 0828
  0.7992057684E+005 0827
  0.7998065987E+005 0827
  0.8004073962E+005 0827
  0.8010081797E+005 0827
  0.8016047511E+005 0827
  0.8022055332E+005 0826
  0.8028063420E+005 0826
  0.8034071002E+005 0826
  0.8040077521E+005 0826
  0.8046082948E+005 0826
  0.8052046406E+005 0825
  0.8058052153E+005 0825
  0.8064058330E+005 0825
  0.8070065173E+005 0825
  0.8076071133E+005 0825
  0.8082075470E+005 0824
  0.8088078825E+005 0824
  0.8094082480E+005 0824
  0.8100045328E+005 0824
  0.8106051320E+005 0824
  0.8112057382E+005 0823
  0.8118063150E+005 0823
  0.8124068833E+005 0823
  0.8130074970E+005 0823
  0.8136082350E+005 0823
  0.8142049236E+005 0822
  0.8148059448E+005 0822
  0.8154070590E+005 0822
  0.8160082651E+005 0822
  0.8166053994E+005 0822
  0.8172068367E+005 0821
  0.8178083514E+005 0821
  0.8184057453E+005 0821
  0.8190075128E+005 0821
  0.8196052606E+005 0821
  0.8202072270E+005 0820
  0.8208048728E+005 0820
  0.8214066087E+005 0820
  0.8220081543E+005 0820
  0.8226052813E+005 0820
  0.8232064322E+005 0819
  0.8238074539E+005 0819
  0.8244083216E+005 0819
  0.8250048003E+005 0819
  0.8256052431E+005 0819
  0.8262054210E+005 0818
  0.8268054261E+005 0818
  0.8274053499E+005 0818
  0.8280052945E+005 0818
  0.8286052199E+005 0818
  0.8292050785E+005 0818
  0.8298048493E+005 0817
  0.8304045079E+005 0817
  0.8310082678E+005 0817
  0.8316077404E+005 0817
  0.8322071379E+005 0817
  0.8328065423E+005 0816
  0.8334060683E+005 0816
  0.8340057223E+005 0816
  0.8346054019E+005 0816
  0.8352050806E+005 0816
  0.8358047938E+005 0816
  0.8364045854E+005 0815
  0.8370042745E+005 0815
  0.8376080382E+005 0815
  0.8382075118E+005 0815
  0.8388069476E+005 0815
  0.8394063501E+005 0814
  0.8400057159E+005 0814
  0.8406050876E+005 0814
  0.8412045472E+005 0814
  0.8418083792E+005 0814
  0.8424081879E+005 0814
  0.8430081369E+005 0813
  0.8436081520E+005 0813
  0.8442082680E+005 0813
  0.8448043539E+005 0813
  0.8454048012E+005 0813
  0.8460054171E+005 0812
  0.8466062193E+005 0812
  0.8472072777E+005 0812
  0.8478043925E+005 0812
  0.8484058942E+005 0812
  0.8490074040E+005 0812
  0.8496045542E+005 0811
  0.8502056516E+005 0811
  0.8508063690E+005 0811
  0.8514066543E+005 0811
  0.8520065564E+005 0811
  0.8526061531E+005 0811
  0.8532055009E+005 0810
  0.8538046468E+005 0810
  0.8544077403E+005 0810
  0.8550064394E+005 0810
  0.8556049822E+005 0810
  0.8562075787E+005 0810
  0.8568058234E+005 0809
  0.8574080774E+005 0809
  0.8580060855E+005 0809
  0.8586083130E+005 0809
  0.8592064416E+005 0809
  0.8598046735E+005 0809
  0.8604072166E+005 0808
  0.8610057490E+005 0808
  0.8616044294E+005 0808
  0.8622071370E+005 0808
  0.8628055599E+005 0808
  0.8634081252E+005 0808
  0.8640064459E+005 0807
  0.8646046716E+005 0807
  0.8652069966E+005 0807
  0.8658051225E+005 0807
  0.8664075442E+005 0807
  0.8670060141E+005 0807
  0.8676047488E+005 0806
  0.8682078630E+005 0806
  0.8688069484E+005 0806
  0.8694061988E+005 0806
  0.8700056538E+005 0806
  0.8706052706E+005 0806
  0.8712050520E+005 0806
  0.8718050253E+005 0805
  0.8724052230E+005 0805
  0.8730056536E+005 0805
  0.8736062132E+005 0805
  0.8742067566E+005 0805
  0.8748072222E+005 0805
  0.8754075365E+005 0804
  0.8760076725E+005 0804
  0.8766076238E+005 0804
  0.8772074085E+005 0804
  0.8778070457E+005 0804
  0.8784065111E+005 0804
  0.8790057911E+005 0803
  0.8796048827E+005 0803
  0.8802080782E+005 0803
  0.8808070726E+005 0803
  0.8814060404E+005 0803
  0.8820049223E+005 0803
  0.8826078539E+005 0803
  0.8832065038E+005 0802
  0.8838051055E+005 0802
  0.8844079122E+005 0802
  0.8850065278E+005 0802
  0.8856051703E+005 0802
  0.8862080936E+005 0802
  0.8868068795E+005 0801
  0.8874056384E+005 0801
  0.8880043031E+005 0801
  0.8886070924E+005 0801
  0.8892057297E+005 0801
  0.8898044712E+005 0801
  0.8904074047E+005 0801
  0.8910060035E+005 0800
  0.8916045493E+005 0800
  0.8922072852E+005 0800
  0.8928058283E+005 0800
  0.8934043518E+005 0800
  0.8940071022E+005 0800
  0.8946057434E+005 0799
  0.8952045087E+005 0799
  0.8958075249E+005 0799
  0.8964063863E+005 0799
  0.8970053254E+005 0799
  0.8976044066E+005 0799
  0.8982078393E+005 0799
  0.8988071894E+005 0798
  0.8994066485E+005 0798
  0.9000062196E+005 0798
  0.9006058955E+005 0798
  0.9012056478E+005 0798
  0.9018054433E+005 0798
  0.9024052959E+005 0797
  0.9030052187E+005 0797
  0.9036050279E+005 0797
  0.9042046363E+005 0797
  0.9048082956E+005 0797
  0.9054077005E+005 0797
  0.9060071235E+005 0797
  0.9066065209E+005 0796
  0.9072058189E+005 0796
  0.9078049948E+005 0796
  0.9084083033E+005 0796
  0.9090073944E+005 0796
  0.9096064390E+005 0796
  0.9102054473E+005 0796
  0.9108044845E+005 0795
  0.9114077672E+005 0795
  0.9120068685E+005 0795
  0.9126059346E+005 0795
  0.9132048983E+005 0795
  0.9138079455E+005 0795
  0.9144067446E+005 0795
  0.9150055114E+005 0794
  0.9156042324E+005 0794
  0.9162070881E+005 0794
  0.9168057466E+005 0794
  0.9174044140E+005 0794
  0.9180073040E+005 0794
  0.9186060192E+005 0794
  0.9192046463E+005 0793
  0.9198073568E+005 0793
  0.9204058298E+005 0793
  0.9210044087E+005 0793
  0.9216072980E+005 0793
  0.9222059364E+005 0793
  0.9228044948E+005 0792
  0.9234071961E+005 0792
  0.9240056750E+005 0792
  0.9246083180E+005 0792
  0.9252067797E+005 0792
  0.9258052509E+005 0792
  0.9264078611E+005 0792
  0.9270062240E+005 0791
  0.9276046078E+005 0791
  0.9282072706E+005 0791
  0.9288059149E+005 0791
  0.9294047401E+005 0791
  0.9300079235E+005 0791
  0.9306070475E+005 0791
  0.9312063019E+005 0790
  0.9318057779E+005 0790
  0.9324055108E+005 0790
  0.9330054458E+005 0790
  0.9336055377E+005 0790
  0.9342057972E+005 0790
  0.9348062312E+005 0790
  0.9354065507E+005 0790
  0.9360066932E+005 0789
  0.9366067404E+005 0789
  0.9372066759E+005 0789
  0.9378064430E+005 0789
  0.9384060267E+005 0789
  0.9390054110E+005 0789
  0.9396045716E+005 0789
  0.9402076552E+005 0788
  0.9408063099E+005 0788
  0.9414047997E+005 0788
  0.9420073789E+005 0788
  0.9426057793E+005 0788
  0.9432042220E+005 0788
  0.9438068521E+005 0788
  0.9444052257E+005 0787
  0.9450077682E+005 0787
  0.9456062061E+005 0787
  0.9462048243E+005 0787
  0.9468077693E+005 0787
  0.9474064176E+005 0787
  0.9480049639E+005 0787
  0.9486076011E+005 0786
  0.9492059809E+005 0786
  0.9498043665E+005 0786
  0.9504070212E+005 0786
  0.9510055402E+005 0786
  0.9516082839E+005 0786
  0.9522068693E+005 0786
  0.9528055031E+005 0786
  0.9534042095E+005 0785
  0.9540072093E+005 0785
  0.9546061731E+005 0785
  0.9552052705E+005 0785
  0.9558045470E+005 0785
  0.9564082621E+005 0785
  0.9570080310E+005 0785
  0.9576080077E+005 0784
  0.9582081237E+005 0784
  0.9588083578E+005 0784
  0.9594045618E+005 0784
  0.9600052329E+005 0784
  0.9606061663E+005 0784
  0.9612072360E+005 0784
  0.9618082660E+005 0783
  0.9624049859E+005 0783
  0.9630057824E+005 0783
  0.9636064625E+005 0783
  0.9642069595E+005 0783
  0.9648072471E+005 0783
  0.9654072697E+005 0783
  0.9660070177E+005 0783
  0.9666065090E+005 0782
  0.9672058279E+005 0782
  0.9678050318E+005 0782
  0.9684083027E+005 0782
  0.9690072517E+005 0782
  0.9696060421E+005 0782
  0.9702047074E+005 0782
  0.9708075186E+005 0781
  0.9714061313E+005 0781
  0.9720047409E+005 0781
  0.9726075231E+005 0781
  0.9732062280E+005 0781
  0.9738051464E+005 0781
  0.9744042006E+005 0781
  0.9750072694E+005 0781
  0.9756060599E+005 0780
  0.9762048145E+005 0780
  0.9768077470E+005 0780
  0.9774064547E+005 0780
  0.9780051541E+005 0780
  0.9786080584E+005 0780
  0.9792067820E+005 0780
  0.9798055698E+005 0780
  0.9804044684E+005 0779
  0.9810077515E+005 0779
  0.9816070736E+005 0779
  0.9822066455E+005 0779
  0.9828064236E+005 0779
  0.9834063232E+005 0779
  0.9840063442E+005 0779
  0.9846065833E+005 0778
  0.9852071021E+005 0778
  0.9858078626E+005 0778
  0.9864045657E+005 0778
  0.9870054225E+005 0778
  0.9876061327E+005 0778
  0.9882066597E+005 0778
  0.9888070582E+005 0778
  0.9894073775E+005 0777
  0.9900076302E+005 0777
  0.9906077717E+005 0777
  0.9912077969E+005 0777
  0.9918077163E+005 0777
  0.9924075428E+005 0777
  0.9930072958E+005 0777
  0.9936070089E+005 0777
  0.9942066812E+005 0776
  0.9948063211E+005 0776
  0.9954059500E+005 0776
  0.9960056125E+005 0776
  0.9966052250E+005 0776
  0.9972047367E+005 0776
  0.9978083636E+005 0776
  0.9984078290E+005 0775
  0.9990074415E+005 0775
  0.9996071679E+005 0775
  0.1000206811E+006 0775
  0.1000806446E+006 0775
  0.1001406106E+006 0775
  0.1002005778E+006 0775
  0.1002605498E+006 0775
  0.1003205253E+006 0774
  0.1003805029E+006 0774
  0.1004404791E+006 0774
  0.1005004533E+006 0774
  0.1005604250E+006 0774
  0.1006208148E+006 0774
  0.1006807903E+006 0774
  0.1007407709E+006 0774
  0.1008007513E+006 0773
  0.1008607288E+006 0773
  0.1009207057E+006 0773
  0.1009806854E+006 0773
  0.1010406681E+006 0773
  0.1011006531E+006 0773
  0.1011606356E+006 0773
  0.1012206224E+006 0773
  0.1012806226E+006 0772
  0.1013406398E+006 0772
  0.1014006670E+006 0772
  0.1014606964E+006 0772
  0.1015207289E+006 0772
  0.1015807674E+006 0772
  0.1016408146E+006 0772
  0.1017004554E+006 0771
  0.1017605304E+006 0771
  0.1018206177E+006 0771
  0.1018807149E+006 0771
  0.1019408208E+006 0771
  0.1020005104E+006 0771
  0.1020606214E+006 0771
  0.1021207339E+006 0771
  0.1021804299E+006 0770
  0.1022405337E+006 0770
  0.1023006204E+006 0770
  0.1023606960E+006 0770
  0.1024207700E+006 0770
  0.1024808398E+006 0770
  0.1025404822E+006 0770
  0.1026005376E+006 0770
  0.1026605912E+006 0769
  0.1027206453E+006 0769
  0.1027806947E+006 0769
  0.1028407376E+006 0769
  0.1029007709E+006 0769
  0.1029607977E+006 0769
  0.1030208247E+006 0769
  0.1030804332E+006 0768
  0.1031404652E+006 0768
  0.1032004971E+006 0768
  0.1032605276E+006 0768
  0.1033205535E+006 0768
  0.1033805772E+006 0768
  0.1034405967E+006 0768
  0.1035006124E+006 0768
  0.1035606316E+006 0767
  0.1036206625E+006 0767
  0.1036806806E+006 0767
  0.1037406897E+006 0767
  0.1038007004E+006 0767
  0.1038607146E+006 0767
  0.1039207308E+006 0767
  0.1039807435E+006 0767
  0.1040407522E+006 0766
  0.1041007607E+006 0766
  0.1041607738E+006 0766
  0.1042207921E+006 0766
  0.1042808149E+006 0766
  0.1043404266E+006 0766
  0.1044004679E+006 0766
  0.1044605210E+006 0765
  0.1045205861E+006 0765
  0.1045806615E+006 0765
  0.1046407476E+006 0765
  0.1047004244E+006 0765
  0.1047605426E+006 0765
  0.1048206841E+006 0765
  0.1048804261E+006 0765
  0.1049406076E+006 0764
  0.1050008119E+006 0764
  0.1050605898E+006 0764
  0.1051207666E+006 0764
  0.1051805071E+006 0764
  0.1052406582E+006 0764
  0.1053007948E+006 0764
  0.1053604868E+006 0764
  0.1054205711E+006 0763
  0.1054806272E+006 0763
  0.1055406620E+006 0763
  0.1056006779E+006 0763
  0.1056606817E+006 0763
  0.1057206752E+006 0763
  0.1057806584E+006 0763
  0.1058406328E+006 0762
  0.1059006008E+006 0762
  0.1059605592E+006 0762
  0.1060205083E+006 0762
  0.1060804547E+006 0762
  0.1061408294E+006 0762
  0.1062008007E+006 0762
  0.1062607895E+006 0762
  0.1063207887E+006 0761
  0.1063807796E+006 0761
  0.1064407562E+006 0761
  0.1065007182E+006 0761
  0.1065606729E+006 0761
  0.1066206301E+006 0761
  0.1066805912E+006 0761
  0.1067405551E+006 0760
  0.1068005224E+006 0760
  0.1068604945E+006 0760
  0.1069204778E+006 0760
  0.1069804788E+006 0760
  0.1070405059E+006 0760
  0.1071005537E+006 0760
  0.1071606207E+006 0760
  0.1072207053E+006 0759
  0.1072808067E+006 0759
  0.1073405035E+006 0759
  0.1074006354E+006 0759
  0.1074607821E+006 0759
  0.1075205272E+006 0759
  0.1075807133E+006 0759
  0.1076404732E+006 0759
  0.1077006448E+006 0758
  0.1077608134E+006 0758
  0.1078205522E+006 0758
  0.1078806965E+006 0758
  0.1079408237E+006 0758
  0.1080005110E+006 0758
  0.1080606017E+006 0758
  0.1081206775E+006 0757
  0.1081807385E+006 0757
  0.1082407857E+006 0757
  0.1083008231E+006 0757
  0.1083604378E+006 0757
  0.1084204697E+006 0757
  0.1084804994E+006 0757
  0.1085405214E+006 0757
  0.1086005332E+006 0756
  0.1086605374E+006 0756
  0.1087205370E+006 0756
  0.1087805337E+006 0756
  0.1088405265E+006 0756
  0.1089005209E+006 0756
  0.1089605283E+006 0756
  0.1090205485E+006 0755
  0.1090805750E+006 0755
  0.1091405987E+006 0755
  0.1092006205E+006 0755
  0.1092606364E+006 0755
  0.1093206396E+006 0755
  0.1093806307E+006 0755
  0.1094406164E+006 0755
  0.1095006033E+006 0754
  0.1095605978E+006 0754
  0.1096206023E+006 0754
  0.1096806168E+006 0754
  0.1097406411E+006 0754
  0.1098006757E+006 0754
  0.1098607231E+006 0754
  0.1099207789E+006 0753
  0.1099804211E+006 0753
  0.1100404959E+006 0753
  0.1101005907E+006 0753
  0.1101607047E+006 0753
  0.1102208328E+006 0753
  0.1102805526E+006 0753
  0.1103407057E+006 0753
  0.1104004527E+006 0752
  0.1104606301E+006 0752
  0.1105208017E+006 0752
  0.1105805452E+006 0752
  0.1106406979E+006 0752
  0.1107008322E+006 0752
  0.1107605274E+006 0752
  0.1108206265E+006 0751
  0.1108807158E+006 0751
  0.1109408048E+006 0751
  0.1110004759E+006 0751
  0.1110605659E+006 0751
  0.1111206498E+006 0751
  0.1111807304E+006 0751
  0.1112408071E+006 0750
  0.1113004550E+006 0750
  0.1113605174E+006 0750
  0.1114205775E+006 0750
  0.1114806448E+006 0750
  0.1115407204E+006 0750
  0.1116008000E+006 0750
  0.1116604554E+006 0749
  0.1117205240E+006 0749
  0.1117805911E+006 0749
  0.1118406600E+006 0749
  0.1119007297E+006 0749
  0.1119607989E+006 0749
  0.1120204476E+006 0749
  0.1120805174E+006 0749
  0.1121405891E+006 0748
  0.1122006624E+006 0748
  0.1122607354E+006 0748
  0.1123208064E+006 0748
  0.1123804511E+006 0748
  0.1124405138E+006 0748
  0.1125005795E+006 0748
  0.1125606479E+006 0747
  0.1126207174E+006 0747
  0.1126807876E+006 0747
  0.1127404363E+006 0747
  0.1128005002E+006 0747
  0.1128605652E+006 0747
  0.1129206316E+006 0747
  0.1129806971E+006 0746
  0.1130407512E+006 0746
  0.1131007947E+006 0746
  0.1131608342E+006 0746
  0.1132204565E+006 0746
  0.1132805098E+006 0746
  0.1133405768E+006 0745
  0.1134006525E+006 0745
  0.1134607325E+006 0745
  0.1135208172E+006 0745
  0.1135804902E+006 0745
  0.1136405911E+006 0745
  0.1137007016E+006 0745
  0.1137608201E+006 0744
  0.1138205295E+006 0744
  0.1138806733E+006 0744
  0.1139408156E+006 0744
  0.1140005283E+006 0744
  0.1140606545E+006 0744
  0.1141207682E+006 0744
  0.1141804448E+006 0743
  0.1142405262E+006 0743
  0.1143005936E+006 0743
  0.1143606434E+006 0743
  0.1144206730E+006 0743
  0.1144806800E+006 0743
  0.1145406659E+006 0742
  0.1146006407E+006 0742
  0.1146606130E+006 0742
  0.1147205871E+006 0742
  0.1147805600E+006 0742
  0.1148405265E+006 0742
  0.1149004858E+006 0741
  0.1149604409E+006 0741
  0.1150208182E+006 0741
  0.1150807807E+006 0741
  0.1151407483E+006 0741
  0.1152007214E+006 0741
  0.1152607066E+006 0740
  0.1153206909E+006 0740
  0.1153806707E+006 0740
  0.1154406489E+006 0740
  0.1155006243E+006 0740
  0.1155605922E+006 0740
  0.1156205505E+006 0739
  0.1156805039E+006 0739
  0.1157404598E+006 0739
  0.1158004219E+006 0739
  0.1158608095E+006 0739
  0.1159207843E+006 0739
  0.1159807687E+006 0738
  0.1160407649E+006 0738
  0.1161007753E+006 0738
  0.1161607990E+006 0738
  0.1162208314E+006 0738
  0.1162804482E+006 0738
  0.1163404941E+006 0737
  0.1164005592E+006 0737
  0.1164606440E+006 0737
  0.1165207459E+006 0737
  0.1165804416E+006 0737
  0.1166405710E+006 0736
  0.1167007102E+006 0736
  0.1167604297E+006 0736
  0.1168205652E+006 0736
  0.1168806914E+006 0736
  0.1169407968E+006 0736
  0.1170004551E+006 0735
  0.1170605069E+006 0735
  0.1171205382E+006 0735
  0.1171805531E+006 0735
  0.1172405528E+006 0735
  0.1173005391E+006 0734
  0.1173605058E+006 0734
  0.1174204562E+006 0734
  0.1174808150E+006 0734
  0.1175407492E+006 0734
  0.1176006761E+006 0733
  0.1176605966E+006 0733
  0.1177205180E+006 0733
  0.1177804472E+006 0733
  0.1178408076E+006 0733
  0.1179007596E+006 0732
  0.1179607201E+006 0732
  0.1180206871E+006 0732
  0.1180806435E+006 0732
  0.1181405882E+006 0732
  0.1182005275E+006 0731
  0.1182604617E+006 0731
  0.1183208085E+006 0731
  0.1183807297E+006 0731
  0.1184406486E+006 0731
  0.1185005725E+006 0730
  0.1185605092E+006 0730
  0.1186204668E+006 0730
  0.1186804416E+006 0730
  0.1187404279E+006 0730
  0.1188004269E+006 0730
  0.1188604412E+006 0729
  0.1189204803E+006 0729
  0.1189805460E+006 0729
  0.1190406375E+006 0729
  0.1191007508E+006 0729
  0.1191604638E+006 0728
  0.1192206161E+006 0728
  0.1192807662E+006 0728
  0.1193404898E+006 0728
  0.1194006253E+006 0728
  0.1194607450E+006 0727
  0.1195204275E+006 0727
  0.1195805107E+006 0727
  0.1196405758E+006 0727
  0.1197006246E+006 0727
  0.1197606573E+006 0727
  0.1198206729E+006 0726
  0.1198806756E+006 0726
  0.1199406724E+006 0726
  0.1200006681E+006 0726
  0.1200606618E+006 0726
  0.1201206498E+006 0725
  0.1201806275E+006 0725
  0.1202405993E+006 0725
  0.1203005726E+006 0725
  0.1203605548E+006 0725
  0.1204205427E+006 0725
  0.1204805334E+006 0724
  0.1205405293E+006 0724
  0.1206005289E+006 0724
  0.1206605286E+006 0724
  0.1207205265E+006 0724
  0.1207805247E+006 0724
  0.1208405271E+006 0723
  0.1209005231E+006 0723
  0.1209605106E+006 0723
  0.1210204962E+006 0723
  0.1210804850E+006 0723
  0.1211404790E+006 0722
  0.1212004755E+006 0722
  0.1212604711E+006 0722
  0.1213204640E+006 0722
  0.1213804580E+006 0722
  0.1214404577E+006 0722
  0.1215004625E+006 0721
  0.1215604675E+006 0721
  0.1216204764E+006 0721
  0.1216804961E+006 0721
  0.1217405298E+006 0721
  0.1218005729E+006 0721
  0.1218606222E+006 0720
  0.1219206739E+006 0720
  0.1219807287E+006 0720
  0.1220407888E+006 0720
  0.1221004335E+006 0720
  0.1221605041E+006 0720
  0.1222205828E+006 0719
  0.1222806601E+006 0719
  0.1223407251E+006 0719
  0.1224007829E+006 0719
  0.1224608362E+006 0719
  0.1225204705E+006 0718
  0.1225805209E+006 0718
  0.1226405592E+006 0718
  0.1227005785E+006 0718
  0.1227605855E+006 0718
  0.1228205855E+006 0718
  0.1228805797E+006 0717
  0.1229405694E+006 0717
  0.1230005549E+006 0717
  0.1230605409E+006 0717
  0.1231205288E+006 0717
  0.1231805168E+006 0717
  0.1232405009E+006 0716
  0.1233004779E+006 0716
  0.1233604532E+006 0716
  0.1234204276E+006 0716
  0.1234808197E+006 0716
  0.1235407898E+006 0716
  0.1236007574E+006 0715
  0.1236607243E+006 0715
  0.1237206905E+006 0715
  0.1237806586E+006 0715
  0.1238406247E+006 0715
  0.1239005868E+006 0715
  0.1239605492E+006 0714
  0.1240205195E+006 0714
  0.1240804883E+006 0714
  0.1241404498E+006 0714
  0.1242008303E+006 0714
  0.1242607988E+006 0713
  0.1243207711E+006 0713
  0.1243807421E+006 0713
  0.1244407100E+006 0713
  0.1245006756E+006 0713
  0.1245606378E+006 0713
  0.1246205940E+006 0712
  0.1246805485E+006 0712
  0.1247405084E+006 0712
  0.1248004749E+006 0712
  0.1248604514E+006 0712
  0.1249204347E+006 0712
  0.1249804221E+006 0711
  0.1250408314E+006 0711
  0.1251008287E+006 0711
  0.1251604203E+006 0711
  0.1252204451E+006 0711
  0.1252804832E+006 0711
  0.1253405325E+006 0710
  0.1254005965E+006 0710
  0.1254606780E+006 0710
  0.1255207593E+006 0710
  0.1255808333E+006 0710
  0.1256404825E+006 0710
  0.1257005419E+006 0709
  0.1257605841E+006 0709
  0.1258206080E+006 0709
  0.1258806119E+006 0709
  0.1259405948E+006 0709
  0.1260005585E+006 0709
  0.1260605058E+006 0708
  0.1261204396E+006 0708
  0.1261807853E+006 0708
  0.1262407037E+006 0708
  0.1263006156E+006 0708
  0.1263605160E+006 0708
  0.1264208269E+006 0707
  0.1264807177E+006 0707
  0.1265406172E+006 0707
  0.1266005324E+006 0707
  0.1266604610E+006 0707
  0.1267208175E+006 0707
  0.1267807499E+006 0706
  0.1268406703E+006 0706
  0.1269005802E+006 0706
  0.1269604861E+006 0706
  0.1270208090E+006 0706
  0.1270807129E+006 0705
  0.1271406165E+006 0705
  0.1272005216E+006 0705
  0.1272604330E+006 0705
  0.1273207755E+006 0705
  0.1273807145E+006 0705
  0.1274406685E+006 0704
  0.1275006375E+006 0704
  0.1275606221E+006 0704
  0.1276206212E+006 0704
  0.1276806340E+006 0704
  0.1277406585E+006 0704
  0.1278006955E+006 0703
  0.1278607451E+006 0703
  0.1279208178E+006 0703
  0.1279804964E+006 0703
  0.1280405990E+006 0703
  0.1281006912E+006 0703
  0.1281607771E+006 0702
  0.1282204322E+006 0702
  0.1282804948E+006 0702
  0.1283405425E+006 0702
  0.1284005758E+006 0702
  0.1284605948E+006 0702
  0.1285205969E+006 0701
  0.1285805832E+006 0701
  0.1286405576E+006 0701
  0.1287005227E+006 0701
  0.1287604786E+006 0701
  0.1288204237E+006 0701
  0.1288807759E+006 0700
  0.1289406948E+006 0700
  0.1290006055E+006 0700
  0.1290605131E+006 0700
  0.1291204198E+006 0700
  0.1291807437E+006 0700
  0.1292406505E+006 0699
  0.1293005671E+006 0699
  0.1293604996E+006 0699
  0.1294204408E+006 0699
  0.1294807926E+006 0699
  0.1295407223E+006 0699
  0.1296006469E+006 0698
  0.1296605634E+006 0698
  0.1297204704E+006 0698
  0.1297807935E+006 0698
  0.1298406978E+006 0698
  0.1299006061E+006 0698
  0.1299605246E+006 0697
  0.1300204550E+006 0697
  0.1300808174E+006 0697
  0.1301407737E+006 0697
  0.1302007421E+006 0697
  0.1302607190E+006 0697
  0.1303207043E+006 0696
  0.1303807055E+006 0696
  0.1304407294E+006 0696
  0.1305007793E+006 0696
  0.1305604289E+006 0696
  0.1306205134E+006 0696
  0.1306806095E+006 0695
  0.1307407145E+006 0695
  0.1308008101E+006 0695
  0.1308604759E+006 0695
  0.1309205547E+006 0695
  0.1309806210E+006 0695
  0.1310406709E+006 0694
  0.1311007046E+006 0694
  0.1311607228E+006 0694
  0.1312207293E+006 0694
  0.1312807302E+006 0694
  0.1313407261E+006 0694
  0.1314007194E+006 0693
  0.1314607085E+006 0693
  0.1315206973E+006 0693
  0.1315806835E+006 0693
  0.1316406662E+006 0693
  0.1317006443E+006 0693
  0.1317606233E+006 0692
  0.1318206121E+006 0692
  0.1318806145E+006 0692
  0.1319406149E+006 0692
  0.1320006144E+006 0692
  0.1320606157E+006 0692
  0.1321206139E+006 0691
  0.1321806087E+006 0691
  0.1322405990E+006 0691
  0.1323005881E+006 0691
  0.1323605782E+006 0691
  0.1324205720E+006 0691
  0.1324805698E+006 0690
  0.1325405737E+006 0690
  0.1326005869E+006 0690
  0.1326606096E+006 0690
  0.1327206378E+006 0690
  0.1327806680E+006 0690
  0.1328406968E+006 0690
  0.1329007255E+006 0689
  0.1329607547E+006 0689
  0.1330207887E+006 0689
  0.1330808228E+006 0689
  0.1331404380E+006 0689
  0.1332004794E+006 0689
  0.1332605318E+006 0688
  0.1333205902E+006 0688
  0.1333806479E+006 0688
  0.1334407030E+006 0688
  0.1335007596E+006 0688
  0.1335608248E+006 0688
  0.1336204822E+006 0687
  0.1336805703E+006 0687
  0.1337406675E+006 0687
  0.1338007679E+006 0687
  0.1338604515E+006 0687
  0.1339205567E+006 0687
  0.1339806638E+006 0686
  0.1340407756E+006 0686
  0.1341004717E+006 0686
  0.1341605888E+006 0686
  0.1342206918E+006 0686
  0.1342807820E+006 0686
  0.1343404457E+006 0685
  0.1344005237E+006 0685
  0.1344605919E+006 0685
  0.1345206475E+006 0685
  0.1345806933E+006 0685
  0.1346407339E+006 0685
  0.1347007707E+006 0684
  0.1347608005E+006 0684
  0.1348208223E+006 0684
  0.1348808376E+006 0684
  0.1349404342E+006 0684
  0.1350004524E+006 0684
  0.1350604734E+006 0684
  0.1351204941E+006 0683
  0.1351805120E+006 0683
  0.1352405243E+006 0683
  0.1353005369E+006 0683
  0.1353605527E+006 0683
  0.1354205726E+006 0683
  0.1354805984E+006 0682
  0.1355406222E+006 0682
  0.1356006374E+006 0682
  0.1356606473E+006 0682
  0.1357206612E+006 0682
  0.1357806803E+006 0682
  0.1358407020E+006 0681
  0.1359007194E+006 0681
  0.1359607288E+006 0681
  0.1360207360E+006 0681
  0.1360807477E+006 0681
  0.1361407661E+006 0681
  0.1362007912E+006 0680
  0.1362608241E+006 0680
  0.1363204469E+006 0680
  0.1363804987E+006 0680
  0.1364405615E+006 0680
  0.1365006318E+006 0680
  0.1365607081E+006 0679
  0.1366207892E+006 0679
  0.1366804597E+006 0679
  0.1367405635E+006 0679
  0.1368006813E+006 0679
  0.1368608100E+006 0679
  0.1369205282E+006 0679
  0.1369806598E+006 0678
  0.1370407788E+006 0678
  0.1371004659E+006 0678
  0.1371605660E+006 0678
  0.1372206541E+006 0678
  0.1372807203E+006 0678
  0.1373407625E+006 0677
  0.1374007825E+006 0677
  0.1374607882E+006 0677
  0.1375207833E+006 0677
  0.1375807706E+006 0677
  0.1376407477E+006 0677
  0.1377007135E+006 0676
  0.1377606699E+006 0676
  0.1378206184E+006 0676
  0.1378805625E+006 0676
  0.1379405035E+006 0676
  0.1380004455E+006 0676
  0.1380608134E+006 0676
  0.1381207733E+006 0675
  0.1381807479E+006 0675
  0.1382407277E+006 0675
  0.1383007015E+006 0675
  0.1383606655E+006 0675
  0.1384206158E+006 0675
  0.1384805561E+006 0674
  0.1385404938E+006 0674
  0.1386004302E+006 0674
  0.1386607866E+006 0674
  0.1387207259E+006 0674
  0.1387806725E+006 0674
  0.1388406349E+006 0673
  0.1389006190E+006 0673
  0.1389606285E+006 0673
  0.1390206573E+006 0673
  0.1390807014E+006 0673
  0.1391407589E+006 0673
  0.1392008309E+006 0672
  0.1392605002E+006 0672
  0.1393206091E+006 0672
  0.1393807366E+006 0672
  0.1394404608E+006 0672
  0.1395006184E+006 0672
  0.1395607653E+006 0672
  0.1396204818E+006 0671
  0.1396806112E+006 0671
  0.1397407293E+006 0671
  0.1398008285E+006 0671
  0.1398604876E+006 0671
  0.1399205499E+006 0671
  0.1399805994E+006 0670
  0.1400406392E+006 0670
  0.1401006677E+006 0670
  0.1401606869E+006 0670
  0.1402206995E+006 0670
  0.1402807090E+006 0670
  0.1403407174E+006 0669
  0.1404007249E+006 0669
  0.1404607287E+006 0669
  0.1405207276E+006 0669
  0.1405807273E+006 0669
  0.1406407329E+006 0669
  0.1407007452E+006 0669
  0.1407607637E+006 0668
  0.1408207880E+006 0668
  0.1408808115E+006 0668
  0.1409408295E+006 0668
  0.1410004246E+006 0668
  0.1410604402E+006 0668
  0.1411204555E+006 0667
  0.1411804645E+006 0667
  0.1412404637E+006 0667
  0.1413004570E+006 0667
  0.1413604548E+006 0667
  0.1414204617E+006 0667
  0.1414804788E+006 0666
  0.1415405066E+006 0666
  0.1416005404E+006 0666
  0.1416605805E+006 0666
  0.1417206281E+006 0666
  0.1417806872E+006 0666
  0.1418407568E+006 0666
  0.1419008363E+006 0665
  0.1419605090E+006 0665
  0.1420206186E+006 0665
  0.1420807443E+006 0665
  0.1421404604E+006 0665
  0.1422006030E+006 0665
  0.1422607514E+006 0664
  0.1423204849E+006 0664
  0.1423806364E+006 0664
  0.1424407829E+006 0664
  0.1425005020E+006 0664
  0.1425606291E+006 0664
  0.1426207382E+006 0663
  0.1426808325E+006 0663
  0.1427404944E+006 0663
  0.1428005707E+006 0663
  0.1428606452E+006 0663
  0.1429207152E+006 0663
  0.1429807778E+006 0663
  0.1430408299E+006 0662
  0.1431004568E+006 0662
  0.1431605026E+006 0662
  0.1432205491E+006 0662
  0.1432805972E+006 0662
  0.1433406463E+006 0662
  0.1434006996E+006 0661
  0.1434607564E+006 0661
  0.1435208118E+006 0661
  0.1435804417E+006 0661
  0.1436404898E+006 0661
  0.1437005435E+006 0661
  0.1437606034E+006 0660
  0.1438206594E+006 0660
  0.1438807115E+006 0660
  0.1439407635E+006 0660
  0.1440008158E+006 0660
  0.1440604489E+006 0660
  0.1441205024E+006 0659
  0.1441805612E+006 0659
  0.1442406263E+006 0659
  0.1443006958E+006 0659
  0.1443607648E+006 0659
  0.1444208306E+006 0659
  0.1444804752E+006 0658
  0.1445405423E+006 0658
  0.1446006175E+006 0658
  0.1446606963E+006 0658
  0.1447207746E+006 0658
  0.1447804328E+006 0658
  0.1448405102E+006 0657
  0.1449005841E+006 0657
  0.1449606507E+006 0657
  0.1450207139E+006 0657
  0.1450807806E+006 0657
  0.1451404362E+006 0657
  0.1452005220E+006 0656
  0.1452606133E+006 0656
  0.1453207067E+006 0656
  0.1453808000E+006 0656
  0.1454404779E+006 0656
  0.1455005835E+006 0656
  0.1455606982E+006 0655
  0.1456208219E+006 0655
  0.1456805298E+006 0655
  0.1457406647E+006 0655
  0.1458007947E+006 0655
  0.1458604943E+006 0655
  0.1459206073E+006 0654
  0.1459807150E+006 0654
  0.1460408116E+006 0654
  0.1461004742E+006 0654
  0.1461605419E+006 0654
  0.1462205973E+006 0654
  0.1462806404E+006 0653
  0.1463406701E+006 0653
  0.1464006875E+006 0653
  0.1464606971E+006 0653
  0.1465207054E+006 0653
  0.1465807127E+006 0653
  0.1466407169E+006 0653
  0.1467007167E+006 0652
  0.1467607114E+006 0652
  0.1468207057E+006 0652
  0.1468807100E+006 0652
  0.1469407303E+006 0652
  0.1470007515E+006 0652
  0.1470607642E+006 0652
  0.1471207727E+006 0652
  0.1471807782E+006 0651
  0.1472407820E+006 0651
  0.1473007880E+006 0651
  0.1473607968E+006 0651
  0.1474208058E+006 0651
  0.1474808138E+006 0651
  0.1475408191E+006 0651
  0.1476008296E+006 0651
  0.1476604298E+006 0650
  0.1477204612E+006 0650
  0.1477805022E+006 0650
  0.1478405543E+006 0650
  0.1479006196E+006 0650
  0.1479606988E+006 0650
  0.1480207929E+006 0650
  0.1480804788E+006 0650
  0.1481405943E+006 0649
  0.1482007196E+006 0649
  0.1482604381E+006 0649
  0.1483205957E+006 0649
  0.1483807611E+006 0649
  0.1484404982E+006 0649
  0.1485006508E+006 0649
  0.1485607959E+006 0649
  0.1486205107E+006 0648
  0.1486806327E+006 0648
  0.1487407428E+006 0648
  0.1488008372E+006 0648
  0.1488604908E+006 0648
  0.1489205465E+006 0648
  0.1489805876E+006 0648
  0.1490406199E+006 0647
  0.1491006438E+006 0647
  0.1491606572E+006 0647
  0.1492206579E+006 0647
  0.1492806453E+006 0647
  0.1493406251E+006 0647
  0.1494006028E+006 0647
  0.1494605827E+006 0647
  0.1495205650E+006 0646
  0.1495805500E+006 0646
  0.1496405412E+006 0646
  0.1497005426E+006 0646
  0.1497605555E+006 0646
  0.1498205640E+006 0646
  0.1498805703E+006 0646
  0.1499405720E+006 0645
  0.1500005653E+006 0645
  0.1500605497E+006 0645
  0.1501205299E+006 0645
  0.1501805066E+006 0645
  0.1502404830E+006 0645
  0.1503004624E+006 0645
  0.1503604504E+006 0645
  0.1504204524E+006 0644
  0.1504804703E+006 0644
  0.1505405043E+006 0644
  0.1506005487E+006 0644
  0.1506606019E+006 0644
  0.1507206681E+006 0644
  0.1507807526E+006 0643
  0.1508404410E+006 0643
  0.1509005725E+006 0643
  0.1509607210E+006 0643
  0.1510204589E+006 0643
  0.1510806095E+006 0643
  0.1511407432E+006 0643
  0.1512004429E+006 0642
  0.1512605496E+006 0642
  0.1513206423E+006 0642
  0.1513807156E+006 0642
  0.1514407717E+006 0642
  0.1515008121E+006 0642
  0.1515604212E+006 0642
  0.1516204405E+006 0641
  0.1516804495E+006 0641
  0.1517404488E+006 0641
  0.1518004415E+006 0641
  0.1518604288E+006 0641
  0.1519208330E+006 0641
  0.1519808136E+006 0641
  0.1520407912E+006 0640
  0.1521007660E+006 0640
  0.1521607487E+006 0640
  0.1522207448E+006 0640
  0.1522807536E+006 0640
  0.1523407611E+006 0640
  0.1524007670E+006 0639
  0.1524607713E+006 0639
  0.1525207735E+006 0639
  0.1525807733E+006 0639
  0.1526407707E+006 0639
  0.1527007682E+006 0639
  0.1527607639E+006 0638
  0.1528207598E+006 0638
  0.1528807591E+006 0638
  0.1529407688E+006 0638
  0.1530007872E+006 0638
  0.1530608114E+006 0638
  0.1531208383E+006 0638
  0.1531804453E+006 0637
  0.1532404734E+006 0637
  0.1533005066E+006 0637
  0.1533605475E+006 0637
  0.1534205958E+006 0637
  0.1534806478E+006 0636
  0.1535407086E+006 0636
  0.1536007804E+006 0636
  0.1536604437E+006 0636
  0.1537205319E+006 0635
  0.1537806202E+006 0635
  0.1538407077E+006 0635
  0.1539007989E+006 0634
  0.1539604763E+006 0634
  0.1540205794E+006 0634
  0.1540806814E+006 0633
  0.1541407775E+006 0633
  0.1542004469E+006 0632
  0.1542605328E+006 0632
  0.1543206153E+006 0632
  0.1543806950E+006 0631
  0.1544407693E+006 0631
  0.1545008331E+006 0631
  0.1545604650E+006 0630
  0.1546205062E+006 0630
  0.1546805455E+006 0630
  0.1547405867E+006 0629
  0.1548006287E+006 0629
  0.1548606685E+006 0628
  0.1549207019E+006 0628
  0.1549807336E+006 0628
  0.1550407652E+006 0627
  0.1551007955E+006 0627
  0.1551608223E+006 0627
  0.1552204291E+006 0626
  0.1552804601E+006 0626
  0.1553404964E+006 0626
  0.1554005372E+006 0625
  0.1554605765E+006 0625
  0.1555206151E+006 0624
  0.1555806540E+006 0624
  0.1556406926E+006 0624
  0.1557007293E+006 0623
  0.1557607653E+006 0623
  0.1558207998E+006 0623
  0.1558808302E+006 0622
  0.1559404354E+006 0622
  0.1560004576E+006 0622
  0.1560604837E+006 0621
  0.1561205188E+006 0621
  0.1561805650E+006 0621
  0.1562406140E+006 0620
  0.1563006605E+006 0620
  0.1563607071E+006 0620
  0.1564207569E+006 0619
  0.1564808127E+006 0619
  0.1565404530E+006 0619
  0.1566005190E+006 0618
  0.1566605922E+006 0618
  0.1567206718E+006 0618
  0.1567807571E+006 0617
  0.1568404243E+006 0617
  0.1569005139E+006 0617
  0.1569606078E+006 0617
  0.1570207101E+006 0616
  0.1570808229E+006 0616
  0.1571405251E+006 0616
  0.1572006568E+006 0615
  0.1572607913E+006 0615
  0.1573204959E+006 0615
  0.1573806077E+006 0614
  0.1574407077E+006 0614
  0.1575007997E+006 0614
  0.1575604634E+006 0614
  0.1576205330E+006 0613
  0.1576805840E+006 0613
  0.1577406176E+006 0613
  0.1578006388E+006 0612
  0.1578606525E+006 0612
  0.1579206589E+006 0612
  0.1579806576E+006 0612
  0.1580406481E+006 0611
  0.1581006320E+006 0611
  0.1581606064E+006 0611
  0.1582205734E+006 0611
  0.1582805371E+006 0610
  0.1583405026E+006 0610
  0.1584004764E+006 0610
  0.1584604664E+006 0610
  0.1585204668E+006 0609
  0.1585804570E+006 0609
  0.1586404430E+006 0609
  0.1587004246E+006 0609
  0.1587608192E+006 0608
  0.1588207884E+006 0608
  0.1588807578E+006 0608
  0.1589407304E+006 0608
  0.1590007077E+006 0607
  0.1590606887E+006 0607
  0.1591206750E+006 0607
  0.1591806733E+006 0607
  0.1592406880E+006 0606
  0.1593007193E+006 0606
  0.1593607662E+006 0606
  0.1594208268E+006 0606
  0.1594804809E+006 0605
  0.1595405674E+006 0605
  0.1596006687E+006 0605
  0.1596607833E+006 0605
  0.1597204914E+006 0605
  0.1597806333E+006 0604
  0.1598407668E+006 0604
  0.1599004630E+006 0604
  0.1599605684E+006 0604
  0.1600206662E+006 0604
  0.1600807557E+006 0603
  0.1601408291E+006 0603
  0.1602004634E+006 0603
  0.1602604995E+006 0603
  0.1603205244E+006 0602
  0.1603805393E+006 0602
  0.1604405446E+006 0602
  0.1605005430E+006 0602
  0.1605605349E+006 0602
  0.1606205222E+006 0601
  0.1606805045E+006 0601
  0.1607404812E+006 0601
  0.1608004528E+006 0601
  0.1608604196E+006 0601
  0.1609208084E+006 0600
  0.1609807831E+006 0600
  0.1610407656E+006 0600
  0.1611007553E+006 0600
  0.1611607528E+006 0600
  0.1612207461E+006 0599
  0.1612807307E+006 0599
  0.1613407087E+006 0599
  0.1614006865E+006 0599
  0.1614606665E+006 0599
  0.1615206426E+006 0599
  0.1615806122E+006 0598
  0.1616405779E+006 0598
  0.1617005491E+006 0598
  0.1617605301E+006 0598
  0.1618205250E+006 0598
  0.1618805328E+006 0597
  0.1619405529E+006 0597
  0.1620005832E+006 0597
  0.1620606233E+006 0597
  0.1621206733E+006 0597
  0.1621807326E+006 0596
  0.1622408033E+006 0596
  0.1623004688E+006 0596
  0.1623605700E+006 0596
  0.1624206891E+006 0596
  0.1624808187E+006 0596
  0.1625405351E+006 0595
  0.1626006734E+006 0595
  0.1626607974E+006 0595
  0.1627204850E+006 0595
  0.1627805798E+006 0595
  0.1628406632E+006 0594
  0.1629007328E+006 0594
  0.1629607870E+006 0594
  0.1630208272E+006 0594
  0.1630804390E+006 0594
  0.1631404664E+006 0594
  0.1632004916E+006 0593
  0.1632605123E+006 0593
  0.1633205277E+006 0593
  0.1633805371E+006 0593
  0.1634405420E+006 0593
  0.1635005462E+006 0593
  0.1635605534E+006 0592
  0.1636205647E+006 0592
  0.1636805824E+006 0592
  0.1637406114E+006 0592
  0.1638006382E+006 0592
  0.1638606613E+006 0591
  0.1639206859E+006 0591
  0.1639807128E+006 0591
  0.1640407339E+006 0591
  0.1641007488E+006 0591
  0.1641607596E+006 0591
  0.1642207716E+006 0590
  0.1642807902E+006 0590
  0.1643408154E+006 0590
  0.1644004271E+006 0590
  0.1644604664E+006 0590
  0.1645205143E+006 0590
  0.1645805702E+006 0589
  0.1646406310E+006 0589
  0.1647006947E+006 0589
  0.1647607586E+006 0589
  0.1648208253E+006 0589
  0.1648804770E+006 0589
  0.1649405552E+006 0588
  0.1650006371E+006 0588
  0.1650607214E+006 0588
  0.1651208095E+006 0588
  0.1651804813E+006 0588
  0.1652405746E+006 0588
  0.1653006653E+006 0587
  0.1653607539E+006 0587
  0.1654204256E+006 0587
  0.1654805272E+006 0587
  0.1655406347E+006 0587
  0.1656007419E+006 0587
  0.1656604294E+006 0586
  0.1657205380E+006 0586
  0.1657806454E+006 0586
  0.1658407482E+006 0586
  0.1659004235E+006 0586
  0.1659605113E+006 0586
  0.1660205924E+006 0585
  0.1660806646E+006 0585
  0.1661407293E+006 0585
  0.1662007878E+006 0585
  0.1662604239E+006 0585
  0.1663204742E+006 0584
  0.1663805160E+006 0584
  0.1664405459E+006 0584
  0.1665005645E+006 0584
  0.1665605790E+006 0584
  0.1666205912E+006 0584
  0.1666805990E+006 0583
  0.1667406044E+006 0583
  0.1668006116E+006 0583
  0.1668606272E+006 0583
  0.1669206477E+006 0583
  0.1669806723E+006 0583
  0.1670406965E+006 0582
  0.1671007200E+006 0582
  0.1671607456E+006 0582
  0.1672207719E+006 0582
  0.1672807888E+006 0582
  0.1673407998E+006 0582
  0.1674008078E+006 0581
  0.1674608151E+006 0581
  0.1675208238E+006 0581
  0.1675808343E+006 0581
  0.1676404302E+006 0581
  0.1677004505E+006 0580
  0.1677604735E+006 0580
  0.1678204945E+006 0580
  0.1678805181E+006 0580
  0.1679405515E+006 0580
  0.1680005987E+006 0580
  0.1680606590E+006 0579
  0.1681207289E+006 0579
  0.1681808072E+006 0579
  0.1682404746E+006 0579
  0.1683005716E+006 0579
  0.1683606795E+006 0579
  0.1684207925E+006 0578
  0.1684804916E+006 0578
  0.1685406173E+006 0578
  0.1686007508E+006 0578
  0.1686604604E+006 0578
  0.1687205812E+006 0577
  0.1687806958E+006 0577
  0.1688408049E+006 0577
  0.1689004839E+006 0577
  0.1689605711E+006 0577
  0.1690206474E+006 0577
  0.1690807123E+006 0576
  0.1691407627E+006 0576
  0.1692007961E+006 0576
  0.1692608164E+006 0576
  0.1693208302E+006 0576
  0.1693804238E+006 0575
  0.1694404363E+006 0575
  0.1695004445E+006 0575
  0.1695604440E+006 0575
  0.1696204374E+006 0575
  0.1696804295E+006 0574
  0.1697404233E+006 0574
  0.1698004246E+006 0574
  0.1698604345E+006 0574
  0.1699204541E+006 0574
  0.1699804689E+006 0574
  0.1700404734E+006 0573
  0.1701004701E+006 0573
  0.1701604641E+006 0573
  0.1702204590E+006 0573
  0.1702804522E+006 0573
  0.1703404421E+006 0572
  0.1704004317E+006 0572
  0.1704604263E+006 0572
  0.1705204286E+006 0572
  0.1705804393E+006 0572
  0.1706404596E+006 0571
  0.1707004942E+006 0571
  0.1707605497E+006 0571
  0.1708206260E+006 0571
  0.1708807199E+006 0571
  0.1709408282E+006 0570
  0.1710005292E+006 0570
  0.1710606652E+006 0570
  0.1711208198E+006 0570
  0.1711805723E+006 0570
  0.1712407418E+006 0569
  0.1713004770E+006 0569
  0.1713606217E+006 0569
  0.1714207519E+006 0569
  0.1714804490E+006 0569
  0.1715405539E+006 0568
  0.1716006448E+006 0568
  0.1716607199E+006 0568
  0.1717207745E+006 0568
  0.1717808119E+006 0568
  0.1718404202E+006 0567
  0.1719004438E+006 0567
  0.1719604626E+006 0567
  0.1720204749E+006 0567
  0.1720804840E+006 0566
  0.1721404910E+006 0566
  0.1722004993E+006 0566
  0.1722605096E+006 0566
  0.1723205229E+006 0566
  0.1723805381E+006 0565
  0.1724405578E+006 0565
  0.1725005893E+006 0565
  0.1725606191E+006 0565
  0.1726206403E+006 0565
  0.1726806591E+006 0564
  0.1727406802E+006 0564
  0.1728000000E+006 0564
