 0001  0.9994204999457563E+000
 0002  0.9994204999457563E+000
 0003  0.9994240617228618E+000
 0004  0.9994240617228618E+000
 0005  0.9994240617228618E+000
 0006  0.9994279807414661E+000
 0007  0.9994279807414661E+000
 0008  0.9994279807414661E+000
 0009  0.9994279807414661E+000
 0010  0.9994318928776118E+000
 0011  0.9994318928776118E+000
 0012  0.9994318928776118E+000
 0013  0.9994362076312390E+000
 0014  0.9994362076312390E+000
 0015  0.9994408781131916E+000
 0016  0.9994408781131916E+000
 0017  0.9994408781131916E+000
 0018  0.9994455007964163E+000
 0019  0.9994455007964163E+000
 0020  0.9994455007964163E+000
 0021  0.9994505508319244E+000
 0022  0.9994505508319244E+000
 0023  0.9994559631388898E+000
 0024  0.9994559631388898E+000
 0025  0.9994559631388898E+000
 0026  0.9994613348942143E+000
 0027  0.9994613348942143E+000
 0028  0.9994671053662890E+000
 0029  0.9994671053662890E+000
 0030  0.9994671053662890E+000
 0031  0.9994728444274655E+000
 0032  0.9994728444274655E+000
 0033  0.9994790233284878E+000
 0034  0.9994790233284878E+000
 0035  0.9994856055243631E+000
 0036  0.9994856055243631E+000
 0037  0.9994920348692102E+000
 0038  0.9994920348692102E+000
 0039  0.9994989091773656E+000
 0040  0.9994989091773656E+000
 0041  0.9995062265089188E+000
 0042  0.9995062265089188E+000
 0043  0.9995133739182043E+000
 0044  0.9995133739182043E+000
 0045  0.9995210100769786E+000
 0046  0.9995210100769786E+000
 0047  0.9995290934170425E+000
 0048  0.9995290934170425E+000
 0049  0.9995369890466734E+000
 0050  0.9995369890466734E+000
 0051  0.9995453875699638E+000
 0052  0.9995540199155227E+000
 0053  0.9995540199155227E+000
 0054  0.9995631291601322E+000
 0055  0.9995631291601322E+000
 0056  0.9995720268708663E+000
 0057  0.9995720268708663E+000
 0058  0.9995814609058776E+000
 0059  0.9995910706043464E+000
 0060  0.9995910706043464E+000
 0061  0.9996004571474552E+000
 0062  0.9996100112902742E+000
 0063  0.9996100112902742E+000
 0064  0.9996200747995699E+000
 0065  0.9996200747995699E+000
 0066  0.9996306397823910E+000
 0067  0.9996405234287856E+000
 0068  0.9996405234287856E+000
 0069  0.9996509652154624E+000
 0070  0.9996614572200845E+000
 0071  0.9996614572200845E+000
 0072  0.9996724721776825E+000
 0073  0.9996827103636471E+000
 0074  0.9996827103636471E+000
 0075  0.9996935087996947E+000
 0076  0.9997042433805743E+000
 0077  0.9997148650202192E+000
 0078  0.9997148650202192E+000
 0079  0.9997259101630730E+000
 0080  0.9997367177559791E+000
 0081  0.9997367177559791E+000
 0082  0.9997472743761525E+000
 0083  0.9997576309627929E+000
 0084  0.9997677601098961E+000
 0085  0.9997677601098961E+000
 0086  0.9997782838319584E+000
 0087  0.9997884715441315E+000
 0088  0.9997985960965537E+000
 0089  0.9997985960965537E+000
 0090  0.9998087306722638E+000
 0091  0.9998181808284805E+000
 0092  0.9998270313539833E+000
 0093  0.9998353529194155E+000
 0094  0.9998432049849260E+000
 0095  0.9998432049849260E+000
 0096  0.9998512701495124E+000
 0097  0.9998588851389152E+000
 0098  0.9998660984005470E+000
 0099  0.9998729516781760E+000
 0100  0.9998853931915933E+000
 0101  0.9998910292107882E+000
 0102  0.9998964064569599E+000
 0103  0.9999015354942614E+000
 0104  0.9999064265482080E+000
 0105  0.9999110895097622E+000
 0106  0.9999155339399231E+000
 0107  0.9999197717665870E+000
 0108  0.9999238111410155E+000
 0109  0.9999276600354995E+000
 0110  0.9999314350926231E+000
 0111  0.9999381284852080E+000
 0112  0.9999411017235964E+000
 0113  0.9999439378889274E+000
 0114  0.9999466441095116E+000
 0115  0.9999492257559828E+000
 0116  0.9999516880263251E+000
 0117  0.9999540359467136E+000
 0118  0.9999563297393332E+000
 0119  0.9999585077855198E+000
 0120  0.9999605760266873E+000
 0121  0.9999642669917264E+000
 0122  0.9999659163108031E+000
 0123  0.9999674918779370E+000
 0124  0.9999689967683028E+000
 0125  0.9999704339468521E+000
 0126  0.9999718356496052E+000
 0127  0.9999731701282388E+000
 0128  0.9999744406086333E+000
 0129  0.9999756501617262E+000
 0130  0.9999778209512843E+000
 0131  0.9999787961810007E+000
 0132  0.9999797294010228E+000
 0133  0.9999806388816668E+000
 0134  0.9999815067630544E+000
 0135  0.9999823349501844E+000
 0136  0.9999831252601132E+000
 0137  0.9999838794259697E+000
 0138  0.9999845992190805E+000
 0139  0.9999859085179069E+000
 0140  0.9999865037902430E+000
 0141  0.9999870731819529E+000
 0142  0.9999876178858260E+000
 0143  0.9999881389615103E+000
 0144  0.9999886374233925E+000
 0145  0.9999891142427537E+000
 0146  0.9999895770223982E+000
 0147  0.9999904146074187E+000
 0148  0.9999907939110326E+000
 0149  0.9999911572350590E+000
 0150  0.9999915022740348E+000
 0151  0.9999918149040252E+000
 0152  0.9999920257418250E+000
 0153  0.9999921257121104E+000
 0154  0.9999917014655301E+000
 0155  0.9999908338520557E+000
 0156  0.9999891936790174E+000
 0157  0.9999849084349991E+000
 0158  0.9999787465655890E+000
 0159  0.9999695064453029E+000
 0160  0.9999567326421605E+000
 0161  0.9999195521469189E+000
 0162  0.9998857085219593E+000
 0163  0.9998452669894368E+000
 0164  0.9997977557987061E+000
 0165  0.9997426248359557E+000
 0166  0.9996780523717402E+000
 0167  0.9995903154076703E+000
 0168  0.9993885165398706E+000
 0169  0.9992722297329699E+000
 0170  0.9991432676057544E+000
 0171  0.9989816069121109E+000
 0172  0.9988048438985641E+000
 0173  0.9986123129203355E+000
 0174  0.9981887561249083E+000
 0175  0.9979536614438538E+000
 0176  0.9976644809461922E+000
 0177  0.9973523537958212E+000
 0178  0.9970083167570210E+000
 0179  0.9966285504698305E+000
 0180  0.9956210325997527E+000
 0181  0.9950455263710714E+000
 0182  0.9944079648691978E+000
 0183  0.9936934745378349E+000
 0184  0.9927849541158624E+000
 0185  0.9907588438388741E+000
 0186  0.9896266409516211E+000
 0187  0.9882409380780721E+000
 0188  0.9867504933276670E+000
 0189  0.9851539506825269E+000
 0190  0.9816909133349723E+000
 0191  0.9796472736386096E+000
 0192  0.9774884116529017E+000
 0193  0.9752151852406384E+000
 0194  0.9728284215935946E+000
 0195  0.9701122810199854E+000
 0196  0.9644808581612352E+000
 0197  0.9615608398621990E+000
 0198  0.9583140255295028E+000
 0199  0.9549666101612592E+000
 0200  0.9478961336976282E+000
 0201  0.9441857361583554E+000
 0202  0.9403850823596963E+000
 0203  0.9364969505336834E+000
 0204  0.9322991008929744E+000
 0205  0.9238497312514876E+000
 0206  0.9196011664064081E+000
 0207  0.9150633124781137E+000
 0208  0.9104612225975192E+000
 0209  0.9010599540011272E+000
 0210  0.8962724008957798E+000
 0211  0.8914335964079845E+000
 0212  0.8863460851767641E+000
 0213  0.8812229845139066E+000
 0214  0.8710677052476293E+000
 0215  0.8658483134983704E+000
 0216  0.8606042514404181E+000
 0217  0.8553345395744614E+000
 0218  0.8445766074715959E+000
 0219  0.8392758565639796E+000
 0220  0.8337894412541976E+000
 0221  0.8282980426533715E+000
 0222  0.8173408074248737E+000
 0223  0.8118791285400633E+000
 0224  0.8062646641796218E+000
 0225  0.7952606210269018E+000
 0226  0.7897245366322014E+000
 0227  0.7842002161758771E+000
 0228  0.7786886960867496E+000
 0229  0.7676330202690381E+000
 0230  0.7621002689814786E+000
 0231  0.7565897112262456E+000
 0232  0.7511008512293128E+000
 0233  0.7401397987084879E+000
 0234  0.7346770632388717E+000
 0235  0.7292433174442274E+000
 0236  0.7185337690951328E+000
 0237  0.7132573065642578E+000
 0238  0.7079099481209759E+000
 0239  0.6973904571622795E+000
 0240  0.6922178005731379E+000
 0241  0.6869884935366193E+000
 0242  0.6817964617663654E+000
 0243  0.6715975721826914E+000
 0244  0.6665897360672244E+000
 0245  0.6615373200275492E+000
 0246  0.6516247810689112E+000
 0247  0.6467628765517854E+000
 0248  0.6418659575746566E+000
 0249  0.6322670312731724E+000
 0250  0.6275631070893564E+000
 0251  0.6228321803225322E+000
 0252  0.6135647319837962E+000
 0253  0.6089680354272051E+000
 0254  0.5999690524248228E+000
 0255  0.5955647010215432E+000
 0256  0.5911457186531970E+000
 0257  0.5824984057984907E+000
 0258  0.5782202022367576E+000
 0259  0.5739813402666522E+000
 0260  0.5656447229738106E+000
 0261  0.5615475415861718E+000
 0262  0.5534941350996203E+000
 0263  0.5495381072437486E+000
 0264  0.5455814448928451E+000
 0265  0.5378486830336041E+000
 0266  0.5340357303230618E+000
 0267  0.5265839654952127E+000
 0268  0.5229114838127560E+000
 0269  0.5192745708472886E+000
 0270  0.5121082741582468E+000
 0271  0.5085803382589371E+000
 0272  0.5016880118139813E+000
 0273  0.4982958979391081E+000
 0274  0.4916204341643915E+000
 0275  0.4883607743898455E+000
 0276  0.4819469204259292E+000
 0277  0.4787933289696517E+000
 0278  0.4756501759910635E+000
 0279  0.4694914544438002E+000
 0280  0.4664749748565242E+000
 0281  0.4605461331441745E+000
 0282  0.4576338783785908E+000
 0283  0.4519122750383779E+000
 0284  0.4491028675266027E+000
 0285  0.4435856033321011E+000
 0286  0.4408778846621116E+000
 0287  0.4355629678443336E+000
 0288  0.4329557120984673E+000
 0289  0.4278287375348980E+000
 0290  0.4253094459960388E+000
 0291  0.4203692179369993E+000
 0292  0.4155925143813041E+000
 0293  0.4132421880317798E+000
 0294  0.4086347306080766E+000
 0295  0.4063770975087228E+000
 0296  0.4019366760344728E+000
 0297  0.3997614544949302E+000
 0298  0.3954851236573671E+000
 0299  0.3913402948560698E+000
 0300  0.3893043477476567E+000
 0301  0.3853100326734780E+000
 0302  0.3833512752074930E+000
 0303  0.3794991956754135E+000
 0304  0.3757680692950769E+000
 0305  0.3739344935239184E+000
 0306  0.3703308134469794E+000
 0307  0.3668410477556653E+000
 0308  0.3651268476194376E+000
 0309  0.3617589719287825E+000
 0310  0.3584857774918243E+000
 0311  0.3568787649059884E+000
 0312  0.3537202744821226E+000
 0313  0.3506548533400548E+000
 0314  0.3491480157696272E+000
 0315  0.3461855449582949E+000
 0316  0.3433077188350993E+000
 0317  0.3405106635379685E+000
 0318  0.3391358274513144E+000
 0319  0.3364329669616383E+000
 0320  0.3338047219715951E+000
 0321  0.3312483802061420E+000
 0322  0.3287614454886594E+000
 0323  0.3275384497136361E+000
 0324  0.3251312512161160E+000
 0325  0.3227888992038214E+000
 0326  0.3205088860224172E+000
 0327  0.3182884591529084E+000
 0328  0.3161254702072204E+000
 0329  0.3150609260931742E+000
 0330  0.3129642404402849E+000
 0331  0.3109212439887722E+000
 0332  0.3089300475981414E+000
 0333  0.3069886481477251E+000
 0334  0.3050956920583362E+000
 0335  0.3032494501750899E+000
 0336  0.3014482993934237E+000
 0337  0.2996976473687706E+000
 0338  0.2979998141712653E+000
 0339  0.2963526331235695E+000
 0340  0.2947540494361729E+000
 0341  0.2932021132820196E+000
 0342  0.2916949733687576E+000
 0343  0.2902308709680208E+000
 0344  0.2881193106218464E+000
 0345  0.2867653162768464E+000
 0346  0.2854483993577908E+000
 0347  0.2841671785017790E+000
 0348  0.2829203372784180E+000
 0349  0.2817066205251705E+000
 0350  0.2799515393777527E+000
 0351  0.2788232130653980E+000
 0352  0.2777237172421099E+000
 0353  0.2766520497023868E+000
 0354  0.2750997875018881E+000
 0355  0.2741002166878626E+000
 0356  0.2731250245859176E+000
 0357  0.2717107734347968E+000
 0358  0.2707989801947006E+000
 0359  0.2694755356110219E+000
 0360  0.2686215672678823E+000
 0361  0.2673810460899335E+000
 0362  0.2665799458182132E+000
 0363  0.2654153270583732E+000
 0364  0.2646626735382032E+000
 0365  0.2635676856821950E+000
 0366  0.2625143201261967E+000
 0367  0.2618327642831594E+000
 0368  0.2608400836727832E+000
 0369  0.2598838117747242E+000
 0370  0.2589621312329334E+000
 0371  0.2580733408665082E+000
 0372  0.2574971845168933E+000
 0373  0.2566564848408261E+000
 0374  0.2558448143635905E+000
 0375  0.2550608154833431E+000
 0376  0.2543032119656402E+000
 0377  0.2533338583587029E+000
 0378  0.2526358766868614E+000
 0379  0.2519604240377488E+000
 0380  0.2513065220998899E+000
 0381  0.2504680898408747E+000
 0382  0.2498631411485626E+000
 0383  0.2492767549393397E+000
 0384  0.2485237925103061E+000
 0385  0.2478032510641751E+000
 0386  0.2472823289430319E+000
 0387  0.2466124198741713E+000
 0388  0.2459702665877040E+000
 0389  0.2453543549412246E+000
 0390  0.2447632764770407E+000
 0391  0.2441957194295767E+000
 0392  0.2436504606301741E+000
 0393  0.2431263582070184E+000
 0394  0.2425001233081334E+000
 0395  0.2420209953136996E+000
 0396  0.2414478006158134E+000
 0397  0.2409021433677032E+000
 0398  0.2403823347447591E+000
 0399  0.2398868173507211E+000
 0400  0.2394141527394209E+000
 0401  0.2388757492429315E+000
 0402  0.2384496035288338E+000
 0403  0.2379634995872957E+000
 0404  0.2375036115305834E+000
 0405  0.2370681925603890E+000
 0406  0.2365893538047515E+000
 0407  0.2361399709844270E+000
 0408  0.2357178470214204E+000
 0409  0.2352665257799247E+000
 0410  0.2348460216348787E+000
 0411  0.2344538345251480E+000
 0412  0.2340438916270929E+000
 0413  0.2336242510723874E+000
 0414  0.2332390211178110E+000
 0415  0.2328513029672670E+000
 0416  0.2324673340507548E+000
 0417  0.2320925776319935E+000
 0418  0.2317075290348927E+000
 0419  0.2313459778011886E+000
 0420  0.2309918198503849E+000
 0421  0.2306388568072889E+000
 0422  0.2302894021139693E+000
 0423  0.2299523704055935E+000
 0424  0.2296110716595171E+000
 0425  0.2292773469561928E+000
 0426  0.2291870277910254E+000
 0427  0.2291870277910254E+000
 0428  0.2291870277910254E+000
 0429  0.2291870277910254E+000
 0430  0.2291870277910254E+000
 0431  0.2291870277910254E+000
 0432  0.2291870277910254E+000
 0433  0.2291870277910254E+000
 0434  0.2291870277910254E+000
 0435  0.2291870277910254E+000
 0436  0.2291870277910254E+000
 0437  0.2291870277910254E+000
 0438  0.2291870277910254E+000
 0439  0.2291870277910254E+000
 0440  0.2291870277910254E+000
 0441  0.2291870277910254E+000
 0442  0.2291870277910254E+000
 0443  0.2291870277910254E+000
 0444  0.2291870277910254E+000
 0445  0.2291870277910254E+000
 0446  0.2291870277910254E+000
 0447  0.2291870277910254E+000
 0448  0.2291870277910254E+000
 0449  0.2291870277910254E+000
 0450  0.2291870277910254E+000
 0451  0.2291870277910254E+000
 0452  0.2291870277910254E+000
 0453  0.2291870277910254E+000
 0454  0.2291870277910254E+000
 0455  0.2291870277910254E+000
 0456  0.2291870277910254E+000
 0457  0.2291870277910254E+000
 0458  0.2291870277910254E+000
 0459  0.2291870277910254E+000
 0460  0.2291870277910254E+000
 0461  0.2291870277910254E+000
 0462  0.2291870277910254E+000
 0463  0.2291870277910254E+000
 0464  0.2291870277910254E+000
 0465  0.2291870277910254E+000
 0466  0.2291870277910254E+000
 0467  0.2291870277910254E+000
 0468  0.2291870277910254E+000
 0469  0.2291870277910254E+000
 0470  0.2291870277910254E+000
 0471  0.2291870277910254E+000
 0472  0.2291870277910254E+000
 0473  0.2291870277910254E+000
 0474  0.2291870277910254E+000
 0475  0.2291870277910254E+000
 0476  0.2291870277910254E+000
 0477  0.2291870277910254E+000
 0478  0.2291870277910254E+000
 0479  0.2291870277910254E+000
 0480  0.2291870277910254E+000
 0481  0.2291870277910254E+000
 0482  0.2291870277910254E+000
 0483  0.2291870277910254E+000
 0484  0.2291870277910254E+000
 0485  0.2291870277910254E+000
 0486  0.2291870277910254E+000
 0487  0.2291870277910254E+000
 0488  0.2291870277910254E+000
 0489  0.2291870277910254E+000
 0490  0.2291870277910254E+000
 0491  0.2291870277910254E+000
 0492  0.2291870277910254E+000
 0493  0.2291870277910254E+000
 0494  0.2291870277910254E+000
 0495  0.2291870277910254E+000
 0496  0.2291870277910254E+000
 0497  0.2291870277910254E+000
 0498  0.2291870277910254E+000
 0499  0.2291870277910254E+000
 0500  0.2291870277910254E+000
 0501  0.2291870277910254E+000
 0502  0.2291870277910254E+000
 0503  0.2291870277910254E+000
 0504  0.2291870277910254E+000
 0505  0.2291870277910254E+000
 0506  0.2291870277910254E+000
 0507  0.2291870277910254E+000
 0508  0.2291870277910254E+000
 0509  0.2291870277910254E+000
 0510  0.2291870277910254E+000
 0511  0.2291870277910254E+000
 0512  0.2291870277910254E+000
 0513  0.2291870277910254E+000
 0514  0.2291870277910254E+000
 0515  0.2291870277910254E+000
 0516  0.2291870277910254E+000
 0517  0.2291870277910254E+000
 0518  0.2291870277910254E+000
 0519  0.2291870277910254E+000
 0520  0.2291870277910254E+000
 0521  0.2291870277910254E+000
 0522  0.2291870277910254E+000
 0523  0.2291870277910254E+000
 0524  0.2291870277910254E+000
 0525  0.2291870277910254E+000
 0526  0.2291870277910254E+000
 0527  0.2291870277910254E+000
 0528  0.2291870277910254E+000
 0529  0.2291870277910254E+000
 0530  0.2291870277910254E+000
 0531  0.2291870277910254E+000
 0532  0.2291870277910254E+000
 0533  0.2291870277910254E+000
 0534  0.2291870277910254E+000
 0535  0.2291870277910254E+000
 0536  0.2291870277910254E+000
 0537  0.2291870277910254E+000
 0538  0.2291870277910254E+000
 0539  0.2291870277910254E+000
 0540  0.2291870277910254E+000
 0541  0.2291870277910254E+000
 0542  0.2291870277910254E+000
 0543  0.2291870277910254E+000
 0544  0.2291870277910254E+000
 0545  0.2291870277910254E+000
 0546  0.2291870277910254E+000
 0547  0.2291870277910254E+000
 0548  0.2291870277910254E+000
 0549  0.2291870277910254E+000
 0550  0.2291870277910254E+000
 0551  0.2291870277910254E+000
 0552  0.2291870277910254E+000
 0553  0.2291870277910254E+000
 0554  0.2291870277910254E+000
 0555  0.2291870277910254E+000
 0556  0.2291870277910254E+000
 0557  0.2291870277910254E+000
 0558  0.2291870277910254E+000
 0559  0.2291870277910254E+000
 0560  0.2291870277910254E+000
 0561  0.2291870277910254E+000
 0562  0.2291870277910254E+000
 0563  0.2291870277910254E+000
 0564  0.2291870277910254E+000
 0565  0.2291870277910254E+000
 0566  0.2291870277910254E+000
 0567  0.2291870277910254E+000
 0568  0.2291870277910254E+000
 0569  0.2291870277910254E+000
 0570  0.2291870277910254E+000
 0571  0.2291870277910254E+000
 0572  0.2291870277910254E+000
 0573  0.2291870277910254E+000
 0574  0.2291870277910254E+000
 0575  0.2291870277910254E+000
 0576  0.2291870277910254E+000
 0577  0.2291870277910254E+000
 0578  0.2291870277910254E+000
 0579  0.2291870277910254E+000
 0580  0.2291870277910254E+000
 0581  0.2291870277910254E+000
 0582  0.2291870277910254E+000
 0583  0.2291870277910254E+000
 0584  0.2291870277910254E+000
 0585  0.2291870277910254E+000
 0586  0.2291870277910254E+000
 0587  0.2291870277910254E+000
 0588  0.2291870277910254E+000
 0589  0.2291870277910254E+000
 0590  0.2291870277910254E+000
 0591  0.2291870277910254E+000
 0592  0.2291870277910254E+000
 0593  0.2291870277910254E+000
 0594  0.2291870277910254E+000
 0595  0.2291870277910254E+000
 0596  0.2291870277910254E+000
 0597  0.2291870277910254E+000
 0598  0.2291870277910254E+000
 0599  0.2291870277910254E+000
 0600  0.2291870277910254E+000
 0601  0.2291870277910254E+000
 0602  0.2291870277910254E+000
 0603  0.2291870277910254E+000
 0604  0.2291870277910254E+000
 0605  0.2291870277910254E+000
 0606  0.2291870277910254E+000
 0607  0.2291870277910254E+000
 0608  0.2291870277910254E+000
 0609  0.2291870277910254E+000
 0610  0.2291870277910254E+000
 0611  0.2291870277910254E+000
 0612  0.2291870277910254E+000
 0613  0.2291870277910254E+000
 0614  0.2291870277910254E+000
 0615  0.2291870277910254E+000
 0616  0.2291870277910254E+000
 0617  0.2291870277910254E+000
 0618  0.2291870277910254E+000
 0619  0.2291870277910254E+000
 0620  0.2291870277910254E+000
 0621  0.2291870277910254E+000
 0622  0.2291870277910254E+000
 0623  0.2291870277910254E+000
 0624  0.2291870277910254E+000
 0625  0.2291870277910254E+000
 0626  0.2291870277910254E+000
 0627  0.2291870277910254E+000
 0628  0.2291870277910254E+000
 0629  0.2291870277910254E+000
 0630  0.2291870277910254E+000
 0631  0.2291870277910254E+000
 0632  0.2291870277910254E+000
 0633  0.2291870277910254E+000
 0634  0.2291870277910254E+000
 0635  0.2291870277910254E+000
 0636  0.2291870277910254E+000
 0637  0.2291870277910254E+000
 0638  0.2291870277910254E+000
 0639  0.2291870277910254E+000
 0640  0.2291870277910254E+000
 0641  0.2291870277910254E+000
 0642  0.2291870277910254E+000
 0643  0.2291870277910254E+000
 0644  0.2291870277910254E+000
 0645  0.2291870277910254E+000
 0646  0.2291870277910254E+000
 0647  0.2291870277910254E+000
 0648  0.2291870277910254E+000
 0649  0.2291870277910254E+000
 0650  0.2291870277910254E+000
 0651  0.2291870277910254E+000
 0652  0.2291870277910254E+000
 0653  0.2291870277910254E+000
 0654  0.2291870277910254E+000
 0655  0.2291870277910254E+000
 0656  0.2291870277910254E+000
 0657  0.2291870277910254E+000
 0658  0.2291870277910254E+000
 0659  0.2291870277910254E+000
 0660  0.2291870277910254E+000
 0661  0.2291870277910254E+000
 0662  0.2291870277910254E+000
 0663  0.2291870277910254E+000
 0664  0.2291870277910254E+000
 0665  0.2291870277910254E+000
 0666  0.2291870277910254E+000
 0667  0.2291870277910254E+000
 0668  0.2291870277910254E+000
 0669  0.2291870277910254E+000
 0670  0.2291870277910254E+000
 0671  0.2291870277910254E+000
 0672  0.2291870277910254E+000
 0673  0.2291870277910254E+000
 0674  0.2291870277910254E+000
 0675  0.2291870277910254E+000
 0676  0.2291870277910254E+000
 0677  0.2291870277910254E+000
 0678  0.2291870277910254E+000
 0679  0.2291870277910254E+000
 0680  0.2291870277910254E+000
 0681  0.2291870277910254E+000
 0682  0.2291870277910254E+000
 0683  0.2291870277910254E+000
 0684  0.2291870277910254E+000
 0685  0.2291870277910254E+000
 0686  0.2291870277910254E+000
 0687  0.2291870277910254E+000
 0688  0.2291870277910254E+000
 0689  0.2291870277910254E+000
 0690  0.2291870277910254E+000
 0691  0.2291870277910254E+000
 0692  0.2291870277910254E+000
 0693  0.2291870277910254E+000
 0694  0.2291870277910254E+000
 0695  0.2291870277910254E+000
 0696  0.2291870277910254E+000
 0697  0.2291870277910254E+000
 0698  0.2291870277910254E+000
 0699  0.2291870277910254E+000
 0700  0.2291870277910254E+000
 0701  0.2291870277910254E+000
 0702  0.2291870277910254E+000
 0703  0.2291870277910254E+000
 0704  0.2291870277910254E+000
 0705  0.2291870277910254E+000
 0706  0.2291870277910254E+000
 0707  0.2291870277910254E+000
 0708  0.2291870277910254E+000
 0709  0.2291870277910254E+000
 0710  0.2291870277910254E+000
 0711  0.2291870277910254E+000
 0712  0.2291870277910254E+000
 0713  0.2291870277910254E+000
 0714  0.2291870277910254E+000
 0715  0.2291870277910254E+000
 0716  0.2291870277910254E+000
 0717  0.2291870277910254E+000
 0718  0.2291870277910254E+000
 0719  0.2291870277910254E+000
 0720  0.2291870277910254E+000
 0721  0.2291870277910254E+000
 0722  0.2291870277910254E+000
 0723  0.2291870277910254E+000
 0724  0.2291870277910254E+000
 0725  0.2291870277910254E+000
 0726  0.2291870277910254E+000
 0727  0.2291870277910254E+000
 0728  0.2291870277910254E+000
 0729  0.2291870277910254E+000
 0730  0.2291870277910254E+000
 0731  0.2291870277910254E+000
 0732  0.2291870277910254E+000
 0733  0.2291870277910254E+000
 0734  0.2291870277910254E+000
 0735  0.2291870277910254E+000
 0736  0.2291870277910254E+000
 0737  0.2291870277910254E+000
 0738  0.2291870277910254E+000
 0739  0.2291870277910254E+000
 0740  0.2291870277910254E+000
 0741  0.2291870277910254E+000
 0742  0.2291870277910254E+000
 0743  0.2291870277910254E+000
 0744  0.2291870277910254E+000
 0745  0.2291870277910254E+000
 0746  0.2291870277910254E+000
 0747  0.2291870277910254E+000
 0748  0.2291870277910254E+000
 0749  0.2291870277910254E+000
 0750  0.2291870277910254E+000
 0751  0.2291870277910254E+000
 0752  0.2291870277910254E+000
 0753  0.2291870277910254E+000
 0754  0.2291870277910254E+000
 0755  0.2291870277910254E+000
 0756  0.2291870277910254E+000
 0757  0.2291870277910254E+000
 0758  0.2291870277910254E+000
 0759  0.2291870277910254E+000
 0760  0.2291870277910254E+000
 0761  0.2291870277910254E+000
 0762  0.2291870277910254E+000
 0763  0.2291870277910254E+000
 0764  0.2291870277910254E+000
 0765  0.2291870277910254E+000
 0766  0.2291870277910254E+000
 0767  0.2291870277910254E+000
 0768  0.2291870277910254E+000
 0769  0.2291870277910254E+000
 0770  0.2291870277910254E+000
 0771  0.2291870277910254E+000
 0772  0.2291870277910254E+000
 0773  0.2291870277910254E+000
 0774  0.2291870277910254E+000
 0775  0.2291870277910254E+000
 0776  0.2291870277910254E+000
 0777  0.2291870277910254E+000
 0778  0.2291870277910254E+000
 0779  0.2291870277910254E+000
 0780  0.2291870277910254E+000
 0781  0.2291870277910254E+000
 0782  0.2291870277910254E+000
 0783  0.2291870277910254E+000
 0784  0.2291870277910254E+000
 0785  0.2291870277910254E+000
 0786  0.2291870277910254E+000
 0787  0.2291870277910254E+000
 0788  0.2291870277910254E+000
 0789  0.2291870277910254E+000
 0790  0.2291870277910254E+000
 0791  0.2291870277910254E+000
 0792  0.2291870277910254E+000
 0793  0.2291870277910254E+000
 0794  0.2291870277910254E+000
 0795  0.2291870277910254E+000
 0796  0.2291870277910254E+000
 0797  0.2291870277910254E+000
 0798  0.2291870277910254E+000
 0799  0.2291870277910254E+000
 0800  0.2291870277910254E+000
 0801  0.2291870277910254E+000
 0802  0.2291870277910254E+000
 0803  0.2291870277910254E+000
 0804  0.2291870277910254E+000
 0805  0.2291870277910254E+000
 0806  0.2291870277910254E+000
 0807  0.2291870277910254E+000
 0808  0.2291870277910254E+000
 0809  0.2291870277910254E+000
 0810  0.2291870277910254E+000
 0811  0.2291870277910254E+000
 0812  0.2291870277910254E+000
 0813  0.2291870277910254E+000
 0814  0.2291870277910254E+000
 0815  0.2291870277910254E+000
 0816  0.2291870277910254E+000
 0817  0.2291870277910254E+000
 0818  0.2291870277910254E+000
 0819  0.2291870277910254E+000
 0820  0.2291870277910254E+000
 0821  0.2291870277910254E+000
 0822  0.2291870277910254E+000
 0823  0.2291870277910254E+000
 0824  0.2291870277910254E+000
 0825  0.2291870277910254E+000
 0826  0.2291870277910254E+000
 0827  0.2291870277910254E+000
 0828  0.2291870277910254E+000
 0829  0.2291870277910254E+000
 0830  0.2291870277910254E+000
 0831  0.2291870277910254E+000
 0832  0.2291870277910254E+000
 0833  0.2291870277910254E+000
 0834  0.2291870277910254E+000
 0835  0.2291870277910254E+000
 0836  0.2291870277910254E+000
 0837  0.2291870277910254E+000
 0838  0.2291870277910254E+000
 0839  0.2291870277910254E+000
 0840  0.2291870277910254E+000
 0841  0.2291870277910254E+000
 0842  0.2291870277910254E+000
 0843  0.2291870277910254E+000
 0844  0.2291870277910254E+000
 0845  0.2291870277910254E+000
 0846  0.2291870277910254E+000
 0847  0.2291870277910254E+000
 0848  0.2291870277910254E+000
 0849  0.2291870277910254E+000
 0850  0.2291870277910254E+000
 0851  0.2291870277910254E+000
 0852  0.2291870277910254E+000
 0853  0.2291870277910254E+000
 0854  0.2291870277910254E+000
 0855  0.2291870277910254E+000
 0856  0.2291870277910254E+000
 0857  0.2291870277910254E+000
 0858  0.2291870277910254E+000
 0859  0.2291870277910254E+000
 0860  0.2291870277910254E+000
 0861  0.2291870277910254E+000
 0862  0.2291870277910254E+000
 0863  0.2291870277910254E+000
 0864  0.2291870277910254E+000
 0865  0.2291870277910254E+000
 0866  0.2291870277910254E+000
 0867  0.2291870277910254E+000
 0868  0.2291870277910254E+000
 0869  0.2291870277910254E+000
 0870  0.2291870277910254E+000
 0871  0.2291870277910254E+000
 0872  0.2291870277910254E+000
 0873  0.2291870277910254E+000
 0874  0.2291870277910254E+000
 0875  0.2291870277910254E+000
 0876  0.2291870277910254E+000
 0877  0.2291870277910254E+000
 0878  0.2291870277910254E+000
 0879  0.2291870277910254E+000
 0880  0.2291870277910254E+000
 0881  0.2291870277910254E+000
 0882  0.2291870277910254E+000
 0883  0.2291870277910254E+000
 0884  0.2291870277910254E+000
 0885  0.2291870277910254E+000
 0886  0.2291870277910254E+000
 0887  0.2291870277910254E+000
 0888  0.2291870277910254E+000
 0889  0.2291870277910254E+000
 0890  0.2291870277910254E+000
 0891  0.2291870277910254E+000
 0892  0.2291870277910254E+000
 0893  0.2291870277910254E+000
 0894  0.2291870277910254E+000
 0895  0.2291870277910254E+000
 0896  0.2291870277910254E+000
 0897  0.2291870277910254E+000
 0898  0.2291870277910254E+000
 0899  0.2291870277910254E+000
 0900  0.2291870277910254E+000
 0901  0.2291870277910254E+000
 0902  0.2291870277910254E+000
 0903  0.2291870277910254E+000
 0904  0.2291870277910254E+000
 0905  0.2291870277910254E+000
 0906  0.2291870277910254E+000
 0907  0.2291870277910254E+000
 0908  0.2291870277910254E+000
 0909  0.2291870277910254E+000
 0910  0.2291870277910254E+000
 0911  0.2291870277910254E+000
 0912  0.2291870277910254E+000
 0913  0.2291870277910254E+000
 0914  0.2291870277910254E+000
 0915  0.2291870277910254E+000
 0916  0.2291870277910254E+000
 0917  0.2291870277910254E+000
 0918  0.2291870277910254E+000
 0919  0.2291870277910254E+000
 0920  0.2291870277910254E+000
 0921  0.2291870277910254E+000
 0922  0.2291870277910254E+000
 0923  0.2291870277910254E+000
 0924  0.2291870277910254E+000
 0925  0.2291870277910254E+000
 0926  0.2291870277910254E+000
 0927  0.2291870277910254E+000
 0928  0.2291870277910254E+000
 0929  0.2291870277910254E+000
 0930  0.2291870277910254E+000
 0931  0.2291870277910254E+000
 0932  0.2291870277910254E+000
 0933  0.2291870277910254E+000
 0934  0.2291870277910254E+000
 0935  0.2291870277910254E+000
 0936  0.2291870277910254E+000
 0937  0.2291870277910254E+000
 0938  0.2291870277910254E+000
 0939  0.2291870277910254E+000
 0940  0.2291870277910254E+000
 0941  0.2291870277910254E+000
 0942  0.2291870277910254E+000
 0943  0.2291870277910254E+000
 0944  0.2291870277910254E+000
 0945  0.2291870277910254E+000
 0946  0.2291870277910254E+000
 0947  0.2291870277910254E+000
 0948  0.2291870277910254E+000
 0949  0.2291870277910254E+000
 0950  0.2291870277910254E+000
 0951  0.2291870277910254E+000
 0952  0.2291870277910254E+000
 0953  0.2291870277910254E+000
 0954  0.2291870277910254E+000
 0955  0.2291870277910254E+000
 0956  0.2291870277910254E+000
 0957  0.2291870277910254E+000
 0958  0.2291870277910254E+000
 0959  0.2291870277910254E+000
 0960  0.2291870277910254E+000
 0961  0.2291870277910254E+000
 0962  0.2291870277910254E+000
 0963  0.2291870277910254E+000
 0964  0.2291870277910254E+000
 0965  0.2291870277910254E+000
 0966  0.2291870277910254E+000
 0967  0.2291870277910254E+000
 0968  0.2291870277910254E+000
 0969  0.2291870277910254E+000
 0970  0.2291870277910254E+000
 0971  0.2291870277910254E+000
 0972  0.2291870277910254E+000
 0973  0.2291870277910254E+000
 0974  0.2291870277910254E+000
 0975  0.2291870277910254E+000
 0976  0.2291870277910254E+000
 0977  0.2291870277910254E+000
 0978  0.2291870277910254E+000
 0979  0.2291870277910254E+000
 0980  0.2291870277910254E+000
 0981  0.2291870277910254E+000
 0982  0.2291870277910254E+000
 0983  0.2291870277910254E+000
 0984  0.2291870277910254E+000
 0985  0.2291870277910254E+000
 0986  0.2291870277910254E+000
 0987  0.2291870277910254E+000
 0988  0.2291870277910254E+000
 0989  0.2291870277910254E+000
 0990  0.2291870277910254E+000
 0991  0.2291870277910254E+000
 0992  0.2291870277910254E+000
 0993  0.2291870277910254E+000
 0994  0.2291870277910254E+000
 0995  0.2291870277910254E+000
 0996  0.2291870277910254E+000
 0997  0.2291870277910254E+000
 0998  0.2291870277910254E+000
 0999  0.2291870277910254E+000
 1000  0.2291870277910254E+000
