 0001  0.3254307728918638E-001
 0002  0.3317295484678175E-001
 0003  0.3317295484678175E-001
 0004  0.3317295484678175E-001
 0005  0.3389130377039299E-001
 0006  0.3389130377039299E-001
 0007  0.3469051707844357E-001
 0008  0.3469051707844356E-001
 0009  0.3547117114303958E-001
 0010  0.3547117114303958E-001
 0011  0.3547117114303958E-001
 0012  0.3634963032494746E-001
 0013  0.3634963032494747E-001
 0014  0.3720769002444224E-001
 0015  0.3720769002444224E-001
 0016  0.3815904895656076E-001
 0017  0.3815904895656076E-001
 0018  0.3920723842113153E-001
 0019  0.3920723842113153E-001
 0020  0.4023108694535071E-001
 0021  0.4023108694535071E-001
 0022  0.4136510880158354E-001
 0023  0.4136510880158354E-001
 0024  0.4260056321280216E-001
 0025  0.4260056321280215E-001
 0026  0.4394293223919598E-001
 0027  0.4521711020775432E-001
 0028  0.4521711020775432E-001
 0029  0.4661244556382042E-001
 0030  0.4661244556382042E-001
 0031  0.4813271058262395E-001
 0032  0.4813271058262395E-001
 0033  0.4961767217452603E-001
 0034  0.5117869338799252E-001
 0035  0.5117869338799252E-001
 0036  0.5286813394879120E-001
 0037  0.5286813394879121E-001
 0038  0.5451834250687666E-001
 0039  0.5624865526608339E-001
 0040  0.5624865526608339E-001
 0041  0.5811853824073786E-001
 0042  0.6004502544521305E-001
 0043  0.6004502544521306E-001
 0044  0.6192677597591190E-001
 0045  0.6192677597591190E-001
 0046  0.6394792441892758E-001
 0047  0.6600846357421644E-001
 0048  0.6600846357421644E-001
 0049  0.6819516546913952E-001
 0050  0.7022766177701317E-001
 0051  0.7229151484338904E-001
 0052  0.7229151484338904E-001
 0053  0.7447676521230925E-001
 0054  0.7665339036148985E-001
 0055  0.7665339036148987E-001
 0056  0.7877947016107972E-001
 0057  0.8089932924149981E-001
 0058  0.8089932924149981E-001
 0059  0.8312274311618645E-001
 0060  0.8529963411930493E-001
 0061  0.8741891812211096E-001
 0062  0.8741891812211094E-001
 0063  0.8948898834511471E-001
 0064  0.9150409598971428E-001
 0065  0.9345247637591750E-001
 0066  0.9345247637591750E-001
 0067  0.9545783973430391E-001
 0068  0.9736040499074480E-001
 0069  0.9908314395501057E-001
 0070  0.9908314395501057E-001
 0071  0.1008519576370955E+000
 0072  0.1025105005072633E+000
 0073  0.1040614778419821E+000
 0074  0.1055020847281500E+000
 0075  0.1055020847281500E+000
 0076  0.1069092379998030E+000
 0077  0.1082037274255145E+000
 0078  0.1093852275431281E+000
 0079  0.1104553654154820E+000
 0080  0.1104553654154820E+000
 0081  0.1115107561342640E+000
 0082  0.1124333847689718E+000
 0083  0.1132436041998320E+000
 0084  0.1139244510087509E+000
 0085  0.1139244510087509E+000
 0086  0.1145077800059563E+000
 0087  0.1148652092344646E+000
 0088  0.1149567733332446E+000
 0089  0.1147486792544917E+000
 0090  0.1142164024851191E+000
 0091  0.1142164024851190E+000
 0092  0.1132323460704952E+000
 0093  0.1118774405859213E+000
 0094  0.1101937335107455E+000
 0095  0.1082013347827407E+000
 0096  0.1059162810083430E+000
 0097  0.1033595202441866E+000
 0098  0.1005545955630443E+000
 0099  0.9752604424218903E-001
 0100  0.9429828996298484E-001
 0101  0.9084581711835900E-001
 0102  0.8723734907782360E-001
 0103  0.8353079082775547E-001
 0104  0.7977478182395670E-001
 0105  0.7600999829967231E-001
 0106  0.7227025338637615E-001
 0107  0.6820084701872341E-001
 0108  0.6433520920410592E-001
 0109  0.6066339494396087E-001
 0110  0.5717612770065036E-001
 0111  0.5386558921589610E-001
 0112  0.5072498075637003E-001
 0113  0.4529143948231951E-001
 0114  0.4292380951644550E-001
 0115  0.4064847345170547E-001
 0116  0.3845933945380989E-001
 0117  0.3636151562273484E-001
 0118  0.3435823554198708E-001
 0119  0.3245118810734997E-001
 0120  0.3064079828750600E-001
 0121  0.2892646572036912E-001
 0122  0.2730676708922761E-001
 0123  0.2569459559445845E-001
 0124  0.2419947937651496E-001
 0125  0.2281271264270973E-001
 0126  0.2152632751968658E-001
 0127  0.2033301373332792E-001
 0128  0.1922604931851993E-001
 0129  0.1819924067763336E-001
 0130  0.1646125104785775E-001
 0131  0.1572275036090938E-001
 0132  0.1502811718358265E-001
 0133  0.1437551700108212E-001
 0134  0.1376308252102301E-001
 0135  0.1318893516133730E-001
 0136  0.1265120286751623E-001
 0137  0.1212879719104488E-001
 0138  0.1164478764446220E-001
 0139  0.1119630621366657E-001
 0140  0.1078071044233855E-001
 0141  0.1039524597010863E-001
 0142  0.1003778701872403E-001
 0143  0.9706348316161737E-002
 0144  0.9399080274839135E-002
 0145  0.8877603959256674E-002
 0146  0.8655657579331648E-002
 0147  0.8447623797360944E-002
 0148  0.8252734907214390E-002
 0149  0.8064890057245672E-002
 0150  0.7890185739723991E-002
 0151  0.7727608453587278E-002
 0152  0.7576324609437073E-002
 0153  0.7435557191980404E-002
 0154  0.7304581985643353E-002
 0155  0.7182724046018971E-002
 0156  0.7069354401700203E-002
 0157  0.6963886971964861E-002
 0158  0.6783130922815249E-002
 0159  0.6705503619181015E-002
 0160  0.6630845541070694E-002
 0161  0.6561066927580531E-002
 0162  0.6495850265427293E-002
 0163  0.6434898593977219E-002
 0164  0.6377934183402619E-002
 0165  0.6324697297146008E-002
 0166  0.6274945033415109E-002
 0167  0.6228450144293672E-002
 0168  0.6185000153594092E-002
 0169  0.6144384385302138E-002
 0170  0.6073366025955144E-002
 0171  0.6042335080269206E-002
 0172  0.6013204231157663E-002
 0173  0.5985857287215372E-002
 0174  0.5960185159385457E-002
 0175  0.5936085426169974E-002
 0176  0.5913461925584928E-002
 0177  0.5892219741246272E-002
 0178  0.5872275433665182E-002
 0179  0.5853226937086696E-002
 0180  0.5835394633690460E-002
 0181  0.5804324361756485E-002
 0182  0.5790770497986617E-002
 0183  0.5777988417815739E-002
 0184  0.5765934586591870E-002
 0185  0.5754567886071255E-002
 0186  0.5743849483814977E-002
 0187  0.5733742709335979E-002
 0188  0.5724068433256314E-002
 0189  0.5714967771969533E-002
 0190  0.5698951988911590E-002
 0191  0.5691897482458857E-002
 0192  0.5685220162065094E-002
 0193  0.5678899995931996E-002
 0194  0.5672918000881542E-002
 0195  0.5667179589792205E-002
 0196  0.5661758246670832E-002
 0197  0.5656636172701124E-002
 0198  0.5651796582488899E-002
 0199  0.5647223647492380E-002
 0200  0.5639106006405489E-002
 0201  0.5635499681082018E-002
 0202  0.5632032254531752E-002
 0203  0.5628743993329378E-002
 0204  0.5625625504048808E-002
 0205  0.5622667893124491E-002
 0206  0.5619862739848291E-002
 0207  0.5617201850649249E-002
 0208  0.5612416844128398E-002
 0209  0.5610265566754482E-002
 0210  0.5608218506337028E-002
 0211  0.5606270412442027E-002
 0212  0.5604416451223024E-002
 0213  0.5602652026753610E-002
 0214  0.5600972769597391E-002
 0215  0.5599358319439956E-002
 0216  0.5596455402603439E-002
 0217  0.5595149585894956E-002
 0218  0.5593903153608200E-002
 0219  0.5592713379064441E-002
 0220  0.5591577661878980E-002
 0221  0.5590483271133549E-002
 0222  0.5589439605020048E-002
 0223  0.5587551210025604E-002
 0224  0.5586696454401080E-002
 0225  0.5585878341911070E-002
 0226  0.5585088488420012E-002
 0227  0.5584333171698179E-002
 0228  0.5583610820949069E-002
 0229  0.5582919970840356E-002
 0230  0.5581662851457872E-002
 0231  0.5581086020667237E-002
 0232  0.5580533016993776E-002
 0233  0.5580002839083300E-002
 0234  0.5579494528299899E-002
 0235  0.5579007149795031E-002
 0236  0.5578539827807462E-002
 0237  0.5577678928269924E-002
 0238  0.5577285539191960E-002
 0239  0.5576907516234128E-002
 0240  0.5576544250078450E-002
 0241  0.5576192664871561E-002
 0242  0.5575854999855069E-002
 0243  0.5575235198471176E-002
 0244  0.5574950659111562E-002
 0245  0.5574674822727558E-002
 0246  0.5574409358048097E-002
 0247  0.5574153860315042E-002
 0248  0.5573907947405150E-002
 0249  0.5573453254426998E-002
 0250  0.5573243050462486E-002
 0251  0.5573040355949602E-002
 0252  0.5572844893057666E-002
 0253  0.5572655267849056E-002
 0254  0.5572472487688196E-002
 0255  0.5572134473816031E-002
 0256  0.5571978153327754E-002
 0257  0.5571826275285748E-002
 0258  0.5571679617220725E-002
 0259  0.5571537995324006E-002
 0260  0.5571274466893194E-002
 0261  0.5571151862106404E-002
 0262  0.5571033276159854E-002
 0263  0.5570918574282470E-002
 0264  0.5570807047658721E-002
 0265  0.5570599494532284E-002
 0266  0.5570502903665365E-002
 0267  0.5570408869190822E-002
 0268  0.5570317805785830E-002
 0269  0.5570229617106520E-002
 0270  0.5570064608748658E-002
 0271  0.5569987415796600E-002
 0272  0.5569912555449330E-002
 0273  0.5569839623553805E-002
 0274  0.5569703153373812E-002
 0275  0.5569639298668824E-002
 0276  0.5569577018958253E-002
 0277  0.5569516556901582E-002
 0278  0.5569457857410857E-002
 0279  0.5569347273175215E-002
 0280  0.5569295412633920E-002
 0281  0.5569245002628814E-002
 0282  0.5569195801528382E-002
 0283  0.5569103295911655E-002
 0284  0.5569059635848702E-002
 0285  0.5569017157678687E-002
 0286  0.5568975828183503E-002
 0287  0.5568897655644987E-002
 0288  0.5568860832267081E-002
 0289  0.5568824835097222E-002
 0290  0.5568789780260246E-002
 0291  0.5568723482998130E-002
 0292  0.5568692134776393E-002
 0293  0.5568661576227926E-002
 0294  0.5568631684629213E-002
 0295  0.5568575058515310E-002
 0296  0.5568548238856421E-002
 0297  0.5568522073819535E-002
 0298  0.5568472337296776E-002
 0299  0.5568448778176751E-002
 0300  0.5568425701471670E-002
 0301  0.5568403170804970E-002
 0302  0.5568360282860564E-002
 0303  0.5568339935315500E-002
 0304  0.5568319993571037E-002
 0305  0.5568282036859824E-002
 0306  0.5568263974291825E-002
 0307  0.5568246263108206E-002
 0308  0.5568228946341033E-002
 0309  0.5568195940697466E-002
 0310  0.5568180212635904E-002
 0311  0.5568164782293361E-002
 0312  0.5568135334512276E-002
 0313  0.5568121283948930E-002
 0314  0.5568107492688030E-002
 0315  0.5568081140176246E-002
 0316  0.5568068549722738E-002
 0317  0.5568056181105122E-002
 0318  0.5568032504250962E-002
 0319  0.5568021170580708E-002
 0320  0.5568010023766791E-002
 0321  0.5567988648059518E-002
 0322  0.5567978397804556E-002
 0323  0.5567968306032393E-002
 0324  0.5567948922039267E-002
 0325  0.5567939583041277E-002
 0326  0.5567921620524112E-002
 0327  0.5567912981679518E-002
 0328  0.5567904462551191E-002
 0329  0.5567888028631405E-002
 0330  0.5567880102005850E-002
 0331  0.5567872305788515E-002
 0332  0.5567857222891474E-002
 0333  0.5567849951084049E-002
 0334  0.5567835867324856E-002
 0335  0.5567829070074685E-002
 0336  0.5567822355197957E-002
 0337  0.5567809359141565E-002
 0338  0.5567803070420203E-002
 0339  0.5567790868692074E-002
 0340  0.5567784968940856E-002
 0341  0.5567773512166478E-002
 0342  0.5567767950321673E-002
 0343  0.5567762467141273E-002
 0344  0.5567751812017571E-002
 0345  0.5567746635775791E-002
 0346  0.5567736571673616E-002
 0347  0.5567731694578937E-002
 0348  0.5567722205374717E-002
 0349  0.5567717589832736E-002
 0350  0.5567708605243536E-002
 0351  0.5567704233065355E-002
 0352  0.5567695718307242E-002
 0353  0.5567691572893317E-002
 0354  0.5567683497058582E-002
 0355  0.5567679564402228E-002
 0356  0.5567671901442429E-002
 0357  0.5567668169000468E-002
 0358  0.5567660894471829E-002
 0359  0.5567657350351537E-002
 0360  0.5567650433680103E-002
 0361  0.5567647059613132E-002
 0362  0.5567640481102093E-002
 0363  0.5567637274799033E-002
 0364  0.5567631009519449E-002
 0365  0.5567624988035808E-002
 0366  0.5567622049042592E-002
 0367  0.5567616309686367E-002
 0368  0.5567613507983990E-002
 0369  0.5567608031409171E-002
 0370  0.5567602758226622E-002
 0371  0.5567600181211593E-002
 0372  0.5567595146186933E-002
 0373  0.5567592683555255E-002
 0374  0.5567587871411496E-002
 0375  0.5567583227936723E-002
 0376  0.5567580956411062E-002
 0377  0.5567576510891968E-002
 0378  0.5567572219705965E-002
 0379  0.5567570120131890E-002
 0380  0.5567566010258595E-002
 0381  0.5567562039341436E-002
 0382  0.5567560095089609E-002
 0383  0.5567556286751396E-002
 0384  0.5567552602718378E-002
 0385  0.5567549038389353E-002
 0386  0.5567547291471834E-002
 0387  0.5567543866433737E-002
 0388  0.5567540550952299E-002
 0389  0.5567537339952640E-002
 0390  0.5567535764646254E-002
 0391  0.5567532674948306E-002
 0392  0.5567529679264321E-002
 0393  0.5567526773964120E-002
 0394  0.5567523956262885E-002
 0395  0.5567521221269915E-002
 0396  0.5567519878475848E-002
 0397  0.5567517241044671E-002
 0398  0.5567514679711892E-002
 0399  0.5567512191715366E-002
 0400  0.5567509774090095E-002
 0401  0.5567507424020173E-002
 0402  0.5567505138961588E-002
 0403  0.5567502916474694E-002
 0404  0.5567500754171602E-002
 0405  0.5567498650809722E-002
 0406  0.5567496610483337E-002
 0407  0.5567494631715526E-002
 0408  0.5567492711981103E-002
 0409  0.5567490848885275E-002
 0410  0.5567489040155589E-002
 0411  0.5567487283634422E-002
 0412  0.5567485577272037E-002
 0413  0.5567483919120108E-002
 0414  0.5567482307325696E-002
 0415  0.5567480740125657E-002
 0416  0.5567478477206450E-002
 0417  0.5567477024478711E-002
 0418  0.5567475610345166E-002
 0419  0.5567474233410791E-002
 0420  0.5567472892344223E-002
 0421  0.5567470951775996E-002
 0422  0.5567469703360234E-002
 0423  0.5567468486246213E-002
 0424  0.5567466722756415E-002
 0425  0.5567465586816104E-002
 0426  0.5567464478331094E-002
 0427  0.5567462870305881E-002
 0428  0.5567461833286190E-002
 0429  0.5567460327663273E-002
 0430  0.5567459355878966E-002
 0431  0.5567457943842930E-002
 0432  0.5567457031748177E-002
 0433  0.5567455705439917E-002
 0434  0.5567454848083223E-002
 0435  0.5567453600475917E-002
 0436  0.5567452399948144E-002
 0437  0.5567451623000719E-002
 0438  0.5567450491138349E-002
 0439  0.5567449400501944E-002
 0440  0.5567448349048970E-002
 0441  0.5567447334866520E-002
 0442  0.5567446356161306E-002
 0443  0.5567445411250599E-002
 0444  0.5567444498553934E-002
 0445  0.5567443616585576E-002
 0446  0.5567442763947618E-002
 0447  0.5567441939323666E-002
 0448  0.5567441141473070E-002
 0449  0.5567440369225618E-002
 0450  0.5567439379269400E-002
 0451  0.5567438665145775E-002
 0452  0.5567437973054004E-002
 0453  0.5567437084535644E-002
 0454  0.5567436234466646E-002
 0455  0.5567435620016103E-002
 0456  0.5567434829970587E-002
 0457  0.5567434072811616E-002
 0458  0.5567433346735286E-002
 0459  0.5567432650064302E-002
 0460  0.5567431981237153E-002
 0461  0.5567431338798357E-002
 0462  0.5567430721389694E-002
 0463  0.5567430127742270E-002
 0464  0.5567429418155375E-002
 0465  0.5567428743285214E-002
 0466  0.5567428226422888E-002
 0467  0.5567427607487380E-002
 0468  0.5567427017671349E-002
 0469  0.5567426346513387E-002
 0470  0.5567425815814694E-002
 0471  0.5567425211010124E-002
 0472  0.5567424732084160E-002
 0473  0.5567424185531956E-002
 0474  0.5567423585146987E-002
 0475  0.5567423100242937E-002
 0476  0.5567422566664068E-002
 0477  0.5567422065600593E-002
 0478  0.5567421594658700E-002
 0479  0.5567421090849271E-002
 0480  0.5567420564994154E-002
 0481  0.5567420130911796E-002
 0482  0.5567419628777232E-002
 0483  0.5567419168014450E-002
 0484  0.5567418744688090E-002
 0485  0.5567418281606121E-002
 0486  0.5567417829881182E-002
 0487  0.5567417395051913E-002
 0488  0.5567416981588179E-002
 0489  0.5567416547978386E-002
 0490  0.5567416154064160E-002
 0491  0.5567415735364426E-002
 0492  0.5567415338392036E-002
 0493  0.5567414941906863E-002
 0494  0.5567414733208048E-002
 0495  0.5567414733208048E-002
 0496  0.5567414733208048E-002
 0497  0.5567414733208048E-002
 0498  0.5567414733208048E-002
 0499  0.5567414733208048E-002
 0500  0.5567414733208048E-002
 0501  0.5567414733208048E-002
 0502  0.5567414733208048E-002
 0503  0.5567414733208048E-002
 0504  0.5567414733208048E-002
 0505  0.5567414733208048E-002
 0506  0.5567414733208048E-002
 0507  0.5567414733208048E-002
 0508  0.5567414733208048E-002
 0509  0.5567414733208048E-002
 0510  0.5567414733208048E-002
 0511  0.5567414733208048E-002
 0512  0.5567414733208048E-002
 0513  0.5567414733208048E-002
 0514  0.5567414733208048E-002
 0515  0.5567414733208048E-002
 0516  0.5567414733208048E-002
 0517  0.5567414733208048E-002
 0518  0.5567414733208048E-002
 0519  0.5567414733208048E-002
 0520  0.5567414733208048E-002
 0521  0.5567414733208048E-002
 0522  0.5567414733208048E-002
 0523  0.5567414733208048E-002
 0524  0.5567414733208048E-002
 0525  0.5567414733208048E-002
 0526  0.5567414733208048E-002
 0527  0.5567414733208048E-002
 0528  0.5567414733208048E-002
 0529  0.5567414733208048E-002
 0530  0.5567414733208048E-002
 0531  0.5567414733208048E-002
 0532  0.5567414733208048E-002
 0533  0.5567414733208048E-002
 0534  0.5567414733208048E-002
 0535  0.5567414733208048E-002
 0536  0.5567414733208048E-002
 0537  0.5567414733208048E-002
 0538  0.5567414733208048E-002
 0539  0.5567414733208048E-002
 0540  0.5567414733208048E-002
 0541  0.5567414733208048E-002
 0542  0.5567414733208048E-002
 0543  0.5567414733208048E-002
 0544  0.5567414733208048E-002
 0545  0.5567414733208048E-002
 0546  0.5567414733208048E-002
 0547  0.5567414733208048E-002
 0548  0.5567414733208048E-002
 0549  0.5567414733208048E-002
 0550  0.5567414733208048E-002
 0551  0.5567414733208048E-002
 0552  0.5567414733208048E-002
 0553  0.5567414733208048E-002
 0554  0.5567414733208048E-002
 0555  0.5567414733208048E-002
 0556  0.5567414733208048E-002
 0557  0.5567414733208048E-002
 0558  0.5567414733208048E-002
 0559  0.5567414733208048E-002
 0560  0.5567414733208048E-002
 0561  0.5567414733208048E-002
 0562  0.5567414733208048E-002
 0563  0.5567414733208048E-002
 0564  0.5567414733208048E-002
 0565  0.5567414733208048E-002
 0566  0.5567414733208048E-002
 0567  0.5567414733208048E-002
 0568  0.5567414733208048E-002
 0569  0.5567414733208048E-002
 0570  0.5567414733208048E-002
 0571  0.5567414733208048E-002
 0572  0.5567414733208048E-002
 0573  0.5567414733208048E-002
 0574  0.5567414733208048E-002
 0575  0.5567414733208048E-002
 0576  0.5567414733208048E-002
 0577  0.5567414733208048E-002
 0578  0.5567414733208048E-002
 0579  0.5567414733208048E-002
 0580  0.5567414733208048E-002
 0581  0.5567414733208048E-002
 0582  0.5567414733208048E-002
 0583  0.5567414733208048E-002
 0584  0.5567414733208048E-002
 0585  0.5567414733208048E-002
 0586  0.5567414733208048E-002
 0587  0.5567414733208048E-002
 0588  0.5567414733208048E-002
 0589  0.5567414733208048E-002
 0590  0.5567414733208048E-002
 0591  0.5567414733208048E-002
 0592  0.5567414733208048E-002
 0593  0.5567414733208048E-002
 0594  0.5567414733208048E-002
 0595  0.5567414733208048E-002
 0596  0.5567414733208048E-002
 0597  0.5567414733208048E-002
 0598  0.5567414733208048E-002
 0599  0.5567414733208048E-002
 0600  0.5567414733208048E-002
 0601  0.5567414733208048E-002
 0602  0.5567414733208048E-002
 0603  0.5567414733208048E-002
 0604  0.5567414733208048E-002
 0605  0.5567414733208048E-002
 0606  0.5567414733208048E-002
 0607  0.5567414733208048E-002
 0608  0.5567414733208048E-002
 0609  0.5567414733208048E-002
 0610  0.5567414733208048E-002
 0611  0.5567414733208048E-002
 0612  0.5567414733208048E-002
 0613  0.5567414733208048E-002
 0614  0.5567414733208048E-002
 0615  0.5567414733208048E-002
 0616  0.5567414733208048E-002
 0617  0.5567414733208048E-002
 0618  0.5567414733208048E-002
 0619  0.5567414733208048E-002
 0620  0.5567414733208048E-002
 0621  0.5567414733208048E-002
 0622  0.5567414733208048E-002
 0623  0.5567414733208048E-002
 0624  0.5567414733208048E-002
 0625  0.5567414733208048E-002
 0626  0.5567414733208048E-002
 0627  0.5567414733208048E-002
 0628  0.5567414733208048E-002
 0629  0.5567414733208048E-002
 0630  0.5567414733208048E-002
 0631  0.5567414733208048E-002
 0632  0.5567414733208048E-002
 0633  0.5567414733208048E-002
 0634  0.5567414733208048E-002
 0635  0.5567414733208048E-002
 0636  0.5567414733208048E-002
 0637  0.5567414733208048E-002
 0638  0.5567414733208048E-002
 0639  0.5567414733208048E-002
 0640  0.5567414733208048E-002
 0641  0.5567414733208048E-002
 0642  0.5567414733208048E-002
 0643  0.5567414733208048E-002
 0644  0.5567414733208048E-002
 0645  0.5567414733208048E-002
 0646  0.5567414733208048E-002
 0647  0.5567414733208048E-002
 0648  0.5567414733208048E-002
 0649  0.5567414733208048E-002
 0650  0.5567414733208048E-002
 0651  0.5567414733208048E-002
 0652  0.5567414733208048E-002
 0653  0.5567414733208048E-002
 0654  0.5567414733208048E-002
 0655  0.5567414733208048E-002
 0656  0.5567414733208048E-002
 0657  0.5567414733208048E-002
 0658  0.5567414733208048E-002
 0659  0.5567414733208048E-002
 0660  0.5567414733208048E-002
 0661  0.5567414733208048E-002
 0662  0.5567414733208048E-002
 0663  0.5567414733208048E-002
 0664  0.5567414733208048E-002
 0665  0.5567414733208048E-002
 0666  0.5567414733208048E-002
 0667  0.5567414733208048E-002
 0668  0.5567414733208048E-002
 0669  0.5567414733208048E-002
 0670  0.5567414733208048E-002
 0671  0.5567414733208048E-002
 0672  0.5567414733208048E-002
 0673  0.5567414733208048E-002
 0674  0.5567414733208048E-002
 0675  0.5567414733208048E-002
 0676  0.5567414733208048E-002
 0677  0.5567414733208048E-002
 0678  0.5567414733208048E-002
 0679  0.5567414733208048E-002
 0680  0.5567414733208048E-002
 0681  0.5567414733208048E-002
 0682  0.5567414733208048E-002
 0683  0.5567414733208048E-002
 0684  0.5567414733208048E-002
 0685  0.5567414733208048E-002
 0686  0.5567414733208048E-002
 0687  0.5567414733208048E-002
 0688  0.5567414733208048E-002
 0689  0.5567414733208048E-002
 0690  0.5567414733208048E-002
 0691  0.5567414733208048E-002
 0692  0.5567414733208048E-002
 0693  0.5567414733208048E-002
 0694  0.5567414733208048E-002
 0695  0.5567414733208048E-002
 0696  0.5567414733208048E-002
 0697  0.5567414733208048E-002
 0698  0.5567414733208048E-002
 0699  0.5567414733208048E-002
 0700  0.5567414733208048E-002
 0701  0.5567414733208048E-002
 0702  0.5567414733208048E-002
 0703  0.5567414733208048E-002
 0704  0.5567414733208048E-002
 0705  0.5567414733208048E-002
 0706  0.5567414733208048E-002
 0707  0.5567414733208048E-002
 0708  0.5567414733208048E-002
 0709  0.5567414733208048E-002
 0710  0.5567414733208048E-002
 0711  0.5567414733208048E-002
 0712  0.5567414733208048E-002
 0713  0.5567414733208048E-002
 0714  0.5567414733208048E-002
 0715  0.5567414733208048E-002
 0716  0.5567414733208048E-002
 0717  0.5567414733208048E-002
 0718  0.5567414733208048E-002
 0719  0.5567414733208048E-002
 0720  0.5567414733208048E-002
 0721  0.5567414733208048E-002
 0722  0.5567414733208048E-002
 0723  0.5567414733208048E-002
 0724  0.5567414733208048E-002
 0725  0.5567414733208048E-002
 0726  0.5567414733208048E-002
 0727  0.5567414733208048E-002
 0728  0.5567414733208048E-002
 0729  0.5567414733208048E-002
 0730  0.5567414733208048E-002
 0731  0.5567414733208048E-002
 0732  0.5567414733208048E-002
 0733  0.5567414733208048E-002
 0734  0.5567414733208048E-002
 0735  0.5567414733208048E-002
 0736  0.5567414733208048E-002
 0737  0.5567414733208048E-002
 0738  0.5567414733208048E-002
 0739  0.5567414733208048E-002
 0740  0.5567414733208048E-002
 0741  0.5567414733208048E-002
 0742  0.5567414733208048E-002
 0743  0.5567414733208048E-002
 0744  0.5567414733208048E-002
 0745  0.5567414733208048E-002
 0746  0.5567414733208048E-002
 0747  0.5567414733208048E-002
 0748  0.5567414733208048E-002
 0749  0.5567414733208048E-002
 0750  0.5567414733208048E-002
 0751  0.5567414733208048E-002
 0752  0.5567414733208048E-002
 0753  0.5567414733208048E-002
 0754  0.5567414733208048E-002
 0755  0.5567414733208048E-002
 0756  0.5567414733208048E-002
 0757  0.5567414733208048E-002
 0758  0.5567414733208048E-002
 0759  0.5567414733208048E-002
 0760  0.5567414733208048E-002
 0761  0.5567414733208048E-002
 0762  0.5567414733208048E-002
 0763  0.5567414733208048E-002
 0764  0.5567414733208048E-002
 0765  0.5567414733208048E-002
 0766  0.5567414733208048E-002
 0767  0.5567414733208048E-002
 0768  0.5567414733208048E-002
 0769  0.5567414733208048E-002
 0770  0.5567414733208048E-002
 0771  0.5567414733208048E-002
 0772  0.5567414733208048E-002
 0773  0.5567414733208048E-002
 0774  0.5567414733208048E-002
 0775  0.5567414733208048E-002
 0776  0.5567414733208048E-002
 0777  0.5567414733208048E-002
 0778  0.5567414733208048E-002
 0779  0.5567414733208048E-002
 0780  0.5567414733208048E-002
 0781  0.5567414733208048E-002
 0782  0.5567414733208048E-002
 0783  0.5567414733208048E-002
 0784  0.5567414733208048E-002
 0785  0.5567414733208048E-002
 0786  0.5567414733208048E-002
 0787  0.5567414733208048E-002
 0788  0.5567414733208048E-002
 0789  0.5567414733208048E-002
 0790  0.5567414733208048E-002
 0791  0.5567414733208048E-002
 0792  0.5567414733208048E-002
 0793  0.5567414733208048E-002
 0794  0.5567414733208048E-002
 0795  0.5567414733208048E-002
 0796  0.5567414733208048E-002
 0797  0.5567414733208048E-002
 0798  0.5567414733208048E-002
 0799  0.5567414733208048E-002
 0800  0.5567414733208048E-002
 0801  0.5567414733208048E-002
 0802  0.5567414733208048E-002
 0803  0.5567414733208048E-002
 0804  0.5567414733208048E-002
 0805  0.5567414733208048E-002
 0806  0.5567414733208048E-002
 0807  0.5567414733208048E-002
 0808  0.5567414733208048E-002
 0809  0.5567414733208048E-002
 0810  0.5567414733208048E-002
 0811  0.5567414733208048E-002
 0812  0.5567414733208048E-002
 0813  0.5567414733208048E-002
 0814  0.5567414733208048E-002
 0815  0.5567414733208048E-002
 0816  0.5567414733208048E-002
 0817  0.5567414733208048E-002
 0818  0.5567414733208048E-002
 0819  0.5567414733208048E-002
 0820  0.5567414733208048E-002
 0821  0.5567414733208048E-002
 0822  0.5567414733208048E-002
 0823  0.5567414733208048E-002
 0824  0.5567414733208048E-002
 0825  0.5567414733208048E-002
 0826  0.5567414733208048E-002
 0827  0.5567414733208048E-002
 0828  0.5567414733208048E-002
 0829  0.5567414733208048E-002
 0830  0.5567414733208048E-002
 0831  0.5567414733208048E-002
 0832  0.5567414733208048E-002
 0833  0.5567414733208048E-002
 0834  0.5567414733208048E-002
 0835  0.5567414733208048E-002
 0836  0.5567414733208048E-002
 0837  0.5567414733208048E-002
 0838  0.5567414733208048E-002
 0839  0.5567414733208048E-002
 0840  0.5567414733208048E-002
 0841  0.5567414733208048E-002
 0842  0.5567414733208048E-002
 0843  0.5567414733208048E-002
 0844  0.5567414733208048E-002
 0845  0.5567414733208048E-002
 0846  0.5567414733208048E-002
 0847  0.5567414733208048E-002
 0848  0.5567414733208048E-002
 0849  0.5567414733208048E-002
 0850  0.5567414733208048E-002
 0851  0.5567414733208048E-002
 0852  0.5567414733208048E-002
 0853  0.5567414733208048E-002
 0854  0.5567414733208048E-002
 0855  0.5567414733208048E-002
 0856  0.5567414733208048E-002
 0857  0.5567414733208048E-002
 0858  0.5567414733208048E-002
 0859  0.5567414733208048E-002
 0860  0.5567414733208048E-002
 0861  0.5567414733208048E-002
 0862  0.5567414733208048E-002
 0863  0.5567414733208048E-002
 0864  0.5567414733208048E-002
 0865  0.5567414733208048E-002
 0866  0.5567414733208048E-002
 0867  0.5567414733208048E-002
 0868  0.5567414733208048E-002
 0869  0.5567414733208048E-002
 0870  0.5567414733208048E-002
 0871  0.5567414733208048E-002
 0872  0.5567414733208048E-002
 0873  0.5567414733208048E-002
 0874  0.5567414733208048E-002
 0875  0.5567414733208048E-002
 0876  0.5567414733208048E-002
 0877  0.5567414733208048E-002
 0878  0.5567414733208048E-002
 0879  0.5567414733208048E-002
 0880  0.5567414733208048E-002
 0881  0.5567414733208048E-002
 0882  0.5567414733208048E-002
 0883  0.5567414733208048E-002
 0884  0.5567414733208048E-002
 0885  0.5567414733208048E-002
 0886  0.5567414733208048E-002
 0887  0.5567414733208048E-002
 0888  0.5567414733208048E-002
 0889  0.5567414733208048E-002
 0890  0.5567414733208048E-002
 0891  0.5567414733208048E-002
 0892  0.5567414733208048E-002
 0893  0.5567414733208048E-002
 0894  0.5567414733208048E-002
 0895  0.5567414733208048E-002
 0896  0.5567414733208048E-002
 0897  0.5567414733208048E-002
 0898  0.5567414733208048E-002
 0899  0.5567414733208048E-002
 0900  0.5567414733208048E-002
 0901  0.5567414733208048E-002
 0902  0.5567414733208048E-002
 0903  0.5567414733208048E-002
 0904  0.5567414733208048E-002
 0905  0.5567414733208048E-002
 0906  0.5567414733208048E-002
 0907  0.5567414733208048E-002
 0908  0.5567414733208048E-002
 0909  0.5567414733208048E-002
 0910  0.5567414733208048E-002
 0911  0.5567414733208048E-002
 0912  0.5567414733208048E-002
 0913  0.5567414733208048E-002
 0914  0.5567414733208048E-002
 0915  0.5567414733208048E-002
 0916  0.5567414733208048E-002
 0917  0.5567414733208048E-002
 0918  0.5567414733208048E-002
 0919  0.5567414733208048E-002
 0920  0.5567414733208048E-002
 0921  0.5567414733208048E-002
 0922  0.5567414733208048E-002
 0923  0.5567414733208048E-002
 0924  0.5567414733208048E-002
 0925  0.5567414733208048E-002
 0926  0.5567414733208048E-002
 0927  0.5567414733208048E-002
 0928  0.5567414733208048E-002
 0929  0.5567414733208048E-002
 0930  0.5567414733208048E-002
 0931  0.5567414733208048E-002
 0932  0.5567414733208048E-002
 0933  0.5567414733208048E-002
 0934  0.5567414733208048E-002
 0935  0.5567414733208048E-002
 0936  0.5567414733208048E-002
 0937  0.5567414733208048E-002
 0938  0.5567414733208048E-002
 0939  0.5567414733208048E-002
 0940  0.5567414733208048E-002
 0941  0.5567414733208048E-002
 0942  0.5567414733208048E-002
 0943  0.5567414733208048E-002
 0944  0.5567414733208048E-002
 0945  0.5567414733208048E-002
 0946  0.5567414733208048E-002
 0947  0.5567414733208048E-002
 0948  0.5567414733208048E-002
 0949  0.5567414733208048E-002
 0950  0.5567414733208048E-002
 0951  0.5567414733208048E-002
 0952  0.5567414733208048E-002
 0953  0.5567414733208048E-002
 0954  0.5567414733208048E-002
 0955  0.5567414733208048E-002
 0956  0.5567414733208048E-002
 0957  0.5567414733208048E-002
 0958  0.5567414733208048E-002
 0959  0.5567414733208048E-002
 0960  0.5567414733208048E-002
 0961  0.5567414733208048E-002
 0962  0.5567414733208048E-002
 0963  0.5567414733208048E-002
 0964  0.5567414733208048E-002
 0965  0.5567414733208048E-002
 0966  0.5567414733208048E-002
 0967  0.5567414733208048E-002
 0968  0.5567414733208048E-002
 0969  0.5567414733208048E-002
 0970  0.5567414733208048E-002
 0971  0.5567414733208048E-002
 0972  0.5567414733208048E-002
 0973  0.5567414733208048E-002
 0974  0.5567414733208048E-002
 0975  0.5567414733208048E-002
 0976  0.5567414733208048E-002
 0977  0.5567414733208048E-002
 0978  0.5567414733208048E-002
 0979  0.5567414733208048E-002
 0980  0.5567414733208048E-002
 0981  0.5567414733208048E-002
 0982  0.5567414733208048E-002
 0983  0.5567414733208048E-002
 0984  0.5567414733208048E-002
 0985  0.5567414733208048E-002
 0986  0.5567414733208048E-002
 0987  0.5567414733208048E-002
 0988  0.5567414733208048E-002
 0989  0.5567414733208048E-002
 0990  0.5567414733208048E-002
 0991  0.5567414733208048E-002
 0992  0.5567414733208048E-002
 0993  0.5567414733208048E-002
 0994  0.5567414733208048E-002
 0995  0.5567414733208048E-002
 0996  0.5567414733208048E-002
 0997  0.5567414733208048E-002
 0998  0.5567414733208048E-002
 0999  0.5567414733208048E-002
 1000  0.5567414733208048E-002
