  1.4317645246E+009  1.3690605556E-009  1.2786900796E+029
  2.8707994417E+009  1.3727051702E-009  2.5672432296E+029
  4.3172387666E+009  1.3762673761E-009  3.8657355281E+029
  5.7711766282E+009  1.3797859380E-009  5.1742436399E+029
  7.2326388530E+009  1.3833261341E-009  6.4928448211E+029
  8.7016455280E+009  1.3868935036E-009  7.8216169238E+029
  1.0178126195E+010  1.3905733953E-009  9.1606384004E+029
  1.1661932479E+010  1.3944384906E-009  1.0509988309E+030
  1.3153080695E+010  1.3983333989E-009  1.1869746316E+030
  1.4651586999E+010  1.4022583503E-009  1.3239992705E+030
  1.6157475839E+010  1.4062056832E-009  1.4620808377E+030
  1.7671082649E+010  1.4098857997E-009  1.6012274856E+030
  1.9192427128E+010  1.4135943026E-009  1.7414474297E+030
  2.0721528823E+010  1.4173314107E-009  1.8827489488E+030
  2.2258407132E+010  1.4210973446E-009  2.0251403855E+030
  2.3803081296E+010  1.4248923268E-009  2.1686301468E+030
  2.5355570402E+010  1.4287165812E-009  2.3132267046E+030
  2.6915893379E+010  1.4325703337E-009  2.4589385960E+030
  2.8484114953E+010  1.4364117173E-009  2.6057744240E+030
  3.0060408693E+010  1.4401416651E-009  2.7537428581E+030
  3.1644795564E+010  1.4439003836E-009  2.9028526345E+030
  3.3237296377E+010  1.4476880946E-009  3.0531125569E+030
  3.4837931785E+010  1.4515050218E-009  3.2045314967E+030
  3.6446722287E+010  1.4553513905E-009  3.3571183941E+030
  3.8063688216E+010  1.4592274280E-009  3.5108822580E+030
  3.9688849749E+010  1.4631333629E-009  3.6658321667E+030
  4.1322226893E+010  1.4670694259E-009  3.8219772687E+030
  4.2963839494E+010  1.4710358494E-009  3.9793267832E+030
  4.4613707227E+010  1.4750328676E-009  4.1378900001E+030
  4.6271849599E+010  1.4790607164E-009  4.2976762813E+030
  4.7938296254E+010  1.4831104592E-009  4.4586950609E+030
  4.9613346271E+010  1.4869430302E-009  4.6209558455E+030
  5.1297022272E+010  1.4908051633E-009  4.7844682153E+030
  5.2989346714E+010  1.4946970867E-009  4.9492418242E+030
  5.4690341888E+010  1.4986190302E-009  5.1152864009E+030
  5.6400029924E+010  1.5025712252E-009  5.2826117486E+030
  5.8118432777E+010  1.5065539052E-009  5.4512277467E+030
  5.9845572238E+010  1.5105673052E-009  5.6211443503E+030
  6.1581469921E+010  1.5146116623E-009  5.7923715916E+030
  6.3326147266E+010  1.5186872151E-009  5.9649195802E+030
  6.5079625539E+010  1.5227942045E-009  6.1387985034E+030
  6.6841925824E+010  1.5269328727E-009  6.3140186274E+030
  6.8613069027E+010  1.5311034642E-009  6.4905902973E+030
  7.0393075869E+010  1.5353062253E-009  6.6685239383E+030
  7.2181966887E+010  1.5395414039E-009  6.8478300557E+030
  7.3979762434E+010  1.5438092503E-009  7.0285192360E+030
  7.5786482670E+010  1.5481100164E-009  7.2106021475E+030
  7.7602147566E+010  1.5524439560E-009  7.3940895405E+030
  7.9427799009E+010  1.5559397529E-009  7.5789922483E+030
  8.1264165211E+010  1.5588721186E-009  7.7653211880E+030
  8.3111289395E+010  1.5618271029E-009  7.9530873605E+030
  8.4969214733E+010  1.5648048802E-009  8.1423018520E+030
  8.6837984337E+010  1.5678056263E-009  8.3329758338E+030
  8.8717641263E+010  1.5708295184E-009  8.5251205636E+030
  9.0608228502E+010  1.5738767351E-009  8.7187473860E+030
  9.2509788981E+010  1.5769474563E-009  8.9138677329E+030
  9.4422365560E+010  1.5800418631E-009  9.1104931245E+030
  9.6346001024E+010  1.5831601385E-009  9.3086351699E+030
  9.8280738088E+010  1.5863024664E-009  9.5083055676E+030
  1.0022661939E+011  1.5894690324E-009  9.7095161064E+030
  1.0218368748E+011  1.5926600234E-009  9.9122786661E+030
  1.0415198483E+011  1.5958756279E-009  1.0116605218E+031
  1.0613155383E+011  1.5991160356E-009  1.0322507826E+031
  1.0812243677E+011  1.6023814380E-009  1.0529998647E+031
  1.1012467586E+011  1.6056720279E-009  1.0739089931E+031
  1.1213831321E+011  1.6089879994E-009  1.0949794024E+031
  1.1416339082E+011  1.6123295483E-009  1.1162123365E+031
  1.1619995061E+011  1.6156968721E-009  1.1376090491E+031
  1.1824803437E+011  1.6190901694E-009  1.1591708035E+031
  1.2030768380E+011  1.6225096406E-009  1.1808988727E+031
  1.2237871718E+011  1.6261307940E-009  1.2027945395E+031
  1.2445938352E+011  1.6311813195E-009  1.2248590968E+031
  1.2654969847E+011  1.6362708019E-009  1.2470938472E+031
  1.2864967743E+011  1.6413995415E-009  1.2695001036E+031
  1.3075933556E+011  1.6465678412E-009  1.2920791887E+031
  1.3287868777E+011  1.6517760062E-009  1.3148324358E+031
  1.3500774873E+011  1.6570243439E-009  1.3377611881E+031
  1.3714653289E+011  1.6623131642E-009  1.3608667995E+031
  1.3929505440E+011  1.6676427795E-009  1.3841506342E+031
  1.4145332721E+011  1.6730135042E-009  1.4076140667E+031
  1.4362136499E+011  1.6784256557E-009  1.4312584825E+031
  1.4579918118E+011  1.6838795533E-009  1.4550852776E+031
  1.4798678894E+011  1.6893755191E-009  1.4790958587E+031
  1.5018420120E+011  1.6949138775E-009  1.5032916434E+031
  1.5239143063E+011  1.7004949557E-009  1.5276740603E+031
  1.5461039384E+011  1.7046550193E-009  1.5522445490E+031
  1.5684202182E+011  1.7081607200E-009  1.5770045601E+031
  1.5908636165E+011  1.7116934616E-009  1.6019555556E+031
  1.6134346030E+011  1.7152534527E-009  1.6270990084E+031
  1.6361336462E+011  1.7188409035E-009  1.6524364032E+031
  1.6589612137E+011  1.7224560258E-009  1.6779692360E+031
  1.6819177716E+011  1.7260990331E-009  1.7036990141E+031
  1.7050037850E+011  1.7297701404E-009  1.7296272567E+031
  1.7282197176E+011  1.7334695645E-009  1.7557554947E+031
  1.7515660319E+011  1.7371975238E-009  1.7820852707E+031
  1.7750431891E+011  1.7409542384E-009  1.8086181393E+031
  1.7986516490E+011  1.7447399302E-009  1.8353556670E+031
  1.8223918700E+011  1.7485548225E-009  1.8622994323E+031
  1.8462643089E+011  1.7523991407E-009  1.8894510262E+031
  1.8702694214E+011  1.7562731117E-009  1.9168120517E+031
  1.8944076613E+011  1.7601769643E-009  1.9443841242E+031
  1.9186794812E+011  1.7641109289E-009  1.9721688716E+031
  1.9430853319E+011  1.7680752379E-009  2.0001679343E+031
  1.9676256627E+011  1.7720701252E-009  2.0283829655E+031
  1.9923009212E+011  1.7760958267E-009  2.0568156310E+031
  2.0171115532E+011  1.7801525802E-009  2.0854676096E+031
  2.0420659885E+011  1.7836696876E-009  2.1143405928E+031
  2.0671649376E+011  1.7872032192E-009  2.1434362854E+031
  2.0924089621E+011  1.7907640063E-009  2.1727564052E+031
  2.1177986226E+011  1.7943522594E-009  2.2023026834E+031
  2.1433344788E+011  1.7979681901E-009  2.2320768643E+031
  2.1690170893E+011  1.8016120119E-009  2.2620807059E+031
  2.1948470116E+011  1.8052839401E-009  2.2923159797E+031
  2.2208248022E+011  1.8089841915E-009  2.3227844707E+031
  2.2469510164E+011  1.8127129844E-009  2.3534879780E+031
  2.2732262082E+011  1.8164705390E-009  2.3844283142E+031
  2.2996509306E+011  1.8202570772E-009  2.4156073062E+031
  2.3262257351E+011  1.8240728226E-009  2.4470267947E+031
  2.3529511720E+011  1.8279180004E-009  2.4786886349E+031
  2.3798243197E+011  1.8320294019E-009  2.5105946961E+031
  2.4068371205E+011  1.8367539948E-009  2.5427468620E+031
  2.4339899529E+011  1.8415150306E-009  2.5751470310E+031
  2.4612831933E+011  1.8463127902E-009  2.6077971161E+031
  2.4887172153E+011  1.8511475569E-009  2.6406990449E+031
  2.5162923900E+011  1.8560196162E-009  2.6738547600E+031
  2.5440090859E+011  1.8609292557E-009  2.7072662190E+031
  2.5718676689E+011  1.8658767653E-009  2.7409353945E+031
  2.5998412021E+011  1.8726881860E-009  2.7748642744E+031
  2.6279134960E+011  1.8806407348E-009  2.8090548619E+031
  2.6560844959E+011  1.8886546249E-009  2.8435091757E+031
  2.6843541442E+011  1.8967303295E-009  2.8782292501E+031
  2.7127223810E+011  1.9048683254E-009  2.9132171348E+031
  2.7411891434E+011  1.9130690930E-009  2.9484748957E+031
  2.7697543661E+011  1.9213331166E-009  2.9840046145E+031
  2.7984244590E+011  1.9292248817E-009  3.0198083888E+031
  2.8272675060E+011  1.9326030543E-009  3.0558883326E+031
  2.8562842626E+011  1.9360072842E-009  3.0922465760E+031
  2.8854754842E+011  1.9394377723E-009  3.1288852658E+031
  2.9148419263E+011  1.9428947212E-009  3.1658065650E+031
  2.9443843438E+011  1.9463783350E-009  3.2030126537E+031
  2.9741034917E+011  1.9498888194E-009  3.2405057284E+031
  3.0040001245E+011  1.9534263816E-009  3.2782880029E+031
  3.0340749966E+011  1.9569912305E-009  3.3163617079E+031
  3.0643288617E+011  1.9605835766E-009  3.3547290912E+031
  3.0947624735E+011  1.9642036319E-009  3.3933924182E+031
  3.1253765847E+011  1.9678516102E-009  3.4323539716E+031
  3.1561719479E+011  1.9715277270E-009  3.4716160517E+031
  3.1871493151E+011  1.9752321991E-009  3.5111809766E+031
  3.2183094375E+011  1.9789652454E-009  3.5510510823E+031
  3.2496530658E+011  1.9827270862E-009  3.5912287228E+031
  3.2811809498E+011  1.9865179437E-009  3.6317162701E+031
  3.3128932432E+011  1.9903754272E-009  3.6725161149E+031
  3.3447895916E+011  1.9943310220E-009  3.7136306659E+031
  3.3768707163E+011  1.9983171278E-009  3.7550623506E+031
  3.4091373373E+011  2.0023339802E-009  3.7968136151E+031
  3.4415901737E+011  2.0063818163E-009  3.8388869246E+031
  3.4742299432E+011  2.0104608750E-009  3.8812847631E+031
  3.5070573622E+011  2.0145713971E-009  3.9240096339E+031
  3.5400731460E+011  2.0187136255E-009  3.9670640594E+031
  3.5732780083E+011  2.0228878046E-009  4.0104505816E+031
  3.6066701886E+011  2.0272442963E-009  4.0541717623E+031
  3.6402480022E+011  2.0317771025E-009  4.0982301826E+031
  3.6740120870E+011  2.0363448722E-009  4.1426284439E+031
  3.7079630789E+011  2.0409478750E-009  4.1873691676E+031
  3.7421016117E+011  2.0455863826E-009  4.2324549952E+031
  3.7764283170E+011  2.0502606690E-009  4.2778885885E+031
  3.8109438240E+011  2.0549710102E-009  4.3236726302E+031
  3.8456569753E+011  2.0592302409E-009  4.3698098232E+031
  3.8805704027E+011  2.0634107978E-009  4.4163028917E+031
  3.9156848780E+011  2.0676236011E-009  4.4631545807E+031
  3.9510011716E+011  2.0718688995E-009  4.5103676563E+031
  3.9865200526E+011  2.0761469437E-009  4.5579449060E+031
  4.0222422887E+011  2.0804579862E-009  4.6058891390E+031
  4.0581686459E+011  2.0848022815E-009  4.6542031858E+031
  4.0943030671E+011  2.0889963292E-009  4.7028898990E+031
  4.1306472674E+011  2.0931706757E-009  4.7519521532E+031
  4.1672020704E+011  2.0973772208E-009  4.8013928451E+031
  4.2039682985E+011  2.1016162126E-009  4.8512148936E+031
  4.2409467731E+011  2.1058879016E-009  4.9014212404E+031
  4.2781383138E+011  2.1101925399E-009  4.9520148498E+031
  4.3155440741E+011  2.1145114536E-009  5.0029987087E+031
  4.3531792980E+011  2.1180517671E-009  5.0543758275E+031
  4.3910450361E+011  2.1216193886E-009  5.1061492394E+031
  4.4291423394E+011  2.1252145286E-009  5.1583220013E+031
  4.4674722595E+011  2.1288373995E-009  5.2108971934E+031
  4.5060358485E+011  2.1324882150E-009  5.2638779200E+031
  4.5448341586E+011  2.1361671908E-009  5.3172673090E+031
  4.5838598518E+011  2.1403346021E-009  5.3710685127E+031
  4.6230963234E+011  2.1454918569E-009  5.4252847075E+031
  4.6625442336E+011  2.1506888918E-009  5.4799190945E+031
  4.7022042395E+011  2.1559260135E-009  5.5349748993E+031
  4.7420769954E+011  2.1612035314E-009  5.5904553725E+031
  4.7821476043E+011  2.1673623733E-009  5.6463637898E+031
  4.8224096940E+011  2.1739369551E-009  5.7027034521E+031
  4.8628636307E+011  2.1805622495E-009  5.7594776857E+031
  4.9035097761E+011  2.1872386475E-009  5.8166898426E+031
  4.9443484875E+011  2.1939665434E-009  5.8743433008E+031
  4.9853801180E+011  2.2007463343E-009  5.9324414642E+031
  5.0266247098E+011  2.2065243906E-009  5.9909877630E+031
  5.0681133741E+011  2.2107190335E-009  6.0499856539E+031
  5.1098471244E+011  2.2149460315E-009  6.1094386201E+031
  5.1518269740E+011  2.2192056341E-009  6.1693501718E+031
  5.1940539350E+011  2.2234980928E-009  6.2297238464E+031
  5.2365290187E+011  2.2278236610E-009  6.2905632083E+031
  5.2792532355E+011  2.2321825941E-009  6.3518718497E+031
  5.3222275949E+011  2.2365751495E-009  6.4136533902E+031
  5.3654531052E+011  2.2410015865E-009  6.4759114775E+031
  5.4089307736E+011  2.2454621665E-009  6.5386497874E+031
  5.4526616062E+011  2.2499571528E-009  6.6018720241E+031
  5.4966466076E+011  2.2544868108E-009  6.6655819203E+031
  5.5408990758E+011  2.2584238319E-009  6.7297832375E+031
  5.5854267416E+011  2.2620593051E-009  6.7944797664E+031
  5.6302309125E+011  2.2657228203E-009  6.8596753265E+031
  5.6753128974E+011  2.2694145936E-009  6.9253737672E+031
  5.7206740064E+011  2.2731348431E-009  6.9915789675E+031
  5.7663155508E+011  2.2768837885E-009  7.0582948360E+031
  5.8122388430E+011  2.2806616511E-009  7.1255253120E+031
  5.8584451965E+011  2.2844686539E-009  7.1932743646E+031
  5.9049337337E+011  2.2884129276E-009  7.2615459940E+031
  5.9516078382E+011  2.2971954045E-009  7.3303442310E+031
  5.9984675840E+011  2.3060456243E-009  7.3996731375E+031
  6.0455130398E+011  2.3149641096E-009  7.4695368068E+031
  6.0927872983E+011  2.3218362708E-009  7.5399393638E+031
  6.1403155784E+011  2.3275493171E-009  7.6108849651E+031
  6.1880986647E+011  2.3333064305E-009  7.6823777994E+031
  6.2361373386E+011  2.3391079508E-009  7.7544220878E+031
  6.2844323776E+011  2.3449542208E-009  7.8270220839E+031
  6.3329845557E+011  2.3508455855E-009  7.9001820740E+031
  6.3817946430E+011  2.3567823927E-009  7.9739063778E+031
  6.4308741063E+011  2.3622498956E-009  8.0481993478E+031
  6.4802471379E+011  2.3666430867E-009  8.1230653706E+031
  6.5299149967E+011  2.3710701643E-009  8.1985088662E+031
  6.5798789410E+011  2.3755313898E-009  8.2745342890E+031
  6.6301402286E+011  2.3800270266E-009  8.3511461277E+031
  6.6807001170E+011  2.3845573401E-009  8.4283489054E+031
  6.7315598629E+011  2.3891225979E-009  8.5061471804E+031
  6.7827207225E+011  2.3937230693E-009  8.5845455460E+031
  6.8340982129E+011  2.4023610982E-009  8.6635486310E+031
  6.8856854325E+011  2.4113971924E-009  8.7431610997E+031
  6.9374825043E+011  2.4205029859E-009  8.8233876526E+031
  6.9894981035E+011  2.4292793025E-009  8.9042330264E+031
  7.0418236872E+011  2.4338708239E-009  8.9857019943E+031
  7.0944605720E+011  2.4384977616E-009  9.0677993664E+031
  7.1474100740E+011  2.4431603889E-009  9.1505299898E+031
  7.2006735086E+011  2.4478589809E-009  9.2338987491E+031
  7.2542521906E+011  2.4525938151E-009  9.3179105664E+031
  7.3081474340E+011  2.4573651711E-009  9.4025704019E+031
  7.3623605521E+011  2.4621733306E-009  9.4878832541E+031
  7.4168946143E+011  2.4669390923E-009  9.5738541599E+031
  7.4717535787E+011  2.4716236182E-009  9.6604881952E+031
  7.5269388252E+011  2.4763442778E-009  9.7477904750E+031
  7.5824517328E+011  2.4811013497E-009  9.8357661538E+031
  7.6382936801E+011  2.4858951150E-009  9.9244204257E+031
  7.6944392820E+011  2.4919130332E-009  1.0013758525E+032
  7.7508769230E+011  2.4985348137E-009  1.0103785726E+032
  7.8076074113E+011  2.5052076707E-009  1.0194507345E+032
  7.8646575009E+011  2.5107894779E-009  1.0285928738E+032
  7.9220671380E+011  2.5147141453E-009  1.0378055301E+032
  7.9798380939E+011  2.5186690854E-009  1.0470892476E+032
  8.0379721431E+011  2.5226545315E-009  1.0564445742E+032
  8.0964710623E+011  2.5266707191E-009  1.0658720624E+032
  8.1553474061E+011  2.5302547718E-009  1.0753722688E+032
  8.2146191246E+011  2.5331834273E-009  1.0849457541E+032
  8.2742884884E+011  2.5361346728E-009  1.0945930838E+032
  8.3343577762E+011  2.5391086824E-009  1.1043148274E+032
  8.3948377227E+011  2.5417505707E-009  1.1141115588E+032
  8.4557812221E+011  2.5423072361E-009  1.1239838565E+032
  8.5171918079E+011  2.5428681954E-009  1.1339323034E+032
  8.5790730400E+011  2.5434334815E-009  1.1439574868E+032
  8.6414285053E+011  2.5440031279E-009  1.1540599986E+032
  8.7042831535E+011  2.5437135018E-009  1.1642404353E+032
  8.7676491056E+011  2.5431014442E-009  1.1744993980E+032
  8.8315724004E+011  2.5408276590E-009  1.1848374923E+032
  8.8960585401E+011  2.5385363351E-009  1.1952553287E+032
  8.9611536237E+011  2.5346482550E-009  1.2057535221E+032
  9.0269195619E+011  2.5286095936E-009  1.2163326926E+032
  9.0933882563E+011  2.5216418996E-009  1.2269934646E+032
  9.1605817863E+011  2.5141532217E-009  1.2377364676E+032
  9.2285103647E+011  2.5066067805E-009  1.2485623358E+032
  9.2973222033E+011  2.4939980353E-009  1.2594717085E+032
  9.3670387521E+011  2.4811043063E-009  1.2704652297E+032
  9.4376861467E+011  2.4677861025E-009  1.2815435486E+032
  9.5093865382E+011  2.4507901161E-009  1.2927073192E+032
  9.5823438714E+011  2.4276389592E-009  1.3039572005E+032
  9.6570645201E+011  2.3891293944E-009  1.3152938569E+032
  9.7332500005E+011  2.3617685430E-009  1.3267179577E+032
  9.8109702519E+011  2.3334925986E-009  1.3382301774E+032
  9.8907230041E+011  2.2920717938E-009  1.3498311955E+032
  9.9723121953E+011  2.2582754547E-009  1.3615216972E+032
  1.0055340826E+012  2.2367596873E-009  1.3733023726E+032
  1.0140044009E+012  2.2099734035E-009  1.3851739173E+032
  1.0226590462E+012  2.1801141940E-009  1.3971370322E+032
  1.0314589921E+012  2.1611866718E-009  1.4091924235E+032
  1.0403975974E+012  2.1446085824E-009  1.4213408032E+032
  1.0494724162E+012  2.1292519162E-009  1.4335828883E+032
  1.0586765245E+012  2.1160802599E-009  1.4459194018E+032
  1.0680262238E+012  2.0997459934E-009  1.4583510719E+032
  1.0775332983E+012  2.0814688825E-009  1.4708786327E+032
  1.0871531648E+012  2.0734895615E-009  1.4835028238E+032
  1.0968876274E+012  2.0654486926E-009  1.4962243906E+032
  1.1067385297E+012  2.0573458012E-009  1.5090440841E+032
  1.1167014666E+012  2.0504740036E-009  1.5219626613E+032
  1.1267738017E+012  2.0444250260E-009  1.5349808849E+032
  1.1369570906E+012  2.0383293901E-009  1.5480995234E+032
  1.1472510073E+012  2.0325639943E-009  1.5613193515E+032
  1.1576511159E+012  2.0279199285E-009  1.5746411496E+032
  1.1681587850E+012  2.0232400410E-009  1.5880657044E+032
  1.1787754066E+012  2.0185240557E-009  1.6015938083E+032
  1.1895073663E+012  2.0128392989E-009  1.6152262601E+032
  1.2003563937E+012  2.0070890162E-009  1.6289638648E+032
  1.2113241361E+012  2.0012943791E-009  1.6428074333E+032
  1.2223956766E+012  1.9984455371E-009  1.6567577830E+032
  1.2335676973E+012  1.9963747822E-009  1.6708157376E+032
  1.2448412451E+012  1.9942880547E-009  1.6849821271E+032
  1.2562173803E+012  1.9921852314E-009  1.6992577879E+032
  1.2676971770E+012  1.9900661882E-009  1.7136435628E+032
  1.2792817228E+012  1.9879307999E-009  1.7281403012E+032
  1.2909680019E+012  1.9864784861E-009  1.7427488589E+032
  1.3027546600E+012  1.9854115368E-009  1.7574700986E+032
  1.3146426467E+012  1.9843363576E-009  1.7723048894E+032
  1.3266329219E+012  1.9832528851E-009  1.7872541071E+032
  1.3387264563E+012  1.9821610554E-009  1.8023186343E+032
  1.3509242310E+012  1.9810608039E-009  1.8174993605E+032
  1.3632233725E+012  1.9805742793E-009  1.8327971820E+032
  1.3756235904E+012  1.9802745851E-009  1.8482130020E+032
  1.3881257666E+012  1.9799725793E-009  1.8637477307E+032
  1.4007307921E+012  1.9796682440E-009  1.8794022852E+032
  1.4134395663E+012  1.9793615612E-009  1.8951775898E+032
  1.4262525620E+012  1.9791197512E-009  1.9110745759E+032
  1.4391681274E+012  1.9792679149E-009  1.9270941822E+032
  1.4521871150E+012  1.9794172214E-009  1.9432373543E+032
  1.4653103851E+012  1.9795676795E-009  1.9595050454E+032
  1.4785388052E+012  1.9797192983E-009  1.9758982161E+032
  1.4918732511E+012  1.9798720865E-009  1.9924178341E+032
  1.5053097380E+012  1.9807432839E-009  2.0090648749E+032
  1.5188474927E+012  1.9818482045E-009  2.0258403212E+032
  1.5324872643E+012  1.9829616479E-009  2.0427451635E+032
  1.5462298074E+012  1.9840836797E-009  2.0597803999E+032
  1.5600758820E+012  1.9852143661E-009  2.0769470363E+032
  1.5740262535E+012  1.9863537741E-009  2.0942460860E+032
  1.5880816929E+012  1.9875019707E-009  2.1116785706E+032
  1.6022429766E+012  1.9886590239E-009  2.1292455192E+032
  1.6165108868E+012  1.9898250020E-009  2.1469479690E+032
  1.6308846972E+012  1.9912096398E-009  2.1647869652E+032
  1.6453631322E+012  1.9928850791E-009  2.1827635610E+032
  1.6599469140E+012  1.9945734418E-009  2.2008788178E+032
  1.6746367691E+012  1.9962748276E-009  2.2191338051E+032
  1.6894334288E+012  1.9979893368E-009  2.2375296008E+032
  1.7043376285E+012  1.9997170707E-009  2.2560672909E+032
  1.7193501086E+012  2.0014581314E-009  2.2747479700E+032
  1.7344707673E+012  2.0033247587E-009  2.2935727409E+032
  1.7496979354E+012  2.0055218917E-009  2.3125427152E+032
  1.7650323001E+012  2.0077359722E-009  2.3316590128E+032
  1.7804745525E+012  2.0099671307E-009  2.3509227624E+032
  1.7960253870E+012  2.0122154991E-009  2.3703351013E+032
  1.8116855022E+012  2.0144812101E-009  2.3898971757E+032
  1.8274534057E+012  2.0170449678E-009  2.4096101406E+032
  1.8433213182E+012  2.0207027565E-009  2.4294751598E+032
  1.8592897509E+012  2.0243887593E-009  2.4494934062E+032
  1.8753592164E+012  2.0281031937E-009  2.4696660616E+032
  1.8915302284E+012  2.0318462791E-009  2.4899943172E+032
  1.9078033021E+012  2.0356182365E-009  2.5104793731E+032
  1.9241834649E+012  2.0388577658E-009  2.5311224388E+032
  1.9406775493E+012  2.0413504218E-009  2.5519247331E+032
  1.9572862722E+012  2.0438623048E-009  2.5728874841E+032
  1.9740103540E+012  2.0463935629E-009  2.5940119296E+032
  1.9908505188E+012  2.0489443457E-009  2.6152993168E+032
  2.0078074942E+012  2.0515148038E-009  2.6367509025E+032
  2.0248820117E+012  2.0541050888E-009  2.6583679532E+032
  2.0420748063E+012  2.0567153538E-009  2.6801517453E+032
  2.0593866166E+012  2.0593457529E-009  2.7021035648E+032
  2.0768181852E+012  2.0619964414E-009  2.7242247079E+032
  2.0943702580E+012  2.0646675757E-009  2.7465164806E+032
  2.1120390119E+012  2.0678942486E-009  2.7689801991E+032
  2.1298216280E+012  2.0715516982E-009  2.7916171896E+032
  2.1477187133E+012  2.0752373592E-009  2.8144287886E+032
  2.1657308768E+012  2.0789514493E-009  2.8374163430E+032
  2.1838587292E+012  2.0826941877E-009  2.8605812101E+032
  2.2020947669E+012  2.0873941377E-009  2.8839247574E+032
  2.2204300627E+012  2.0932034995E-009  2.9074483633E+032
  2.2388649603E+012  2.0990576714E-009  2.9311534166E+032
  2.2573998028E+012  2.1049569989E-009  2.9550413168E+032
  2.2760349329E+012  2.1109018304E-009  2.9791134744E+032
  2.2947837387E+012  2.1154198957E-009  3.0033713106E+032
  2.3136574069E+012  2.1187765414E-009  3.0278162576E+032
  2.3326566561E+012  2.1221590783E-009  3.0524497586E+032
  2.3517822074E+012  2.1255677061E-009  3.0772732682E+032
  2.3710347852E+012  2.1290026261E-009  3.1022882519E+032
  2.3904151167E+012  2.1324640411E-009  3.1274961865E+032
  2.4099239317E+012  2.1359521554E-009  3.1528985605E+032
  2.4295619634E+012  2.1394671750E-009  3.1784968737E+032
  2.4493299474E+012  2.1430093074E-009  3.2042926372E+032
  2.4692272821E+012  2.1467233531E-009  3.2302873743E+032
  2.4892450745E+012  2.1514981465E-009  3.2564826197E+032
  2.5093838826E+012  2.1563097698E-009  3.2828799199E+032
  2.5296442647E+012  2.1611585072E-009  3.3094808335E+032
  2.5500267805E+012  2.1660446449E-009  3.3362869311E+032
  2.5705181864E+012  2.1724304949E-009  3.3632997953E+032
  2.5911092357E+012  2.1798820864E-009  3.3905210209E+032
  2.6118001741E+012  2.1873911551E-009  3.4179522153E+032
  2.6325912461E+012  2.1949581445E-009  3.4455949979E+032
  2.6534898976E+012  2.2018246208E-009  3.4734510009E+032
  2.6745236103E+012  2.2058933419E-009  3.5015218688E+032
  2.6956931150E+012  2.2099934467E-009  3.5298092591E+032
  2.7169991450E+012  2.2141251773E-009  3.5583148418E+032
  2.7384424360E+012  2.2182887777E-009  3.5870402999E+032
  2.7600237264E+012  2.2224844937E-009  3.6159873295E+032
  2.7817437569E+012  2.2267125730E-009  3.6451576397E+032
  2.8036032707E+012  2.2309732652E-009  3.6745529526E+032
  2.8256030137E+012  2.2352668220E-009  3.7041750039E+032
  2.8477075840E+012  2.2432549761E-009  3.7340255424E+032
  2.8699118024E+012  2.2518545605E-009  3.7641063305E+032
  2.8922158577E+012  2.2605204770E-009  3.7944191444E+032
  2.9146199377E+012  2.2692532374E-009  3.8249657736E+032
  2.9371489042E+012  2.2755590391E-009  3.8557480217E+032
  2.9598062538E+012  2.2816091807E-009  3.8867677062E+032
  2.9825925033E+012  2.2877059896E-009  3.9180266585E+032
  3.0055081695E+012  2.2938498257E-009  3.9495267241E+032
  3.0285537697E+012  2.3000410517E-009  3.9812697628E+032
  3.0517298211E+012  2.3062800333E-009  4.0132576489E+032
  3.0750368414E+012  2.3125671388E-009  4.0454922709E+032
  3.0984752664E+012  2.3189108190E-009  4.0779755320E+032
  3.1220454040E+012  2.3253240418E-009  4.1107093500E+032
  3.1457477679E+012  2.3317867325E-009  4.1436956577E+032
  3.1695828723E+012  2.3382992727E-009  4.1769364025E+032
  3.1935512311E+012  2.3448620468E-009  4.2104335470E+032
  3.2176533587E+012  2.3514754423E-009  4.2441890691E+032
  3.2418897694E+012  2.3581398497E-009  4.2782049615E+032
  3.2662625771E+012  2.3647004979E-009  4.3124832327E+032
  3.2907879300E+012  2.3698028633E-009  4.3470259066E+032
  3.3154666042E+012  2.3749445853E-009  4.3818350225E+032
  3.3402993784E+012  2.3801259676E-009  4.4169126357E+032
  3.3652870333E+012  2.3853473161E-009  4.4522608171E+032
  3.3904303522E+012  2.3906089390E-009  4.4878816539E+032
  3.4157301205E+012  2.3959111470E-009  4.5237772490E+032
  3.4411714726E+012  2.4027311421E-009  4.5599497218E+032
  3.4667147610E+012  2.4133945664E-009  4.5964012080E+032
  3.4923601083E+012  2.4241402422E-009  4.6331338598E+032
  3.5181077127E+012  2.4349614941E-009  4.6701498458E+032
  3.5439763208E+012  2.4441058084E-009  4.7074513516E+032
  3.5699662171E+012  2.4533206567E-009  4.7450405794E+032
  3.5960776851E+012  2.4626065829E-009  4.7829197487E+032
  3.6223110073E+012  2.4719641354E-009  4.8210910958E+032
  3.6486664650E+012  2.4813938665E-009  4.8595568745E+032
  3.6751443386E+012  2.4908963331E-009  4.8983193558E+032
  3.7017695256E+012  2.4981610091E-009  4.9373808282E+032
  3.7285538600E+012  2.5044285480E-009  4.9767435982E+032
  3.7554980771E+012  2.5107444311E-009  5.0164099896E+032
  3.7826029138E+012  2.5171090313E-009  5.0563823444E+032
  3.8098691087E+012  2.5235227242E-009  5.0966630227E+032
  3.8372974019E+012  2.5299858887E-009  5.1372544027E+032
  3.8648885352E+012  2.5364989062E-009  5.1781588810E+032
  3.8926432519E+012  2.5430621613E-009  5.2193788725E+032
  3.9205622972E+012  2.5496760416E-009  5.2609168111E+032
  3.9486517998E+012  2.5558513268E-009  5.3027751492E+032
  3.9769163693E+012  2.5617319283E-009  5.3449563581E+032
  4.0053569007E+012  2.5676578894E-009  5.3874629282E+032
  4.0339742920E+012  2.5736295599E-009  5.4302973693E+032
  4.0627694442E+012  2.5796472924E-009  5.4734622103E+032
  4.0917432612E+012  2.5857114422E-009  5.5169599998E+032
  4.1208426247E+012  2.5966322277E-009  5.5607933058E+032
  4.1500548196E+012  2.6087928154E-009  5.6049647165E+032
  4.1793802384E+012  2.6210240708E-009  5.6494768397E+032
  4.2088470612E+012  2.6308444083E-009  5.6943323035E+032
  4.2384556678E+012  2.6407404941E-009  5.7395337562E+032
  4.2682064375E+012  2.6507129126E-009  5.7850838666E+032
  4.2980997486E+012  2.6607622525E-009  5.8309853240E+032
  4.3281359792E+012  2.6708891072E-009  5.8772408385E+032
  4.3583233467E+012  2.6803980551E-009  5.9238531411E+032
  4.3886678392E+012  2.6894907568E-009  5.9708249838E+032
  4.4191699847E+012  2.6986535943E-009  6.0181591400E+032
  4.4498303110E+012  2.7078871086E-009  6.0658584043E+032
  4.4806493460E+012  2.7171918449E-009  6.1139255930E+032
  4.5116276177E+012  2.7265683524E-009  6.1623635439E+032
  4.5427656542E+012  2.7360171849E-009  6.2111751170E+032
  4.5740660824E+012  2.7453548737E-009  6.2603631941E+032
  4.6055752006E+012  2.7507671000E-009  6.3099306794E+032
  4.6372942532E+012  2.7562210731E-009  6.3598804994E+032
  4.6692244911E+012  2.7617171150E-009  6.4102156033E+032
  4.7013671717E+012  2.7672555501E-009  6.4609389628E+032
  4.7337235590E+012  2.7728367055E-009  6.5120535727E+032
  4.7662949235E+012  2.7784609107E-009  6.5635624510E+032
  4.7990825426E+012  2.7841284977E-009  6.6154686388E+032
  4.8320877001E+012  2.7898398012E-009  6.6677752006E+032
  4.8653116866E+012  2.7955951584E-009  6.7204852248E+032
  4.8987438334E+012  2.8023970970E-009  6.7736018235E+032
  4.9323809430E+012  2.8096102153E-009  6.8271281326E+032
  4.9662240508E+012  2.8168789714E-009  6.8810673125E+032
  5.0002741960E+012  2.8242037945E-009  6.9354225479E+032
  5.0345353210E+012  2.8313456237E-009  6.9901970478E+032
  5.0690146738E+012  2.8380361006E-009  7.0453940464E+032
  5.1037134528E+012  2.8447781840E-009  7.1010168024E+032
  5.1386328619E+012  2.8515722718E-009  7.1570686000E+032
  5.1737746316E+012  2.8583764199E-009  7.2135527485E+032
  5.2091496496E+012  2.8644507201E-009  7.2704725828E+032
  5.2447593122E+012  2.8705718739E-009  7.3278314636E+032
  5.2806050234E+012  2.8767402427E-009  7.3856327773E+032
  5.3166881947E+012  2.8829561907E-009  7.4438799368E+032
  5.3530364515E+012  2.8871382038E-009  7.5025763809E+032
  5.3896541249E+012  2.8911629395E-009  7.5617255751E+032
  5.4265432095E+012  2.8952187196E-009  7.6213310119E+032
  5.4637057153E+012  2.8993057837E-009  7.6813962102E+032
  5.5011321288E+012  2.9043190928E-009  7.7419247165E+032
  5.5388231007E+012  2.9094604537E-009  7.8029201044E+032
  5.5767506202E+012  2.9169309983E-009  7.8643859752E+032
  5.6149153923E+012  2.9245032195E-009  7.9263259579E+032
  5.6533623176E+012  2.9288088161E-009  7.9887437096E+032
  5.6920934835E+012  2.9331476235E-009  8.0516429155E+032
  5.7311109944E+012  2.9375198979E-009  8.1150272892E+032
  5.7704169713E+012  2.9419258975E-009  8.1789005731E+032
  5.8100139469E+012  2.9463365828E-009  8.2432665382E+032
  5.8499040875E+012  2.9507811107E-009  8.3081289849E+032
  5.8900895749E+012  2.9552599210E-009  8.3734917428E+032
  5.9305723526E+012  2.9597920075E-009  8.4393586709E+032
  5.9713519170E+012  2.9645563738E-009  8.5057336581E+032
  6.0124304430E+012  2.9693574897E-009  8.5726206233E+032
  6.0538101233E+012  2.9741956385E-009  8.6400235156E+032
  6.0954936183E+012  2.9790389662E-009  8.7079463145E+032
  6.1374909906E+012  2.9833640347E-009  8.7763930304E+032
  6.1798046589E+012  2.9877224642E-009  8.8453677043E+032
  6.2224370631E+012  2.9921145121E-009  8.9148744088E+032
  6.2653867415E+012  2.9968139624E-009  8.9849172474E+032
  6.3086325525E+012  3.0031825784E-009  9.0555003557E+032
  6.3521634434E+012  3.0104992454E-009  9.1266279010E+032
  6.3959377182E+012  3.0208648024E-009  9.1983040827E+032
  6.4399681217E+012  3.0305080451E-009  9.2705331328E+032
  6.4842779955E+012  3.0387109201E-009  9.3433193157E+032
  6.5288689344E+012  3.0469770673E-009  9.4166669288E+032
  6.5737425424E+012  3.0553069747E-009  9.4905803026E+032
  6.6188502923E+012  3.0671043445E-009  9.5650638012E+032
  6.6641669442E+012  3.0807689199E-009  9.6401218221E+032
  6.7096931456E+012  3.0945388958E-009  9.7157587969E+032
  6.7554315798E+012  3.1082769840E-009  9.7919791912E+032
  6.8014664803E+012  3.1164577987E-009  9.8687875053E+032
  6.8477996204E+012  3.1247017155E-009  9.9461882739E+032
  6.8944327854E+012  3.1330092210E-009  1.0024186067E+033
  6.9413677720E+012  3.1413808058E-009  1.0102785490E+033
  6.9886063888E+012  3.1498169642E-009  1.0181991182E+033
  7.0361504567E+012  3.1583181941E-009  1.0261807822E+033
  7.0839997655E+012  3.1670201089E-009  1.0342240120E+033
  7.1321142184E+012  3.1785532479E-009  1.0423292827E+033
  7.1804950215E+012  3.1901753469E-009  1.0504970726E+033
  7.2291433871E+012  3.2018870919E-009  1.0587278642E+033
  7.2779936149E+012  3.2180882279E-009  1.0670221433E+033
  7.3270166690E+012  3.2363646857E-009  1.0753803996E+033
  7.3762129182E+012  3.2547821173E-009  1.0838031266E+033
  7.4256296695E+012  3.2702350170E-009  1.0922908217E+033
  7.4753091585E+012  3.2830615921E-009  1.1008439858E+033
  7.5252525116E+012  3.2959871039E-009  1.1094631241E+033
  7.5754608610E+012  3.3090123155E-009  1.1181487455E+033
  7.6259353453E+012  3.3221379961E-009  1.1269013626E+033
  7.6766771090E+012  3.3353649205E-009  1.1357214923E+033
  7.7277093242E+012  3.3472500235E-009  1.1446096554E+033
  7.7790628660E+012  3.3573027363E-009  1.1535663766E+033
  7.8307396152E+012  3.3674329900E-009  1.1625921847E+033
  7.8827414655E+012  3.3776413824E-009  1.1716876127E+033
  7.9350703242E+012  3.3879285165E-009  1.1808531975E+033
  7.9877281121E+012  3.3982949995E-009  1.1900894802E+033
  8.0406305331E+012  3.4142930949E-009  1.1993970063E+033
  8.0937111503E+012  3.4347608403E-009  1.2087763252E+033
  8.1469703920E+012  3.4553864619E-009  1.2182279907E+033
  8.2005256388E+012  3.4685866526E-009  1.2277525609E+033
  8.2544276362E+012  3.4787054908E-009  1.2373505980E+033
  8.3086785434E+012  3.4889023799E-009  1.2470226688E+033
  8.3632805363E+012  3.4991779219E-009  1.2567693443E+033
  8.4182358081E+012  3.5095327233E-009  1.2665912000E+033
  8.4735383208E+012  3.5204919451E-009  1.2764888158E+033
  8.5291505933E+012  3.5340466852E-009  1.2864627760E+033
  8.5850741674E+012  3.5477059787E-009  1.2965136696E+033
  8.6412865792E+012  3.5629909081E-009  1.3066420898E+033
  8.6977643287E+012  3.5799620212E-009  1.3168486349E+033
  8.7545084447E+012  3.5970640397E-009  1.3271339072E+033
  8.8115815011E+012  3.6104044547E-009  1.3374985142E+033
  8.8689947495E+012  3.6232487508E-009  1.3479430677E+033
  8.9267500884E+012  3.6361921204E-009  1.3584681844E+033
  8.9848494311E+012  3.6492353276E-009  1.3690744857E+033
  9.0433233568E+012  3.6605863304E-009  1.3797625978E+033
  9.1021767341E+012  3.6718697980E-009  1.3905331519E+033
  9.1614120044E+012  3.6832402998E-009  1.4013867837E+033
  9.2210227938E+012  3.6952456977E-009  1.4123241341E+033
  9.2809220320E+012  3.7128724244E-009  1.4233458488E+033
  9.3411109411E+012  3.7306351135E-009  1.4344525786E+033
  9.4015907536E+012  3.7485348136E-009  1.4456449793E+033
  9.4625217505E+012  3.7567508331E-009  1.4569237116E+033
  9.5239104469E+012  3.7648534887E-009  1.4682894416E+033
  9.5857605709E+012  3.7730186434E-009  1.4797428401E+033
  9.6480758905E+012  3.7812467795E-009  1.4912845835E+033
  9.7108602151E+012  3.7895383825E-009  1.5029153531E+033
  9.7741173956E+012  3.7978939422E-009  1.5146358358E+033
  9.8378077812E+012  3.8089136035E-009  1.5264467234E+033
  9.9019336109E+012  3.8200698952E-009  1.5383487133E+033
  9.9664995327E+012  3.8312218113E-009  1.5503425082E+033
  1.0031526316E+013  3.8414215182E-009  1.5624288163E+033
  1.0097017495E+013  3.8516998997E-009  1.5746083512E+033
  1.0162976641E+013  3.8620575626E-009  1.5868818318E+033
  1.0229434595E+013  3.8709100526E-009  1.5992499830E+033
  1.0296397397E+013  3.8797233185E-009  1.6117135349E+033
  1.0363869319E+013  3.8886045647E-009  1.6242732233E+033
  1.0431838377E+013  3.8984879981E-009  1.6369297899E+033
  1.0500306098E+013  3.9085912387E-009  1.6496839818E+033
  1.0569222905E+013  3.9218176564E-009  1.6625365522E+033
  1.0638561489E+013  3.9368715024E-009  1.6754882598E+033
  1.0708372615E+013  3.9493230433E-009  1.6885398693E+033
  1.0778719353E+013  3.9585185993E-009  1.7016921513E+033
  1.0849606357E+013  3.9677850846E-009  1.7149458824E+033
  1.0921038340E+013  3.9771230461E-009  1.7283018451E+033
  1.0993016466E+013  3.9867326391E-009  1.7417608278E+033
  1.1065528382E+013  3.9973580234E-009  1.7553236253E+033
  1.1138578561E+013  4.0080653658E-009  1.7689910384E+033
  1.1212171526E+013  4.0188552984E-009  1.7827638739E+033
  1.1286288334E+013  4.0310059448E-009  1.7966429450E+033
  1.1360930766E+013  4.0433806746E-009  1.8106290712E+033
  1.1436103017E+013  4.0558508559E-009  1.8247230782E+033
  1.1511861037E+013  4.0656441790E-009  1.8389257982E+033
  1.1588230445E+013  4.0744307190E-009  1.8532380697E+033
  1.1665217066E+013  4.0832850333E-009  1.8676607378E+033
  1.1742826803E+013  4.0922076445E-009  1.8821946538E+033
  1.1821015566E+013  4.1038221708E-009  1.8968406761E+033
  1.1899781127E+013  4.1159045459E-009  1.9115996692E+033
  1.1978999831E+013  4.1347727790E-009  1.9264725046E+033
  1.2058688764E+013  4.1530509546E-009  1.9414600604E+033
  1.2138944508E+013  4.1666217546E-009  1.9565632215E+033
  1.2219771751E+013  4.1802972318E-009  1.9717828796E+033
  1.2301175244E+013  4.1940781937E-009  1.9871199332E+033
  1.2383182873E+013  4.2067831925E-009  2.0025752880E+033
  1.2465849482E+013  4.2170612690E-009  2.0181498563E+033
  1.2549181470E+013  4.2274186246E-009  2.0338445578E+033
  1.2633185328E+013  4.2378558708E-009  2.0496603191E+033
  1.2717857274E+013  4.2488932480E-009  2.0655980739E+033
  1.2803142840E+013  4.2630546605E-009  2.0816587633E+033
  1.2889034238E+013  4.2779782720E-009  2.0978433355E+033
  1.2975428677E+013  4.2983743459E-009  2.1141527461E+033
  1.3062341234E+013  4.3183577623E-009  2.1305879580E+033
  1.3149876465E+013  4.3335087295E-009  2.1471499415E+033
  1.3238039798E+013  4.3487765624E-009  2.1638396745E+033
  1.3326836739E+013  4.3641621625E-009  2.1806581424E+033
  1.3416267003E+013  4.3799537097E-009  2.1976063382E+033
  1.3506330787E+013  4.3961284569E-009  2.2146852624E+033
  1.3597033642E+013  4.4124279667E-009  2.2318959236E+033
  1.3688381047E+013  4.4288606282E-009  2.2492393377E+033
  1.3780375181E+013  4.4455904638E-009  2.2667165289E+033
  1.3873021783E+013  4.4624493436E-009  2.2843285289E+033
  1.3966326675E+013  4.4794382630E-009  2.3020763776E+033
  1.4060316030E+013  4.4955905915E-009  2.3199611229E+033
  1.4155012164E+013  4.5111088608E-009  2.3379838207E+033
  1.4250421848E+013  4.5267468289E-009  2.3561455351E+033
  1.4346542767E+013  4.5429390530E-009  2.3744473384E+033
  1.4443337075E+013  4.5613561573E-009  2.3928903112E+033
  1.4540810893E+013  4.5799153204E-009  2.4114755422E+033
  1.4638844516E+013  4.6045143973E-009  2.4302041290E+033
  1.4737384680E+013  4.6320117498E-009  2.4490771771E+033
  1.4836493680E+013  4.6569824171E-009  2.4680958010E+033
  1.4936355187E+013  4.6737658929E-009  2.4872611234E+033
  1.5036976711E+013  4.6906788266E-009  2.5065742760E+033
  1.5138365891E+013  4.7077222168E-009  2.5260363989E+033
  1.5240530495E+013  4.7248970698E-009  2.5456486414E+033
  1.5343217080E+013  4.7542517099E-009  2.5654121613E+033
  1.5446337979E+013  4.7880913302E-009  2.5853281254E+033
  1.5549896878E+013  4.8221919697E-009  2.6053977097E+033
  1.5654216140E+013  4.8417496990E-009  2.6256220991E+033
  1.5759340499E+013  4.8597441695E-009  2.6460024876E+033
  1.5865278388E+013  4.8778774389E-009  2.6665400786E+033
  1.5972038392E+013  4.8961505778E-009  2.6872360846E+033
  1.6079629249E+013  4.9145646650E-009  2.7080917276E+033
  1.6188059859E+013  4.9331207877E-009  2.7291082388E+033
  1.6297219487E+013  4.9572438467E-009  2.7502868591E+033
  1.6407094426E+013  4.9824956220E-009  2.7716288390E+033
  1.6517691617E+013  5.0079421749E-009  2.7931354385E+033
  1.6628947919E+013  5.0367552523E-009  2.8148079274E+033
  1.6740854013E+013  5.0664939315E-009  2.8366475852E+033
  1.6853416082E+013  5.0964619976E-009  2.8586557014E+033
  1.6966675738E+013  5.1250659568E-009  2.8808335754E+033
  1.7080645868E+013  5.1536182310E-009  2.9031825166E+033
  1.7195333536E+013  5.1823907408E-009  2.9257038446E+033
  1.7310749969E+013  5.2112036647E-009  2.9483988889E+033
  1.7426912407E+013  5.2397954344E-009  2.9712689896E+033
  1.7543828522E+013  5.2686077444E-009  2.9943154969E+033
  1.7661506134E+013  5.2976422957E-009  3.0175397716E+033
  1.7779893742E+013  5.3295711613E-009  3.0409431848E+033
  1.7898985844E+013  5.3623234819E-009  3.0645271183E+033
  1.8018789780E+013  5.3953284348E-009  3.0882929645E+033
  1.8138939928E+013  5.4454078731E-009  3.1122421266E+033
  1.8259394213E+013  5.4980382729E-009  3.1363760186E+033
  1.8380163359E+013  5.5508391866E-009  3.1606960654E+033
  1.8501597239E+013  5.5881969834E-009  3.1852037028E+033
  1.8623703012E+013  5.6258429365E-009  3.2099003779E+033
  1.8746487980E+013  5.6637792686E-009  3.2347875488E+033
  1.8869959592E+013  5.7020082194E-009  3.2598666848E+033
  1.8994125446E+013  5.7405320461E-009  3.2851392666E+033
  1.9118932970E+013  5.7821398856E-009  3.3106067864E+033
  1.9244233998E+013  5.8312798718E-009  3.3362707479E+033
  1.9370035083E+013  5.8807988952E-009  3.3621326662E+033
  1.9496342890E+013  5.9306998795E-009  3.3881940682E+033
  1.9623164198E+013  5.9809857709E-009  3.4144564928E+033
  1.9750505903E+013  6.0316595385E-009  3.4409214903E+033
  1.9878725853E+013  6.0661213703E-009  3.4675906235E+033
  2.0007835562E+013  6.1008023208E-009  3.4944654668E+033
  2.0137845800E+013  6.1357507800E-009  3.5215476070E+033
  2.0268767580E+013  6.1709688113E-009  3.5488386431E+033
  2.0400612161E+013  6.2064584939E-009  3.5763401863E+033
  2.0533391061E+013  6.2422219233E-009  3.6040538604E+033
  2.0666968459E+013  6.2851806438E-009  3.6319813016E+033
  2.0800996952E+013  6.3453046566E-009  3.6601241589E+033
  2.0935484622E+013  6.4058924310E-009  3.6884840938E+033
  2.1070456867E+013  6.4661257507E-009  3.7170627807E+033
  2.1205937262E+013  6.5260918857E-009  3.7458619069E+033
  2.1341934316E+013  6.5865205645E-009  3.7748831728E+033
  2.1478456679E+013  6.6474153550E-009  3.8041282919E+033
  2.1615866025E+013  6.6915978340E-009  3.8335989907E+033
  2.1754202613E+013  6.7347359072E-009  3.8632970094E+033
  2.1893478839E+013  6.7782067223E-009  3.8932241013E+033
  2.2033707402E+013  6.8220128460E-009  3.9233820333E+033
  2.2174229791E+013  6.8988754536E-009  3.9537725861E+033
  2.2314806213E+013  6.9886944297E-009  3.9843975539E+033
  2.2455931601E+013  7.0550530524E-009  4.0152587449E+033
  2.2597723283E+013  7.1165452978E-009  4.0463579811E+033
  2.2740191829E+013  7.1785118585E-009  4.0776970987E+033
  2.2883282823E+013  7.2442462788E-009  4.1092779480E+033
  2.3026691497E+013  7.3265210684E-009  4.1411023935E+033
  2.3170428717E+013  7.4094304778E-009  4.1731723144E+033
  2.3314505428E+013  7.4929794021E-009  4.2054896039E+033
  2.3459478472E+013  7.5487302543E-009  4.2380561701E+033
  2.3605426514E+013  7.6015147045E-009  4.2708739359E+033
  2.3752363990E+013  7.6547063033E-009  4.3039448388E+033
  2.3900305704E+013  7.7083081910E-009  4.3372708314E+033
  2.4049096472E+013  7.7711841266E-009  4.3708538813E+033
  2.4198154213E+013  7.8657567169E-009  4.4046959712E+033
  2.4347516895E+013  7.9597308871E-009  4.4387990994E+033
  2.4497512262E+013  8.0375762610E-009  4.4731652792E+033
  2.4648153011E+013  8.1160220887E-009  4.5077965397E+033
  2.4799452082E+013  8.1950730019E-009  4.5426949255E+033
  2.4951305019E+013  8.2811240995E-009  4.5778624972E+033
  2.5103696506E+013  8.3693983979E-009  4.6133013311E+033
  2.5256639915E+013  8.4583535928E-009  4.6490135195E+033
  2.5410174909E+013  8.5465477622E-009  4.6850011709E+033
  2.5564338183E+013  8.6341461965E-009  4.7212664100E+033
  2.5719143869E+013  8.7224203141E-009  4.7578113781E+033
  2.5874606365E+013  8.8113753268E-009  4.7946382329E+033
  2.6030765930E+013  8.8995632071E-009  4.8317491485E+033
  2.6187647428E+013  8.9878710961E-009  4.8691463161E+033
  2.6345266268E+013  9.0768601407E-009  4.9068319436E+033
  2.6503638188E+013  9.1665355950E-009  4.9448082562E+033
  2.6663020246E+013  9.2429557768E-009  4.9830774959E+033
  2.6823545808E+013  9.3133141370E-009  5.0216419222E+033
  2.6985235249E+013  9.3842152006E-009  5.0605038121E+033
  2.7148109536E+013  9.4556631537E-009  5.0996654599E+033
  2.7311422076E+013  9.5723137879E-009  5.1391291779E+033
  2.7474861572E+013  9.7093103565E-009  5.1788972960E+033
  2.7638938485E+013  9.8180659296E-009  5.2189721622E+033
  2.7803937447E+013  9.9116800427E-009  5.2593561426E+033
  2.7969878041E+013  1.0006016241E-008  5.3000516215E+033
  2.8136780359E+013  1.0101080093E-008  5.3410610016E+033
  2.8304803280E+013  1.0188518762E-008  5.3823867042E+033
  2.8473995686E+013  1.0275041256E-008  5.4240311691E+033
  2.8644381160E+013  1.0362231134E-008  5.4659968553E+033
  2.8815795625E+013  1.0461532180E-008  5.5082862403E+033
  2.8988027102E+013  1.0575946655E-008  5.5509018209E+033
  2.9161154207E+013  1.0687762926E-008  5.5938461134E+033
  2.9335591816E+013  1.0776264824E-008  5.6371216530E+033
  2.9511367377E+013  1.0865449374E-008  5.6807309950E+033
  2.9687964793E+013  1.0988955176E-008  5.7246767141E+033
  2.9864659244E+013  1.1160324046E-008  5.7689614049E+033
  3.0042477337E+013  1.1269651562E-008  5.8135876819E+033
  3.0221874144E+013  1.1352770066E-008  5.8585581801E+033
  3.0402883648E+013  1.1436529697E-008  5.9038755545E+033
  3.0585393488E+013  1.1530208771E-008  5.9495424807E+033
  3.0768349531E+013  1.1693420592E-008  5.9955616550E+033
  3.0952110597E+013  1.1836677990E-008  6.0419357944E+033
  3.1136976986E+013  1.1963488187E-008  6.0886676368E+033
  3.1322978922E+013  1.2091276525E-008  6.1357599416E+033
  3.1510480779E+013  1.2198430966E-008  6.1832154889E+033
  3.1699616351E+013  1.2300088779E-008  6.2310370806E+033
  3.1890424789E+013  1.2402530722E-008  6.2792275403E+033
  3.2082219350E+013  1.2552961473E-008  6.3277897131E+033
  3.2274897315E+013  1.2713502014E-008  6.3767264662E+033
  3.2469227745E+013  1.2826824003E-008  6.4260406890E+033
  3.2665252813E+013  1.2941020091E-008  6.4757352929E+033
  3.2862597197E+013  1.3083684876E-008  6.5258132120E+033
  3.3060830752E+013  1.3258631873E-008  6.5762774031E+033
  3.3260512584E+013  1.3400058657E-008  6.6271308455E+033
  3.3461849670E+013  1.3531577039E-008  6.6783765418E+033
  3.3664737359E+013  1.3674231915E-008  6.7300175175E+033
  3.3868701175E+013  1.3853059777E-008  6.7820568216E+033
  3.4073933471E+013  1.4023118292E-008  6.8344975266E+033
  3.4280966849E+013  1.4161252400E-008  6.8873427287E+033
  3.4489854070E+013  1.4300451994E-008  6.9405955478E+033
  3.4700501103E+013  1.4450879316E-008  6.9942591282E+033
  3.4912838407E+013  1.4610960913E-008  7.0483366382E+033
  3.5126840420E+013  1.4777808409E-008  7.1028312706E+033
  3.5342507495E+013  1.4949784079E-008  7.1577462429E+033
  3.5559705674E+013  1.5136343215E-008  7.2130847973E+033
  3.5778463230E+013  1.5326385015E-008  7.2688502010E+033
  3.5999595708E+013  1.5465156821E-008  7.3250457466E+033
  3.6223120828E+013  1.5608973090E-008  7.3816747519E+033
  3.6447017464E+013  1.5900610125E-008  7.4387405604E+033
  3.6672326612E+013  1.6124977384E-008  7.4962465412E+033
  3.6899115897E+013  1.6350927814E-008  7.5541960897E+033
  3.7127571647E+013  1.6570076828E-008  7.6125926273E+033
  3.7357765136E+013  1.6790916229E-008  7.6714396017E+033
  3.7589865439E+013  1.7006541843E-008  7.7307404875E+033
  3.7824064598E+013  1.7215520046E-008  7.7904987857E+033
  3.8060446008E+013  1.7426110185E-008  7.8507180246E+033
  3.8298823211E+013  1.7658436896E-008  7.9114017597E+033
  3.8539156083E+013  1.7901964569E-008  7.9725535737E+033
  3.8781765514E+013  1.8130180174E-008  8.0341770773E+033
  3.9027241860E+013  1.8323518993E-008  8.0962759086E+033
  3.9275697730E+013  1.8518349115E-008  8.1588537341E+033
  3.9525341329E+013  1.8856821566E-008  8.2219142486E+033
  3.9776627976E+013  1.9171027574E-008  8.2854611751E+033
  4.0030021504E+013  1.9460218813E-008  8.3494982656E+033
  4.0285664328E+013  1.9749263306E-008  8.4140293009E+033
  4.0543709778E+013  2.0037740335E-008  8.4790580911E+033
  4.0804350774E+013  2.0323059844E-008  8.5445884754E+033
  4.1068154783E+013  2.0576760819E-008  8.6106243230E+033
  4.1335269680E+013  2.0832418695E-008  8.6771695326E+033
  4.1603848087E+013  2.1246053562E-008  8.7442280332E+033
  4.1874116960E+013  2.1655923769E-008  8.8118037840E+033
  4.2146318915E+013  2.2061035100E-008  8.8799007748E+033
  4.2421393666E+013  2.2405347648E-008  8.9485230262E+033
  4.2700058265E+013  2.2707768491E-008  9.0176745896E+033
  4.2982502038E+013  2.3012522031E-008  9.0873595479E+033
  4.3267973718E+013  2.3396748155E-008  9.1575820153E+033
  4.3556090369E+013  2.3830997650E-008  9.2283461380E+033
  4.3846115494E+013  2.4345791212E-008  9.2996560939E+033
  4.4139569681E+013  2.4753751270E-008  9.3715160933E+033
  4.4436967505E+013  2.5140539000E-008  9.4439303788E+033
  4.4738609283E+013  2.5525821810E-008  9.5169032260E+033
  4.5044310976E+013  2.5951850749E-008  9.5904389432E+033
  4.5352394259E+013  2.6546410981E-008  9.6645418721E+033
  4.5664280764E+013  2.7045794370E-008  9.7392163878E+033
  4.5977161723E+013  2.7818747149E-008  9.8144668993E+033
  4.6293831021E+013  2.8374902324E-008  9.8902978493E+033
  4.6615767710E+013  2.8832030636E-008  9.9667137152E+033
  4.6942779610E+013  2.9342722978E-008  1.0043719008E+034
  4.7273989428E+013  2.9969790667E-008  1.0121318276E+034
  4.7608469120E+013  3.0720136524E-008  1.0199516099E+034
  4.7945637906E+013  3.1565817853E-008  1.0278317094E+034
  4.8288097718E+013  3.2213450770E-008  1.0357725914E+034
  4.8636238864E+013  3.2873885147E-008  1.0437747248E+034
  4.8989592549E+013  3.3631482330E-008  1.0518385820E+034
  4.9346595729E+013  3.4593853301E-008  1.0599646390E+034
  4.9708287678E+013  3.5515469183E-008  1.0681533757E+034
  5.0075195862E+013  3.6450169720E-008  1.0764052756E+034
  5.0447508820E+013  3.7436547008E-008  1.0847208258E+034
  5.0825477314E+013  3.8474192936E-008  1.0931005174E+034
  5.1209636490E+013  3.9540867138E-008  1.1015448450E+034
  5.1599098895E+013  4.0789750259E-008  1.1100543072E+034
  5.1997611231E+013  4.1749027887E-008  1.1186294065E+034
  5.2400500623E+013  4.3310838940E-008  1.1272706490E+034
  5.2813160356E+013  4.4417493789E-008  1.1359785451E+034
  5.3232269456E+013  4.6018786511E-008  1.1447536088E+034
  5.3655800931E+013  4.7991189346E-008  1.1535963583E+034
  5.4087074892E+013  4.9752459895E-008  1.1625073156E+034
  5.4528019384E+013  5.1476675010E-008  1.1714870068E+034
  5.4977973342E+013  5.3486799603E-008  1.1805359621E+034
  5.5437445424E+013  5.5671047137E-008  1.1896547158E+034
  5.5905383995E+013  5.8248323237E-008  1.1988438062E+034
  5.6384405941E+013  6.0803708177E-008  1.2081037760E+034
  5.6870471110E+013  6.4222129110E-008  1.2174351717E+034
  5.7371336872E+013  6.7024845900E-008  1.2268385444E+034
  5.7883068461E+013  7.0829612990E-008  1.2363144493E+034
  5.8410119872E+013  7.4574606323E-008  1.2458634457E+034
  5.8952339740E+013  7.9005466366E-008  1.2554860976E+034
  5.9505510546E+013  8.4846932259E-008  1.2651829729E+034
  6.0079495691E+013  9.0149767873E-008  1.2749546444E+034
  6.0667781296E+013  9.7676380885E-008  1.2848016888E+034
  6.1274275032E+013  1.0604433101E-007  1.2947246875E+034
  6.1906230630E+013  1.1505260135E-007  1.3047242265E+034
  6.2559609363E+013  1.2729277294E-007  1.3148008962E+034
  6.3236267178E+013  1.4250331766E-007  1.3249552914E+034
  6.3942370159E+013  1.6100334153E-007  1.3351880116E+034
  6.4681892529E+013  1.8517260185E-007  1.3454996612E+034
  6.5464164188E+013  2.1691527415E-007  1.3558908487E+034
  6.6288191429E+013  2.6489692084E-007  1.3663621879E+034
  6.7161588777E+013  3.3826971008E-007  1.3769142968E+034
  6.8087953251E+013  4.6472944280E-007  1.3875477986E+034
  6.9084379380E+013  7.0830741143E-007  1.3982633210E+034
  7.0152878843E+013  1.3386786729E-006  1.4090614967E+034
  7.1292036268E+013  4.0629376260E-006  1.4199429633E+034
  7.1938448201E+013  6.0272652224E-005  1.4309083631E+034
  7.1972674107E+013  2.8404238798E-002  1.4419583437E+034
  7.1984729606E+013  1.4363638862E-001  1.4530935574E+034
  7.1992292121E+013  3.1036268065E-001  1.4643146616E+034
  7.1997813971E+013  5.3631918700E-001  1.4756223189E+034
  7.2002166015E+013  8.2752117505E-001  1.4870171968E+034
  7.2005794987E+013  1.1805272574E+000  1.4984999683E+034
  7.2008903484E+013  1.6161538028E+000  1.5100713111E+034
  7.2011629858E+013  2.1385696040E+000  1.5217319085E+034
  7.2014063795E+013  2.7595575757E+000  1.5334824490E+034
  7.2016263895E+013  3.4974363307E+000  1.5453236263E+034
  7.2018296742E+013  4.3214265300E+000  1.5572561396E+034
  7.2020209078E+013  5.2390951700E+000  1.5692806933E+034
  7.2022008999E+013  6.3491097524E+000  1.5813979974E+034
  7.2023730162E+013  7.5821352316E+000  1.5936087673E+034
  7.2025374001E+013  9.0860359871E+000  1.6059137240E+034
  7.2026948800E+013  1.0882604327E+001  1.6183135940E+034
  7.2028470878E+013  1.2965813123E+001  1.6308091094E+034
  7.2029942160E+013  1.5517206193E+001  1.6434010078E+034
  7.2031358718E+013  1.8734443652E+001  1.6560900329E+034
  7.2032736627E+013  2.2518831948E+001  1.6688769337E+034
  7.2034070094E+013  2.7187482163E+001  1.6816638345E+034
  7.2035329430E+013  3.3034610869E+001  1.6941537993E+034
  7.2036513545E+013  4.0461611303E+001  1.7063537235E+034
  7.2037628929E+013  4.9655749629E+001  1.7182703424E+034
  7.2038689472E+013  6.0682651537E+001  1.7299102349E+034
  7.2039702528E+013  7.4347126176E+001  1.7412798271E+034
  7.2040659884E+013  9.2776434839E+001  1.7523853958E+034
  7.2041568941E+013  1.1615426441E+002  1.7632330723E+034
  7.2042432207E+013  1.4684958991E+002  1.7738288453E+034
  7.2043249346E+013  1.8834531892E+002  1.7841785643E+034
  7.2044019538E+013  2.4558380769E+002  1.7942879433E+034
  7.2044389413E+013  6.0034243522E+002  1.8041625635E+034
  7.2044715098E+013  7.5128226124E+002  1.8138078763E+034
  7.2045006969E+013  9.1723470955E+002  1.8232292067E+034
  7.2045271792E+013  1.1001662965E+003  1.8324317560E+034
  7.2045514598E+013  1.3004395597E+003  1.8414206047E+034
  7.2045739534E+013  1.5165582584E+003  1.8502007154E+034
  7.2045949252E+013  1.7531914106E+003  1.8587769353E+034
  7.2046145453E+013  2.0159654459E+003  1.8671539991E+034
  7.2046329872E+013  2.3035953099E+003  1.8753365317E+034
  7.2046504296E+013  2.6131031244E+003  1.8833290505E+034
  7.2046669526E+013  2.9572392729E+003  1.8911359678E+034
  7.2046826477E+013  3.3355654704E+003  1.8987615938E+034
  7.2046975304E+013  3.7666858768E+003  1.9062101383E+034
  7.2047117860E+013  4.2098918600E+003  1.9134857136E+034
  7.2047254036E+013  4.7187539241E+003  1.9205923362E+034
  7.2047384239E+013  5.2845614867E+003  1.9275339296E+034
  7.2047509735E+013  5.8735474164E+003  1.9343143261E+034
  7.2047630423E+013  6.5479820141E+003  1.9409372690E+034
  7.2047746525E+013  7.3029095059E+003  1.9474064147E+034
  7.2047858509E+013  8.1308489783E+003  1.9537253345E+034
  7.2047966622E+013  9.0546957102E+003  1.9598975171E+034
  7.2048071145E+013  1.0082545960E+004  1.9659263700E+034
  7.2048172096E+013  1.1254747089E+004  1.9718152214E+034
  7.2048270039E+013  1.2527985006E+004  1.9775673227E+034
  7.2048364922E+013  1.3993872432E+004  1.9831858492E+034
  7.2048447544E+013  1.7334352061E+004  1.9886739030E+034
  7.2048525839E+013  1.9635402213E+004  1.9940345138E+034
  7.2048600615E+013  2.2063176684E+004  1.9992706411E+034
  7.2048672448E+013  2.4655846683E+004  2.0043851755E+034
  7.2048741573E+013  2.7527050541E+004  2.0093809409E+034
  7.2048808114E+013  3.0750822704E+004  2.0142606951E+034
  7.2048872095E+013  3.4422915764E+004  2.0190271322E+034
  7.2048933884E+013  3.8409141954E+004  2.0236828837E+034
  7.2048993356E+013  4.3056552061E+004  2.0282305197E+034
  7.2049050809E+013  4.8154339410E+004  2.0326725511E+034
  7.2049106416E+013  5.3849593993E+004  2.0370114301E+034
  7.2049160362E+013  6.0203783487E+004  2.0412495522E+034
  7.2049212369E+013  6.7872469989E+004  2.0453892570E+034
  7.2049262611E+013  7.6508792419E+004  2.0494328301E+034
  7.2049311367E+013  8.6072284019E+004  2.0533825038E+034
  7.2049358541E+013  9.7386509456E+004  2.0572404585E+034
  7.2049404231E+013  1.1040168543E+005  2.0610088243E+034
  7.2049448447E+013  1.2565888532E+005  2.0646896815E+034
  7.2049491274E+013  1.4339940187E+005  2.0682850623E+034
  7.2049532613E+013  1.6480165876E+005  2.0717969515E+034
  7.2049572484E+013  1.9026731701E+005  2.0752272880E+034
  7.2049611089E+013  2.1974618145E+005  2.0785779656E+034
  7.2049648390E+013  2.5558744590E+005  2.0818508341E+034
  7.2049684262E+013  3.0013581212E+005  2.0850477004E+034
  7.2049718749E+013  3.5439223699E+005  2.0881703295E+034
  7.2049752066E+013  4.1893179248E+005  2.0912204452E+034
  7.2049784130E+013  5.0061028839E+005  2.0941997315E+034
  7.2049809053E+013  7.3403440622E+005  2.0971098331E+034
  7.2049831868E+013  8.9997886858E+005  2.0999523567E+034
  7.2049853006E+013  1.0882015212E+006  2.1027288714E+034
  7.2049872571E+013  1.3154871440E+006  2.1054409103E+034
  7.2049890626E+013  1.5926966906E+006  2.1080899705E+034
  7.2049907293E+013  1.9241955306E+006  2.1106775145E+034
  7.2049922752E+013  2.3098479360E+006  2.1132049708E+034
  7.2049937187E+013  2.7522601243E+006  2.1156737349E+034
  7.2049945785E+013  5.0211745820E+006  2.1180851695E+034
  7.2049953564E+013  5.8678004816E+006  2.1204406061E+034
  7.2049960653E+013  6.7774453864E+006  2.1227413450E+034
  7.2049967162E+013  7.7392873095E+006  2.1249886564E+034
  7.2049973178E+013  8.7522324883E+006  2.1271837810E+034
  7.2049978738E+013  9.8677769908E+006  2.1293279307E+034
  7.2049983897E+013  1.1048203047E+007  2.1314222891E+034
  7.2049988663E+013  1.2391022616E+007  2.1334680126E+034
  7.2049993125E+013  1.3677061873E+007  2.1354662305E+034
  7.2049997330E+013  1.4972413169E+007  2.1374180460E+034
  7.2050001287E+013  1.6377466305E+007  2.1393245367E+034
  7.2050005022E+013  1.7831449970E+007  2.1411867550E+034
  7.2050008553E+013  1.9361830732E+007  2.1430057291E+034
  7.2050011888E+013  2.0997482040E+007  2.1447824632E+034
  7.2050015031E+013  2.2787849925E+007  2.1465179382E+034
  7.2050017990E+013  2.4722286585E+007  2.1482131122E+034
  7.2050020784E+013  2.6691374027E+007  2.1498689210E+034
  7.2050023413E+013  2.8879654916E+007  2.1514862788E+034
  7.2050025888E+013  3.1168500188E+007  2.1530660785E+034
  7.2050028220E+013  3.3559779137E+007  2.1546091923E+034
  7.2050030421E+013  3.6032514201E+007  2.1561164721E+034
  7.2050032502E+013  3.8565084306E+007  2.1575887500E+034
  7.2050034473E+013  4.1120712644E+007  2.1590268388E+034
  7.2050036339E+013  4.3828067227E+007  2.1604315324E+034
  7.2050038103E+013  4.6731051117E+007  2.1618036064E+034
  7.2050039779E+013  4.9520137122E+007  2.1631438183E+034
  7.2050041361E+013  5.2749855324E+007  2.1644529079E+034
  7.2050042869E+013  5.5560774719E+007  2.1657315980E+034
