 0001  0.1083970125024649E-001
 0002  0.1110188146160356E-001
 0003  0.1110188146160356E-001
 0004  0.1110188146160355E-001
 0005  0.1140523526404311E-001
 0006  0.1140523526404311E-001
 0007  0.1174790797540715E-001
 0008  0.1174790797540715E-001
 0009  0.1208262317879256E-001
 0010  0.1208262317879256E-001
 0011  0.1208262317879256E-001
 0012  0.1246396513730944E-001
 0013  0.1246396513730944E-001
 0014  0.1283645161484740E-001
 0015  0.1283645161484740E-001
 0016  0.1325536934550920E-001
 0017  0.1325536934550920E-001
 0018  0.1372386270934610E-001
 0019  0.1372386270934610E-001
 0020  0.1418147677186418E-001
 0021  0.1418147677186418E-001
 0022  0.1469701040735966E-001
 0023  0.1469701040735965E-001
 0024  0.1526595489992078E-001
 0025  0.1526595489992078E-001
 0026  0.1589322422435078E-001
 0027  0.1648862886929280E-001
 0028  0.1648862886929280E-001
 0029  0.1715219253552520E-001
 0030  0.1715219253552520E-001
 0031  0.1788799054339366E-001
 0032  0.1788799054339366E-001
 0033  0.1860670193092702E-001
 0034  0.1937381846150620E-001
 0035  0.1937381846150620E-001
 0036  0.2025815837977526E-001
 0037  0.2025815837977526E-001
 0038  0.2112196225381881E-001
 0039  0.2216011226008326E-001
 0040  0.2216011226008326E-001
 0041  0.2350815863522476E-001
 0042  0.2521715390750697E-001
 0043  0.2521715390750696E-001
 0044  0.2688646307971864E-001
 0045  0.2688646307971864E-001
 0046  0.2898898187357485E-001
 0047  0.3153645528944965E-001
 0048  0.3153645528944965E-001
 0049  0.3477076653677220E-001
 0050  0.3777699508761385E-001
 0051  0.4151453169412782E-001
 0052  0.4151453169412781E-001
 0053  0.4629759323559993E-001
 0054  0.5175148412252958E-001
 0055  0.5175148412252958E-001
 0056  0.5707872535569900E-001
 0057  0.6334388573016102E-001
 0058  0.6334388573016103E-001
 0059  0.7106352298498239E-001
 0060  0.7985370866307354E-001
 0061  0.8972450390283489E-001
 0062  0.8972450390283489E-001
 0063  0.9936608062220942E-001
 0064  0.1100386620360741E+000
 0065  0.1217878295803986E+000
 0066  0.1217878295803986E+000
 0067  0.1355384060476965E+000
 0068  0.1503423563500311E+000
 0069  0.1637470697623817E+000
 0070  0.1637470697623817E+000
 0071  0.1796856103531805E+000
 0072  0.1968361753519878E+000
 0073  0.2147295243341661E+000
 0074  0.2333387550973705E+000
 0075  0.2333387550973705E+000
 0076  0.2515158443524722E+000
 0077  0.2707593630103586E+000
 0078  0.2908705759571966E+000
 0079  0.3116430010843689E+000
 0080  0.3116430010843689E+000
 0081  0.3349698612569067E+000
 0082  0.3583466181592710E+000
 0083  0.3788752490301175E+000
 0084  0.4000191553878492E+000
 0085  0.4000191553878492E+000
 0086  0.4239429112987703E+000
 0087  0.4476905994355935E+000
 0088  0.4711187335137457E+000
 0089  0.4941457522097514E+000
 0090  0.5167275578345820E+000
 0091  0.5167275578345820E+000
 0092  0.5417147313452715E+000
 0093  0.5657231377473909E+000
 0094  0.5883701606034270E+000
 0095  0.6095093223092702E+000
 0096  0.6290404719570473E+000
 0097  0.6467933144083260E+000
 0098  0.6625848681784454E+000
 0099  0.6762498511924337E+000
 0100  0.6876548531842220E+000
 0101  0.6962210092540012E+000
 0102  0.7020613395288099E+000
 0103  0.7053139458417639E+000
 0104  0.7061392547576412E+000
 0105  0.7047159532425886E+000
 0106  0.7012363267315732E+000
 0107  0.6938144253061783E+000
 0108  0.6852824648355554E+000
 0109  0.6757625628538945E+000
 0110  0.6653697337724461E+000
 0111  0.6542291218077677E+000
 0112  0.6424698080667919E+000
 0113  0.6192239067342873E+000
 0114  0.6078137410949987E+000
 0115  0.5961047633283830E+000
 0116  0.5840937865296275E+000
 0117  0.5719264207699786E+000
 0118  0.5597249967002333E+000
 0119  0.5475915941034241E+000
 0120  0.5356106925062435E+000
 0121  0.5238514934815549E+000
 0122  0.5123699570385933E+000
 0123  0.5003208728378878E+000
 0124  0.4888983405203808E+000
 0125  0.4780738272690225E+000
 0126  0.4678208772913745E+000
 0127  0.4581146890152684E+000
 0128  0.4489317885361764E+000
 0129  0.4402497807030170E+000
 0130  0.4251375091826118E+000
 0131  0.4185370096179284E+000
 0132  0.4122264142413138E+000
 0133  0.4062055507552363E+000
 0134  0.4004720975455613E+000
 0135  0.3950219528487948E+000
 0136  0.3898495570239393E+000
 0137  0.3847108953654429E+000
 0138  0.3799037903136965E+000
 0139  0.3754069463796983E+000
 0140  0.3712005507928634E+000
 0141  0.3672612412000487E+000
 0142  0.3635736733416218E+000
 0143  0.3601231451339008E+000
 0144  0.3568956647183467E+000
 0145  0.3513492403607778E+000
 0146  0.3489583472120723E+000
 0147  0.3466996624481061E+000
 0148  0.3445675856390696E+000
 0149  0.3424852863156440E+000
 0150  0.3405373784901302E+000
 0151  0.3387138388567897E+000
 0152  0.3370070026352269E+000
 0153  0.3354096524593906E+000
 0154  0.3339149946051860E+000
 0155  0.3325166362476112E+000
 0156  0.3312085637298028E+000
 0157  0.3299851218222258E+000
 0158  0.3278722181842290E+000
 0159  0.3269576483696147E+000
 0160  0.3260700423125256E+000
 0161  0.3252370444241018E+000
 0162  0.3244553531997658E+000
 0163  0.3237218621195137E+000
 0164  0.3230336485068213E+000
 0165  0.3223879629924112E+000
 0166  0.3217822195530730E+000
 0167  0.3212139843043775E+000
 0168  0.3206809690772411E+000
 0169  0.3201808271305224E+000
 0170  0.3193002901992512E+000
 0171  0.3189130023653013E+000
 0172  0.3185483432711530E+000
 0173  0.3182050022827307E+000
 0174  0.3178817440057959E+000
 0175  0.3175774039976690E+000
 0176  0.3172908847229748E+000
 0177  0.3170210755747520E+000
 0178  0.3167670234101301E+000
 0179  0.3165231121772161E+000
 0180  0.3162942285128849E+000
 0181  0.3158940383418210E+000
 0182  0.3157188257214341E+000
 0183  0.3155531948296659E+000
 0184  0.3153966313076831E+000
 0185  0.3152486475507976E+000
 0186  0.3151087813915214E+000
 0187  0.3149765948408313E+000
 0188  0.3148495334740011E+000
 0189  0.3147297749013246E+000
 0190  0.3145184108055074E+000
 0191  0.3144250323577821E+000
 0192  0.3143364765643293E+000
 0193  0.3142524976107247E+000
 0194  0.3141728618833867E+000
 0195  0.3140961997376451E+000
 0196  0.3140236544756068E+000
 0197  0.3139550015417571E+000
 0198  0.3138900287933475E+000
 0199  0.3138285358422370E+000
 0200  0.3137191161509429E+000
 0201  0.3136703841174258E+000
 0202  0.3136233869185573E+000
 0203  0.3135787553295161E+000
 0204  0.3135363685430240E+000
 0205  0.3134961120153097E+000
 0206  0.3134578771361906E+000
 0207  0.3134215571926317E+000
 0208  0.3133560699778309E+000
 0209  0.3133265502918250E+000
 0210  0.3132984260087935E+000
 0211  0.3132716280106498E+000
 0212  0.3132460931743614E+000
 0213  0.3132217613971607E+000
 0214  0.3131985754587133E+000
 0215  0.3131762324493920E+000
 0216  0.3131359922036493E+000
 0217  0.3131178602652913E+000
 0218  0.3131005337776553E+000
 0219  0.3130839766428384E+000
 0220  0.3130681543929695E+000
 0221  0.3130528758373833E+000
 0222  0.3130382909870637E+000
 0223  0.3130118627225091E+000
 0224  0.3129998820543465E+000
 0225  0.3129884035187097E+000
 0226  0.3129773004806771E+000
 0227  0.3129666734049299E+000
 0228  0.3129565009209979E+000
 0229  0.3129467632036072E+000
 0230  0.3129290200007922E+000
 0231  0.3129208604722862E+000
 0232  0.3129130315056251E+000
 0233  0.3129055194607854E+000
 0234  0.3128983112692040E+000
 0235  0.3128913941108521E+000
 0236  0.3128847560392793E+000
 0237  0.3128725033649047E+000
 0238  0.3128668979213577E+000
 0239  0.3128615072698105E+000
 0240  0.3128563230485404E+000
 0241  0.3128512980772666E+000
 0242  0.3128464686149767E+000
 0243  0.3128375945093452E+000
 0244  0.3128335160864363E+000
 0245  0.3128295569150111E+000
 0246  0.3128257440759097E+000
 0247  0.3128220719183904E+000
 0248  0.3128185351316171E+000
 0249  0.3128119870759758E+000
 0250  0.3128089559452925E+000
 0251  0.3128060312510135E+000
 0252  0.3128032090977661E+000
 0253  0.3128004678564667E+000
 0254  0.3127978239991444E+000
 0255  0.3127929303798570E+000
 0256  0.3127906651563760E+000
 0257  0.3127884617170357E+000
 0258  0.3127863328009326E+000
 0259  0.3127842758186017E+000
 0260  0.3127804439407568E+000
 0261  0.3127786591818755E+000
 0262  0.3127769319820481E+000
 0263  0.3127752604369796E+000
 0264  0.3127736334226381E+000
 0265  0.3127706031798017E+000
 0266  0.3127691918373883E+000
 0267  0.3127678164337870E+000
 0268  0.3127664838193099E+000
 0269  0.3127651926231257E+000
 0270  0.3127627742929803E+000
 0271  0.3127616418357664E+000
 0272  0.3127605430633408E+000
 0273  0.3127594715723496E+000
 0274  0.3127574652096079E+000
 0275  0.3127565257540143E+000
 0276  0.3127556086195272E+000
 0277  0.3127547178494701E+000
 0278  0.3127538526509807E+000
 0279  0.3127522208938891E+000
 0280  0.3127514551375394E+000
 0281  0.3127507104672462E+000
 0282  0.3127499830198019E+000
 0283  0.3127486144341933E+000
 0284  0.3127479678051772E+000
 0285  0.3127473384180617E+000
 0286  0.3127467257916217E+000
 0287  0.3127455658501169E+000
 0288  0.3127450191158289E+000
 0289  0.3127444842147691E+000
 0290  0.3127439631085777E+000
 0291  0.3127429767907158E+000
 0292  0.3127425100435099E+000
 0293  0.3127420548736882E+000
 0294  0.3127416092910588E+000
 0295  0.3127407645496398E+000
 0296  0.3127403641508964E+000
 0297  0.3127399733770881E+000
 0298  0.3127392298737235E+000
 0299  0.3127388774937819E+000
 0300  0.3127385320744858E+000
 0301  0.3127381947057459E+000
 0302  0.3127375519374137E+000
 0303  0.3127372468198811E+000
 0304  0.3127369475744174E+000
 0305  0.3127363776022315E+000
 0306  0.3127361061771050E+000
 0307  0.3127358398500070E+000
 0308  0.3127355793653575E+000
 0309  0.3127350825488883E+000
 0310  0.3127348456401385E+000
 0311  0.3127346130598554E+000
 0312  0.3127341689057275E+000
 0313  0.3127339568430182E+000
 0314  0.3127337485577490E+000
 0315  0.3127333502985105E+000
 0316  0.3127331598707360E+000
 0317  0.3127329725932359E+000
 0318  0.3127326135978060E+000
 0319  0.3127324414772986E+000
 0320  0.3127322718816132E+000
 0321  0.3127319459823188E+000
 0322  0.3127317893463274E+000
 0323  0.3127316347511311E+000
 0324  0.3127313370269174E+000
 0325  0.3127311929771524E+000
 0326  0.3127309150917184E+000
 0327  0.3127307810294381E+000
 0328  0.3127306483985297E+000
 0329  0.3127303914950014E+000
 0330  0.3127302670530872E+000
 0331  0.3127301444454647E+000
 0332  0.3127299059942769E+000
 0333  0.3127297906163362E+000
 0334  0.3127295659419994E+000
 0335  0.3127294571070589E+000
 0336  0.3127293491940080E+000
 0337  0.3127291393796068E+000
 0338  0.3127290373782921E+000
 0339  0.3127288383804440E+000
 0340  0.3127287418046131E+000
 0341  0.3127285532339932E+000
 0342  0.3127284611889581E+000
 0343  0.3127283702817369E+000
 0344  0.3127281926778824E+000
 0345  0.3127281059361103E+000
 0346  0.3127279364107390E+000
 0347  0.3127278539729681E+000
 0348  0.3127276927578109E+000
 0349  0.3127276139455169E+000
 0350  0.3127274597785350E+000
 0351  0.3127273843915736E+000
 0352  0.3127272368871768E+000
 0353  0.3127271647406492E+000
 0354  0.3127270235695307E+000
 0355  0.3127269545292372E+000
 0356  0.3127268194563849E+000
 0357  0.3127267534061430E+000
 0358  0.3127266241934921E+000
 0359  0.3127265610121787E+000
 0360  0.3127264372147935E+000
 0361  0.3127263765901652E+000
 0362  0.3127262580181944E+000
 0363  0.3127262000499177E+000
 0364  0.3127260863399451E+000
 0365  0.3127259766036644E+000
 0366  0.3127259228777210E+000
 0367  0.3127258176548132E+000
 0368  0.3127257661436730E+000
 0369  0.3127256651454233E+000
 0370  0.3127255675435305E+000
 0371  0.3127255197125086E+000
 0372  0.3127254260440111E+000
 0373  0.3127253800989588E+000
 0374  0.3127252901301590E+000
 0375  0.3127252030142849E+000
 0376  0.3127251602934422E+000
 0377  0.3127250764929204E+000
 0378  0.3127249953641645E+000
 0379  0.3127249555864924E+000
 0380  0.3127248775683973E+000
 0381  0.3127248019828780E+000
 0382  0.3127247649006493E+000
 0383  0.3127246921294718E+000
 0384  0.3127246215462794E+000
 0385  0.3127245530882090E+000
 0386  0.3127245194736853E+000
 0387  0.3127244534542915E+000
 0388  0.3127243894072494E+000
 0389  0.3127243272453423E+000
 0390  0.3127242966947855E+000
 0391  0.3127242366899402E+000
 0392  0.3127241783862446E+000
 0393  0.3127241217262528E+000
 0394  0.3127240666727935E+000
 0395  0.3127240131298367E+000
 0396  0.3127239868055782E+000
 0397  0.3127239350333659E+000
 0398  0.3127238846644513E+000
 0399  0.3127238356538693E+000
 0400  0.3127237879495275E+000
 0401  0.3127237415017792E+000
 0402  0.3127236962668297E+000
 0403  0.3127236522023308E+000
 0404  0.3127236092660571E+000
 0405  0.3127235674453770E+000
 0406  0.3127235268699703E+000
 0407  0.3127234875187619E+000
 0408  0.3127234493415343E+000
 0409  0.3127234122906628E+000
 0410  0.3127233763209558E+000
 0411  0.3127233413895051E+000
 0412  0.3127233074555482E+000
 0413  0.3127232744803393E+000
 0414  0.3127232424270297E+000
 0415  0.3127232112605559E+000
 0416  0.3127231662585073E+000
 0417  0.3127231373685124E+000
 0418  0.3127231092460298E+000
 0419  0.3127230818633166E+000
 0420  0.3127230551938964E+000
 0421  0.3127230166023527E+000
 0422  0.3127229917754536E+000
 0423  0.3127229675710438E+000
 0424  0.3127229325010096E+000
 0425  0.3127229099108789E+000
 0426  0.3127228878667441E+000
 0427  0.3127228558883913E+000
 0428  0.3127228352654674E+000
 0429  0.3127228053235607E+000
 0430  0.3127227859979549E+000
 0431  0.3127227579171847E+000
 0432  0.3127227397786088E+000
 0433  0.3127227134026834E+000
 0434  0.3127226963526680E+000
 0435  0.3127226715418465E+000
 0436  0.3127226476672829E+000
 0437  0.3127226322163442E+000
 0438  0.3127226097073101E+000
 0439  0.3127225880181255E+000
 0440  0.3127225671081710E+000
 0441  0.3127225469394052E+000
 0442  0.3127225274761654E+000
 0443  0.3127225086849874E+000
 0444  0.3127224905344412E+000
 0445  0.3127224729949803E+000
 0446  0.3127224560388048E+000
 0447  0.3127224396397363E+000
 0448  0.3127224237731021E+000
 0449  0.3127224084156307E+000
 0450  0.3127223887286452E+000
 0451  0.3127223745270660E+000
 0452  0.3127223607636282E+000
 0453  0.3127223430939093E+000
 0454  0.3127223261888221E+000
 0455  0.3127223139694141E+000
 0456  0.3127222982579975E+000
 0457  0.3127222832005864E+000
 0458  0.3127222687613071E+000
 0459  0.3127222549068040E+000
 0460  0.3127222416060234E+000
 0461  0.3127222288300207E+000
 0462  0.3127222165517852E+000
 0463  0.3127222047460830E+000
 0464  0.3127221906347245E+000
 0465  0.3127221772137682E+000
 0466  0.3127221669350699E+000
 0467  0.3127221546264708E+000
 0468  0.3127221428969628E+000
 0469  0.3127221295498300E+000
 0470  0.3127221189959720E+000
 0471  0.3127221069683909E+000
 0472  0.3127220974441226E+000
 0473  0.3127220865749898E+000
 0474  0.3127220746352999E+000
 0475  0.3127220649921472E+000
 0476  0.3127220543810117E+000
 0477  0.3127220444165010E+000
 0478  0.3127220350510101E+000
 0479  0.3127220250318916E+000
 0480  0.3127220145743562E+000
 0481  0.3127220059418803E+000
 0482  0.3127219959560690E+000
 0483  0.3127219867930067E+000
 0484  0.3127219783744324E+000
 0485  0.3127219691652492E+000
 0486  0.3127219601819202E+000
 0487  0.3127219515345907E+000
 0488  0.3127219433121519E+000
 0489  0.3127219346890738E+000
 0490  0.3127219268554106E+000
 0491  0.3127219185288445E+000
 0492  0.3127219106343640E+000
 0493  0.3127219027495731E+000
 0494  0.3127218985992377E+000
 0495  0.3127218985992377E+000
 0496  0.3127218985992377E+000
 0497  0.3127218985992377E+000
 0498  0.3127218985992377E+000
 0499  0.3127218985992377E+000
 0500  0.3127218985992377E+000
 0501  0.3127218985992377E+000
 0502  0.3127218985992377E+000
 0503  0.3127218985992377E+000
 0504  0.3127218985992377E+000
 0505  0.3127218985992377E+000
 0506  0.3127218985992377E+000
 0507  0.3127218985992377E+000
 0508  0.3127218985992377E+000
 0509  0.3127218985992377E+000
 0510  0.3127218985992377E+000
 0511  0.3127218985992377E+000
 0512  0.3127218985992377E+000
 0513  0.3127218985992377E+000
 0514  0.3127218985992377E+000
 0515  0.3127218985992377E+000
 0516  0.3127218985992377E+000
 0517  0.3127218985992377E+000
 0518  0.3127218985992377E+000
 0519  0.3127218985992377E+000
 0520  0.3127218985992377E+000
 0521  0.3127218985992377E+000
 0522  0.3127218985992377E+000
 0523  0.3127218985992377E+000
 0524  0.3127218985992377E+000
 0525  0.3127218985992377E+000
 0526  0.3127218985992377E+000
 0527  0.3127218985992377E+000
 0528  0.3127218985992377E+000
 0529  0.3127218985992377E+000
 0530  0.3127218985992377E+000
 0531  0.3127218985992377E+000
 0532  0.3127218985992377E+000
 0533  0.3127218985992377E+000
 0534  0.3127218985992377E+000
 0535  0.3127218985992377E+000
 0536  0.3127218985992377E+000
 0537  0.3127218985992377E+000
 0538  0.3127218985992377E+000
 0539  0.3127218985992377E+000
 0540  0.3127218985992377E+000
 0541  0.3127218985992377E+000
 0542  0.3127218985992377E+000
 0543  0.3127218985992377E+000
 0544  0.3127218985992377E+000
 0545  0.3127218985992377E+000
 0546  0.3127218985992377E+000
 0547  0.3127218985992377E+000
 0548  0.3127218985992377E+000
 0549  0.3127218985992377E+000
 0550  0.3127218985992377E+000
 0551  0.3127218985992377E+000
 0552  0.3127218985992377E+000
 0553  0.3127218985992377E+000
 0554  0.3127218985992377E+000
 0555  0.3127218985992377E+000
 0556  0.3127218985992377E+000
 0557  0.3127218985992377E+000
 0558  0.3127218985992377E+000
 0559  0.3127218985992377E+000
 0560  0.3127218985992377E+000
 0561  0.3127218985992377E+000
 0562  0.3127218985992377E+000
 0563  0.3127218985992377E+000
 0564  0.3127218985992377E+000
 0565  0.3127218985992377E+000
 0566  0.3127218985992377E+000
 0567  0.3127218985992377E+000
 0568  0.3127218985992377E+000
 0569  0.3127218985992377E+000
 0570  0.3127218985992377E+000
 0571  0.3127218985992377E+000
 0572  0.3127218985992377E+000
 0573  0.3127218985992377E+000
 0574  0.3127218985992377E+000
 0575  0.3127218985992377E+000
 0576  0.3127218985992377E+000
 0577  0.3127218985992377E+000
 0578  0.3127218985992377E+000
 0579  0.3127218985992377E+000
 0580  0.3127218985992377E+000
 0581  0.3127218985992377E+000
 0582  0.3127218985992377E+000
 0583  0.3127218985992377E+000
 0584  0.3127218985992377E+000
 0585  0.3127218985992377E+000
 0586  0.3127218985992377E+000
 0587  0.3127218985992377E+000
 0588  0.3127218985992377E+000
 0589  0.3127218985992377E+000
 0590  0.3127218985992377E+000
 0591  0.3127218985992377E+000
 0592  0.3127218985992377E+000
 0593  0.3127218985992377E+000
 0594  0.3127218985992377E+000
 0595  0.3127218985992377E+000
 0596  0.3127218985992377E+000
 0597  0.3127218985992377E+000
 0598  0.3127218985992377E+000
 0599  0.3127218985992377E+000
 0600  0.3127218985992377E+000
 0601  0.3127218985992377E+000
 0602  0.3127218985992377E+000
 0603  0.3127218985992377E+000
 0604  0.3127218985992377E+000
 0605  0.3127218985992377E+000
 0606  0.3127218985992377E+000
 0607  0.3127218985992377E+000
 0608  0.3127218985992377E+000
 0609  0.3127218985992377E+000
 0610  0.3127218985992377E+000
 0611  0.3127218985992377E+000
 0612  0.3127218985992377E+000
 0613  0.3127218985992377E+000
 0614  0.3127218985992377E+000
 0615  0.3127218985992377E+000
 0616  0.3127218985992377E+000
 0617  0.3127218985992377E+000
 0618  0.3127218985992377E+000
 0619  0.3127218985992377E+000
 0620  0.3127218985992377E+000
 0621  0.3127218985992377E+000
 0622  0.3127218985992377E+000
 0623  0.3127218985992377E+000
 0624  0.3127218985992377E+000
 0625  0.3127218985992377E+000
 0626  0.3127218985992377E+000
 0627  0.3127218985992377E+000
 0628  0.3127218985992377E+000
 0629  0.3127218985992377E+000
 0630  0.3127218985992377E+000
 0631  0.3127218985992377E+000
 0632  0.3127218985992377E+000
 0633  0.3127218985992377E+000
 0634  0.3127218985992377E+000
 0635  0.3127218985992377E+000
 0636  0.3127218985992377E+000
 0637  0.3127218985992377E+000
 0638  0.3127218985992377E+000
 0639  0.3127218985992377E+000
 0640  0.3127218985992377E+000
 0641  0.3127218985992377E+000
 0642  0.3127218985992377E+000
 0643  0.3127218985992377E+000
 0644  0.3127218985992377E+000
 0645  0.3127218985992377E+000
 0646  0.3127218985992377E+000
 0647  0.3127218985992377E+000
 0648  0.3127218985992377E+000
 0649  0.3127218985992377E+000
 0650  0.3127218985992377E+000
 0651  0.3127218985992377E+000
 0652  0.3127218985992377E+000
 0653  0.3127218985992377E+000
 0654  0.3127218985992377E+000
 0655  0.3127218985992377E+000
 0656  0.3127218985992377E+000
 0657  0.3127218985992377E+000
 0658  0.3127218985992377E+000
 0659  0.3127218985992377E+000
 0660  0.3127218985992377E+000
 0661  0.3127218985992377E+000
 0662  0.3127218985992377E+000
 0663  0.3127218985992377E+000
 0664  0.3127218985992377E+000
 0665  0.3127218985992377E+000
 0666  0.3127218985992377E+000
 0667  0.3127218985992377E+000
 0668  0.3127218985992377E+000
 0669  0.3127218985992377E+000
 0670  0.3127218985992377E+000
 0671  0.3127218985992377E+000
 0672  0.3127218985992377E+000
 0673  0.3127218985992377E+000
 0674  0.3127218985992377E+000
 0675  0.3127218985992377E+000
 0676  0.3127218985992377E+000
 0677  0.3127218985992377E+000
 0678  0.3127218985992377E+000
 0679  0.3127218985992377E+000
 0680  0.3127218985992377E+000
 0681  0.3127218985992377E+000
 0682  0.3127218985992377E+000
 0683  0.3127218985992377E+000
 0684  0.3127218985992377E+000
 0685  0.3127218985992377E+000
 0686  0.3127218985992377E+000
 0687  0.3127218985992377E+000
 0688  0.3127218985992377E+000
 0689  0.3127218985992377E+000
 0690  0.3127218985992377E+000
 0691  0.3127218985992377E+000
 0692  0.3127218985992377E+000
 0693  0.3127218985992377E+000
 0694  0.3127218985992377E+000
 0695  0.3127218985992377E+000
 0696  0.3127218985992377E+000
 0697  0.3127218985992377E+000
 0698  0.3127218985992377E+000
 0699  0.3127218985992377E+000
 0700  0.3127218985992377E+000
 0701  0.3127218985992377E+000
 0702  0.3127218985992377E+000
 0703  0.3127218985992377E+000
 0704  0.3127218985992377E+000
 0705  0.3127218985992377E+000
 0706  0.3127218985992377E+000
 0707  0.3127218985992377E+000
 0708  0.3127218985992377E+000
 0709  0.3127218985992377E+000
 0710  0.3127218985992377E+000
 0711  0.3127218985992377E+000
 0712  0.3127218985992377E+000
 0713  0.3127218985992377E+000
 0714  0.3127218985992377E+000
 0715  0.3127218985992377E+000
 0716  0.3127218985992377E+000
 0717  0.3127218985992377E+000
 0718  0.3127218985992377E+000
 0719  0.3127218985992377E+000
 0720  0.3127218985992377E+000
 0721  0.3127218985992377E+000
 0722  0.3127218985992377E+000
 0723  0.3127218985992377E+000
 0724  0.3127218985992377E+000
 0725  0.3127218985992377E+000
 0726  0.3127218985992377E+000
 0727  0.3127218985992377E+000
 0728  0.3127218985992377E+000
 0729  0.3127218985992377E+000
 0730  0.3127218985992377E+000
 0731  0.3127218985992377E+000
 0732  0.3127218985992377E+000
 0733  0.3127218985992377E+000
 0734  0.3127218985992377E+000
 0735  0.3127218985992377E+000
 0736  0.3127218985992377E+000
 0737  0.3127218985992377E+000
 0738  0.3127218985992377E+000
 0739  0.3127218985992377E+000
 0740  0.3127218985992377E+000
 0741  0.3127218985992377E+000
 0742  0.3127218985992377E+000
 0743  0.3127218985992377E+000
 0744  0.3127218985992377E+000
 0745  0.3127218985992377E+000
 0746  0.3127218985992377E+000
 0747  0.3127218985992377E+000
 0748  0.3127218985992377E+000
 0749  0.3127218985992377E+000
 0750  0.3127218985992377E+000
 0751  0.3127218985992377E+000
 0752  0.3127218985992377E+000
 0753  0.3127218985992377E+000
 0754  0.3127218985992377E+000
 0755  0.3127218985992377E+000
 0756  0.3127218985992377E+000
 0757  0.3127218985992377E+000
 0758  0.3127218985992377E+000
 0759  0.3127218985992377E+000
 0760  0.3127218985992377E+000
 0761  0.3127218985992377E+000
 0762  0.3127218985992377E+000
 0763  0.3127218985992377E+000
 0764  0.3127218985992377E+000
 0765  0.3127218985992377E+000
 0766  0.3127218985992377E+000
 0767  0.3127218985992377E+000
 0768  0.3127218985992377E+000
 0769  0.3127218985992377E+000
 0770  0.3127218985992377E+000
 0771  0.3127218985992377E+000
 0772  0.3127218985992377E+000
 0773  0.3127218985992377E+000
 0774  0.3127218985992377E+000
 0775  0.3127218985992377E+000
 0776  0.3127218985992377E+000
 0777  0.3127218985992377E+000
 0778  0.3127218985992377E+000
 0779  0.3127218985992377E+000
 0780  0.3127218985992377E+000
 0781  0.3127218985992377E+000
 0782  0.3127218985992377E+000
 0783  0.3127218985992377E+000
 0784  0.3127218985992377E+000
 0785  0.3127218985992377E+000
 0786  0.3127218985992377E+000
 0787  0.3127218985992377E+000
 0788  0.3127218985992377E+000
 0789  0.3127218985992377E+000
 0790  0.3127218985992377E+000
 0791  0.3127218985992377E+000
 0792  0.3127218985992377E+000
 0793  0.3127218985992377E+000
 0794  0.3127218985992377E+000
 0795  0.3127218985992377E+000
 0796  0.3127218985992377E+000
 0797  0.3127218985992377E+000
 0798  0.3127218985992377E+000
 0799  0.3127218985992377E+000
 0800  0.3127218985992377E+000
 0801  0.3127218985992377E+000
 0802  0.3127218985992377E+000
 0803  0.3127218985992377E+000
 0804  0.3127218985992377E+000
 0805  0.3127218985992377E+000
 0806  0.3127218985992377E+000
 0807  0.3127218985992377E+000
 0808  0.3127218985992377E+000
 0809  0.3127218985992377E+000
 0810  0.3127218985992377E+000
 0811  0.3127218985992377E+000
 0812  0.3127218985992377E+000
 0813  0.3127218985992377E+000
 0814  0.3127218985992377E+000
 0815  0.3127218985992377E+000
 0816  0.3127218985992377E+000
 0817  0.3127218985992377E+000
 0818  0.3127218985992377E+000
 0819  0.3127218985992377E+000
 0820  0.3127218985992377E+000
 0821  0.3127218985992377E+000
 0822  0.3127218985992377E+000
 0823  0.3127218985992377E+000
 0824  0.3127218985992377E+000
 0825  0.3127218985992377E+000
 0826  0.3127218985992377E+000
 0827  0.3127218985992377E+000
 0828  0.3127218985992377E+000
 0829  0.3127218985992377E+000
 0830  0.3127218985992377E+000
 0831  0.3127218985992377E+000
 0832  0.3127218985992377E+000
 0833  0.3127218985992377E+000
 0834  0.3127218985992377E+000
 0835  0.3127218985992377E+000
 0836  0.3127218985992377E+000
 0837  0.3127218985992377E+000
 0838  0.3127218985992377E+000
 0839  0.3127218985992377E+000
 0840  0.3127218985992377E+000
 0841  0.3127218985992377E+000
 0842  0.3127218985992377E+000
 0843  0.3127218985992377E+000
 0844  0.3127218985992377E+000
 0845  0.3127218985992377E+000
 0846  0.3127218985992377E+000
 0847  0.3127218985992377E+000
 0848  0.3127218985992377E+000
 0849  0.3127218985992377E+000
 0850  0.3127218985992377E+000
 0851  0.3127218985992377E+000
 0852  0.3127218985992377E+000
 0853  0.3127218985992377E+000
 0854  0.3127218985992377E+000
 0855  0.3127218985992377E+000
 0856  0.3127218985992377E+000
 0857  0.3127218985992377E+000
 0858  0.3127218985992377E+000
 0859  0.3127218985992377E+000
 0860  0.3127218985992377E+000
 0861  0.3127218985992377E+000
 0862  0.3127218985992377E+000
 0863  0.3127218985992377E+000
 0864  0.3127218985992377E+000
 0865  0.3127218985992377E+000
 0866  0.3127218985992377E+000
 0867  0.3127218985992377E+000
 0868  0.3127218985992377E+000
 0869  0.3127218985992377E+000
 0870  0.3127218985992377E+000
 0871  0.3127218985992377E+000
 0872  0.3127218985992377E+000
 0873  0.3127218985992377E+000
 0874  0.3127218985992377E+000
 0875  0.3127218985992377E+000
 0876  0.3127218985992377E+000
 0877  0.3127218985992377E+000
 0878  0.3127218985992377E+000
 0879  0.3127218985992377E+000
 0880  0.3127218985992377E+000
 0881  0.3127218985992377E+000
 0882  0.3127218985992377E+000
 0883  0.3127218985992377E+000
 0884  0.3127218985992377E+000
 0885  0.3127218985992377E+000
 0886  0.3127218985992377E+000
 0887  0.3127218985992377E+000
 0888  0.3127218985992377E+000
 0889  0.3127218985992377E+000
 0890  0.3127218985992377E+000
 0891  0.3127218985992377E+000
 0892  0.3127218985992377E+000
 0893  0.3127218985992377E+000
 0894  0.3127218985992377E+000
 0895  0.3127218985992377E+000
 0896  0.3127218985992377E+000
 0897  0.3127218985992377E+000
 0898  0.3127218985992377E+000
 0899  0.3127218985992377E+000
 0900  0.3127218985992377E+000
 0901  0.3127218985992377E+000
 0902  0.3127218985992377E+000
 0903  0.3127218985992377E+000
 0904  0.3127218985992377E+000
 0905  0.3127218985992377E+000
 0906  0.3127218985992377E+000
 0907  0.3127218985992377E+000
 0908  0.3127218985992377E+000
 0909  0.3127218985992377E+000
 0910  0.3127218985992377E+000
 0911  0.3127218985992377E+000
 0912  0.3127218985992377E+000
 0913  0.3127218985992377E+000
 0914  0.3127218985992377E+000
 0915  0.3127218985992377E+000
 0916  0.3127218985992377E+000
 0917  0.3127218985992377E+000
 0918  0.3127218985992377E+000
 0919  0.3127218985992377E+000
 0920  0.3127218985992377E+000
 0921  0.3127218985992377E+000
 0922  0.3127218985992377E+000
 0923  0.3127218985992377E+000
 0924  0.3127218985992377E+000
 0925  0.3127218985992377E+000
 0926  0.3127218985992377E+000
 0927  0.3127218985992377E+000
 0928  0.3127218985992377E+000
 0929  0.3127218985992377E+000
 0930  0.3127218985992377E+000
 0931  0.3127218985992377E+000
 0932  0.3127218985992377E+000
 0933  0.3127218985992377E+000
 0934  0.3127218985992377E+000
 0935  0.3127218985992377E+000
 0936  0.3127218985992377E+000
 0937  0.3127218985992377E+000
 0938  0.3127218985992377E+000
 0939  0.3127218985992377E+000
 0940  0.3127218985992377E+000
 0941  0.3127218985992377E+000
 0942  0.3127218985992377E+000
 0943  0.3127218985992377E+000
 0944  0.3127218985992377E+000
 0945  0.3127218985992377E+000
 0946  0.3127218985992377E+000
 0947  0.3127218985992377E+000
 0948  0.3127218985992377E+000
 0949  0.3127218985992377E+000
 0950  0.3127218985992377E+000
 0951  0.3127218985992377E+000
 0952  0.3127218985992377E+000
 0953  0.3127218985992377E+000
 0954  0.3127218985992377E+000
 0955  0.3127218985992377E+000
 0956  0.3127218985992377E+000
 0957  0.3127218985992377E+000
 0958  0.3127218985992377E+000
 0959  0.3127218985992377E+000
 0960  0.3127218985992377E+000
 0961  0.3127218985992377E+000
 0962  0.3127218985992377E+000
 0963  0.3127218985992377E+000
 0964  0.3127218985992377E+000
 0965  0.3127218985992377E+000
 0966  0.3127218985992377E+000
 0967  0.3127218985992377E+000
 0968  0.3127218985992377E+000
 0969  0.3127218985992377E+000
 0970  0.3127218985992377E+000
 0971  0.3127218985992377E+000
 0972  0.3127218985992377E+000
 0973  0.3127218985992377E+000
 0974  0.3127218985992377E+000
 0975  0.3127218985992377E+000
 0976  0.3127218985992377E+000
 0977  0.3127218985992377E+000
 0978  0.3127218985992377E+000
 0979  0.3127218985992377E+000
 0980  0.3127218985992377E+000
 0981  0.3127218985992377E+000
 0982  0.3127218985992377E+000
 0983  0.3127218985992377E+000
 0984  0.3127218985992377E+000
 0985  0.3127218985992377E+000
 0986  0.3127218985992377E+000
 0987  0.3127218985992377E+000
 0988  0.3127218985992377E+000
 0989  0.3127218985992377E+000
 0990  0.3127218985992377E+000
 0991  0.3127218985992377E+000
 0992  0.3127218985992377E+000
 0993  0.3127218985992377E+000
 0994  0.3127218985992377E+000
 0995  0.3127218985992377E+000
 0996  0.3127218985992377E+000
 0997  0.3127218985992377E+000
 0998  0.3127218985992377E+000
 0999  0.3127218985992377E+000
 1000  0.3127218985992377E+000
