 0001  0.9891602987497535E+000
 0002  0.9888981185383965E+000
 0003  0.9888981185383965E+000
 0004  0.9888981185383965E+000
 0005  0.9885947647359569E+000
 0006  0.9885947647359569E+000
 0007  0.9882520920245929E+000
 0008  0.9882520920245929E+000
 0009  0.9879173768212074E+000
 0010  0.9879173768212074E+000
 0011  0.9879173768212074E+000
 0012  0.9875360348626906E+000
 0013  0.9875360348626906E+000
 0014  0.9871635483851526E+000
 0015  0.9871635483851526E+000
 0016  0.9867446306544908E+000
 0017  0.9867446306544908E+000
 0018  0.9862761372906539E+000
 0019  0.9862761372906539E+000
 0020  0.9858185232281358E+000
 0021  0.9858185232281358E+000
 0022  0.9853029895926404E+000
 0023  0.9853029895926404E+000
 0024  0.9847340451000792E+000
 0025  0.9847340451000792E+000
 0026  0.9841067757756492E+000
 0027  0.9835113711307072E+000
 0028  0.9835113711307072E+000
 0029  0.9828478074644748E+000
 0030  0.9828478074644748E+000
 0031  0.9821120094566064E+000
 0032  0.9821120094566064E+000
 0033  0.9813932980690729E+000
 0034  0.9806261815384938E+000
 0035  0.9806261815384938E+000
 0036  0.9797418416202247E+000
 0037  0.9797418416202247E+000
 0038  0.9788780377461812E+000
 0039  0.9778398877399167E+000
 0040  0.9778398877399167E+000
 0041  0.9764918413647753E+000
 0042  0.9747828460924930E+000
 0043  0.9747828460924930E+000
 0044  0.9731135369202814E+000
 0045  0.9731135369202814E+000
 0046  0.9710110181264251E+000
 0047  0.9684635447105503E+000
 0048  0.9684635447105503E+000
 0049  0.9652292334632278E+000
 0050  0.9622230049123861E+000
 0051  0.9584854683058722E+000
 0052  0.9584854683058722E+000
 0053  0.9537024067644001E+000
 0054  0.9482485158774704E+000
 0055  0.9482485158774704E+000
 0056  0.9429212746443010E+000
 0057  0.9366561142698390E+000
 0058  0.9366561142698390E+000
 0059  0.9289364770150176E+000
 0060  0.9201462913369265E+000
 0061  0.9102754960971651E+000
 0062  0.9102754960971651E+000
 0063  0.9006339193777906E+000
 0064  0.8899613379639260E+000
 0065  0.8782121704196014E+000
 0066  0.8782121704196014E+000
 0067  0.8644615939523035E+000
 0068  0.8496576436499690E+000
 0069  0.8362529302376183E+000
 0070  0.8362529302376183E+000
 0071  0.8203143896468195E+000
 0072  0.8031638246480122E+000
 0073  0.7852704756658340E+000
 0074  0.7666612449026295E+000
 0075  0.7666612449026295E+000
 0076  0.7484841556475279E+000
 0077  0.7292406369896414E+000
 0078  0.7091294240428034E+000
 0079  0.6883569989156311E+000
 0080  0.6883569989156311E+000
 0081  0.6650301387430932E+000
 0082  0.6416533818407290E+000
 0083  0.6211247509698825E+000
 0084  0.5999808446121508E+000
 0085  0.5999808446121508E+000
 0086  0.5760570887012297E+000
 0087  0.5523094005644065E+000
 0088  0.5288812664862543E+000
 0089  0.5058542477902486E+000
 0090  0.4832724421654180E+000
 0091  0.4832724421654180E+000
 0092  0.4582852686547285E+000
 0093  0.4342768622526091E+000
 0094  0.4116298278660362E+000
 0095  0.3902281172464800E+000
 0096  0.3698368558199351E+000
 0097  0.3502897954373142E+000
 0098  0.3314680723618085E+000
 0099  0.3132856798419140E+000
 0100  0.2956794076686118E+000
 0101  0.2785329790194927E+000
 0102  0.2619428603057093E+000
 0103  0.2459794194235601E+000
 0104  0.2306916991634123E+000
 0105  0.2161113756099377E+000
 0106  0.2022560432143691E+000
 0107  0.1881700778754450E+000
 0108  0.1751510598460516E+000
 0109  0.1631100655831167E+000
 0110  0.1519667746521940E+000
 0111  0.1416498431295808E+000
 0112  0.1320954685385957E+000
 0113  0.1161023714306515E+000
 0114  0.1093584805102022E+000
 0115  0.1030018018251101E+000
 0116  0.9700377431464358E-001
 0117  0.9135740769742839E-001
 0118  0.8605331980469977E-001
 0119  0.8108032037512003E-001
 0120  0.7642589599896399E-001
 0121  0.7207661112262631E-001
 0122  0.6801843787891615E-001
 0123  0.6406163062486225E-001
 0124  0.6042400672060100E-001
 0125  0.5707892752046179E-001
 0126  0.5400217795582690E-001
 0127  0.5117171327455899E-001
 0128  0.4856743643939065E-001
 0129  0.4617100206984937E-001
 0130  0.4216226624364816E-001
 0131  0.4047897135170075E-001
 0132  0.3890694610756079E-001
 0133  0.3744009696386830E-001
 0134  0.3607249453469508E-001
 0135  0.3479839668105345E-001
 0136  0.3361226576956161E-001
 0137  0.3247173325312069E-001
 0138  0.3141973307679419E-001
 0139  0.3044925445012098E-001
 0140  0.2955386591372811E-001
 0141  0.2872711875274381E-001
 0142  0.2796380163869339E-001
 0143  0.2725908842643399E-001
 0144  0.2660851610583159E-001
 0145  0.2551097061645219E-001
 0146  0.2504669748829141E-001
 0147  0.2461317689407744E-001
 0148  0.2420854299444775E-001
 0149  0.2382103927884016E-001
 0150  0.2346166736654570E-001
 0151  0.2312821484107969E-001
 0152  0.2281881597405216E-001
 0153  0.2253173901761335E-001
 0154  0.2226537661112277E-001
 0155  0.2201823687221349E-001
 0156  0.2178893512365671E-001
 0157  0.2157618621085844E-001
 0158  0.2121295726868544E-001
 0159  0.2105758074967107E-001
 0160  0.2090882865436056E-001
 0161  0.2077008528387392E-001
 0162  0.2064067709486422E-001
 0163  0.2051997588373411E-001
 0164  0.2040739573327532E-001
 0165  0.2030239016500490E-001
 0166  0.2020444948341266E-001
 0167  0.2011309814864054E-001
 0168  0.2002789267422306E-001
 0169  0.1994839936432341E-001
 0170  0.1980988926729410E-001
 0171  0.1974957328737931E-001
 0172  0.1969303757563512E-001
 0173  0.1964004485234444E-001
 0174  0.1959037276984094E-001
 0175  0.1954381296880836E-001
 0176  0.1950017019462064E-001
 0177  0.1945925375779212E-001
 0178  0.1942089439865180E-001
 0179  0.1938435722733017E-001
 0180  0.1935019530989601E-001
 0181  0.1929078101820020E-001
 0182  0.1926491178326184E-001
 0183  0.1924054597043179E-001
 0184  0.1921759670375839E-001
 0185  0.1919598207572254E-001
 0186  0.1917562486791036E-001
 0187  0.1915645228696400E-001
 0188  0.1913814050953994E-001
 0189  0.1912093196886144E-001
 0190  0.1909069326922130E-001
 0191  0.1907739487727000E-001
 0192  0.1906482025366574E-001
 0193  0.1905293016442172E-001
 0194  0.1904168748184626E-001
 0195  0.1903092260281453E-001
 0196  0.1902076133349961E-001
 0197  0.1901116929042740E-001
 0198  0.1900211407689983E-001
 0199  0.1899356516956957E-001
 0200  0.1897840873405482E-001
 0201  0.1897168426801338E-001
 0202  0.1896522916910598E-001
 0203  0.1895911218298663E-001
 0204  0.1895331534147643E-001
 0205  0.1894782164529624E-001
 0206  0.1894261501105376E-001
 0207  0.1893767985935957E-001
 0208  0.1892881764819870E-001
 0209  0.1892483888327928E-001
 0210  0.1892105535177613E-001
 0211  0.1891745712627801E-001
 0212  0.1891403503428424E-001
 0213  0.1891078036121574E-001
 0214  0.1890768482790667E-001
 0215  0.1890471244649133E-001
 0216  0.1889937250248563E-001
 0217  0.1889697260961359E-001
 0218  0.1889468320603355E-001
 0219  0.1889249915435975E-001
 0220  0.1889041555826998E-001
 0221  0.1888841002717301E-001
 0222  0.1888649846308865E-001
 0223  0.1888304240506522E-001
 0224  0.1888147934281248E-001
 0225  0.1887998408666935E-001
 0226  0.1887854193640981E-001
 0227  0.1887716350483692E-001
 0228  0.1887584587309787E-001
 0229  0.1887458631155176E-001
 0230  0.1887229596284129E-001
 0231  0.1887124627305331E-001
 0232  0.1887024038691931E-001
 0233  0.1886927644576120E-001
 0234  0.1886835267093900E-001
 0235  0.1886746733271061E-001
 0236  0.1886661880686719E-001
 0237  0.1886505728766041E-001
 0238  0.1886434419467292E-001
 0239  0.1886365923713912E-001
 0240  0.1886300128857260E-001
 0241  0.1886236499866362E-001
 0242  0.1886175413261876E-001
 0243  0.1886063348641548E-001
 0244  0.1886011931872211E-001
 0245  0.1885962124413865E-001
 0246  0.1885914206662292E-001
 0247  0.1885868104430310E-001
 0248  0.1885823747543014E-001
 0249  0.1885741788192086E-001
 0250  0.1885703924740845E-001
 0251  0.1885667426134885E-001
 0252  0.1885632241570884E-001
 0253  0.1885598129976723E-001
 0254  0.1885565260014904E-001
 0255  0.1885504502326785E-001
 0256  0.1885476417452925E-001
 0257  0.1885449147573737E-001
 0258  0.1885422822792016E-001
 0259  0.1885397409593975E-001
 0260  0.1885350148594400E-001
 0261  0.1885328173663325E-001
 0262  0.1885306925108976E-001
 0263  0.1885286378397816E-001
 0264  0.1885266411623110E-001
 0265  0.1885229268006738E-001
 0266  0.1885211989345265E-001
 0267  0.1885195176955207E-001
 0268  0.1885178899985007E-001
 0269  0.1885163140961288E-001
 0270  0.1885133669590200E-001
 0271  0.1885119889628639E-001
 0272  0.1885106529422614E-001
 0273  0.1885093519777314E-001
 0274  0.1885069184777022E-001
 0275  0.1885057802565387E-001
 0276  0.1885046706373694E-001
 0277  0.1885035936519003E-001
 0278  0.1885025483067759E-001
 0279  0.1885005800891548E-001
 0280  0.1884996573721942E-001
 0281  0.1884987606672361E-001
 0282  0.1884978858553477E-001
 0283  0.1884962416070679E-001
 0284  0.1884954659900867E-001
 0285  0.1884947115283547E-001
 0286  0.1884939776248357E-001
 0287  0.1884925902028556E-001
 0288  0.1884919368585974E-001
 0289  0.1884912984328790E-001
 0290  0.1884906768437550E-001
 0291  0.1884895017295135E-001
 0292  0.1884889463057832E-001
 0293  0.1884884049797614E-001
 0294  0.1884878756727970E-001
 0295  0.1884868733370404E-001
 0296  0.1884863987830238E-001
 0297  0.1884859358984664E-001
 0298  0.1884850564133073E-001
 0299  0.1884846399352341E-001
 0300  0.1884842321327795E-001
 0301  0.1884838340505712E-001
 0302  0.1884830766176115E-001
 0303  0.1884827173600789E-001
 0304  0.1884823653895340E-001
 0305  0.1884816956814594E-001
 0306  0.1884813770944754E-001
 0307  0.1884810648088414E-001
 0308  0.1884807595278060E-001
 0309  0.1884801778535228E-001
 0310  0.1884799007621413E-001
 0311  0.1884796290035917E-001
 0312  0.1884791105330952E-001
 0313  0.1884788632316919E-001
 0314  0.1884786205699701E-001
 0315  0.1884781570372579E-001
 0316  0.1884779356673610E-001
 0317  0.1884777183478809E-001
 0318  0.1884773027393116E-001
 0319  0.1884771040260680E-001
 0320  0.1884769088610577E-001
 0321  0.1884765352046641E-001
 0322  0.1884763563506747E-001
 0323  0.1884761806130991E-001
 0324  0.1884758437910367E-001
 0325  0.1884756820880945E-001
 0326  0.1884753718531246E-001
 0327  0.1884752230481873E-001
 0328  0.1884750767157678E-001
 0329  0.1884747954476201E-001
 0330  0.1884746602964632E-001
 0331  0.1884745275764854E-001
 0332  0.1884742720322913E-001
 0333  0.1884741492359010E-001
 0334  0.1884739126043511E-001
 0335  0.1884737987936985E-001
 0336  0.1884736867548320E-001
 0337  0.1884734708626584E-001
 0338  0.1884733668633803E-001
 0339  0.1884731661617883E-001
 0340  0.1884730694745512E-001
 0341  0.1884728827440857E-001
 0342  0.1884727925939372E-001
 0343  0.1884727038829875E-001
 0344  0.1884725324476527E-001
 0345  0.1884724496281320E-001
 0346  0.1884722894814289E-001
 0347  0.1884722121605953E-001
 0348  0.1884720625437797E-001
 0349  0.1884719901704884E-001
 0350  0.1884718500466476E-001
 0351  0.1884717822259269E-001
 0352  0.1884716508422019E-001
 0353  0.1884715872154835E-001
 0354  0.1884714638884660E-001
 0355  0.1884714041303942E-001
 0356  0.1884712882397149E-001
 0357  0.1884712320545351E-001
 0358  0.1884711230356206E-001
 0359  0.1884710701540021E-001
 0360  0.1884709674494545E-001
 0361  0.1884709175852417E-001
 0362  0.1884708207381269E-001
 0363  0.1884707737151464E-001
 0364  0.1884706822716203E-001
 0365  0.1884705948422999E-001
 0366  0.1884705523365610E-001
 0367  0.1884704696386125E-001
 0368  0.1884704294166106E-001
 0369  0.1884703511045943E-001
 0370  0.1884702760594203E-001
 0371  0.1884702395189181E-001
 0372  0.1884701683429524E-001
 0373  0.1884701336639782E-001
 0374  0.1884700660902106E-001
 0375  0.1884700011887713E-001
 0376  0.1884699695459224E-001
 0377  0.1884699078141183E-001
 0378  0.1884698484655234E-001
 0379  0.1884698195119122E-001
 0380  0.1884697629916132E-001
 0381  0.1884697085897613E-001
 0382  0.1884696820280063E-001
 0383  0.1884696301368716E-001
 0384  0.1884695801288022E-001
 0385  0.1884695319157798E-001
 0386  0.1884695083491772E-001
 0387  0.1884694622594640E-001
 0388  0.1884694177849550E-001
 0389  0.1884693748466365E-001
 0390  0.1884693538359417E-001
 0391  0.1884693127130121E-001
 0392  0.1884692729674275E-001
 0393  0.1884692345376743E-001
 0394  0.1884691973695957E-001
 0395  0.1884691613991529E-001
 0396  0.1884691437755881E-001
 0397  0.1884691092290119E-001
 0398  0.1884690757707030E-001
 0399  0.1884690433551239E-001
 0400  0.1884690119372567E-001
 0401  0.1884689814745305E-001
 0402  0.1884689519274113E-001
 0403  0.1884689232583392E-001
 0404  0.1884688954313396E-001
 0405  0.1884688684182451E-001
 0406  0.1884688422228392E-001
 0407  0.1884688168177762E-001
 0408  0.1884687921706307E-001
 0409  0.1884687682506647E-001
 0410  0.1884687450286898E-001
 0411  0.1884687224770110E-001
 0412  0.1884687005693142E-001
 0413  0.1884686792805818E-001
 0414  0.1884686585870204E-001
 0415  0.1884686384660056E-001
 0416  0.1884686094127697E-001
 0417  0.1884685907614453E-001
 0418  0.1884685726056196E-001
 0419  0.1884685549273940E-001
 0420  0.1884685377096695E-001
 0421  0.1884685127950425E-001
 0422  0.1884684967668437E-001
 0423  0.1884684811405180E-001
 0424  0.1884684584993734E-001
 0425  0.1884684439152273E-001
 0426  0.1884684296835737E-001
 0427  0.1884684090384114E-001
 0428  0.1884683957242916E-001
 0429  0.1884683763938555E-001
 0430  0.1884683639172802E-001
 0431  0.1884683457883912E-001
 0432  0.1884683340781584E-001
 0433  0.1884683170499091E-001
 0434  0.1884683060424508E-001
 0435  0.1884682900246293E-001
 0436  0.1884682746112565E-001
 0437  0.1884682646361613E-001
 0438  0.1884682501043722E-001
 0439  0.1884682361018780E-001
 0440  0.1884682226024487E-001
 0441  0.1884682095815315E-001
 0442  0.1884681970160951E-001
 0443  0.1884681848845438E-001
 0444  0.1884681731665844E-001
 0445  0.1884681618431405E-001
 0446  0.1884681508962682E-001
 0447  0.1884681403090638E-001
 0448  0.1884681300655988E-001
 0449  0.1884681201508409E-001
 0450  0.1884681074409639E-001
 0451  0.1884680982724524E-001
 0452  0.1884680893868051E-001
 0453  0.1884680779792669E-001
 0454  0.1884680670653766E-001
 0455  0.1884680591765536E-001
 0456  0.1884680490332924E-001
 0457  0.1884680393122551E-001
 0458  0.1884680299902824E-001
 0459  0.1884680210458350E-001
 0460  0.1884680124588750E-001
 0461  0.1884680042107106E-001
 0462  0.1884679962839114E-001
 0463  0.1884679886621760E-001
 0464  0.1884679795519156E-001
 0465  0.1884679708873721E-001
 0466  0.1884679642514686E-001
 0467  0.1884679563050512E-001
 0468  0.1884679487325036E-001
 0469  0.1884679401156203E-001
 0470  0.1884679333020695E-001
 0471  0.1884679255370864E-001
 0472  0.1884679193882366E-001
 0473  0.1884679123711458E-001
 0474  0.1884679046629040E-001
 0475  0.1884678984373117E-001
 0476  0.1884678915867916E-001
 0477  0.1884678851537192E-001
 0478  0.1884678791073691E-001
 0479  0.1884678726390460E-001
 0480  0.1884678658876832E-001
 0481  0.1884678603145840E-001
 0482  0.1884678538677564E-001
 0483  0.1884678479521079E-001
 0484  0.1884678425170894E-001
 0485  0.1884678365716597E-001
 0486  0.1884678307720339E-001
 0487  0.1884678251893324E-001
 0488  0.1884678198809392E-001
 0489  0.1884678143138974E-001
 0490  0.1884678092565067E-001
 0491  0.1884678038808996E-001
 0492  0.1884677987842370E-001
 0493  0.1884677936938223E-001
 0494  0.1884677910143656E-001
 0495  0.1884677910143656E-001
 0496  0.1884677910143656E-001
 0497  0.1884677910143656E-001
 0498  0.1884677910143656E-001
 0499  0.1884677910143656E-001
 0500  0.1884677910143656E-001
 0501  0.1884677910143656E-001
 0502  0.1884677910143656E-001
 0503  0.1884677910143656E-001
 0504  0.1884677910143656E-001
 0505  0.1884677910143656E-001
 0506  0.1884677910143656E-001
 0507  0.1884677910143656E-001
 0508  0.1884677910143656E-001
 0509  0.1884677910143656E-001
 0510  0.1884677910143656E-001
 0511  0.1884677910143656E-001
 0512  0.1884677910143656E-001
 0513  0.1884677910143656E-001
 0514  0.1884677910143656E-001
 0515  0.1884677910143656E-001
 0516  0.1884677910143656E-001
 0517  0.1884677910143656E-001
 0518  0.1884677910143656E-001
 0519  0.1884677910143656E-001
 0520  0.1884677910143656E-001
 0521  0.1884677910143656E-001
 0522  0.1884677910143656E-001
 0523  0.1884677910143656E-001
 0524  0.1884677910143656E-001
 0525  0.1884677910143656E-001
 0526  0.1884677910143656E-001
 0527  0.1884677910143656E-001
 0528  0.1884677910143656E-001
 0529  0.1884677910143656E-001
 0530  0.1884677910143656E-001
 0531  0.1884677910143656E-001
 0532  0.1884677910143656E-001
 0533  0.1884677910143656E-001
 0534  0.1884677910143656E-001
 0535  0.1884677910143656E-001
 0536  0.1884677910143656E-001
 0537  0.1884677910143656E-001
 0538  0.1884677910143656E-001
 0539  0.1884677910143656E-001
 0540  0.1884677910143656E-001
 0541  0.1884677910143656E-001
 0542  0.1884677910143656E-001
 0543  0.1884677910143656E-001
 0544  0.1884677910143656E-001
 0545  0.1884677910143656E-001
 0546  0.1884677910143656E-001
 0547  0.1884677910143656E-001
 0548  0.1884677910143656E-001
 0549  0.1884677910143656E-001
 0550  0.1884677910143656E-001
 0551  0.1884677910143656E-001
 0552  0.1884677910143656E-001
 0553  0.1884677910143656E-001
 0554  0.1884677910143656E-001
 0555  0.1884677910143656E-001
 0556  0.1884677910143656E-001
 0557  0.1884677910143656E-001
 0558  0.1884677910143656E-001
 0559  0.1884677910143656E-001
 0560  0.1884677910143656E-001
 0561  0.1884677910143656E-001
 0562  0.1884677910143656E-001
 0563  0.1884677910143656E-001
 0564  0.1884677910143656E-001
 0565  0.1884677910143656E-001
 0566  0.1884677910143656E-001
 0567  0.1884677910143656E-001
 0568  0.1884677910143656E-001
 0569  0.1884677910143656E-001
 0570  0.1884677910143656E-001
 0571  0.1884677910143656E-001
 0572  0.1884677910143656E-001
 0573  0.1884677910143656E-001
 0574  0.1884677910143656E-001
 0575  0.1884677910143656E-001
 0576  0.1884677910143656E-001
 0577  0.1884677910143656E-001
 0578  0.1884677910143656E-001
 0579  0.1884677910143656E-001
 0580  0.1884677910143656E-001
 0581  0.1884677910143656E-001
 0582  0.1884677910143656E-001
 0583  0.1884677910143656E-001
 0584  0.1884677910143656E-001
 0585  0.1884677910143656E-001
 0586  0.1884677910143656E-001
 0587  0.1884677910143656E-001
 0588  0.1884677910143656E-001
 0589  0.1884677910143656E-001
 0590  0.1884677910143656E-001
 0591  0.1884677910143656E-001
 0592  0.1884677910143656E-001
 0593  0.1884677910143656E-001
 0594  0.1884677910143656E-001
 0595  0.1884677910143656E-001
 0596  0.1884677910143656E-001
 0597  0.1884677910143656E-001
 0598  0.1884677910143656E-001
 0599  0.1884677910143656E-001
 0600  0.1884677910143656E-001
 0601  0.1884677910143656E-001
 0602  0.1884677910143656E-001
 0603  0.1884677910143656E-001
 0604  0.1884677910143656E-001
 0605  0.1884677910143656E-001
 0606  0.1884677910143656E-001
 0607  0.1884677910143656E-001
 0608  0.1884677910143656E-001
 0609  0.1884677910143656E-001
 0610  0.1884677910143656E-001
 0611  0.1884677910143656E-001
 0612  0.1884677910143656E-001
 0613  0.1884677910143656E-001
 0614  0.1884677910143656E-001
 0615  0.1884677910143656E-001
 0616  0.1884677910143656E-001
 0617  0.1884677910143656E-001
 0618  0.1884677910143656E-001
 0619  0.1884677910143656E-001
 0620  0.1884677910143656E-001
 0621  0.1884677910143656E-001
 0622  0.1884677910143656E-001
 0623  0.1884677910143656E-001
 0624  0.1884677910143656E-001
 0625  0.1884677910143656E-001
 0626  0.1884677910143656E-001
 0627  0.1884677910143656E-001
 0628  0.1884677910143656E-001
 0629  0.1884677910143656E-001
 0630  0.1884677910143656E-001
 0631  0.1884677910143656E-001
 0632  0.1884677910143656E-001
 0633  0.1884677910143656E-001
 0634  0.1884677910143656E-001
 0635  0.1884677910143656E-001
 0636  0.1884677910143656E-001
 0637  0.1884677910143656E-001
 0638  0.1884677910143656E-001
 0639  0.1884677910143656E-001
 0640  0.1884677910143656E-001
 0641  0.1884677910143656E-001
 0642  0.1884677910143656E-001
 0643  0.1884677910143656E-001
 0644  0.1884677910143656E-001
 0645  0.1884677910143656E-001
 0646  0.1884677910143656E-001
 0647  0.1884677910143656E-001
 0648  0.1884677910143656E-001
 0649  0.1884677910143656E-001
 0650  0.1884677910143656E-001
 0651  0.1884677910143656E-001
 0652  0.1884677910143656E-001
 0653  0.1884677910143656E-001
 0654  0.1884677910143656E-001
 0655  0.1884677910143656E-001
 0656  0.1884677910143656E-001
 0657  0.1884677910143656E-001
 0658  0.1884677910143656E-001
 0659  0.1884677910143656E-001
 0660  0.1884677910143656E-001
 0661  0.1884677910143656E-001
 0662  0.1884677910143656E-001
 0663  0.1884677910143656E-001
 0664  0.1884677910143656E-001
 0665  0.1884677910143656E-001
 0666  0.1884677910143656E-001
 0667  0.1884677910143656E-001
 0668  0.1884677910143656E-001
 0669  0.1884677910143656E-001
 0670  0.1884677910143656E-001
 0671  0.1884677910143656E-001
 0672  0.1884677910143656E-001
 0673  0.1884677910143656E-001
 0674  0.1884677910143656E-001
 0675  0.1884677910143656E-001
 0676  0.1884677910143656E-001
 0677  0.1884677910143656E-001
 0678  0.1884677910143656E-001
 0679  0.1884677910143656E-001
 0680  0.1884677910143656E-001
 0681  0.1884677910143656E-001
 0682  0.1884677910143656E-001
 0683  0.1884677910143656E-001
 0684  0.1884677910143656E-001
 0685  0.1884677910143656E-001
 0686  0.1884677910143656E-001
 0687  0.1884677910143656E-001
 0688  0.1884677910143656E-001
 0689  0.1884677910143656E-001
 0690  0.1884677910143656E-001
 0691  0.1884677910143656E-001
 0692  0.1884677910143656E-001
 0693  0.1884677910143656E-001
 0694  0.1884677910143656E-001
 0695  0.1884677910143656E-001
 0696  0.1884677910143656E-001
 0697  0.1884677910143656E-001
 0698  0.1884677910143656E-001
 0699  0.1884677910143656E-001
 0700  0.1884677910143656E-001
 0701  0.1884677910143656E-001
 0702  0.1884677910143656E-001
 0703  0.1884677910143656E-001
 0704  0.1884677910143656E-001
 0705  0.1884677910143656E-001
 0706  0.1884677910143656E-001
 0707  0.1884677910143656E-001
 0708  0.1884677910143656E-001
 0709  0.1884677910143656E-001
 0710  0.1884677910143656E-001
 0711  0.1884677910143656E-001
 0712  0.1884677910143656E-001
 0713  0.1884677910143656E-001
 0714  0.1884677910143656E-001
 0715  0.1884677910143656E-001
 0716  0.1884677910143656E-001
 0717  0.1884677910143656E-001
 0718  0.1884677910143656E-001
 0719  0.1884677910143656E-001
 0720  0.1884677910143656E-001
 0721  0.1884677910143656E-001
 0722  0.1884677910143656E-001
 0723  0.1884677910143656E-001
 0724  0.1884677910143656E-001
 0725  0.1884677910143656E-001
 0726  0.1884677910143656E-001
 0727  0.1884677910143656E-001
 0728  0.1884677910143656E-001
 0729  0.1884677910143656E-001
 0730  0.1884677910143656E-001
 0731  0.1884677910143656E-001
 0732  0.1884677910143656E-001
 0733  0.1884677910143656E-001
 0734  0.1884677910143656E-001
 0735  0.1884677910143656E-001
 0736  0.1884677910143656E-001
 0737  0.1884677910143656E-001
 0738  0.1884677910143656E-001
 0739  0.1884677910143656E-001
 0740  0.1884677910143656E-001
 0741  0.1884677910143656E-001
 0742  0.1884677910143656E-001
 0743  0.1884677910143656E-001
 0744  0.1884677910143656E-001
 0745  0.1884677910143656E-001
 0746  0.1884677910143656E-001
 0747  0.1884677910143656E-001
 0748  0.1884677910143656E-001
 0749  0.1884677910143656E-001
 0750  0.1884677910143656E-001
 0751  0.1884677910143656E-001
 0752  0.1884677910143656E-001
 0753  0.1884677910143656E-001
 0754  0.1884677910143656E-001
 0755  0.1884677910143656E-001
 0756  0.1884677910143656E-001
 0757  0.1884677910143656E-001
 0758  0.1884677910143656E-001
 0759  0.1884677910143656E-001
 0760  0.1884677910143656E-001
 0761  0.1884677910143656E-001
 0762  0.1884677910143656E-001
 0763  0.1884677910143656E-001
 0764  0.1884677910143656E-001
 0765  0.1884677910143656E-001
 0766  0.1884677910143656E-001
 0767  0.1884677910143656E-001
 0768  0.1884677910143656E-001
 0769  0.1884677910143656E-001
 0770  0.1884677910143656E-001
 0771  0.1884677910143656E-001
 0772  0.1884677910143656E-001
 0773  0.1884677910143656E-001
 0774  0.1884677910143656E-001
 0775  0.1884677910143656E-001
 0776  0.1884677910143656E-001
 0777  0.1884677910143656E-001
 0778  0.1884677910143656E-001
 0779  0.1884677910143656E-001
 0780  0.1884677910143656E-001
 0781  0.1884677910143656E-001
 0782  0.1884677910143656E-001
 0783  0.1884677910143656E-001
 0784  0.1884677910143656E-001
 0785  0.1884677910143656E-001
 0786  0.1884677910143656E-001
 0787  0.1884677910143656E-001
 0788  0.1884677910143656E-001
 0789  0.1884677910143656E-001
 0790  0.1884677910143656E-001
 0791  0.1884677910143656E-001
 0792  0.1884677910143656E-001
 0793  0.1884677910143656E-001
 0794  0.1884677910143656E-001
 0795  0.1884677910143656E-001
 0796  0.1884677910143656E-001
 0797  0.1884677910143656E-001
 0798  0.1884677910143656E-001
 0799  0.1884677910143656E-001
 0800  0.1884677910143656E-001
 0801  0.1884677910143656E-001
 0802  0.1884677910143656E-001
 0803  0.1884677910143656E-001
 0804  0.1884677910143656E-001
 0805  0.1884677910143656E-001
 0806  0.1884677910143656E-001
 0807  0.1884677910143656E-001
 0808  0.1884677910143656E-001
 0809  0.1884677910143656E-001
 0810  0.1884677910143656E-001
 0811  0.1884677910143656E-001
 0812  0.1884677910143656E-001
 0813  0.1884677910143656E-001
 0814  0.1884677910143656E-001
 0815  0.1884677910143656E-001
 0816  0.1884677910143656E-001
 0817  0.1884677910143656E-001
 0818  0.1884677910143656E-001
 0819  0.1884677910143656E-001
 0820  0.1884677910143656E-001
 0821  0.1884677910143656E-001
 0822  0.1884677910143656E-001
 0823  0.1884677910143656E-001
 0824  0.1884677910143656E-001
 0825  0.1884677910143656E-001
 0826  0.1884677910143656E-001
 0827  0.1884677910143656E-001
 0828  0.1884677910143656E-001
 0829  0.1884677910143656E-001
 0830  0.1884677910143656E-001
 0831  0.1884677910143656E-001
 0832  0.1884677910143656E-001
 0833  0.1884677910143656E-001
 0834  0.1884677910143656E-001
 0835  0.1884677910143656E-001
 0836  0.1884677910143656E-001
 0837  0.1884677910143656E-001
 0838  0.1884677910143656E-001
 0839  0.1884677910143656E-001
 0840  0.1884677910143656E-001
 0841  0.1884677910143656E-001
 0842  0.1884677910143656E-001
 0843  0.1884677910143656E-001
 0844  0.1884677910143656E-001
 0845  0.1884677910143656E-001
 0846  0.1884677910143656E-001
 0847  0.1884677910143656E-001
 0848  0.1884677910143656E-001
 0849  0.1884677910143656E-001
 0850  0.1884677910143656E-001
 0851  0.1884677910143656E-001
 0852  0.1884677910143656E-001
 0853  0.1884677910143656E-001
 0854  0.1884677910143656E-001
 0855  0.1884677910143656E-001
 0856  0.1884677910143656E-001
 0857  0.1884677910143656E-001
 0858  0.1884677910143656E-001
 0859  0.1884677910143656E-001
 0860  0.1884677910143656E-001
 0861  0.1884677910143656E-001
 0862  0.1884677910143656E-001
 0863  0.1884677910143656E-001
 0864  0.1884677910143656E-001
 0865  0.1884677910143656E-001
 0866  0.1884677910143656E-001
 0867  0.1884677910143656E-001
 0868  0.1884677910143656E-001
 0869  0.1884677910143656E-001
 0870  0.1884677910143656E-001
 0871  0.1884677910143656E-001
 0872  0.1884677910143656E-001
 0873  0.1884677910143656E-001
 0874  0.1884677910143656E-001
 0875  0.1884677910143656E-001
 0876  0.1884677910143656E-001
 0877  0.1884677910143656E-001
 0878  0.1884677910143656E-001
 0879  0.1884677910143656E-001
 0880  0.1884677910143656E-001
 0881  0.1884677910143656E-001
 0882  0.1884677910143656E-001
 0883  0.1884677910143656E-001
 0884  0.1884677910143656E-001
 0885  0.1884677910143656E-001
 0886  0.1884677910143656E-001
 0887  0.1884677910143656E-001
 0888  0.1884677910143656E-001
 0889  0.1884677910143656E-001
 0890  0.1884677910143656E-001
 0891  0.1884677910143656E-001
 0892  0.1884677910143656E-001
 0893  0.1884677910143656E-001
 0894  0.1884677910143656E-001
 0895  0.1884677910143656E-001
 0896  0.1884677910143656E-001
 0897  0.1884677910143656E-001
 0898  0.1884677910143656E-001
 0899  0.1884677910143656E-001
 0900  0.1884677910143656E-001
 0901  0.1884677910143656E-001
 0902  0.1884677910143656E-001
 0903  0.1884677910143656E-001
 0904  0.1884677910143656E-001
 0905  0.1884677910143656E-001
 0906  0.1884677910143656E-001
 0907  0.1884677910143656E-001
 0908  0.1884677910143656E-001
 0909  0.1884677910143656E-001
 0910  0.1884677910143656E-001
 0911  0.1884677910143656E-001
 0912  0.1884677910143656E-001
 0913  0.1884677910143656E-001
 0914  0.1884677910143656E-001
 0915  0.1884677910143656E-001
 0916  0.1884677910143656E-001
 0917  0.1884677910143656E-001
 0918  0.1884677910143656E-001
 0919  0.1884677910143656E-001
 0920  0.1884677910143656E-001
 0921  0.1884677910143656E-001
 0922  0.1884677910143656E-001
 0923  0.1884677910143656E-001
 0924  0.1884677910143656E-001
 0925  0.1884677910143656E-001
 0926  0.1884677910143656E-001
 0927  0.1884677910143656E-001
 0928  0.1884677910143656E-001
 0929  0.1884677910143656E-001
 0930  0.1884677910143656E-001
 0931  0.1884677910143656E-001
 0932  0.1884677910143656E-001
 0933  0.1884677910143656E-001
 0934  0.1884677910143656E-001
 0935  0.1884677910143656E-001
 0936  0.1884677910143656E-001
 0937  0.1884677910143656E-001
 0938  0.1884677910143656E-001
 0939  0.1884677910143656E-001
 0940  0.1884677910143656E-001
 0941  0.1884677910143656E-001
 0942  0.1884677910143656E-001
 0943  0.1884677910143656E-001
 0944  0.1884677910143656E-001
 0945  0.1884677910143656E-001
 0946  0.1884677910143656E-001
 0947  0.1884677910143656E-001
 0948  0.1884677910143656E-001
 0949  0.1884677910143656E-001
 0950  0.1884677910143656E-001
 0951  0.1884677910143656E-001
 0952  0.1884677910143656E-001
 0953  0.1884677910143656E-001
 0954  0.1884677910143656E-001
 0955  0.1884677910143656E-001
 0956  0.1884677910143656E-001
 0957  0.1884677910143656E-001
 0958  0.1884677910143656E-001
 0959  0.1884677910143656E-001
 0960  0.1884677910143656E-001
 0961  0.1884677910143656E-001
 0962  0.1884677910143656E-001
 0963  0.1884677910143656E-001
 0964  0.1884677910143656E-001
 0965  0.1884677910143656E-001
 0966  0.1884677910143656E-001
 0967  0.1884677910143656E-001
 0968  0.1884677910143656E-001
 0969  0.1884677910143656E-001
 0970  0.1884677910143656E-001
 0971  0.1884677910143656E-001
 0972  0.1884677910143656E-001
 0973  0.1884677910143656E-001
 0974  0.1884677910143656E-001
 0975  0.1884677910143656E-001
 0976  0.1884677910143656E-001
 0977  0.1884677910143656E-001
 0978  0.1884677910143656E-001
 0979  0.1884677910143656E-001
 0980  0.1884677910143656E-001
 0981  0.1884677910143656E-001
 0982  0.1884677910143656E-001
 0983  0.1884677910143656E-001
 0984  0.1884677910143656E-001
 0985  0.1884677910143656E-001
 0986  0.1884677910143656E-001
 0987  0.1884677910143656E-001
 0988  0.1884677910143656E-001
 0989  0.1884677910143656E-001
 0990  0.1884677910143656E-001
 0991  0.1884677910143656E-001
 0992  0.1884677910143656E-001
 0993  0.1884677910143656E-001
 0994  0.1884677910143656E-001
 0995  0.1884677910143656E-001
 0996  0.1884677910143656E-001
 0997  0.1884677910143656E-001
 0998  0.1884677910143656E-001
 0999  0.1884677910143656E-001
 1000  0.1884677910143656E-001
