 0001  0.9374999999999999E-001
 0002  0.9374999999999999E-001
 0003  0.9374999999999999E-001
 0004  0.9374999999999999E-001
 0005  0.9374999999999999E-001
 0006  0.9374999999999999E-001
 0007  0.9374800477449236E-001
 0008  0.9374800477449236E-001
 0009  0.9374605588189180E-001
 0010  0.9374605588189180E-001
 0011  0.9374605588189182E-001
 0012  0.9374205237845701E-001
 0013  0.9374205237845698E-001
 0014  0.9373814184393818E-001
 0015  0.9373814184393818E-001
 0016  0.9372988361906827E-001
 0017  0.9372988361906827E-001
 0018  0.9371285709710080E-001
 0019  0.9371285709710081E-001
 0020  0.9369622596315202E-001
 0021  0.9369622596315202E-001
 0022  0.9366357332640875E-001
 0023  0.9366357332640873E-001
 0024  0.9361602852526699E-001
 0025  0.9361602852526699E-001
 0026  0.9354469987293491E-001
 0027  0.9347699464766414E-001
 0028  0.9347699464766412E-001
 0029  0.9337370926573468E-001
 0030  0.9337370926573468E-001
 0031  0.9322604281092012E-001
 0032  0.9322604281092012E-001
 0033  0.9308180545026273E-001
 0034  0.9289841725876437E-001
 0035  0.9289841725876438E-001
 0036  0.9265890800254273E-001
 0037  0.9265890800254273E-001
 0038  0.9242496060390158E-001
 0039  0.9212581320576500E-001
 0040  0.9212581320576502E-001
 0041  0.9173881048579938E-001
 0042  0.9126913566395482E-001
 0043  0.9126913566395484E-001
 0044  0.9081036757911691E-001
 0045  0.9081036757911691E-001
 0046  0.9024900526034330E-001
 0047  0.8959991431734118E-001
 0048  0.8959991431734118E-001
 0049  0.8882236621125057E-001
 0050  0.8809965057337944E-001
 0051  0.8726245422968379E-001
 0052  0.8726245422968378E-001
 0053  0.8626121433677202E-001
 0054  0.8516803228251621E-001
 0055  0.8516803228251624E-001
 0056  0.8410023598157650E-001
 0057  0.8291309742469538E-001
 0058  0.8291309742469538E-001
 0059  0.8152866245287159E-001
 0060  0.8002900152085768E-001
 0061  0.7842015198887618E-001
 0062  0.7842015198887618E-001
 0063  0.7684866298360891E-001
 0064  0.7517299762904360E-001
 0065  0.7339618497483689E-001
 0066  0.7339618497483691E-001
 0067  0.7139051913240441E-001
 0068  0.6930385700304476E-001
 0069  0.6741442159822174E-001
 0070  0.6741442159822172E-001
 0071  0.6525071027751211E-001
 0072  0.6299803533593730E-001
 0073  0.6070318488433239E-001
 0074  0.5837255378720053E-001
 0075  0.5837255378720053E-001
 0076  0.5609604434882829E-001
 0077  0.5375201182493295E-001
 0078  0.5136224964040820E-001
 0079  0.4894799048219572E-001
 0080  0.4894799048219572E-001
 0081  0.4629053256001678E-001
 0082  0.4367674930950198E-001
 0083  0.4138141844943760E-001
 0084  0.3907075624653849E-001
 0085  0.3907075624653849E-001
 0086  0.3651473263337502E-001
 0087  0.3403835813040412E-001
 0088  0.3165990920075515E-001
 0089  0.2939060655807113E-001
 0090  0.2723655413545560E-001
 0091  0.2723655413545560E-001
 0092  0.2493562986665652E-001
 0093  0.2280786361714829E-001
 0094  0.2088109988389708E-001
 0095  0.1913765301867035E-001
 0096  0.1754922088139464E-001
 0097  0.1609378038276220E-001
 0098  0.1475387658385564E-001
 0099  0.1351543516812583E-001
 0100  0.1236692404281488E-001
 0101  0.1129967062489934E-001
 0102  0.1031083598124976E-001
 0103  0.9397051861041967E-002
 0104  0.8554597658544190E-002
 0105  0.7779540773576869E-002
 0106  0.7067846921422398E-002
 0107  0.6384305177266967E-002
 0108  0.5767785541045814E-002
 0109  0.5211473857176656E-002
 0110  0.4709283416820793E-002
 0111  0.4255785853016005E-002
 0112  0.3846132562034549E-002
 0113  0.3184411882574058E-002
 0114  0.2915624692643291E-002
 0115  0.2668036488994544E-002
 0116  0.2439894799373022E-002
 0117  0.2229904144927161E-002
 0118  0.2036818265027570E-002
 0119  0.1859445262002034E-002
 0120  0.1696650954746756E-002
 0121  0.1547360783960510E-002
 0122  0.1410560556312195E-002
 0123  0.1281221168730651E-002
 0124  0.1163892215430413E-002
 0125  0.1057432172749803E-002
 0126  0.9608120125125533E-003
 0127  0.8731035615104912E-003
 0128  0.7934691357072642E-003
 0129  0.7211523014839222E-003
 0130  0.6025448020446044E-003
 0131  0.5537458604314865E-003
 0132  0.5087404194921869E-003
 0133  0.4672531909128327E-003
 0134  0.4290263439365382E-003
 0135  0.3938187446186203E-003
 0136  0.3614051738040101E-003
 0137  0.3308356635107893E-003
 0138  0.3028784760421311E-003
 0139  0.2773066394129026E-003
 0140  0.2539133836733883E-003
 0141  0.2325025485802977E-003
 0142  0.2129053837651535E-003
 0143  0.1949675172128776E-003
 0144  0.1785477827760945E-003
 0145  0.1511813943105950E-003
 0146  0.1397508067958948E-003
 0147  0.1291616902809000E-003
 0148  0.1193545761312980E-003
 0149  0.1100906631549345E-003
 0150  0.1015517144888539E-003
 0151  0.9367833679304589E-004
 0152  0.8641837775090759E-004
 0153  0.7972379460605195E-004
 0154  0.7355032839293661E-004
 0155  0.6785720415492933E-004
 0156  0.6260685506295355E-004
 0157  0.5776466851661277E-004
 0158  0.4956872919320049E-004
 0159  0.4609428204967148E-004
 0160  0.4280277796868965E-004
 0161  0.3974739153684342E-004
 0162  0.3691110141417398E-004
 0163  0.3427811974702376E-004
 0164  0.3183380228223284E-004
 0165  0.2956456507002335E-004
 0166  0.2745780726962876E-004
 0167  0.2550183807664350E-004
 0168  0.2368581253015917E-004
 0169  0.2199940585905512E-004
 0170  0.1908583999264744E-004
 0171  0.1782755521232821E-004
 0172  0.1665257460649695E-004
 0173  0.1555535733619357E-004
 0174  0.1453073304391050E-004
 0175  0.1357387693272709E-004
 0176  0.1268028653335162E-004
 0177  0.1184566011661114E-004
 0178  0.1106610516210372E-004
 0179  0.1032863706541601E-004
 0180  0.9641274946957437E-005
 0181  0.8451318912343671E-005
 0182  0.7935713202845404E-005
 0183  0.7451617607270220E-005
 0184  0.6997106299522892E-005
 0185  0.6570370942130888E-005
 0186  0.6169713547900601E-005
 0187  0.5793539772287621E-005
 0188  0.5436306241097910E-005
 0189  0.5101483737566354E-005
 0190  0.4515456748009265E-005
 0191  0.4258794782328024E-005
 0192  0.4016748163598441E-005
 0193  0.3788484256761604E-005
 0194  0.3573217762445324E-005
 0195  0.3368113699834245E-005
 0196  0.3174956582303715E-005
 0197  0.2993040502174464E-005
 0198  0.2821701811150070E-005
 0199  0.2660316589252526E-005
 0200  0.2375164077476483E-005
 0201  0.2249100098369001E-005
 0202  0.2128609820167948E-005
 0203  0.2014661617263755E-005
 0204  0.1906895575175265E-005
 0205  0.1804971835451057E-005
 0206  0.1708569464215597E-005
 0207  0.1617380867522641E-005
 0208  0.1454262005842965E-005
 0209  0.1381308885360342E-005
 0210  0.1312060547582129E-005
 0211  0.1246323816640400E-005
 0212  0.1183918730655904E-005
 0213  0.1124674635195659E-005
 0214  0.1068429703231803E-005
 0215  0.1014607334592503E-005
 0216  0.9181470454792875E-006
 0217  0.8749041832542705E-006
 0218  0.8337197118251830E-006
 0219  0.7944946818920220E-006
 0220  0.7571349444428337E-006
 0221  0.7212870219347057E-006
 0222  0.6871691309747839E-006
 0223  0.6256193221166230E-006
 0224  0.5978457213058957E-006
 0225  0.5713165984222958E-006
 0226  0.5458020084213072E-006
 0227  0.5214474569488704E-006
 0228  0.4981987108321260E-006
 0229  0.4760047630749384E-006
 0230  0.4357288990135536E-006
 0231  0.4173311998051203E-006
 0232  0.3997231044277742E-006
 0233  0.3828702154629148E-006
 0234  0.3667396538493215E-006
 0235  0.3512996523190764E-006
 0236  0.3365202253234616E-006
 0237  0.3094019394226515E-006
 0238  0.2970396572793042E-006
 0239  0.2851788474497890E-006
 0240  0.2737988924755336E-006
 0241  0.2628179342109289E-006
 0242  0.2522869547991980E-006
 0243  0.2329981319165903E-006
 0244  0.2241626575873949E-006
 0245  0.2156213895414223E-006
 0246  0.2074123068117462E-006
 0247  0.1995221341982737E-006
 0248  0.1919382626661283E-006
 0249  0.1779523616018057E-006
 0250  0.1715036868135000E-006
 0251  0.1652932579386315E-006
 0252  0.1593120435528675E-006
 0253  0.1535237049612059E-006
 0254  0.1479509094757625E-006
 0255  0.1376633995342302E-006
 0256  0.1329144424734648E-006
 0257  0.1283111755603622E-006
 0258  0.1238711050478771E-006
 0259  0.1195883290474003E-006
 0260  0.1116364343009160E-006
 0261  0.1079450193554700E-006
 0262  0.1043784168260681E-006
 0263  0.1009323262148446E-006
 0264  0.9758860693588606E-007
 0265  0.9137519006434176E-007
 0266  0.8848807216982132E-007
 0267  0.8568292486272385E-007
 0268  0.8296901711421537E-007
 0269  0.8034331769883951E-007
 0270  0.7543967250447981E-007
 0271  0.7315003979223314E-007
 0272  0.7093164212998565E-007
 0273  0.6877427785901096E-007
 0274  0.6474265743269472E-007
 0275  0.6285878280479906E-007
 0276  0.6102454447574329E-007
 0277  0.5924533244145937E-007
 0278  0.5751944843462525E-007
 0279  0.5427467308805979E-007
 0280  0.5275484428745426E-007
 0281  0.5127872863319365E-007
 0282  0.4984030253274636E-007
 0283  0.4713896217315620E-007
 0284  0.4586646884737841E-007
 0285  0.4462934651469731E-007
 0286  0.4342658369071630E-007
 0287  0.4115575967220166E-007
 0288  0.4008725536314906E-007
 0289  0.3904420676630375E-007
 0290  0.3802916817660310E-007
 0291  0.3611210157147991E-007
 0292  0.3520687752841055E-007
 0293  0.3432505326455917E-007
 0294  0.3346361805558456E-007
 0295  0.3183380597903469E-007
 0296  0.3106287438959031E-007
 0297  0.3031123507471857E-007
 0298  0.2888465711469827E-007
 0299  0.2820954428573839E-007
 0300  0.2754905335532085E-007
 0301  0.2690457280382377E-007
 0302  0.2567955350994490E-007
 0303  0.2509886875381531E-007
 0304  0.2453041209033412E-007
 0305  0.2344961010507122E-007
 0306  0.2293585655679253E-007
 0307  0.2243263693103696E-007
 0308  0.2194088366929274E-007
 0309  0.2100458168677872E-007
 0310  0.2055887997873620E-007
 0311  0.2012206165402595E-007
 0312  0.1928924593665041E-007
 0313  0.1889227802006576E-007
 0314  0.1850301411556678E-007
 0315  0.1775991468256405E-007
 0316  0.1740525900202163E-007
 0317  0.1705730523108314E-007
 0318  0.1639225566384524E-007
 0319  0.1607446398054549E-007
 0320  0.1576252096900091E-007
 0321  0.1516560396326565E-007
 0322  0.1488003694830404E-007
 0323  0.1459958919164831E-007
 0324  0.1406234071695426E-007
 0325  0.1380460205599349E-007
 0326  0.1331034076296604E-007
 0327  0.1307337432505373E-007
 0328  0.1284044630455863E-007
 0329  0.1239296248734007E-007
 0330  0.1217805241099041E-007
 0331  0.1196704978896124E-007
 0332  0.1156100821609456E-007
 0333  0.1136596624681630E-007
 0334  0.1099031437805199E-007
 0335  0.1080970300476715E-007
 0336  0.1063196286409760E-007
 0337  0.1028960557509568E-007
 0338  0.1012475065349241E-007
 0339  0.9806749289243147E-008
 0340  0.9653598209763981E-008
 0341  0.9357943551223009E-008
 0342  0.9215264629747969E-008
 0343  0.9074881869099249E-008
 0344  0.8803693159486219E-008
 0345  0.8672731785572350E-008
 0346  0.8419582005153459E-008
 0347  0.8297386143839597E-008
 0348  0.8061013268391946E-008
 0349  0.7946710602802101E-008
 0350  0.7725473024143860E-008
 0351  0.7618424385018512E-008
 0352  0.7411105282079108E-008
 0353  0.7310731824649803E-008
 0354  0.7116229538849207E-008
 0355  0.7022007682089236E-008
 0356  0.6839325204539110E-008
 0357  0.6750780055232581E-008
 0358  0.6579011459717174E-008
 0359  0.6495711132957677E-008
 0360  0.6333970000354218E-008
 0361  0.6255462610996820E-008
 0362  0.6103015623875080E-008
 0363  0.6029011871174169E-008
 0364  0.5885137332286884E-008
 0365  0.5747617321752082E-008
 0366  0.5680773122706310E-008
 0367  0.5550749392868483E-008
 0368  0.5487522119035550E-008
 0369  0.5364445808573085E-008
 0370  0.5246534764471502E-008
 0371  0.5189133978144608E-008
 0372  0.5077344009177747E-008
 0373  0.5022888399553421E-008
 0374  0.4916795653781165E-008
 0375  0.4814925342341102E-008
 0376  0.4765267637607490E-008
 0377  0.4668408134840913E-008
 0378  0.4575309386423911E-008
 0379  0.4529898086164339E-008
 0380  0.4441264744230983E-008
 0381  0.4355972175700030E-008
 0382  0.4314334748271972E-008
 0383  0.4233004158403116E-008
 0384  0.4154642174261728E-008
 0385  0.4079108526377299E-008
 0386  0.4042193340358975E-008
 0387  0.3970008112720102E-008
 0388  0.3900365569758667E-008
 0389  0.3833140978956629E-008
 0390  0.3800251527169431E-008
 0391  0.3735887029642121E-008
 0392  0.3673690050156128E-008
 0393  0.3613563078739745E-008
 0394  0.3555419751703380E-008
 0395  0.3499159942825510E-008
 0396  0.3471599159838287E-008
 0397  0.3417579615715147E-008
 0398  0.3365270413216675E-008
 0399  0.3314599464130790E-008
 0400  0.3265495797498627E-008
 0401  0.3217892302019128E-008
 0402  0.3171726573150259E-008
 0403  0.3126939352692177E-008
 0404  0.3083473939556180E-008
 0405  0.3041285169914194E-008
 0406  0.3000374242262066E-008
 0407  0.2960697635986018E-008
 0408  0.2922204718076992E-008
 0409  0.2884847470228760E-008
 0410  0.2848580326999170E-008
 0411  0.2813360025600162E-008
 0412  0.2779145466368302E-008
 0413  0.2745897583053611E-008
 0414  0.2713579222142191E-008
 0415  0.2682155030498415E-008
 0416  0.2636780856747613E-008
 0417  0.2607651968406768E-008
 0418  0.2579296938816499E-008
 0419  0.2551687796036169E-008
 0420  0.2524797844677711E-008
 0421  0.2485887184736991E-008
 0422  0.2460854990280139E-008
 0423  0.2436450432300272E-008
 0424  0.2401090401648584E-008
 0425  0.2378313471402954E-008
 0426  0.2356087051939277E-008
 0427  0.2323844267833553E-008
 0428  0.2303050811504404E-008
 0429  0.2272861313110729E-008
 0430  0.2253375902481663E-008
 0431  0.2225062930415809E-008
 0432  0.2206774365121278E-008
 0433  0.2180180335096590E-008
 0434  0.2162989331819258E-008
 0435  0.2137973347859007E-008
 0436  0.2113901363501030E-008
 0437  0.2098322660021958E-008
 0438  0.2075627497254915E-008
 0439  0.2053758963162464E-008
 0440  0.2032676102721403E-008
 0441  0.2012340559768052E-008
 0442  0.1992716376876412E-008
 0443  0.1973769813262237E-008
 0444  0.1955469178861137E-008
 0445  0.1937784682941839E-008
 0446  0.1920688295801632E-008
 0447  0.1904153622253672E-008
 0448  0.1888155785758580E-008
 0449  0.1872671322177724E-008
 0450  0.1852821543473104E-008
 0451  0.1838502530529262E-008
 0452  0.1824625282037979E-008
 0453  0.1806809450853196E-008
 0454  0.1789764574258534E-008
 0455  0.1777444123076905E-008
 0456  0.1761602787479604E-008
 0457  0.1746420865619260E-008
 0458  0.1731862186993643E-008
 0459  0.1717893119881217E-008
 0460  0.1704482354136850E-008
 0461  0.1691600705779236E-008
 0462  0.1679220940873184E-008
 0463  0.1667317616531210E-008
 0464  0.1653089570360811E-008
 0465  0.1639557635266831E-008
 0466  0.1629193941806658E-008
 0467  0.1616783561884525E-008
 0468  0.1604957061438852E-008
 0469  0.1591499560202685E-008
 0470  0.1580858431526583E-008
 0471  0.1568731393283761E-008
 0472  0.1559128368193208E-008
 0473  0.1548169357979769E-008
 0474  0.1536130937984688E-008
 0475  0.1526408045304630E-008
 0476  0.1515709165688645E-008
 0477  0.1505662257656718E-008
 0478  0.1496219322524740E-008
 0479  0.1486117354978928E-008
 0480  0.1475573345545608E-008
 0481  0.1466869487254810E-008
 0482  0.1456801102617404E-008
 0483  0.1447562270511230E-008
 0484  0.1439074082385810E-008
 0485  0.1429788747873457E-008
 0486  0.1420731135166899E-008
 0487  0.1412012300359945E-008
 0488  0.1403721869610890E-008
 0489  0.1395027486729858E-008
 0490  0.1387129046275130E-008
 0491  0.1378733627474374E-008
 0492  0.1370773867436221E-008
 0493  0.1362823876345687E-008
 0494  0.1358639221308539E-008
 0495  0.1358639221308539E-008
 0496  0.1358639221308539E-008
 0497  0.1358639221308539E-008
 0498  0.1358639221308539E-008
 0499  0.1358639221308539E-008
 0500  0.1358639221308539E-008
 0501  0.1358639221308539E-008
 0502  0.1358639221308539E-008
 0503  0.1358639221308539E-008
 0504  0.1358639221308539E-008
 0505  0.1358639221308539E-008
 0506  0.1358639221308539E-008
 0507  0.1358639221308539E-008
 0508  0.1358639221308539E-008
 0509  0.1358639221308539E-008
 0510  0.1358639221308539E-008
 0511  0.1358639221308539E-008
 0512  0.1358639221308539E-008
 0513  0.1358639221308539E-008
 0514  0.1358639221308539E-008
 0515  0.1358639221308539E-008
 0516  0.1358639221308539E-008
 0517  0.1358639221308539E-008
 0518  0.1358639221308539E-008
 0519  0.1358639221308539E-008
 0520  0.1358639221308539E-008
 0521  0.1358639221308539E-008
 0522  0.1358639221308539E-008
 0523  0.1358639221308539E-008
 0524  0.1358639221308539E-008
 0525  0.1358639221308539E-008
 0526  0.1358639221308539E-008
 0527  0.1358639221308539E-008
 0528  0.1358639221308539E-008
 0529  0.1358639221308539E-008
 0530  0.1358639221308539E-008
 0531  0.1358639221308539E-008
 0532  0.1358639221308539E-008
 0533  0.1358639221308539E-008
 0534  0.1358639221308539E-008
 0535  0.1358639221308539E-008
 0536  0.1358639221308539E-008
 0537  0.1358639221308539E-008
 0538  0.1358639221308539E-008
 0539  0.1358639221308539E-008
 0540  0.1358639221308539E-008
 0541  0.1358639221308539E-008
 0542  0.1358639221308539E-008
 0543  0.1358639221308539E-008
 0544  0.1358639221308539E-008
 0545  0.1358639221308539E-008
 0546  0.1358639221308539E-008
 0547  0.1358639221308539E-008
 0548  0.1358639221308539E-008
 0549  0.1358639221308539E-008
 0550  0.1358639221308539E-008
 0551  0.1358639221308539E-008
 0552  0.1358639221308539E-008
 0553  0.1358639221308539E-008
 0554  0.1358639221308539E-008
 0555  0.1358639221308539E-008
 0556  0.1358639221308539E-008
 0557  0.1358639221308539E-008
 0558  0.1358639221308539E-008
 0559  0.1358639221308539E-008
 0560  0.1358639221308539E-008
 0561  0.1358639221308539E-008
 0562  0.1358639221308539E-008
 0563  0.1358639221308539E-008
 0564  0.1358639221308539E-008
 0565  0.1358639221308539E-008
 0566  0.1358639221308539E-008
 0567  0.1358639221308539E-008
 0568  0.1358639221308539E-008
 0569  0.1358639221308539E-008
 0570  0.1358639221308539E-008
 0571  0.1358639221308539E-008
 0572  0.1358639221308539E-008
 0573  0.1358639221308539E-008
 0574  0.1358639221308539E-008
 0575  0.1358639221308539E-008
 0576  0.1358639221308539E-008
 0577  0.1358639221308539E-008
 0578  0.1358639221308539E-008
 0579  0.1358639221308539E-008
 0580  0.1358639221308539E-008
 0581  0.1358639221308539E-008
 0582  0.1358639221308539E-008
 0583  0.1358639221308539E-008
 0584  0.1358639221308539E-008
 0585  0.1358639221308539E-008
 0586  0.1358639221308539E-008
 0587  0.1358639221308539E-008
 0588  0.1358639221308539E-008
 0589  0.1358639221308539E-008
 0590  0.1358639221308539E-008
 0591  0.1358639221308539E-008
 0592  0.1358639221308539E-008
 0593  0.1358639221308539E-008
 0594  0.1358639221308539E-008
 0595  0.1358639221308539E-008
 0596  0.1358639221308539E-008
 0597  0.1358639221308539E-008
 0598  0.1358639221308539E-008
 0599  0.1358639221308539E-008
 0600  0.1358639221308539E-008
 0601  0.1358639221308539E-008
 0602  0.1358639221308539E-008
 0603  0.1358639221308539E-008
 0604  0.1358639221308539E-008
 0605  0.1358639221308539E-008
 0606  0.1358639221308539E-008
 0607  0.1358639221308539E-008
 0608  0.1358639221308539E-008
 0609  0.1358639221308539E-008
 0610  0.1358639221308539E-008
 0611  0.1358639221308539E-008
 0612  0.1358639221308539E-008
 0613  0.1358639221308539E-008
 0614  0.1358639221308539E-008
 0615  0.1358639221308539E-008
 0616  0.1358639221308539E-008
 0617  0.1358639221308539E-008
 0618  0.1358639221308539E-008
 0619  0.1358639221308539E-008
 0620  0.1358639221308539E-008
 0621  0.1358639221308539E-008
 0622  0.1358639221308539E-008
 0623  0.1358639221308539E-008
 0624  0.1358639221308539E-008
 0625  0.1358639221308539E-008
 0626  0.1358639221308539E-008
 0627  0.1358639221308539E-008
 0628  0.1358639221308539E-008
 0629  0.1358639221308539E-008
 0630  0.1358639221308539E-008
 0631  0.1358639221308539E-008
 0632  0.1358639221308539E-008
 0633  0.1358639221308539E-008
 0634  0.1358639221308539E-008
 0635  0.1358639221308539E-008
 0636  0.1358639221308539E-008
 0637  0.1358639221308539E-008
 0638  0.1358639221308539E-008
 0639  0.1358639221308539E-008
 0640  0.1358639221308539E-008
 0641  0.1358639221308539E-008
 0642  0.1358639221308539E-008
 0643  0.1358639221308539E-008
 0644  0.1358639221308539E-008
 0645  0.1358639221308539E-008
 0646  0.1358639221308539E-008
 0647  0.1358639221308539E-008
 0648  0.1358639221308539E-008
 0649  0.1358639221308539E-008
 0650  0.1358639221308539E-008
 0651  0.1358639221308539E-008
 0652  0.1358639221308539E-008
 0653  0.1358639221308539E-008
 0654  0.1358639221308539E-008
 0655  0.1358639221308539E-008
 0656  0.1358639221308539E-008
 0657  0.1358639221308539E-008
 0658  0.1358639221308539E-008
 0659  0.1358639221308539E-008
 0660  0.1358639221308539E-008
 0661  0.1358639221308539E-008
 0662  0.1358639221308539E-008
 0663  0.1358639221308539E-008
 0664  0.1358639221308539E-008
 0665  0.1358639221308539E-008
 0666  0.1358639221308539E-008
 0667  0.1358639221308539E-008
 0668  0.1358639221308539E-008
 0669  0.1358639221308539E-008
 0670  0.1358639221308539E-008
 0671  0.1358639221308539E-008
 0672  0.1358639221308539E-008
 0673  0.1358639221308539E-008
 0674  0.1358639221308539E-008
 0675  0.1358639221308539E-008
 0676  0.1358639221308539E-008
 0677  0.1358639221308539E-008
 0678  0.1358639221308539E-008
 0679  0.1358639221308539E-008
 0680  0.1358639221308539E-008
 0681  0.1358639221308539E-008
 0682  0.1358639221308539E-008
 0683  0.1358639221308539E-008
 0684  0.1358639221308539E-008
 0685  0.1358639221308539E-008
 0686  0.1358639221308539E-008
 0687  0.1358639221308539E-008
 0688  0.1358639221308539E-008
 0689  0.1358639221308539E-008
 0690  0.1358639221308539E-008
 0691  0.1358639221308539E-008
 0692  0.1358639221308539E-008
 0693  0.1358639221308539E-008
 0694  0.1358639221308539E-008
 0695  0.1358639221308539E-008
 0696  0.1358639221308539E-008
 0697  0.1358639221308539E-008
 0698  0.1358639221308539E-008
 0699  0.1358639221308539E-008
 0700  0.1358639221308539E-008
 0701  0.1358639221308539E-008
 0702  0.1358639221308539E-008
 0703  0.1358639221308539E-008
 0704  0.1358639221308539E-008
 0705  0.1358639221308539E-008
 0706  0.1358639221308539E-008
 0707  0.1358639221308539E-008
 0708  0.1358639221308539E-008
 0709  0.1358639221308539E-008
 0710  0.1358639221308539E-008
 0711  0.1358639221308539E-008
 0712  0.1358639221308539E-008
 0713  0.1358639221308539E-008
 0714  0.1358639221308539E-008
 0715  0.1358639221308539E-008
 0716  0.1358639221308539E-008
 0717  0.1358639221308539E-008
 0718  0.1358639221308539E-008
 0719  0.1358639221308539E-008
 0720  0.1358639221308539E-008
 0721  0.1358639221308539E-008
 0722  0.1358639221308539E-008
 0723  0.1358639221308539E-008
 0724  0.1358639221308539E-008
 0725  0.1358639221308539E-008
 0726  0.1358639221308539E-008
 0727  0.1358639221308539E-008
 0728  0.1358639221308539E-008
 0729  0.1358639221308539E-008
 0730  0.1358639221308539E-008
 0731  0.1358639221308539E-008
 0732  0.1358639221308539E-008
 0733  0.1358639221308539E-008
 0734  0.1358639221308539E-008
 0735  0.1358639221308539E-008
 0736  0.1358639221308539E-008
 0737  0.1358639221308539E-008
 0738  0.1358639221308539E-008
 0739  0.1358639221308539E-008
 0740  0.1358639221308539E-008
 0741  0.1358639221308539E-008
 0742  0.1358639221308539E-008
 0743  0.1358639221308539E-008
 0744  0.1358639221308539E-008
 0745  0.1358639221308539E-008
 0746  0.1358639221308539E-008
 0747  0.1358639221308539E-008
 0748  0.1358639221308539E-008
 0749  0.1358639221308539E-008
 0750  0.1358639221308539E-008
 0751  0.1358639221308539E-008
 0752  0.1358639221308539E-008
 0753  0.1358639221308539E-008
 0754  0.1358639221308539E-008
 0755  0.1358639221308539E-008
 0756  0.1358639221308539E-008
 0757  0.1358639221308539E-008
 0758  0.1358639221308539E-008
 0759  0.1358639221308539E-008
 0760  0.1358639221308539E-008
 0761  0.1358639221308539E-008
 0762  0.1358639221308539E-008
 0763  0.1358639221308539E-008
 0764  0.1358639221308539E-008
 0765  0.1358639221308539E-008
 0766  0.1358639221308539E-008
 0767  0.1358639221308539E-008
 0768  0.1358639221308539E-008
 0769  0.1358639221308539E-008
 0770  0.1358639221308539E-008
 0771  0.1358639221308539E-008
 0772  0.1358639221308539E-008
 0773  0.1358639221308539E-008
 0774  0.1358639221308539E-008
 0775  0.1358639221308539E-008
 0776  0.1358639221308539E-008
 0777  0.1358639221308539E-008
 0778  0.1358639221308539E-008
 0779  0.1358639221308539E-008
 0780  0.1358639221308539E-008
 0781  0.1358639221308539E-008
 0782  0.1358639221308539E-008
 0783  0.1358639221308539E-008
 0784  0.1358639221308539E-008
 0785  0.1358639221308539E-008
 0786  0.1358639221308539E-008
 0787  0.1358639221308539E-008
 0788  0.1358639221308539E-008
 0789  0.1358639221308539E-008
 0790  0.1358639221308539E-008
 0791  0.1358639221308539E-008
 0792  0.1358639221308539E-008
 0793  0.1358639221308539E-008
 0794  0.1358639221308539E-008
 0795  0.1358639221308539E-008
 0796  0.1358639221308539E-008
 0797  0.1358639221308539E-008
 0798  0.1358639221308539E-008
 0799  0.1358639221308539E-008
 0800  0.1358639221308539E-008
 0801  0.1358639221308539E-008
 0802  0.1358639221308539E-008
 0803  0.1358639221308539E-008
 0804  0.1358639221308539E-008
 0805  0.1358639221308539E-008
 0806  0.1358639221308539E-008
 0807  0.1358639221308539E-008
 0808  0.1358639221308539E-008
 0809  0.1358639221308539E-008
 0810  0.1358639221308539E-008
 0811  0.1358639221308539E-008
 0812  0.1358639221308539E-008
 0813  0.1358639221308539E-008
 0814  0.1358639221308539E-008
 0815  0.1358639221308539E-008
 0816  0.1358639221308539E-008
 0817  0.1358639221308539E-008
 0818  0.1358639221308539E-008
 0819  0.1358639221308539E-008
 0820  0.1358639221308539E-008
 0821  0.1358639221308539E-008
 0822  0.1358639221308539E-008
 0823  0.1358639221308539E-008
 0824  0.1358639221308539E-008
 0825  0.1358639221308539E-008
 0826  0.1358639221308539E-008
 0827  0.1358639221308539E-008
 0828  0.1358639221308539E-008
 0829  0.1358639221308539E-008
 0830  0.1358639221308539E-008
 0831  0.1358639221308539E-008
 0832  0.1358639221308539E-008
 0833  0.1358639221308539E-008
 0834  0.1358639221308539E-008
 0835  0.1358639221308539E-008
 0836  0.1358639221308539E-008
 0837  0.1358639221308539E-008
 0838  0.1358639221308539E-008
 0839  0.1358639221308539E-008
 0840  0.1358639221308539E-008
 0841  0.1358639221308539E-008
 0842  0.1358639221308539E-008
 0843  0.1358639221308539E-008
 0844  0.1358639221308539E-008
 0845  0.1358639221308539E-008
 0846  0.1358639221308539E-008
 0847  0.1358639221308539E-008
 0848  0.1358639221308539E-008
 0849  0.1358639221308539E-008
 0850  0.1358639221308539E-008
 0851  0.1358639221308539E-008
 0852  0.1358639221308539E-008
 0853  0.1358639221308539E-008
 0854  0.1358639221308539E-008
 0855  0.1358639221308539E-008
 0856  0.1358639221308539E-008
 0857  0.1358639221308539E-008
 0858  0.1358639221308539E-008
 0859  0.1358639221308539E-008
 0860  0.1358639221308539E-008
 0861  0.1358639221308539E-008
 0862  0.1358639221308539E-008
 0863  0.1358639221308539E-008
 0864  0.1358639221308539E-008
 0865  0.1358639221308539E-008
 0866  0.1358639221308539E-008
 0867  0.1358639221308539E-008
 0868  0.1358639221308539E-008
 0869  0.1358639221308539E-008
 0870  0.1358639221308539E-008
 0871  0.1358639221308539E-008
 0872  0.1358639221308539E-008
 0873  0.1358639221308539E-008
 0874  0.1358639221308539E-008
 0875  0.1358639221308539E-008
 0876  0.1358639221308539E-008
 0877  0.1358639221308539E-008
 0878  0.1358639221308539E-008
 0879  0.1358639221308539E-008
 0880  0.1358639221308539E-008
 0881  0.1358639221308539E-008
 0882  0.1358639221308539E-008
 0883  0.1358639221308539E-008
 0884  0.1358639221308539E-008
 0885  0.1358639221308539E-008
 0886  0.1358639221308539E-008
 0887  0.1358639221308539E-008
 0888  0.1358639221308539E-008
 0889  0.1358639221308539E-008
 0890  0.1358639221308539E-008
 0891  0.1358639221308539E-008
 0892  0.1358639221308539E-008
 0893  0.1358639221308539E-008
 0894  0.1358639221308539E-008
 0895  0.1358639221308539E-008
 0896  0.1358639221308539E-008
 0897  0.1358639221308539E-008
 0898  0.1358639221308539E-008
 0899  0.1358639221308539E-008
 0900  0.1358639221308539E-008
 0901  0.1358639221308539E-008
 0902  0.1358639221308539E-008
 0903  0.1358639221308539E-008
 0904  0.1358639221308539E-008
 0905  0.1358639221308539E-008
 0906  0.1358639221308539E-008
 0907  0.1358639221308539E-008
 0908  0.1358639221308539E-008
 0909  0.1358639221308539E-008
 0910  0.1358639221308539E-008
 0911  0.1358639221308539E-008
 0912  0.1358639221308539E-008
 0913  0.1358639221308539E-008
 0914  0.1358639221308539E-008
 0915  0.1358639221308539E-008
 0916  0.1358639221308539E-008
 0917  0.1358639221308539E-008
 0918  0.1358639221308539E-008
 0919  0.1358639221308539E-008
 0920  0.1358639221308539E-008
 0921  0.1358639221308539E-008
 0922  0.1358639221308539E-008
 0923  0.1358639221308539E-008
 0924  0.1358639221308539E-008
 0925  0.1358639221308539E-008
 0926  0.1358639221308539E-008
 0927  0.1358639221308539E-008
 0928  0.1358639221308539E-008
 0929  0.1358639221308539E-008
 0930  0.1358639221308539E-008
 0931  0.1358639221308539E-008
 0932  0.1358639221308539E-008
 0933  0.1358639221308539E-008
 0934  0.1358639221308539E-008
 0935  0.1358639221308539E-008
 0936  0.1358639221308539E-008
 0937  0.1358639221308539E-008
 0938  0.1358639221308539E-008
 0939  0.1358639221308539E-008
 0940  0.1358639221308539E-008
 0941  0.1358639221308539E-008
 0942  0.1358639221308539E-008
 0943  0.1358639221308539E-008
 0944  0.1358639221308539E-008
 0945  0.1358639221308539E-008
 0946  0.1358639221308539E-008
 0947  0.1358639221308539E-008
 0948  0.1358639221308539E-008
 0949  0.1358639221308539E-008
 0950  0.1358639221308539E-008
 0951  0.1358639221308539E-008
 0952  0.1358639221308539E-008
 0953  0.1358639221308539E-008
 0954  0.1358639221308539E-008
 0955  0.1358639221308539E-008
 0956  0.1358639221308539E-008
 0957  0.1358639221308539E-008
 0958  0.1358639221308539E-008
 0959  0.1358639221308539E-008
 0960  0.1358639221308539E-008
 0961  0.1358639221308539E-008
 0962  0.1358639221308539E-008
 0963  0.1358639221308539E-008
 0964  0.1358639221308539E-008
 0965  0.1358639221308539E-008
 0966  0.1358639221308539E-008
 0967  0.1358639221308539E-008
 0968  0.1358639221308539E-008
 0969  0.1358639221308539E-008
 0970  0.1358639221308539E-008
 0971  0.1358639221308539E-008
 0972  0.1358639221308539E-008
 0973  0.1358639221308539E-008
 0974  0.1358639221308539E-008
 0975  0.1358639221308539E-008
 0976  0.1358639221308539E-008
 0977  0.1358639221308539E-008
 0978  0.1358639221308539E-008
 0979  0.1358639221308539E-008
 0980  0.1358639221308539E-008
 0981  0.1358639221308539E-008
 0982  0.1358639221308539E-008
 0983  0.1358639221308539E-008
 0984  0.1358639221308539E-008
 0985  0.1358639221308539E-008
 0986  0.1358639221308539E-008
 0987  0.1358639221308539E-008
 0988  0.1358639221308539E-008
 0989  0.1358639221308539E-008
 0990  0.1358639221308539E-008
 0991  0.1358639221308539E-008
 0992  0.1358639221308539E-008
 0993  0.1358639221308539E-008
 0994  0.1358639221308539E-008
 0995  0.1358639221308539E-008
 0996  0.1358639221308539E-008
 0997  0.1358639221308539E-008
 0998  0.1358639221308539E-008
 0999  0.1358639221308539E-008
 1000  0.1358639221308539E-008
