 0001  0.3369294085243022E+000
 0002  0.3378574697156339E+000
 0003  0.3378574697156339E+000
 0004  0.3378574697156339E+000
 0005  0.3388985909593013E+000
 0006  0.3388985909593013E+000
 0007  0.3400385543583744E+000
 0008  0.3400385543583745E+000
 0009  0.3411520456528924E+000
 0010  0.3411520456528924E+000
 0011  0.3411520456528923E+000
 0012  0.3423883853731361E+000
 0013  0.3423883853731361E+000
 0014  0.3435960149485044E+000
 0015  0.3435960149485043E+000
 0016  0.3449157085559069E+000
 0017  0.3449157085559069E+000
 0018  0.3463499923807282E+000
 0019  0.3463499923807282E+000
 0020  0.3477509694244690E+000
 0021  0.3477509694244690E+000
 0022  0.3492815975672672E+000
 0023  0.3492815975672673E+000
 0024  0.3509313805319390E+000
 0025  0.3509313805319390E+000
 0026  0.3527060723363017E+000
 0027  0.3543906115007480E+000
 0028  0.3543906115007480E+000
 0029  0.3562169485022509E+000
 0030  0.3562169485022510E+000
 0031  0.3581892474982519E+000
 0032  0.3581892474982519E+000
 0033  0.3601157459840969E+000
 0034  0.3621250470187463E+000
 0035  0.3621250470187463E+000
 0036  0.3642630882439332E+000
 0037  0.3642630882439332E+000
 0038  0.3663514801111646E+000
 0039  0.3684650053613580E+000
 0040  0.3684650053613580E+000
 0041  0.3706256489228105E+000
 0042  0.3726811719936437E+000
 0043  0.3726811719936436E+000
 0044  0.3746889619340174E+000
 0045  0.3746889619340174E+000
 0046  0.3766806022659857E+000
 0047  0.3784985921083925E+000
 0048  0.3784985921083925E+000
 0049  0.3801508303273760E+000
 0050  0.3816865531836137E+000
 0051  0.3828902009541182E+000
 0052  0.3828902009541183E+000
 0053  0.3837371349692941E+000
 0054  0.3842236153865042E+000
 0055  0.3842236153865042E+000
 0056  0.3846987988090224E+000
 0057  0.3846802232466237E+000
 0058  0.3846802232466237E+000
 0059  0.3840687671611226E+000
 0060  0.3828356850785635E+000
 0061  0.3809596227209843E+000
 0062  0.3809596227209843E+000
 0063  0.3791271260769380E+000
 0064  0.3766811648611129E+000
 0065  0.3735811778667920E+000
 0066  0.3735811778667920E+000
 0067  0.3695389902222411E+000
 0068  0.3648013412080282E+000
 0069  0.3605114843801641E+000
 0070  0.3605114843801641E+000
 0071  0.3549905778940298E+000
 0072  0.3486823766312721E+000
 0073  0.3418316565863612E+000
 0074  0.3344484203134100E+000
 0075  0.3344484203134100E+000
 0076  0.3272366367403727E+000
 0077  0.3193095728983381E+000
 0078  0.3107690515694596E+000
 0079  0.3017242644990075E+000
 0080  0.3017242644990074E+000
 0081  0.2913533858112267E+000
 0082  0.2807749428411007E+000
 0083  0.2714853330021903E+000
 0084  0.2617385871535041E+000
 0085  0.2617385871535041E+000
 0086  0.2505552614982978E+000
 0087  0.2393425370386523E+000
 0088  0.2282073796731964E+000
 0089  0.2172219752443663E+000
 0090  0.2064349708094627E+000
 0091  0.2064349708094627E+000
 0092  0.1945077813811120E+000
 0093  0.1830760550743853E+000
 0094  0.1723347722477459E+000
 0095  0.1622399996739876E+000
 0096  0.1526872243907359E+000
 0097  0.1436014886263991E+000
 0098  0.1349279987834290E+000
 0099  0.1266258010980274E+000
 0100  0.1186634753373490E+000
 0101  0.1109989166397387E+000
 0102  0.1036642885608606E+000
 0103  0.9668079750156303E-001
 0104  0.9006078436332374E-001
 0105  0.8380947203946684E-001
 0106  0.7792642271710204E-001
 0107  0.7204466947517824E-001
 0108  0.6664901715121356E-001
 0109  0.6169717602535205E-001
 0110  0.5715093438319419E-001
 0111  0.5297599771675530E-001
 0112  0.4914145890582051E-001
 0113  0.4279964600710469E-001
 0114  0.4015945203272771E-001
 0115  0.3769064469840580E-001
 0116  0.3538069390725342E-001
 0117  0.3322351536033634E-001
 0118  0.3121252118136113E-001
 0119  0.2934079947822861E-001
 0120  0.2760126052016509E-001
 0121  0.2598675476416264E-001
 0122  0.2449016720284557E-001
 0123  0.2304730291973942E-001
 0124  0.2172736232675446E-001
 0125  0.2051959736731003E-001
 0126  0.1941425562160152E-001
 0127  0.1840247913635552E-001
 0128  0.1747621473246054E-001
 0129  0.1662813435538675E-001
 0130  0.1522018621444221E-001
 0131  0.1463359006425674E-001
 0132  0.1408840572130934E-001
 0133  0.1358207355939295E-001
 0134  0.1311214395504262E-001
 0135  0.1267627985138395E-001
 0136  0.1227225779567051E-001
 0137  0.1188668337967528E-001
 0138  0.1153222157449967E-001
 0139  0.1120631806305630E-001
 0140  0.1090663509578683E-001
 0141  0.1063088831819711E-001
 0142  0.1037717281360479E-001
 0143  0.1014373331647256E-001
 0144  0.9928953843015382E-002
 0145  0.9568357841291775E-002
 0146  0.9416588923581900E-002
 0147  0.9275320424098078E-002
 0148  0.9143872976293070E-002
 0149  0.9018679453842155E-002
 0150  0.8902859369660749E-002
 0151  0.8795665334722173E-002
 0152  0.8696454268745568E-002
 0153  0.8604631079962984E-002
 0154  0.8519645080812235E-002
 0155  0.8440986671562522E-002
 0156  0.8368184271830092E-002
 0157  0.8300801481441800E-002
 0158  0.8186161116511995E-002
 0159  0.8137301349882898E-002
 0160  0.8090724843109276E-002
 0161  0.8047367092793569E-002
 0162  0.8007005204338256E-002
 0163  0.7969431753537046E-002
 0164  0.7934453710123085E-002
 0165  0.7901891436413408E-002
 0166  0.7871577755811857E-002
 0167  0.7843357052851246E-002
 0168  0.7817084513218607E-002
 0169  0.7792620284132024E-002
 0170  0.7750142577928450E-002
 0171  0.7731708162020817E-002
 0172  0.7714456013254024E-002
 0173  0.7698310105444862E-002
 0174  0.7683199318422987E-002
 0175  0.7669057119980351E-002
 0176  0.7655821268563052E-002
 0177  0.7643431598318602E-002
 0178  0.7631834190856453E-002
 0179  0.7620819009797975E-002
 0180  0.7610533369705057E-002
 0181  0.7592678934302776E-002
 0182  0.7584920718807554E-002
 0183  0.7577623100600793E-002
 0184  0.7570758822323181E-002
 0185  0.7564302229246283E-002
 0186  0.7558229176066438E-002
 0187  0.7552516939027192E-002
 0188  0.7547074219030759E-002
 0189  0.7541965082391010E-002
 0190  0.7533002234124770E-002
 0191  0.7529067372450272E-002
 0192  0.7525350834275504E-002
 0193  0.7521840531975355E-002
 0194  0.7518525043068526E-002
 0195  0.7515357044880289E-002
 0196  0.7512369593096266E-002
 0197  0.7509552242597228E-002
 0198  0.7506895160960677E-002
 0199  0.7504389092669288E-002
 0200  0.7499952426884381E-002
 0201  0.7497986974241496E-002
 0202  0.7496103719839374E-002
 0203  0.7494320640654635E-002
 0204  0.7492632334321833E-002
 0205  0.7491033693848795E-002
 0206  0.7489519891246182E-002
 0207  0.7488086273477138E-002
 0208  0.7485516116794714E-002
 0209  0.7484364109825527E-002
 0210  0.7483269474328470E-002
 0211  0.7482229263357080E-002
 0212  0.7481240742592470E-002
 0213  0.7480301316329954E-002
 0214  0.7479408520491387E-002
 0215  0.7478552504573141E-002
 0216  0.7477016248917143E-002
 0217  0.7476326566235464E-002
 0218  0.7475669100734159E-002
 0219  0.7475042332882520E-002
 0220  0.7474444815472535E-002
 0221  0.7473870462228026E-002
 0222  0.7473323370247282E-002
 0223  0.7472335179243022E-002
 0224  0.7471888695896175E-002
 0225  0.7471461859255331E-002
 0226  0.7471050690838053E-002
 0227  0.7470657919907703E-002
 0228  0.7470282696800684E-002
 0229  0.7469924224443566E-002
 0230  0.7469272964468590E-002
 0231  0.7468974921884312E-002
 0232  0.7468689473474458E-002
 0233  0.7468416078729501E-002
 0234  0.7468154220668552E-002
 0235  0.7467903398262667E-002
 0236  0.7467663139622179E-002
 0237  0.7467221578868903E-002
 0238  0.7467020091747781E-002
 0239  0.7466826654959380E-002
 0240  0.7466640942430346E-002
 0241  0.7466461523234449E-002
 0242  0.7466289356143128E-002
 0243  0.7465973738631359E-002
 0244  0.7465829037292323E-002
 0245  0.7465688997519471E-002
 0246  0.7465554332083743E-002
 0247  0.7465424828512385E-002
 0248  0.7465300285284081E-002
 0249  0.7465070369365041E-002
 0250  0.7464964248942374E-002
 0251  0.7464861998371276E-002
 0252  0.7464763472564763E-002
 0253  0.7464668032656685E-002
 0254  0.7464576104487780E-002
 0255  0.7464406287028796E-002
 0256  0.7464327840131239E-002
 0257  0.7464251732117871E-002
 0258  0.7464178290910803E-002
 0259  0.7464107421107121E-002
 0260  0.7463975727161280E-002
 0261  0.7463914541754791E-002
 0262  0.7463855401539071E-002
 0263  0.7463798236809833E-002
 0264  0.7463742727501126E-002
 0265  0.7463639521408103E-002
 0266  0.7463591538664049E-002
 0267  0.7463544884753093E-002
 0268  0.7463499732664614E-002
 0269  0.7463456032983561E-002
 0270  0.7463374366576817E-002
 0271  0.7463336208933084E-002
 0272  0.7463299226491027E-002
 0273  0.7463263239031848E-002
 0274  0.7463195956590867E-002
 0275  0.7463164502770085E-002
 0276  0.7463133859802025E-002
 0277  0.7463104127720028E-002
 0278  0.7463075278649957E-002
 0279  0.7463021003931902E-002
 0280  0.7462995571853613E-002
 0281  0.7462970864723602E-002
 0282  0.7462946776127611E-002
 0283  0.7462901521556944E-002
 0284  0.7462880191022420E-002
 0285  0.7462859448609959E-002
 0286  0.7462839277638189E-002
 0287  0.7462801173706691E-002
 0288  0.7462783238566434E-002
 0289  0.7462765723394139E-002
 0290  0.7462748675128467E-002
 0291  0.7462716464095918E-002
 0292  0.7462701248357875E-002
 0293  0.7462686423151701E-002
 0294  0.7462671935444660E-002
 0295  0.7462644515737886E-002
 0296  0.7462631541287214E-002
 0297  0.7462618889441618E-002
 0298  0.7462594867399270E-002
 0299  0.7462583496588642E-002
 0300  0.7462572368774750E-002
 0301  0.7462561509153193E-002
 0302  0.7462540860338162E-002
 0303  0.7462531070406343E-002
 0304  0.7462521484187725E-002
 0305  0.7462503253641605E-002
 0306  0.7462494585796434E-002
 0307  0.7462486093799564E-002
 0308  0.7462477794419984E-002
 0309  0.7462461989098786E-002
 0310  0.7462454463874633E-002
 0311  0.7462447087255391E-002
 0312  0.7462433020905043E-002
 0313  0.7462426314920423E-002
 0314  0.7462419738044404E-002
 0315  0.7462407181461391E-002
 0316  0.7462401189164871E-002
 0317  0.7462395314232207E-002
 0318  0.7462384100108342E-002
 0319  0.7462378750817471E-002
 0320  0.7462373511941897E-002
 0321  0.7462363515052358E-002
 0322  0.7462358748013321E-002
 0323  0.7462354083683932E-002
 0324  0.7462345185000866E-002
 0325  0.7462340945354250E-002
 0326  0.7462332855913949E-002
 0327  0.7462328998561795E-002
 0328  0.7462325228842771E-002
 0329  0.7462318041520377E-002
 0330  0.7462314617701621E-002
 0331  0.7462311267547470E-002
 0332  0.7462304888222795E-002
 0333  0.7462301846639690E-002
 0334  0.7462296055811005E-002
 0335  0.7462293294016994E-002
 0336  0.7462290598542597E-002
 0337  0.7462285461152261E-002
 0338  0.7462283014536305E-002
 0339  0.7462278358253855E-002
 0340  0.7462276136650571E-002
 0341  0.7462271908606313E-002
 0342  0.7462269898021669E-002
 0343  0.7462267929639689E-002
 0344  0.7462264184380810E-002
 0345  0.7462262403822979E-002
 0346  0.7462259015602243E-002
 0347  0.7462257397724967E-002
 0348  0.7462254319023635E-002
 0349  0.7462252855145020E-002
 0350  0.7462250069181510E-002
 0351  0.7462248744338533E-002
 0352  0.7462246222700887E-002
 0353  0.7462245023391947E-002
 0354  0.7462242739607025E-002
 0355  0.7462241652513703E-002
 0356  0.7462239580519507E-002
 0357  0.7462238593340944E-002
 0358  0.7462236710155376E-002
 0359  0.7462235812159796E-002
 0360  0.7462234101534809E-002
 0361  0.7462233286953140E-002
 0362  0.7462231730201480E-002
 0363  0.7462230986523896E-002
 0364  0.7462229570451067E-002
 0365  0.7462228247781579E-002
 0366  0.7462227616249469E-002
 0367  0.7462226408895143E-002
 0368  0.7462225831909712E-002
 0369  0.7462224730198861E-002
 0370  0.7462223699515018E-002
 0371  0.7462223207093449E-002
 0372  0.7462222263270996E-002
 0373  0.7462221812837255E-002
 0374  0.7462220948723452E-002
 0375  0.7462220140419960E-002
 0376  0.7462219753918996E-002
 0377  0.7462219013913568E-002
 0378  0.7462218319767286E-002
 0379  0.7462217987214147E-002
 0380  0.7462217349335901E-002
 0381  0.7462216750453851E-002
 0382  0.7462216463497279E-002
 0383  0.7462215912939331E-002
 0384  0.7462215396256308E-002
 0385  0.7462214910655021E-002
 0386  0.7462214677960382E-002
 0387  0.7462214231428874E-002
 0388  0.7462213811019411E-002
 0389  0.7462213415169862E-002
 0390  0.7462213225563214E-002
 0391  0.7462212860906637E-002
 0392  0.7462212517934758E-002
 0393  0.7462212195110396E-002
 0394  0.7462211890668672E-002
 0395  0.7462211604121360E-002
 0396  0.7462211466525166E-002
 0397  0.7462211202022432E-002
 0398  0.7462210952836611E-002
 0399  0.7462210717904753E-002
 0400  0.7462210496410645E-002
 0401  0.7462210287593849E-002
 0402  0.7462210090677529E-002
 0403  0.7462209904946406E-002
 0404  0.7462209729766246E-002
 0405  0.7462209564013768E-002
 0406  0.7462209403912100E-002
 0407  0.7462209248640850E-002
 0408  0.7462209098001868E-002
 0409  0.7462208951807241E-002
 0410  0.7462208809878654E-002
 0411  0.7462208672046796E-002
 0412  0.7462208538150833E-002
 0413  0.7462208408037882E-002
 0414  0.7462208281562538E-002
 0415  0.7462208158586460E-002
 0416  0.7462207981018230E-002
 0417  0.7462207867024638E-002
 0418  0.7462207756059479E-002
 0419  0.7462207648013290E-002
 0420  0.7462207542781599E-002
 0421  0.7462207390507818E-002
 0422  0.7462207292546314E-002
 0423  0.7462207197041011E-002
 0424  0.7462207058662338E-002
 0425  0.7462206969526628E-002
 0426  0.7462206882545301E-002
 0427  0.7462206756365720E-002
 0428  0.7462206674992182E-002
 0429  0.7462206556847970E-002
 0430  0.7462206480593364E-002
 0431  0.7462206369792794E-002
 0432  0.7462206298221947E-002
 0433  0.7462206194148317E-002
 0434  0.7462206126872688E-002
 0435  0.7462206028974619E-002
 0436  0.7462205934770812E-002
 0437  0.7462205873804792E-002
 0438  0.7462205784989069E-002
 0439  0.7462205699408294E-002
 0440  0.7462205616902191E-002
 0441  0.7462205537320648E-002
 0442  0.7462205460522960E-002
 0443  0.7462205386377085E-002
 0444  0.7462205314759000E-002
 0445  0.7462205245552129E-002
 0446  0.7462205178646779E-002
 0447  0.7462205113939646E-002
 0448  0.7462205051333386E-002
 0449  0.7462204990736170E-002
 0450  0.7462204913055635E-002
 0451  0.7462204857019317E-002
 0452  0.7462204802711807E-002
 0453  0.7462204732990963E-002
 0454  0.7462204666287196E-002
 0455  0.7462204618072090E-002
 0456  0.7462204556078276E-002
 0457  0.7462204496665030E-002
 0458  0.7462204439690796E-002
 0459  0.7462204385023959E-002
 0460  0.7462204332541991E-002
 0461  0.7462204282130687E-002
 0462  0.7462204233683460E-002
 0463  0.7462204187100736E-002
 0464  0.7462204131420405E-002
 0465  0.7462204078464251E-002
 0466  0.7462204037906758E-002
 0467  0.7462203989339722E-002
 0468  0.7462203943057657E-002
 0469  0.7462203890392786E-002
 0470  0.7462203848749573E-002
 0471  0.7462203801291362E-002
 0472  0.7462203763710690E-002
 0473  0.7462203720823467E-002
 0474  0.7462203673712068E-002
 0475  0.7462203635662296E-002
 0476  0.7462203593793073E-002
 0477  0.7462203554475298E-002
 0478  0.7462203517521118E-002
 0479  0.7462203477987878E-002
 0480  0.7462203436724731E-002
 0481  0.7462203402662873E-002
 0482  0.7462203363261053E-002
 0483  0.7462203327105613E-002
 0484  0.7462203293887765E-002
 0485  0.7462203257550345E-002
 0486  0.7462203222104093E-002
 0487  0.7462203187983620E-002
 0488  0.7462203155539687E-002
 0489  0.7462203121514911E-002
 0490  0.7462203090604989E-002
 0491  0.7462203057750185E-002
 0492  0.7462203026600296E-002
 0493  0.7462202995488628E-002
 0494  0.7462202979112299E-002
 0495  0.7462202979112299E-002
 0496  0.7462202979112299E-002
 0497  0.7462202979112299E-002
 0498  0.7462202979112299E-002
 0499  0.7462202979112299E-002
 0500  0.7462202979112299E-002
 0501  0.7462202979112299E-002
 0502  0.7462202979112299E-002
 0503  0.7462202979112299E-002
 0504  0.7462202979112299E-002
 0505  0.7462202979112299E-002
 0506  0.7462202979112299E-002
 0507  0.7462202979112299E-002
 0508  0.7462202979112299E-002
 0509  0.7462202979112299E-002
 0510  0.7462202979112299E-002
 0511  0.7462202979112299E-002
 0512  0.7462202979112299E-002
 0513  0.7462202979112299E-002
 0514  0.7462202979112299E-002
 0515  0.7462202979112299E-002
 0516  0.7462202979112299E-002
 0517  0.7462202979112299E-002
 0518  0.7462202979112299E-002
 0519  0.7462202979112299E-002
 0520  0.7462202979112299E-002
 0521  0.7462202979112299E-002
 0522  0.7462202979112299E-002
 0523  0.7462202979112299E-002
 0524  0.7462202979112299E-002
 0525  0.7462202979112299E-002
 0526  0.7462202979112299E-002
 0527  0.7462202979112299E-002
 0528  0.7462202979112299E-002
 0529  0.7462202979112299E-002
 0530  0.7462202979112299E-002
 0531  0.7462202979112299E-002
 0532  0.7462202979112299E-002
 0533  0.7462202979112299E-002
 0534  0.7462202979112299E-002
 0535  0.7462202979112299E-002
 0536  0.7462202979112299E-002
 0537  0.7462202979112299E-002
 0538  0.7462202979112299E-002
 0539  0.7462202979112299E-002
 0540  0.7462202979112299E-002
 0541  0.7462202979112299E-002
 0542  0.7462202979112299E-002
 0543  0.7462202979112299E-002
 0544  0.7462202979112299E-002
 0545  0.7462202979112299E-002
 0546  0.7462202979112299E-002
 0547  0.7462202979112299E-002
 0548  0.7462202979112299E-002
 0549  0.7462202979112299E-002
 0550  0.7462202979112299E-002
 0551  0.7462202979112299E-002
 0552  0.7462202979112299E-002
 0553  0.7462202979112299E-002
 0554  0.7462202979112299E-002
 0555  0.7462202979112299E-002
 0556  0.7462202979112299E-002
 0557  0.7462202979112299E-002
 0558  0.7462202979112299E-002
 0559  0.7462202979112299E-002
 0560  0.7462202979112299E-002
 0561  0.7462202979112299E-002
 0562  0.7462202979112299E-002
 0563  0.7462202979112299E-002
 0564  0.7462202979112299E-002
 0565  0.7462202979112299E-002
 0566  0.7462202979112299E-002
 0567  0.7462202979112299E-002
 0568  0.7462202979112299E-002
 0569  0.7462202979112299E-002
 0570  0.7462202979112299E-002
 0571  0.7462202979112299E-002
 0572  0.7462202979112299E-002
 0573  0.7462202979112299E-002
 0574  0.7462202979112299E-002
 0575  0.7462202979112299E-002
 0576  0.7462202979112299E-002
 0577  0.7462202979112299E-002
 0578  0.7462202979112299E-002
 0579  0.7462202979112299E-002
 0580  0.7462202979112299E-002
 0581  0.7462202979112299E-002
 0582  0.7462202979112299E-002
 0583  0.7462202979112299E-002
 0584  0.7462202979112299E-002
 0585  0.7462202979112299E-002
 0586  0.7462202979112299E-002
 0587  0.7462202979112299E-002
 0588  0.7462202979112299E-002
 0589  0.7462202979112299E-002
 0590  0.7462202979112299E-002
 0591  0.7462202979112299E-002
 0592  0.7462202979112299E-002
 0593  0.7462202979112299E-002
 0594  0.7462202979112299E-002
 0595  0.7462202979112299E-002
 0596  0.7462202979112299E-002
 0597  0.7462202979112299E-002
 0598  0.7462202979112299E-002
 0599  0.7462202979112299E-002
 0600  0.7462202979112299E-002
 0601  0.7462202979112299E-002
 0602  0.7462202979112299E-002
 0603  0.7462202979112299E-002
 0604  0.7462202979112299E-002
 0605  0.7462202979112299E-002
 0606  0.7462202979112299E-002
 0607  0.7462202979112299E-002
 0608  0.7462202979112299E-002
 0609  0.7462202979112299E-002
 0610  0.7462202979112299E-002
 0611  0.7462202979112299E-002
 0612  0.7462202979112299E-002
 0613  0.7462202979112299E-002
 0614  0.7462202979112299E-002
 0615  0.7462202979112299E-002
 0616  0.7462202979112299E-002
 0617  0.7462202979112299E-002
 0618  0.7462202979112299E-002
 0619  0.7462202979112299E-002
 0620  0.7462202979112299E-002
 0621  0.7462202979112299E-002
 0622  0.7462202979112299E-002
 0623  0.7462202979112299E-002
 0624  0.7462202979112299E-002
 0625  0.7462202979112299E-002
 0626  0.7462202979112299E-002
 0627  0.7462202979112299E-002
 0628  0.7462202979112299E-002
 0629  0.7462202979112299E-002
 0630  0.7462202979112299E-002
 0631  0.7462202979112299E-002
 0632  0.7462202979112299E-002
 0633  0.7462202979112299E-002
 0634  0.7462202979112299E-002
 0635  0.7462202979112299E-002
 0636  0.7462202979112299E-002
 0637  0.7462202979112299E-002
 0638  0.7462202979112299E-002
 0639  0.7462202979112299E-002
 0640  0.7462202979112299E-002
 0641  0.7462202979112299E-002
 0642  0.7462202979112299E-002
 0643  0.7462202979112299E-002
 0644  0.7462202979112299E-002
 0645  0.7462202979112299E-002
 0646  0.7462202979112299E-002
 0647  0.7462202979112299E-002
 0648  0.7462202979112299E-002
 0649  0.7462202979112299E-002
 0650  0.7462202979112299E-002
 0651  0.7462202979112299E-002
 0652  0.7462202979112299E-002
 0653  0.7462202979112299E-002
 0654  0.7462202979112299E-002
 0655  0.7462202979112299E-002
 0656  0.7462202979112299E-002
 0657  0.7462202979112299E-002
 0658  0.7462202979112299E-002
 0659  0.7462202979112299E-002
 0660  0.7462202979112299E-002
 0661  0.7462202979112299E-002
 0662  0.7462202979112299E-002
 0663  0.7462202979112299E-002
 0664  0.7462202979112299E-002
 0665  0.7462202979112299E-002
 0666  0.7462202979112299E-002
 0667  0.7462202979112299E-002
 0668  0.7462202979112299E-002
 0669  0.7462202979112299E-002
 0670  0.7462202979112299E-002
 0671  0.7462202979112299E-002
 0672  0.7462202979112299E-002
 0673  0.7462202979112299E-002
 0674  0.7462202979112299E-002
 0675  0.7462202979112299E-002
 0676  0.7462202979112299E-002
 0677  0.7462202979112299E-002
 0678  0.7462202979112299E-002
 0679  0.7462202979112299E-002
 0680  0.7462202979112299E-002
 0681  0.7462202979112299E-002
 0682  0.7462202979112299E-002
 0683  0.7462202979112299E-002
 0684  0.7462202979112299E-002
 0685  0.7462202979112299E-002
 0686  0.7462202979112299E-002
 0687  0.7462202979112299E-002
 0688  0.7462202979112299E-002
 0689  0.7462202979112299E-002
 0690  0.7462202979112299E-002
 0691  0.7462202979112299E-002
 0692  0.7462202979112299E-002
 0693  0.7462202979112299E-002
 0694  0.7462202979112299E-002
 0695  0.7462202979112299E-002
 0696  0.7462202979112299E-002
 0697  0.7462202979112299E-002
 0698  0.7462202979112299E-002
 0699  0.7462202979112299E-002
 0700  0.7462202979112299E-002
 0701  0.7462202979112299E-002
 0702  0.7462202979112299E-002
 0703  0.7462202979112299E-002
 0704  0.7462202979112299E-002
 0705  0.7462202979112299E-002
 0706  0.7462202979112299E-002
 0707  0.7462202979112299E-002
 0708  0.7462202979112299E-002
 0709  0.7462202979112299E-002
 0710  0.7462202979112299E-002
 0711  0.7462202979112299E-002
 0712  0.7462202979112299E-002
 0713  0.7462202979112299E-002
 0714  0.7462202979112299E-002
 0715  0.7462202979112299E-002
 0716  0.7462202979112299E-002
 0717  0.7462202979112299E-002
 0718  0.7462202979112299E-002
 0719  0.7462202979112299E-002
 0720  0.7462202979112299E-002
 0721  0.7462202979112299E-002
 0722  0.7462202979112299E-002
 0723  0.7462202979112299E-002
 0724  0.7462202979112299E-002
 0725  0.7462202979112299E-002
 0726  0.7462202979112299E-002
 0727  0.7462202979112299E-002
 0728  0.7462202979112299E-002
 0729  0.7462202979112299E-002
 0730  0.7462202979112299E-002
 0731  0.7462202979112299E-002
 0732  0.7462202979112299E-002
 0733  0.7462202979112299E-002
 0734  0.7462202979112299E-002
 0735  0.7462202979112299E-002
 0736  0.7462202979112299E-002
 0737  0.7462202979112299E-002
 0738  0.7462202979112299E-002
 0739  0.7462202979112299E-002
 0740  0.7462202979112299E-002
 0741  0.7462202979112299E-002
 0742  0.7462202979112299E-002
 0743  0.7462202979112299E-002
 0744  0.7462202979112299E-002
 0745  0.7462202979112299E-002
 0746  0.7462202979112299E-002
 0747  0.7462202979112299E-002
 0748  0.7462202979112299E-002
 0749  0.7462202979112299E-002
 0750  0.7462202979112299E-002
 0751  0.7462202979112299E-002
 0752  0.7462202979112299E-002
 0753  0.7462202979112299E-002
 0754  0.7462202979112299E-002
 0755  0.7462202979112299E-002
 0756  0.7462202979112299E-002
 0757  0.7462202979112299E-002
 0758  0.7462202979112299E-002
 0759  0.7462202979112299E-002
 0760  0.7462202979112299E-002
 0761  0.7462202979112299E-002
 0762  0.7462202979112299E-002
 0763  0.7462202979112299E-002
 0764  0.7462202979112299E-002
 0765  0.7462202979112299E-002
 0766  0.7462202979112299E-002
 0767  0.7462202979112299E-002
 0768  0.7462202979112299E-002
 0769  0.7462202979112299E-002
 0770  0.7462202979112299E-002
 0771  0.7462202979112299E-002
 0772  0.7462202979112299E-002
 0773  0.7462202979112299E-002
 0774  0.7462202979112299E-002
 0775  0.7462202979112299E-002
 0776  0.7462202979112299E-002
 0777  0.7462202979112299E-002
 0778  0.7462202979112299E-002
 0779  0.7462202979112299E-002
 0780  0.7462202979112299E-002
 0781  0.7462202979112299E-002
 0782  0.7462202979112299E-002
 0783  0.7462202979112299E-002
 0784  0.7462202979112299E-002
 0785  0.7462202979112299E-002
 0786  0.7462202979112299E-002
 0787  0.7462202979112299E-002
 0788  0.7462202979112299E-002
 0789  0.7462202979112299E-002
 0790  0.7462202979112299E-002
 0791  0.7462202979112299E-002
 0792  0.7462202979112299E-002
 0793  0.7462202979112299E-002
 0794  0.7462202979112299E-002
 0795  0.7462202979112299E-002
 0796  0.7462202979112299E-002
 0797  0.7462202979112299E-002
 0798  0.7462202979112299E-002
 0799  0.7462202979112299E-002
 0800  0.7462202979112299E-002
 0801  0.7462202979112299E-002
 0802  0.7462202979112299E-002
 0803  0.7462202979112299E-002
 0804  0.7462202979112299E-002
 0805  0.7462202979112299E-002
 0806  0.7462202979112299E-002
 0807  0.7462202979112299E-002
 0808  0.7462202979112299E-002
 0809  0.7462202979112299E-002
 0810  0.7462202979112299E-002
 0811  0.7462202979112299E-002
 0812  0.7462202979112299E-002
 0813  0.7462202979112299E-002
 0814  0.7462202979112299E-002
 0815  0.7462202979112299E-002
 0816  0.7462202979112299E-002
 0817  0.7462202979112299E-002
 0818  0.7462202979112299E-002
 0819  0.7462202979112299E-002
 0820  0.7462202979112299E-002
 0821  0.7462202979112299E-002
 0822  0.7462202979112299E-002
 0823  0.7462202979112299E-002
 0824  0.7462202979112299E-002
 0825  0.7462202979112299E-002
 0826  0.7462202979112299E-002
 0827  0.7462202979112299E-002
 0828  0.7462202979112299E-002
 0829  0.7462202979112299E-002
 0830  0.7462202979112299E-002
 0831  0.7462202979112299E-002
 0832  0.7462202979112299E-002
 0833  0.7462202979112299E-002
 0834  0.7462202979112299E-002
 0835  0.7462202979112299E-002
 0836  0.7462202979112299E-002
 0837  0.7462202979112299E-002
 0838  0.7462202979112299E-002
 0839  0.7462202979112299E-002
 0840  0.7462202979112299E-002
 0841  0.7462202979112299E-002
 0842  0.7462202979112299E-002
 0843  0.7462202979112299E-002
 0844  0.7462202979112299E-002
 0845  0.7462202979112299E-002
 0846  0.7462202979112299E-002
 0847  0.7462202979112299E-002
 0848  0.7462202979112299E-002
 0849  0.7462202979112299E-002
 0850  0.7462202979112299E-002
 0851  0.7462202979112299E-002
 0852  0.7462202979112299E-002
 0853  0.7462202979112299E-002
 0854  0.7462202979112299E-002
 0855  0.7462202979112299E-002
 0856  0.7462202979112299E-002
 0857  0.7462202979112299E-002
 0858  0.7462202979112299E-002
 0859  0.7462202979112299E-002
 0860  0.7462202979112299E-002
 0861  0.7462202979112299E-002
 0862  0.7462202979112299E-002
 0863  0.7462202979112299E-002
 0864  0.7462202979112299E-002
 0865  0.7462202979112299E-002
 0866  0.7462202979112299E-002
 0867  0.7462202979112299E-002
 0868  0.7462202979112299E-002
 0869  0.7462202979112299E-002
 0870  0.7462202979112299E-002
 0871  0.7462202979112299E-002
 0872  0.7462202979112299E-002
 0873  0.7462202979112299E-002
 0874  0.7462202979112299E-002
 0875  0.7462202979112299E-002
 0876  0.7462202979112299E-002
 0877  0.7462202979112299E-002
 0878  0.7462202979112299E-002
 0879  0.7462202979112299E-002
 0880  0.7462202979112299E-002
 0881  0.7462202979112299E-002
 0882  0.7462202979112299E-002
 0883  0.7462202979112299E-002
 0884  0.7462202979112299E-002
 0885  0.7462202979112299E-002
 0886  0.7462202979112299E-002
 0887  0.7462202979112299E-002
 0888  0.7462202979112299E-002
 0889  0.7462202979112299E-002
 0890  0.7462202979112299E-002
 0891  0.7462202979112299E-002
 0892  0.7462202979112299E-002
 0893  0.7462202979112299E-002
 0894  0.7462202979112299E-002
 0895  0.7462202979112299E-002
 0896  0.7462202979112299E-002
 0897  0.7462202979112299E-002
 0898  0.7462202979112299E-002
 0899  0.7462202979112299E-002
 0900  0.7462202979112299E-002
 0901  0.7462202979112299E-002
 0902  0.7462202979112299E-002
 0903  0.7462202979112299E-002
 0904  0.7462202979112299E-002
 0905  0.7462202979112299E-002
 0906  0.7462202979112299E-002
 0907  0.7462202979112299E-002
 0908  0.7462202979112299E-002
 0909  0.7462202979112299E-002
 0910  0.7462202979112299E-002
 0911  0.7462202979112299E-002
 0912  0.7462202979112299E-002
 0913  0.7462202979112299E-002
 0914  0.7462202979112299E-002
 0915  0.7462202979112299E-002
 0916  0.7462202979112299E-002
 0917  0.7462202979112299E-002
 0918  0.7462202979112299E-002
 0919  0.7462202979112299E-002
 0920  0.7462202979112299E-002
 0921  0.7462202979112299E-002
 0922  0.7462202979112299E-002
 0923  0.7462202979112299E-002
 0924  0.7462202979112299E-002
 0925  0.7462202979112299E-002
 0926  0.7462202979112299E-002
 0927  0.7462202979112299E-002
 0928  0.7462202979112299E-002
 0929  0.7462202979112299E-002
 0930  0.7462202979112299E-002
 0931  0.7462202979112299E-002
 0932  0.7462202979112299E-002
 0933  0.7462202979112299E-002
 0934  0.7462202979112299E-002
 0935  0.7462202979112299E-002
 0936  0.7462202979112299E-002
 0937  0.7462202979112299E-002
 0938  0.7462202979112299E-002
 0939  0.7462202979112299E-002
 0940  0.7462202979112299E-002
 0941  0.7462202979112299E-002
 0942  0.7462202979112299E-002
 0943  0.7462202979112299E-002
 0944  0.7462202979112299E-002
 0945  0.7462202979112299E-002
 0946  0.7462202979112299E-002
 0947  0.7462202979112299E-002
 0948  0.7462202979112299E-002
 0949  0.7462202979112299E-002
 0950  0.7462202979112299E-002
 0951  0.7462202979112299E-002
 0952  0.7462202979112299E-002
 0953  0.7462202979112299E-002
 0954  0.7462202979112299E-002
 0955  0.7462202979112299E-002
 0956  0.7462202979112299E-002
 0957  0.7462202979112299E-002
 0958  0.7462202979112299E-002
 0959  0.7462202979112299E-002
 0960  0.7462202979112299E-002
 0961  0.7462202979112299E-002
 0962  0.7462202979112299E-002
 0963  0.7462202979112299E-002
 0964  0.7462202979112299E-002
 0965  0.7462202979112299E-002
 0966  0.7462202979112299E-002
 0967  0.7462202979112299E-002
 0968  0.7462202979112299E-002
 0969  0.7462202979112299E-002
 0970  0.7462202979112299E-002
 0971  0.7462202979112299E-002
 0972  0.7462202979112299E-002
 0973  0.7462202979112299E-002
 0974  0.7462202979112299E-002
 0975  0.7462202979112299E-002
 0976  0.7462202979112299E-002
 0977  0.7462202979112299E-002
 0978  0.7462202979112299E-002
 0979  0.7462202979112299E-002
 0980  0.7462202979112299E-002
 0981  0.7462202979112299E-002
 0982  0.7462202979112299E-002
 0983  0.7462202979112299E-002
 0984  0.7462202979112299E-002
 0985  0.7462202979112299E-002
 0986  0.7462202979112299E-002
 0987  0.7462202979112299E-002
 0988  0.7462202979112299E-002
 0989  0.7462202979112299E-002
 0990  0.7462202979112299E-002
 0991  0.7462202979112299E-002
 0992  0.7462202979112299E-002
 0993  0.7462202979112299E-002
 0994  0.7462202979112299E-002
 0995  0.7462202979112299E-002
 0996  0.7462202979112299E-002
 0997  0.7462202979112299E-002
 0998  0.7462202979112299E-002
 0999  0.7462202979112299E-002
 1000  0.7462202979112299E-002
