 0001  0.2374559884820850E+000
 0002  0.2373944563916645E+000
 0003  0.2373944563916645E+000
 0004  0.2373944563916645E+000
 0005  0.2373232611115001E+000
 0006  0.2373232611115001E+000
 0007  0.2372428379241391E+000
 0008  0.2372428379241391E+000
 0009  0.2371642823151813E+000
 0010  0.2371642823151813E+000
 0011  0.2371642823151813E+000
 0012  0.2370747836922641E+000
 0013  0.2370747836922641E+000
 0014  0.2369873633965154E+000
 0015  0.2369873633965154E+000
 0016  0.2368890459699315E+000
 0017  0.2368890459699315E+000
 0018  0.2367790934457657E+000
 0019  0.2367790934457657E+000
 0020  0.2366716942270115E+000
 0021  0.2366716942270115E+000
 0022  0.2365507016390891E+000
 0023  0.2365507016390891E+000
 0024  0.2364171738500186E+000
 0025  0.2364171738500186E+000
 0026  0.2362699575799993E+000
 0027  0.2361302197551660E+000
 0028  0.2361302197551660E+000
 0029  0.2359744854253359E+000
 0030  0.2359744854253359E+000
 0031  0.2358017981377749E+000
 0032  0.2358017981377749E+000
 0033  0.2356331209753947E+000
 0034  0.2354530834222996E+000
 0035  0.2354530834222996E+000
 0036  0.2352455342578078E+000
 0037  0.2352455342578078E+000
 0038  0.2350428047771650E+000
 0039  0.2347991573267151E+000
 0040  0.2347991573267151E+000
 0041  0.2344827790958146E+000
 0042  0.2340816883686463E+000
 0043  0.2340816883686463E+000
 0044  0.2336899117261885E+000
 0045  0.2336899117261885E+000
 0046  0.2331964634378345E+000
 0047  0.2325985870239047E+000
 0048  0.2325985870239047E+000
 0049  0.2318395139760636E+000
 0050  0.2311339705406620E+000
 0051  0.2302567935819904E+000
 0052  0.2302567935819904E+000
 0053  0.2291342383222571E+000
 0054  0.2278542435222634E+000
 0055  0.2278542435222634E+000
 0056  0.2266039726206012E+000
 0057  0.2251335778388397E+000
 0058  0.2251335778388397E+000
 0059  0.2233218262382184E+000
 0060  0.2212588234770338E+000
 0061  0.2189422082677020E+000
 0062  0.2189422082677020E+000
 0063  0.2166793892417264E+000
 0064  0.2141745997262275E+000
 0065  0.2114171420372534E+000
 0066  0.2114171420372534E+000
 0067  0.2081899659275814E+000
 0068  0.2047155694280539E+000
 0069  0.2015695652598491E+000
 0070  0.2015695652598491E+000
 0071  0.1978288873660903E+000
 0072  0.1938037547643294E+000
 0073  0.1896042953093284E+000
 0074  0.1852368227832702E+000
 0075  0.1852368227832702E+000
 0076  0.1809707712233994E+000
 0077  0.1764544352118546E+000
 0078  0.1717344566631069E+000
 0079  0.1668592956638726E+000
 0080  0.1668592956638726E+000
 0081  0.1613846243988892E+000
 0082  0.1558982426769058E+000
 0083  0.1510802986970132E+000
 0084  0.1461179533273415E+000
 0085  0.1461179533273415E+000
 0086  0.1405031942870233E+000
 0087  0.1349297572753199E+000
 0088  0.1294313176447331E+000
 0089  0.1240270173385277E+000
 0090  0.1187272058143328E+000
 0091  0.1187272058143328E+000
 0092  0.1128628691740689E+000
 0093  0.1072282431817348E+000
 0094  0.1019131228665187E+000
 0095  0.9689027241499019E-001
 0096  0.9210456820263782E-001
 0097  0.8751699280671660E-001
 0098  0.8309964963593465E-001
 0099  0.7883235343228594E-001
 0100  0.7470026914671500E-001
 0101  0.7067610732090135E-001
 0102  0.6678250803093179E-001
 0103  0.6303598619124368E-001
 0104  0.5944805184447430E-001
 0105  0.5602613917376088E-001
 0106  0.5277437748908662E-001
 0107  0.4946848766464526E-001
 0108  0.4641300384142028E-001
 0109  0.4358705620828249E-001
 0110  0.4097179405102511E-001
 0111  0.3855047338755469E-001
 0112  0.3630812016722143E-001
 0113  0.3255463819290801E-001
 0114  0.3097188828300665E-001
 0115  0.2948001471405645E-001
 0116  0.2807231437996737E-001
 0117  0.2674714670449850E-001
 0118  0.2550230975008260E-001
 0119  0.2433517723089552E-001
 0120  0.2324281232628747E-001
 0121  0.2222206179408577E-001
 0122  0.2126963337974563E-001
 0123  0.2034099494256971E-001
 0124  0.1948726688340635E-001
 0125  0.1870219727521042E-001
 0126  0.1798010298963285E-001
 0127  0.1731581025831486E-001
 0128  0.1670460242965291E-001
 0129  0.1614217395516873E-001
 0130  0.1520134820003988E-001
 0131  0.1480628919478691E-001
 0132  0.1443734449463161E-001
 0133  0.1409308398131603E-001
 0134  0.1377211606426517E-001
 0135  0.1347309309861459E-001
 0136  0.1319471543571344E-001
 0137  0.1292703943695690E-001
 0138  0.1268014143639047E-001
 0139  0.1245237604441615E-001
 0140  0.1224223383689537E-001
 0141  0.1204820133992967E-001
 0142  0.1186905548663212E-001
 0143  0.1170366361028553E-001
 0144  0.1155097826973599E-001
 0145  0.1129339106304490E-001
 0146  0.1118442900235411E-001
 0147  0.1108268437309981E-001
 0148  0.1098771927420712E-001
 0149  0.1089677452462575E-001
 0150  0.1081243213704644E-001
 0151  0.1073417287086564E-001
 0152  0.1066155885105306E-001
 0153  0.1059418364699089E-001
 0154  0.1053167002097779E-001
 0155  0.1047366783735623E-001
 0156  0.1041985212085821E-001
 0157  0.1036992125356882E-001
 0158  0.1028467364469148E-001
 0159  0.1024820772696362E-001
 0160  0.1021329652092135E-001
 0161  0.1018073430131735E-001
 0162  0.1015036299165181E-001
 0163  0.1012203515638658E-001
 0164  0.1009561328434013E-001
 0165  0.1007096912035829E-001
 0166  0.1004798304202542E-001
 0167  0.1002654344304829E-001
 0168  0.1000654623986868E-001
 0169  0.9987889646728964E-002
 0170  0.9955382174977188E-002
 0171  0.9941226383772695E-002
 0172  0.9927957798363345E-002
 0173  0.9915520730652267E-002
 0174  0.9903862997003484E-002
 0175  0.9892935696761147E-002
 0176  0.9882693004859945E-002
 0177  0.9873090167645090E-002
 0178  0.9864087460908076E-002
 0179  0.9855512410495856E-002
 0180  0.9847494817628658E-002
 0181  0.9833550647128620E-002
 0182  0.9827479296071657E-002
 0183  0.9821760788978890E-002
 0184  0.9816374736596356E-002
 0185  0.9811301915730800E-002
 0186  0.9806524203693249E-002
 0187  0.9802024516328285E-002
 0188  0.9797726854279782E-002
 0189  0.9793688115140951E-002
 0190  0.9786591277470306E-002
 0191  0.9783470226298063E-002
 0192  0.9780519039125631E-002
 0193  0.9777728507976528E-002
 0194  0.9775089919208817E-002
 0195  0.9772563468007492E-002
 0196  0.9770178680311135E-002
 0197  0.9767927486528881E-002
 0198  0.9765802283354042E-002
 0199  0.9763795907143880E-002
 0200  0.9760238784523071E-002
 0201  0.9758660593513345E-002
 0202  0.9757145621320792E-002
 0203  0.9755710002129514E-002
 0204  0.9754349518917939E-002
 0205  0.9753060182059322E-002
 0206  0.9751838216879966E-002
 0207  0.9750679966992552E-002
 0208  0.9748600060291532E-002
 0209  0.9747666268524731E-002
 0210  0.9746778296845419E-002
 0211  0.9745933815350964E-002
 0212  0.9745130671311606E-002
 0213  0.9744366819469000E-002
 0214  0.9743640316753606E-002
 0215  0.9742942717033682E-002
 0216  0.9741689464869077E-002
 0217  0.9741126224705233E-002
 0218  0.9740588915701750E-002
 0219  0.9740076332145657E-002
 0220  0.9739587324900097E-002
 0221  0.9739116639030401E-002
 0222  0.9738668006643256E-002
 0223  0.9737856890984694E-002
 0224  0.9737490049843747E-002
 0225  0.9737139122381585E-002
 0226  0.9736800658545160E-002
 0227  0.9736477149094381E-002
 0228  0.9736167908992359E-002
 0229  0.9735872297609086E-002
 0230  0.9735334766789283E-002
 0231  0.9735088411022717E-002
 0232  0.9734852335705552E-002
 0233  0.9734626104617424E-002
 0234  0.9734409300322419E-002
 0235  0.9734201516860653E-002
 0236  0.9734002373040259E-002
 0237  0.9733635894042750E-002
 0238  0.9733468535484463E-002
 0239  0.9733307780144897E-002
 0240  0.9733153363644590E-002
 0241  0.9733004030298604E-002
 0242  0.9732860663777872E-002
 0243  0.9732597654975061E-002
 0244  0.9732476982965395E-002
 0245  0.9732360087910090E-002
 0246  0.9732247627880891E-002
 0247  0.9732139428765016E-002
 0248  0.9732035325866258E-002
 0249  0.9731842972287548E-002
 0250  0.9731754109085656E-002
 0251  0.9731668449092077E-002
 0252  0.9731585873074523E-002
 0253  0.9731505815251493E-002
 0254  0.9731428671463552E-002
 0255  0.9731286076889393E-002
 0256  0.9731220163409927E-002
 0257  0.9731156162673055E-002
 0258  0.9731094380022077E-002
 0259  0.9731034736802188E-002
 0260  0.9730923818129714E-002
 0261  0.9730872244311886E-002
 0262  0.9730822375255761E-002
 0263  0.9730774153382629E-002
 0264  0.9730727292584850E-002
 0265  0.9730640118791326E-002
 0266  0.9730599566830722E-002
 0267  0.9730560109180589E-002
 0268  0.9730521908128079E-002
 0269  0.9730484922664248E-002
 0270  0.9730415755160673E-002
 0271  0.9730383414434562E-002
 0272  0.9730352058848993E-002
 0273  0.9730321526007982E-002
 0274  0.9730264413252195E-002
 0275  0.9730237699898359E-002
 0276  0.9730211657815813E-002
 0277  0.9730186381626232E-002
 0278  0.9730161848016170E-002
 0279  0.9730115655153634E-002
 0280  0.9730093999551498E-002
 0281  0.9730072954435134E-002
 0282  0.9730052423135710E-002
 0283  0.9730013833635268E-002
 0284  0.9729995630379587E-002
 0285  0.9729977923624651E-002
 0286  0.9729960699358388E-002
 0287  0.9729928137413957E-002
 0288  0.9729912803824226E-002
 0289  0.9729897820363488E-002
 0290  0.9729883232047310E-002
 0291  0.9729855652835523E-002
 0292  0.9729842617380626E-002
 0293  0.9729829912790318E-002
 0294  0.9729817490279931E-002
 0295  0.9729793966073399E-002
 0296  0.9729782828581170E-002
 0297  0.9729771964964008E-002
 0298  0.9729751323985784E-002
 0299  0.9729741549500393E-002
 0300  0.9729731978626460E-002
 0301  0.9729722635880752E-002
 0302  0.9729704859392925E-002
 0303  0.9729696427838587E-002
 0304  0.9729688167305390E-002
 0305  0.9729672449666906E-002
 0306  0.9729664972625444E-002
 0307  0.9729657643472809E-002
 0308  0.9729650478713815E-002
 0309  0.9729636827174514E-002
 0310  0.9729630324009439E-002
 0311  0.9729623946002663E-002
 0312  0.9729611777817540E-002
 0313  0.9729605973805016E-002
 0314  0.9729600278682972E-002
 0315  0.9729589399854011E-002
 0316  0.9729584204438067E-002
 0317  0.9729579104082918E-002
 0318  0.9729569350004253E-002
 0319  0.9729564686326086E-002
 0320  0.9729560105922784E-002
 0321  0.9729551336435997E-002
 0322  0.9729547138842366E-002
 0323  0.9729543014389061E-002
 0324  0.9729535109381472E-002
 0325  0.9729531314312423E-002
 0326  0.9729524033287617E-002
 0327  0.9729520540926845E-002
 0328  0.9729517106594551E-002
 0329  0.9729510505403329E-002
 0330  0.9729507333488423E-002
 0331  0.9729504218631802E-002
 0332  0.9729498221166021E-002
 0333  0.9729495339209922E-002
 0334  0.9729489785612321E-002
 0335  0.9729487114545986E-002
 0336  0.9729484485062384E-002
 0337  0.9729479418205249E-002
 0338  0.9729476977405867E-002
 0339  0.9729472267062380E-002
 0340  0.9729469997872121E-002
 0341  0.9729465615422419E-002
 0342  0.9729463499653630E-002
 0343  0.9729461417661954E-002
 0344  0.9729457394179606E-002
 0345  0.9729455450456160E-002
 0346  0.9729451691911088E-002
 0347  0.9729449877238462E-002
 0348  0.9729446365823400E-002
 0349  0.9729444667266565E-002
 0350  0.9729441378645811E-002
 0351  0.9729439786935020E-002
 0352  0.9729436703439433E-002
 0353  0.9729435210159306E-002
 0354  0.9729432315749712E-002
 0355  0.9729430913264354E-002
 0356  0.9729428193381065E-002
 0357  0.9729426874749295E-002
 0358  0.9729424316142116E-002
 0359  0.9729423075042909E-002
 0360  0.9729420664630053E-002
 0361  0.9729419494347509E-002
 0362  0.9729417221405022E-002
 0363  0.9729416117804457E-002
 0364  0.9729413971680886E-002
 0365  0.9729411919768262E-002
 0366  0.9729410922184595E-002
 0367  0.9729408981314374E-002
 0368  0.9729408037328618E-002
 0369  0.9729406199393541E-002
 0370  0.9729404438129254E-002
 0371  0.9729403580546036E-002
 0372  0.9729401910089700E-002
 0373  0.9729401096195408E-002
 0374  0.9729399510280453E-002
 0375  0.9729397987083409E-002
 0376  0.9729397244445119E-002
 0377  0.9729395795637471E-002
 0378  0.9729394402762284E-002
 0379  0.9729393723238758E-002
 0380  0.9729392396741943E-002
 0381  0.9729391119963788E-002
 0382  0.9729390496575658E-002
 0383  0.9729389278722496E-002
 0384  0.9729388105063725E-002
 0385  0.9729386973533606E-002
 0386  0.9729386420439873E-002
 0387  0.9729385338742524E-002
 0388  0.9729384294953026E-002
 0389  0.9729383287216979E-002
 0390  0.9729382794108834E-002
 0391  0.9729381828978857E-002
 0392  0.9729380896174320E-002
 0393  0.9729379994251540E-002
 0394  0.9729379121939490E-002
 0395  0.9729378277735222E-002
 0396  0.9729377864120946E-002
 0397  0.9729377053333954E-002
 0398  0.9729376268087930E-002
 0399  0.9729375507314134E-002
 0400  0.9729374769956025E-002
 0401  0.9729374055014492E-002
 0402  0.9729373361561695E-002
 0403  0.9729372688716126E-002
 0404  0.9729372035633481E-002
 0405  0.9729371401652691E-002
 0406  0.9729370786862554E-002
 0407  0.9729370190621279E-002
 0408  0.9729369612167865E-002
 0409  0.9729369050780907E-002
 0410  0.9729368505775373E-002
 0411  0.9729367976501278E-002
 0412  0.9729367462341048E-002
 0413  0.9729366962707531E-002
 0414  0.9729366477042319E-002
 0415  0.9729366004814418E-002
 0416  0.9729365322952759E-002
 0417  0.9729364885217594E-002
 0418  0.9729364459111480E-002
 0419  0.9729364044214350E-002
 0420  0.9729363640124899E-002
 0421  0.9729363055393856E-002
 0422  0.9729362679221844E-002
 0423  0.9729362312481544E-002
 0424  0.9729361781107745E-002
 0425  0.9729361438826764E-002
 0426  0.9729361104818568E-002
 0427  0.9729360620289248E-002
 0428  0.9729360307815007E-002
 0429  0.9729359854141507E-002
 0430  0.9729359561323923E-002
 0431  0.9729359135850000E-002
 0432  0.9729358861018004E-002
 0433  0.9729358461375417E-002
 0434  0.9729358203037110E-002
 0435  0.9729357827108646E-002
 0436  0.9729357465366224E-002
 0437  0.9729357231256848E-002
 0438  0.9729356890204655E-002
 0439  0.9729356561574689E-002
 0440  0.9729356244751347E-002
 0441  0.9729355939158394E-002
 0442  0.9729355644255292E-002
 0443  0.9729355359535211E-002
 0444  0.9729355084521879E-002
 0445  0.9729354818767584E-002
 0446  0.9729354561851193E-002
 0447  0.9729354313375987E-002
 0448  0.9729354072968136E-002
 0449  0.9729353840274839E-002
 0450  0.9729353541981805E-002
 0451  0.9729353326802453E-002
 0452  0.9729353118261754E-002
 0453  0.9729352850533815E-002
 0454  0.9729352594391491E-002
 0455  0.9729352409245648E-002
 0456  0.9729352171189516E-002
 0457  0.9729351943042723E-002
 0458  0.9729351724261733E-002
 0459  0.9729351514341027E-002
 0460  0.9729351312810332E-002
 0461  0.9729351119230964E-002
 0462  0.9729350933193841E-002
 0463  0.9729350754316374E-002
 0464  0.9729350540504143E-002
 0465  0.9729350337152611E-002
 0466  0.9729350181412020E-002
 0467  0.9729349994914467E-002
 0468  0.9729349817191412E-002
 0469  0.9729349614958435E-002
 0470  0.9729349455048570E-002
 0471  0.9729349272809171E-002
 0472  0.9729349128499432E-002
 0473  0.9729348963812607E-002
 0474  0.9729348782904889E-002
 0475  0.9729348636794050E-002
 0476  0.9729348476016536E-002
 0477  0.9729348325036266E-002
 0478  0.9729348183132131E-002
 0479  0.9729348031324549E-002
 0480  0.9729347872874198E-002
 0481  0.9729347742076970E-002
 0482  0.9729347590773875E-002
 0483  0.9729347451937228E-002
 0484  0.9729347324380669E-002
 0485  0.9729347184845074E-002
 0486  0.9729347048731407E-002
 0487  0.9729346917708822E-002
 0488  0.9729346793124084E-002
 0489  0.9729346662469020E-002
 0490  0.9729346543775158E-002
 0491  0.9729346417612949E-002
 0492  0.9729346297997399E-002
 0493  0.9729346178528482E-002
 0494  0.9729346115643274E-002
 0495  0.9729346115643274E-002
 0496  0.9729346115643274E-002
 0497  0.9729346115643274E-002
 0498  0.9729346115643274E-002
 0499  0.9729346115643274E-002
 0500  0.9729346115643274E-002
 0501  0.9729346115643274E-002
 0502  0.9729346115643274E-002
 0503  0.9729346115643274E-002
 0504  0.9729346115643274E-002
 0505  0.9729346115643274E-002
 0506  0.9729346115643274E-002
 0507  0.9729346115643274E-002
 0508  0.9729346115643274E-002
 0509  0.9729346115643274E-002
 0510  0.9729346115643274E-002
 0511  0.9729346115643274E-002
 0512  0.9729346115643274E-002
 0513  0.9729346115643274E-002
 0514  0.9729346115643274E-002
 0515  0.9729346115643274E-002
 0516  0.9729346115643274E-002
 0517  0.9729346115643274E-002
 0518  0.9729346115643274E-002
 0519  0.9729346115643274E-002
 0520  0.9729346115643274E-002
 0521  0.9729346115643274E-002
 0522  0.9729346115643274E-002
 0523  0.9729346115643274E-002
 0524  0.9729346115643274E-002
 0525  0.9729346115643274E-002
 0526  0.9729346115643274E-002
 0527  0.9729346115643274E-002
 0528  0.9729346115643274E-002
 0529  0.9729346115643274E-002
 0530  0.9729346115643274E-002
 0531  0.9729346115643274E-002
 0532  0.9729346115643274E-002
 0533  0.9729346115643274E-002
 0534  0.9729346115643274E-002
 0535  0.9729346115643274E-002
 0536  0.9729346115643274E-002
 0537  0.9729346115643274E-002
 0538  0.9729346115643274E-002
 0539  0.9729346115643274E-002
 0540  0.9729346115643274E-002
 0541  0.9729346115643274E-002
 0542  0.9729346115643274E-002
 0543  0.9729346115643274E-002
 0544  0.9729346115643274E-002
 0545  0.9729346115643274E-002
 0546  0.9729346115643274E-002
 0547  0.9729346115643274E-002
 0548  0.9729346115643274E-002
 0549  0.9729346115643274E-002
 0550  0.9729346115643274E-002
 0551  0.9729346115643274E-002
 0552  0.9729346115643274E-002
 0553  0.9729346115643274E-002
 0554  0.9729346115643274E-002
 0555  0.9729346115643274E-002
 0556  0.9729346115643274E-002
 0557  0.9729346115643274E-002
 0558  0.9729346115643274E-002
 0559  0.9729346115643274E-002
 0560  0.9729346115643274E-002
 0561  0.9729346115643274E-002
 0562  0.9729346115643274E-002
 0563  0.9729346115643274E-002
 0564  0.9729346115643274E-002
 0565  0.9729346115643274E-002
 0566  0.9729346115643274E-002
 0567  0.9729346115643274E-002
 0568  0.9729346115643274E-002
 0569  0.9729346115643274E-002
 0570  0.9729346115643274E-002
 0571  0.9729346115643274E-002
 0572  0.9729346115643274E-002
 0573  0.9729346115643274E-002
 0574  0.9729346115643274E-002
 0575  0.9729346115643274E-002
 0576  0.9729346115643274E-002
 0577  0.9729346115643274E-002
 0578  0.9729346115643274E-002
 0579  0.9729346115643274E-002
 0580  0.9729346115643274E-002
 0581  0.9729346115643274E-002
 0582  0.9729346115643274E-002
 0583  0.9729346115643274E-002
 0584  0.9729346115643274E-002
 0585  0.9729346115643274E-002
 0586  0.9729346115643274E-002
 0587  0.9729346115643274E-002
 0588  0.9729346115643274E-002
 0589  0.9729346115643274E-002
 0590  0.9729346115643274E-002
 0591  0.9729346115643274E-002
 0592  0.9729346115643274E-002
 0593  0.9729346115643274E-002
 0594  0.9729346115643274E-002
 0595  0.9729346115643274E-002
 0596  0.9729346115643274E-002
 0597  0.9729346115643274E-002
 0598  0.9729346115643274E-002
 0599  0.9729346115643274E-002
 0600  0.9729346115643274E-002
 0601  0.9729346115643274E-002
 0602  0.9729346115643274E-002
 0603  0.9729346115643274E-002
 0604  0.9729346115643274E-002
 0605  0.9729346115643274E-002
 0606  0.9729346115643274E-002
 0607  0.9729346115643274E-002
 0608  0.9729346115643274E-002
 0609  0.9729346115643274E-002
 0610  0.9729346115643274E-002
 0611  0.9729346115643274E-002
 0612  0.9729346115643274E-002
 0613  0.9729346115643274E-002
 0614  0.9729346115643274E-002
 0615  0.9729346115643274E-002
 0616  0.9729346115643274E-002
 0617  0.9729346115643274E-002
 0618  0.9729346115643274E-002
 0619  0.9729346115643274E-002
 0620  0.9729346115643274E-002
 0621  0.9729346115643274E-002
 0622  0.9729346115643274E-002
 0623  0.9729346115643274E-002
 0624  0.9729346115643274E-002
 0625  0.9729346115643274E-002
 0626  0.9729346115643274E-002
 0627  0.9729346115643274E-002
 0628  0.9729346115643274E-002
 0629  0.9729346115643274E-002
 0630  0.9729346115643274E-002
 0631  0.9729346115643274E-002
 0632  0.9729346115643274E-002
 0633  0.9729346115643274E-002
 0634  0.9729346115643274E-002
 0635  0.9729346115643274E-002
 0636  0.9729346115643274E-002
 0637  0.9729346115643274E-002
 0638  0.9729346115643274E-002
 0639  0.9729346115643274E-002
 0640  0.9729346115643274E-002
 0641  0.9729346115643274E-002
 0642  0.9729346115643274E-002
 0643  0.9729346115643274E-002
 0644  0.9729346115643274E-002
 0645  0.9729346115643274E-002
 0646  0.9729346115643274E-002
 0647  0.9729346115643274E-002
 0648  0.9729346115643274E-002
 0649  0.9729346115643274E-002
 0650  0.9729346115643274E-002
 0651  0.9729346115643274E-002
 0652  0.9729346115643274E-002
 0653  0.9729346115643274E-002
 0654  0.9729346115643274E-002
 0655  0.9729346115643274E-002
 0656  0.9729346115643274E-002
 0657  0.9729346115643274E-002
 0658  0.9729346115643274E-002
 0659  0.9729346115643274E-002
 0660  0.9729346115643274E-002
 0661  0.9729346115643274E-002
 0662  0.9729346115643274E-002
 0663  0.9729346115643274E-002
 0664  0.9729346115643274E-002
 0665  0.9729346115643274E-002
 0666  0.9729346115643274E-002
 0667  0.9729346115643274E-002
 0668  0.9729346115643274E-002
 0669  0.9729346115643274E-002
 0670  0.9729346115643274E-002
 0671  0.9729346115643274E-002
 0672  0.9729346115643274E-002
 0673  0.9729346115643274E-002
 0674  0.9729346115643274E-002
 0675  0.9729346115643274E-002
 0676  0.9729346115643274E-002
 0677  0.9729346115643274E-002
 0678  0.9729346115643274E-002
 0679  0.9729346115643274E-002
 0680  0.9729346115643274E-002
 0681  0.9729346115643274E-002
 0682  0.9729346115643274E-002
 0683  0.9729346115643274E-002
 0684  0.9729346115643274E-002
 0685  0.9729346115643274E-002
 0686  0.9729346115643274E-002
 0687  0.9729346115643274E-002
 0688  0.9729346115643274E-002
 0689  0.9729346115643274E-002
 0690  0.9729346115643274E-002
 0691  0.9729346115643274E-002
 0692  0.9729346115643274E-002
 0693  0.9729346115643274E-002
 0694  0.9729346115643274E-002
 0695  0.9729346115643274E-002
 0696  0.9729346115643274E-002
 0697  0.9729346115643274E-002
 0698  0.9729346115643274E-002
 0699  0.9729346115643274E-002
 0700  0.9729346115643274E-002
 0701  0.9729346115643274E-002
 0702  0.9729346115643274E-002
 0703  0.9729346115643274E-002
 0704  0.9729346115643274E-002
 0705  0.9729346115643274E-002
 0706  0.9729346115643274E-002
 0707  0.9729346115643274E-002
 0708  0.9729346115643274E-002
 0709  0.9729346115643274E-002
 0710  0.9729346115643274E-002
 0711  0.9729346115643274E-002
 0712  0.9729346115643274E-002
 0713  0.9729346115643274E-002
 0714  0.9729346115643274E-002
 0715  0.9729346115643274E-002
 0716  0.9729346115643274E-002
 0717  0.9729346115643274E-002
 0718  0.9729346115643274E-002
 0719  0.9729346115643274E-002
 0720  0.9729346115643274E-002
 0721  0.9729346115643274E-002
 0722  0.9729346115643274E-002
 0723  0.9729346115643274E-002
 0724  0.9729346115643274E-002
 0725  0.9729346115643274E-002
 0726  0.9729346115643274E-002
 0727  0.9729346115643274E-002
 0728  0.9729346115643274E-002
 0729  0.9729346115643274E-002
 0730  0.9729346115643274E-002
 0731  0.9729346115643274E-002
 0732  0.9729346115643274E-002
 0733  0.9729346115643274E-002
 0734  0.9729346115643274E-002
 0735  0.9729346115643274E-002
 0736  0.9729346115643274E-002
 0737  0.9729346115643274E-002
 0738  0.9729346115643274E-002
 0739  0.9729346115643274E-002
 0740  0.9729346115643274E-002
 0741  0.9729346115643274E-002
 0742  0.9729346115643274E-002
 0743  0.9729346115643274E-002
 0744  0.9729346115643274E-002
 0745  0.9729346115643274E-002
 0746  0.9729346115643274E-002
 0747  0.9729346115643274E-002
 0748  0.9729346115643274E-002
 0749  0.9729346115643274E-002
 0750  0.9729346115643274E-002
 0751  0.9729346115643274E-002
 0752  0.9729346115643274E-002
 0753  0.9729346115643274E-002
 0754  0.9729346115643274E-002
 0755  0.9729346115643274E-002
 0756  0.9729346115643274E-002
 0757  0.9729346115643274E-002
 0758  0.9729346115643274E-002
 0759  0.9729346115643274E-002
 0760  0.9729346115643274E-002
 0761  0.9729346115643274E-002
 0762  0.9729346115643274E-002
 0763  0.9729346115643274E-002
 0764  0.9729346115643274E-002
 0765  0.9729346115643274E-002
 0766  0.9729346115643274E-002
 0767  0.9729346115643274E-002
 0768  0.9729346115643274E-002
 0769  0.9729346115643274E-002
 0770  0.9729346115643274E-002
 0771  0.9729346115643274E-002
 0772  0.9729346115643274E-002
 0773  0.9729346115643274E-002
 0774  0.9729346115643274E-002
 0775  0.9729346115643274E-002
 0776  0.9729346115643274E-002
 0777  0.9729346115643274E-002
 0778  0.9729346115643274E-002
 0779  0.9729346115643274E-002
 0780  0.9729346115643274E-002
 0781  0.9729346115643274E-002
 0782  0.9729346115643274E-002
 0783  0.9729346115643274E-002
 0784  0.9729346115643274E-002
 0785  0.9729346115643274E-002
 0786  0.9729346115643274E-002
 0787  0.9729346115643274E-002
 0788  0.9729346115643274E-002
 0789  0.9729346115643274E-002
 0790  0.9729346115643274E-002
 0791  0.9729346115643274E-002
 0792  0.9729346115643274E-002
 0793  0.9729346115643274E-002
 0794  0.9729346115643274E-002
 0795  0.9729346115643274E-002
 0796  0.9729346115643274E-002
 0797  0.9729346115643274E-002
 0798  0.9729346115643274E-002
 0799  0.9729346115643274E-002
 0800  0.9729346115643274E-002
 0801  0.9729346115643274E-002
 0802  0.9729346115643274E-002
 0803  0.9729346115643274E-002
 0804  0.9729346115643274E-002
 0805  0.9729346115643274E-002
 0806  0.9729346115643274E-002
 0807  0.9729346115643274E-002
 0808  0.9729346115643274E-002
 0809  0.9729346115643274E-002
 0810  0.9729346115643274E-002
 0811  0.9729346115643274E-002
 0812  0.9729346115643274E-002
 0813  0.9729346115643274E-002
 0814  0.9729346115643274E-002
 0815  0.9729346115643274E-002
 0816  0.9729346115643274E-002
 0817  0.9729346115643274E-002
 0818  0.9729346115643274E-002
 0819  0.9729346115643274E-002
 0820  0.9729346115643274E-002
 0821  0.9729346115643274E-002
 0822  0.9729346115643274E-002
 0823  0.9729346115643274E-002
 0824  0.9729346115643274E-002
 0825  0.9729346115643274E-002
 0826  0.9729346115643274E-002
 0827  0.9729346115643274E-002
 0828  0.9729346115643274E-002
 0829  0.9729346115643274E-002
 0830  0.9729346115643274E-002
 0831  0.9729346115643274E-002
 0832  0.9729346115643274E-002
 0833  0.9729346115643274E-002
 0834  0.9729346115643274E-002
 0835  0.9729346115643274E-002
 0836  0.9729346115643274E-002
 0837  0.9729346115643274E-002
 0838  0.9729346115643274E-002
 0839  0.9729346115643274E-002
 0840  0.9729346115643274E-002
 0841  0.9729346115643274E-002
 0842  0.9729346115643274E-002
 0843  0.9729346115643274E-002
 0844  0.9729346115643274E-002
 0845  0.9729346115643274E-002
 0846  0.9729346115643274E-002
 0847  0.9729346115643274E-002
 0848  0.9729346115643274E-002
 0849  0.9729346115643274E-002
 0850  0.9729346115643274E-002
 0851  0.9729346115643274E-002
 0852  0.9729346115643274E-002
 0853  0.9729346115643274E-002
 0854  0.9729346115643274E-002
 0855  0.9729346115643274E-002
 0856  0.9729346115643274E-002
 0857  0.9729346115643274E-002
 0858  0.9729346115643274E-002
 0859  0.9729346115643274E-002
 0860  0.9729346115643274E-002
 0861  0.9729346115643274E-002
 0862  0.9729346115643274E-002
 0863  0.9729346115643274E-002
 0864  0.9729346115643274E-002
 0865  0.9729346115643274E-002
 0866  0.9729346115643274E-002
 0867  0.9729346115643274E-002
 0868  0.9729346115643274E-002
 0869  0.9729346115643274E-002
 0870  0.9729346115643274E-002
 0871  0.9729346115643274E-002
 0872  0.9729346115643274E-002
 0873  0.9729346115643274E-002
 0874  0.9729346115643274E-002
 0875  0.9729346115643274E-002
 0876  0.9729346115643274E-002
 0877  0.9729346115643274E-002
 0878  0.9729346115643274E-002
 0879  0.9729346115643274E-002
 0880  0.9729346115643274E-002
 0881  0.9729346115643274E-002
 0882  0.9729346115643274E-002
 0883  0.9729346115643274E-002
 0884  0.9729346115643274E-002
 0885  0.9729346115643274E-002
 0886  0.9729346115643274E-002
 0887  0.9729346115643274E-002
 0888  0.9729346115643274E-002
 0889  0.9729346115643274E-002
 0890  0.9729346115643274E-002
 0891  0.9729346115643274E-002
 0892  0.9729346115643274E-002
 0893  0.9729346115643274E-002
 0894  0.9729346115643274E-002
 0895  0.9729346115643274E-002
 0896  0.9729346115643274E-002
 0897  0.9729346115643274E-002
 0898  0.9729346115643274E-002
 0899  0.9729346115643274E-002
 0900  0.9729346115643274E-002
 0901  0.9729346115643274E-002
 0902  0.9729346115643274E-002
 0903  0.9729346115643274E-002
 0904  0.9729346115643274E-002
 0905  0.9729346115643274E-002
 0906  0.9729346115643274E-002
 0907  0.9729346115643274E-002
 0908  0.9729346115643274E-002
 0909  0.9729346115643274E-002
 0910  0.9729346115643274E-002
 0911  0.9729346115643274E-002
 0912  0.9729346115643274E-002
 0913  0.9729346115643274E-002
 0914  0.9729346115643274E-002
 0915  0.9729346115643274E-002
 0916  0.9729346115643274E-002
 0917  0.9729346115643274E-002
 0918  0.9729346115643274E-002
 0919  0.9729346115643274E-002
 0920  0.9729346115643274E-002
 0921  0.9729346115643274E-002
 0922  0.9729346115643274E-002
 0923  0.9729346115643274E-002
 0924  0.9729346115643274E-002
 0925  0.9729346115643274E-002
 0926  0.9729346115643274E-002
 0927  0.9729346115643274E-002
 0928  0.9729346115643274E-002
 0929  0.9729346115643274E-002
 0930  0.9729346115643274E-002
 0931  0.9729346115643274E-002
 0932  0.9729346115643274E-002
 0933  0.9729346115643274E-002
 0934  0.9729346115643274E-002
 0935  0.9729346115643274E-002
 0936  0.9729346115643274E-002
 0937  0.9729346115643274E-002
 0938  0.9729346115643274E-002
 0939  0.9729346115643274E-002
 0940  0.9729346115643274E-002
 0941  0.9729346115643274E-002
 0942  0.9729346115643274E-002
 0943  0.9729346115643274E-002
 0944  0.9729346115643274E-002
 0945  0.9729346115643274E-002
 0946  0.9729346115643274E-002
 0947  0.9729346115643274E-002
 0948  0.9729346115643274E-002
 0949  0.9729346115643274E-002
 0950  0.9729346115643274E-002
 0951  0.9729346115643274E-002
 0952  0.9729346115643274E-002
 0953  0.9729346115643274E-002
 0954  0.9729346115643274E-002
 0955  0.9729346115643274E-002
 0956  0.9729346115643274E-002
 0957  0.9729346115643274E-002
 0958  0.9729346115643274E-002
 0959  0.9729346115643274E-002
 0960  0.9729346115643274E-002
 0961  0.9729346115643274E-002
 0962  0.9729346115643274E-002
 0963  0.9729346115643274E-002
 0964  0.9729346115643274E-002
 0965  0.9729346115643274E-002
 0966  0.9729346115643274E-002
 0967  0.9729346115643274E-002
 0968  0.9729346115643274E-002
 0969  0.9729346115643274E-002
 0970  0.9729346115643274E-002
 0971  0.9729346115643274E-002
 0972  0.9729346115643274E-002
 0973  0.9729346115643274E-002
 0974  0.9729346115643274E-002
 0975  0.9729346115643274E-002
 0976  0.9729346115643274E-002
 0977  0.9729346115643274E-002
 0978  0.9729346115643274E-002
 0979  0.9729346115643274E-002
 0980  0.9729346115643274E-002
 0981  0.9729346115643274E-002
 0982  0.9729346115643274E-002
 0983  0.9729346115643274E-002
 0984  0.9729346115643274E-002
 0985  0.9729346115643274E-002
 0986  0.9729346115643274E-002
 0987  0.9729346115643274E-002
 0988  0.9729346115643274E-002
 0989  0.9729346115643274E-002
 0990  0.9729346115643274E-002
 0991  0.9729346115643274E-002
 0992  0.9729346115643274E-002
 0993  0.9729346115643274E-002
 0994  0.9729346115643274E-002
 0995  0.9729346115643274E-002
 0996  0.9729346115643274E-002
 0997  0.9729346115643274E-002
 0998  0.9729346115643274E-002
 0999  0.9729346115643274E-002
 1000  0.9729346115643274E-002
