 0001  0.2086772527419921E+026
 0002  0.1965514492090757E+026
 0003  0.1824304388784332E+026
 0004  0.1702763754344366E+026
 0005  0.1578021025113355E+026
 0006  0.1460500728341507E+026
 0007  0.1352222520605158E+026
 0008  0.1246684608976950E+026
 0009  0.1145582739502544E+026
 0010  0.1048035689065343E+026
 0011  0.9569295496184758E+025
 0012  0.8709360081095658E+025
 0013  0.7912457870381612E+025
 0014  0.7144179224155500E+025
 0015  0.6418086770996629E+025
 0016  0.5751258198462007E+025
 0017  0.5134978437252000E+025
 0018  0.4565840723914265E+025
 0019  0.4031800493902750E+025
 0020  0.3557983735663905E+025
 0021  0.3112177789192940E+025
 0022  0.2672707339759494E+025
 0023  0.2298460949689809E+025
 0024  0.1952520667957586E+025
 0025  0.1643967210565476E+025
 0026  0.1366229916227767E+025
 0027  0.1119118721621116E+025
 0028  0.9016933874007662E+024
 0029  0.6386539763543056E+024
 0030  0.5060334908537661E+024
 0031  0.3988088408077129E+024
 0032  0.3124389268153023E+024
 0033  0.2442132986853470E+024
 0034  0.1912527991211546E+024
 0035  0.1494404446463482E+024
 0036  0.1155794984884278E+024
 0037  0.8757565046469976E+023
 0038  0.6917504253743407E+023
 0039  0.5552317085152231E+023
 0040  0.4461076117669685E+023
 0041  0.3608452003574703E+023
 0042  0.2952920249730392E+023
 0043  0.2435066339789796E+023
 0044  0.2007213906729916E+023
 0045  0.1661766448667136E+023
 0046  0.1388269818866287E+023
 0047  0.1162940334016357E+023
 0048  0.9780352309371649E+022
 0049  0.8247877590620482E+022
 0050  0.7006715295566177E+022
 0051  0.5933137756852062E+022
 0052  0.5015814031884947E+022
 0053  0.4294180370626346E+022
 0054  0.3674581089406443E+022
 0055  0.3138812693156929E+022
 0056  0.2675297095280906E+022
 0057  0.2295444727655026E+022
 0058  0.1957251060691426E+022
 0059  0.1676613128997898E+022
 0060  0.1437660809617028E+022
 0061  0.1231327488430381E+022
 0062  0.1049846203986144E+022
 0063  0.8876601108057875E+021
 0064  0.7537121466749957E+021
 0065  0.6443365182254529E+021
 0066  0.5519615944395388E+021
 0067  0.4720860698954594E+021
 0068  0.4052001911728018E+021
 0069  0.3476777261685241E+021
 0070  0.2976374000613498E+021
 0071  0.2550131202935131E+021
 0072  0.2186673989758199E+021
 0073  0.1883491770434796E+021
 0074  0.1604586602046601E+021
 0075  0.1359927086415902E+021
 0076  0.1161695924831317E+021
 0077  0.9775881516286470E+020
 0078  0.8241068318225646E+020
 0079  0.6913223140155362E+020
 0080  0.5753716313571729E+020
 0081  0.4760184093834693E+020
 0082  0.3901963271769525E+020
 0083  0.3171756178870102E+020
 0084  0.2545581718397009E+020
 0085  0.1993865650977548E+020
 0086  0.1536381923000078E+020
 0087  0.1153388512589395E+020
 0088  0.8357107941521587E+019
 0089  0.5145764697545744E+019
 0090  0.3545918230724536E+019
 0091  0.2491039296099379E+019
 0092  0.1793012694579180E+019
 0093  0.1308871472300900E+019
 0094  0.9608715032685888E+018
 0095  0.7249147512801723E+018
 0096  0.5508018812130751E+018
 0097  0.4155494995767159E+018
 0098  0.3123883974398268E+018
 0099  0.2377493343054818E+018
 0100  0.1828446190896957E+018
 0101  0.1417697389371715E+018
 0102  0.1093848615402120E+018
 0103  0.8563214978557702E+017
 0104  0.6757672326206813E+017
 0105  0.5298529078694286E+017
 0106  0.4154039908706796E+017
 0107  0.3279492404591261E+017
 0108  0.2531432113580185E+017
 0109  0.1956178145317236E+017
 0110  0.1478650923082830E+017
 0111  0.1082118567852939E+017
 0112  0.7774043665204023E+016
 0113  0.5538012074284025E+016
 0114  0.3706119814873008E+016
 0115  0.2354149435998108E+016
 0116  0.1353759865300707E+016
 0117  0.6743595143549868E+015
 0118  0.2527594272202833E+015
 0119  0.3597332732273392E+014
 0120  0.2783895327019458E+011
 0121  0.6040186470500870E+009
 0122  0.1223951442684681E+009
 0123  0.4853616697277038E+008
 0124  0.2621510567400573E+008
 0125  0.1643575389743004E+008
 0126  0.1146487954667803E+008
 0127  0.8535934377579831E+007
 0128  0.6760575599929552E+007
 0129  0.5497802630185258E+007
 0130  0.4611958160569269E+007
 0131  0.3897689140279478E+007
 0132  0.3352113043361118E+007
 0133  0.2970458724219642E+007
 0134  0.2627497817948665E+007
 0135  0.2329777128548874E+007
 0136  0.2129627212096791E+007
 0137  0.1913026991313715E+007
 0138  0.1755044289401326E+007
 0139  0.1625347592747767E+007
 0140  0.1495779511509514E+007
 0141  0.1403786804531678E+007
 0142  0.1291702022696398E+007
 0143  0.1210874134376796E+007
 0144  0.1130476321524745E+007
 0145  0.1065816961970236E+007
 0146  0.1005351230768689E+007
 0147  0.9545409769409032E+006
 0148  0.9031977193120135E+006
 0149  0.8463581515318381E+006
 0150  0.8013571400795672E+006
 0151  0.7711458323353978E+006
 0152  0.7282873887816147E+006
 0153  0.7028846709160963E+006
 0154  0.6696376483392254E+006
 0155  0.6417564947953193E+006
 0156  0.6149577016346761E+006
 0157  0.5898231612914439E+006
 0158  0.5667079230685399E+006
 0159  0.5437096115800601E+006
 0160  0.5199447965484498E+006
 0161  0.5015855243395006E+006
 0162  0.4858005357562895E+006
 0163  0.4705298087726732E+006
 0164  0.4505127294619299E+006
 0165  0.4330526239544167E+006
 0166  0.4186824760808188E+006
 0167  0.4071611993920988E+006
 0168  0.3969920455118879E+006
 0169  0.3846073677645843E+006
 0170  0.3675069738699608E+006
 0171  0.3566221678029606E+006
 0172  0.3437499737499835E+006
 0173  0.3346767990249411E+006
 0174  0.3265605315424453E+006
 0175  0.3184665379014321E+006
 0176  0.3100036523043665E+006
 0177  0.2993136110054009E+006
 0178  0.2904309180189251E+006
 0179  0.2826783542388592E+006
 0180  0.2765924021921895E+006
 0181  0.2706598977884046E+006
 0182  0.2638578291526004E+006
 0183  0.2558720303896637E+006
 0184  0.2478953385659531E+006
 0185  0.2399259536354318E+006
 0186  0.2350780566043486E+006
 0187  0.2303215693329810E+006
 0188  0.2249613257264574E+006
 0189  0.2196033200359534E+006
 0190  0.2142812981350298E+006
 0191  0.2089790104944125E+006
 0192  0.2032663661510355E+006
 0193  0.1971621293012567E+006
 0194  0.1937054493690273E+006
 0195  0.1903092534387327E+006
 0196  0.1862911108089852E+006
 0197  0.1820365565563123E+006
 0198  0.1780180834281098E+006
 0199  0.1743942054750743E+006
 0200  0.1708461805403414E+006
 0201  0.1671890736068141E+006
 0202  0.1634650362715209E+006
 0203  0.1598167502900172E+006
 0204  0.1560571657973080E+006
 0205  0.1523737723083817E+006
 0206  0.1476111805012278E+006
 0207  0.1453013851865350E+006
 0208  0.1430958514131027E+006
 0209  0.1400635839208024E+006
 0210  0.1371188682131419E+006
 0211  0.1344226434467733E+006
 0212  0.1318295873719376E+006
 0213  0.1293594225768646E+006
 0214  0.1270577482073758E+006
 0215  0.1249429258831223E+006
 0216  0.1228659421155820E+006
 0217  0.1203073982594037E+006
 0218  0.1176436488678678E+006
 0219  0.1155409089061054E+006
 0220  0.1136206112536894E+006
 0221  0.1115700481705802E+006
 0222  0.1090456864141600E+006
 0223  0.1070140613060106E+006
 0224  0.1054042715844617E+006
 0225  0.1038203402389114E+006
 0226  0.1015825752118537E+006
 0227  0.9951115601469507E+005
 0228  0.9811939136573119E+005
 0229  0.9674903314537510E+005
 0230  0.9531534387763377E+005
 0231  0.9361584652451587E+005
 0232  0.9194603154160816E+005
 0233  0.9007905666884493E+005
 0234  0.8797709633460760E+005
 0235  0.8679165632291183E+005
 0236  0.8574111517453201E+005
 0237  0.8470578238268266E+005
 0238  0.8335254323343813E+005
 0239  0.8125276994411835E+005
 0240  0.7976326604164162E+005
 0241  0.7870273114463271E+005
 0242  0.7765763641974950E+005
 0243  0.7635316129381879E+005
 0244  0.7503049122765067E+005
 0245  0.7389728289311627E+005
 0246  0.7291415155139366E+005
 0247  0.7194511611204955E+005
 0248  0.7097391379895479E+005
 0249  0.6993319707114756E+005
 0250  0.6890778256750318E+005
 0251  0.6789759011310698E+005
 0252  0.6673686809944519E+005
 0253  0.6529426177633290E+005
 0254  0.6408018534547002E+005
 0255  0.6334823324260983E+005
 0256  0.6262567797501963E+005
 0257  0.6191250286428269E+005
 0258  0.6114361982453469E+005
 0259  0.6024974207425975E+005
 0260  0.5936880261423656E+005
 0261  0.5850040778722367E+005
 0262  0.5764009962877668E+005
 0263  0.5678090311019557E+005
 0264  0.5593403601088014E+005
 0265  0.5509936006090046E+005
 0266  0.5426495757621663E+005
 0267  0.5342948175163308E+005
 0268  0.5260606464543144E+005
 0269  0.5180862724857946E+005
 0270  0.5108009385655362E+005
 0271  0.5036153932045451E+005
 0272  0.4965286251244041E+005
 0273  0.4879838094528222E+005
 0274  0.4794468503344022E+005
 0275  0.4738069812882433E+005
 0276  0.4690217302347920E+005
 0277  0.4642937584351523E+005
 0278  0.4596223066969020E+005
 0279  0.4546952289199007E+005
 0280  0.4472337988787009E+005
 0281  0.4398824078681340E+005
 0282  0.4326394470884792E+005
 0283  0.4268410257469498E+005
 0284  0.4213934475983167E+005
 0285  0.4160176983874371E+005
 0286  0.4102197739686184E+005
 0287  0.4023045131193251E+005
 0288  0.3955796789327536E+005
 0289  0.3917528835327941E+005
 0290  0.3879717937223229E+005
 0291  0.3842360118718695E+005
 0292  0.3804132634888361E+005
 0293  0.3750161656696493E+005
 0294  0.3696955105961264E+005
 0295  0.3644505062656722E+005
 0296  0.3591438580081957E+005
 0297  0.3537625614748947E+005
 0298  0.3484611077556162E+005
 0299  0.3446583828139830E+005
 0300  0.3414863481634508E+005
 0301  0.3383529102318671E+005
 0302  0.3352577214740041E+005
 0303  0.3322001570676455E+005
 0304  0.3291798847177804E+005
 0305  0.3261915075546857E+005
 0306  0.3214558465732456E+005
 0307  0.3167933477854482E+005
 0308  0.3122032688349454E+005
 0309  0.3076849303276425E+005
 0310  0.3032374412838935E+005
 0311  0.2993433970501628E+005
 0312  0.2956939739406886E+005
 0313  0.2920989416909981E+005
 0314  0.2885577519844123E+005
 0315  0.2850698368405065E+005
 0316  0.2816344644056306E+005
 0317  0.2763999731514755E+005
 0318  0.2712434360006381E+005
 0319  0.2663857634508218E+005
 0320  0.2631189289635705E+005
 0321  0.2599054767923081E+005
 0322  0.2567793394381692E+005
 0323  0.2538640169675307E+005
 0324  0.2509956163901217E+005
 0325  0.2481733427088486E+005
 0326  0.2452521844338689E+005
 0327  0.2423214828585285E+005
 0328  0.2394405900056914E+005
 0329  0.2365597586524350E+005
 0330  0.2334453386322004E+005
 0331  0.2303879964920701E+005
 0332  0.2274403268638581E+005
 0333  0.2247861039541553E+005
 0334  0.2221777239288437E+005
 0335  0.2197017693821216E+005
 0336  0.2177677550789599E+005
 0337  0.2158625994005435E+005
 0338  0.2139856716799233E+005
 0339  0.2121364358270279E+005
 0340  0.2103142813736030E+005
 0341  0.2083166495676652E+005
 0342  0.2046252780479199E+005
 0343  0.2010158183991297E+005
 0344  0.1979211526997389E+005
 0345  0.1961101324605054E+005
 0346  0.1943260039867357E+005
 0347  0.1925681255360227E+005
 0348  0.1908359386291990E+005
 0349  0.1881632557925131E+005
 0350  0.1852282075771447E+005
 0351  0.1826233724697368E+005
 0352  0.1806557068818542E+005
 0353  0.1787185817310903E+005
 0354  0.1770021664570637E+005
 0355  0.1753498722612398E+005
 0356  0.1737212073786032E+005
 0357  0.1720130202243976E+005
 0358  0.1701997726387426E+005
 0359  0.1684137113039331E+005
 0360  0.1666542672854699E+005
 0361  0.1648911922238130E+005
 0362  0.1631530641394310E+005
 0363  0.1614406299238922E+005
 0364  0.1597595173494059E+005
 0365  0.1581096788959652E+005
 0366  0.1564837933695374E+005
 0367  0.1548814094614307E+005
 0368  0.1527170157390069E+005
 0369  0.1505228541036479E+005
 0370  0.1489164826528398E+005
 0371  0.1474002067604419E+005
 0372  0.1462173316264587E+005
 0373  0.1451026796405044E+005
 0374  0.1440019923158849E+005
 0375  0.1429150432963190E+005
 0376  0.1415355230047168E+005
 0377  0.1400327112117474E+005
 0378  0.1385514761330140E+005
 0379  0.1370914199793706E+005
 0380  0.1350776601775562E+005
 0381  0.1330110661828912E+005
 0382  0.1316898543215552E+005
 0383  0.1304267821461174E+005
 0384  0.1294563432029086E+005
 0385  0.1284977429077616E+005
 0386  0.1275507979558333E+005
 0387  0.1264863133458816E+005
 0388  0.1251068029013826E+005
 0389  0.1237469140758934E+005
 0390  0.1224188230182163E+005
 0391  0.1212314812154371E+005
 0392  0.1200600537852938E+005
 0393  0.1189042691896147E+005
 0394  0.1178593555542320E+005
 0395  0.1168479434401715E+005
 0396  0.1158493116032990E+005
 0397  0.1148632600576818E+005
 0398  0.1135273197096747E+005
 0399  0.1119191366842680E+005
 0400  0.1105239032168465E+005
 0401  0.1094785671160207E+005
 0402  0.1084641546817581E+005
 0403  0.1075753762721906E+005
 0404  0.1066974182511701E+005
 0405  0.1058219598564516E+005
 0406  0.1048375811359168E+005
 0407  0.1038657078079992E+005
 0408  0.1029061235831262E+005
 0409  0.1019108239937557E+005
 0410  0.1009241291382138E+005
 0411  0.9995542192504770E+004
 0412  0.9926949842617620E+004
 0413  0.9859128716164883E+004
 0414  0.9792067259393731E+004
 0415  0.9725754056191940E+004
 0416  0.9660177968192667E+004
 0417  0.9594207045014413E+004
 0418  0.9467024491937680E+004
 0419  0.9341669430384827E+004
 0420  0.9218100180199097E+004
 0421  0.9139254182451912E+004
 0422  0.9065581735705917E+004
 0423  0.8992759728995878E+004
 0424  0.8920267308157203E+004
 0425  0.8842774444781706E+004
 0426  0.8766192725094326E+004
 0427  0.8690506271486045E+004
 0428  0.8613040769414849E+004
 0429  0.8519285106603191E+004
 0430  0.8426708443500365E+004
 0431  0.8345067622927440E+004
 0432  0.8273844802562746E+004
 0433  0.8203430907606986E+004
 0434  0.8148050557313273E+004
 0435  0.8096220496644354E+004
 0436  0.8044925972830371E+004
 0437  0.7994159234780562E+004
 0438  0.7943912842814313E+004
 0439  0.7879593907988792E+004
 0440  0.7781383966819147E+004
 0441  0.7684413168859877E+004
 0442  0.7609313056457563E+004
 0443  0.7561389248335651E+004
 0444  0.7513946751670383E+004
 0445  0.7466978992760716E+004
 0446  0.7420479530488514E+004
 0447  0.7374442056979209E+004
 0448  0.7319959228119215E+004
 0449  0.7259377356099792E+004
 0450  0.7199435177250463E+004
 0451  0.7140122941252432E+004
 0452  0.7081431335120987E+004
 0453  0.7023351369958477E+004
 0454  0.6952186939687249E+004
 0455  0.6866368883086173E+004
 0456  0.6781537484940216E+004
 0457  0.6706221715690477E+004
 0458  0.6650952761703814E+004
 0459  0.6596240757706051E+004
 0460  0.6542079683261549E+004
 0461  0.6499800901284677E+004
 0462  0.6458475357827582E+004
 0463  0.6417539717916889E+004
 0464  0.6376990567225197E+004
 0465  0.6336824599000749E+004
 0466  0.6297038649004997E+004
 0467  0.6257629734167578E+004
 0468  0.6178908307235563E+004
 0469  0.6100055166341564E+004
 0470  0.6022053430786998E+004
 0471  0.5953066920402177E+004
 0472  0.5900400178395236E+004
 0473  0.5848254306680621E+004
 0474  0.5796631223189753E+004
 0475  0.5728324169882623E+004
 0476  0.5651667816199027E+004
 0477  0.5594712144505110E+004
 0478  0.5543996492896593E+004
 0479  0.5504148302914135E+004
 0480  0.5466417049166821E+004
 0481  0.5429051053786390E+004
 0482  0.5392048934044046E+004
 0483  0.5343428085245507E+004
 0484  0.5294612023198481E+004
 0485  0.5246296941127969E+004
 0486  0.5198477447115045E+004
 0487  0.5149684729269696E+004
 0488  0.5101243369641034E+004
 0489  0.5053281029668113E+004
 0490  0.5005795037970433E+004
 0491  0.4960663135377857E+004
 0492  0.4915946704440567E+004
 0493  0.4871628180076397E+004
 0494  0.4827688633119325E+004
 0495  0.4761075390034859E+004
 0496  0.4695693490933229E+004
 0497  0.4654072344617048E+004
 0498  0.4613723403758776E+004
 0499  0.4583392267194715E+004
 0500  0.4553275035019001E+004
 0501  0.4523363224280263E+004
 0502  0.4492906718284833E+004
 0503  0.4454500840872653E+004
 0504  0.4416344813012635E+004
 0505  0.4378423755926201E+004
 0506  0.4340722981685932E+004
 0507  0.4304174022965759E+004
 0508  0.4267899932312705E+004
 0509  0.4231838827266133E+004
 0510  0.4195979761059718E+004
 0511  0.4160920159473364E+004
 0512  0.4126355518021846E+004
 0513  0.4091993692168831E+004
 0514  0.4057826904021390E+004
 0515  0.4026252710112501E+004
 0516  0.4001593009664306E+004
 0517  0.3977092597875546E+004
 0518  0.3952748720085329E+004
 0519  0.3928558750035219E+004
 0520  0.3904520189494001E+004
 0521  0.3880630667697812E+004
 0522  0.3856887940602939E+004
 0523  0.3833289889951132E+004
 0524  0.3809834522145833E+004
 0525  0.3775597436235927E+004
 0526  0.3741084091137812E+004
 0527  0.3706797737339093E+004
 0528  0.3672735176149011E+004
 0529  0.3638893570154077E+004
 0530  0.3605270440311913E+004
 0531  0.3571863661882134E+004
 0532  0.3538138499187174E+004
 0533  0.3503889088799252E+004
 0534  0.3469884289356776E+004
 0535  0.3436122949776995E+004
 0536  0.3402604214846129E+004
 0537  0.3369327514239175E+004
 0538  0.3329637224560846E+004
 0539  0.3290191153388016E+004
 0540  0.3254838319010938E+004
 0541  0.3235520319166953E+004
 0542  0.3216354408165303E+004
 0543  0.3197339877457162E+004
 0544  0.3178476036731265E+004
 0545  0.3159762212325493E+004
 0546  0.3140375302775203E+004
 0547  0.3119970298406465E+004
 0548  0.3099733270409520E+004
 0549  0.3079663569138026E+004
 0550  0.3059760558204388E+004
 0551  0.3040023612600886E+004
 0552  0.3020452116890356E+004
 0553  0.3001045463468426E+004
 0554  0.2981803050898206E+004
 0555  0.2959739155558084E+004
 0556  0.2931327906466183E+004
 0557  0.2903179502737174E+004
 0558  0.2875294319003864E+004
 0559  0.2847672737486328E+004
 0560  0.2820315139598988E+004
 0561  0.2793221897916330E+004
 0562  0.2761411995056953E+004
 0563  0.2729910777693723E+004
 0564  0.2698740707622786E+004
 0565  0.2678911800562008E+004
 0566  0.2663558027320164E+004
 0567  0.2648346535925029E+004
 0568  0.2633276522551975E+004
 0569  0.2618347176237487E+004
 0570  0.2603557678826106E+004
 0571  0.2588907204947984E+004
 0572  0.2569923793156071E+004
 0573  0.2550671911679136E+004
 0574  0.2531615119627354E+004
 0575  0.2512752662201050E+004
 0576  0.2494083754928608E+004
 0577  0.2475607583439852E+004
 0578  0.2457323303349127E+004
 0579  0.2439079226149633E+004
 0580  0.2420967793567513E+004
 0581  0.2403047782441764E+004
 0582  0.2385318286787272E+004
 0583  0.2367778368248421E+004
 0584  0.2350427056508357E+004
 0585  0.2333263349779362E+004
 0586  0.2315336563981420E+004
 0587  0.2289857822307200E+004
 0588  0.2264702637711282E+004
 0589  0.2239870822467374E+004
 0590  0.2216919333315479E+004
 0591  0.2204592392097863E+004
 0592  0.2192394600985759E+004
 0593  0.2180324936312947E+004
 0594  0.2168382367948864E+004
 0595  0.2156565859806532E+004
 0596  0.2144874370347551E+004
 0597  0.2133306853082955E+004
 0598  0.2121862257069766E+004
 0599  0.2101342105461904E+004
 0600  0.2078660378715690E+004
 0601  0.2056294625558719E+004
 0602  0.2034243710584038E+004
 0603  0.2015336784897829E+004
 0604  0.2000735820516215E+004
 0605  0.1986313683937842E+004
 0606  0.1972068921140814E+004
 0607  0.1958000050273447E+004
 0608  0.1946881446617993E+004
 0609  0.1936277993064054E+004
 0610  0.1925794975533575E+004
 0611  0.1915431234997274E+004
 0612  0.1905185610050679E+004
 0613  0.1895056937537871E+004
 0614  0.1885044053157008E+004
 0615  0.1875145792046555E+004
 0616  0.1865360989353126E+004
 0617  0.1851083801401645E+004
 0618  0.1831374407694384E+004
 0619  0.1811977196372221E+004
 0620  0.1792889893708212E+004
 0621  0.1774110056233086E+004
 0622  0.1758762765748576E+004
 0623  0.1746333404370582E+004
 0624  0.1734073630523368E+004
 0625  0.1721981615873784E+004
 0626  0.1710055514343520E+004
 0627  0.1699409268388254E+004
 0628  0.1690367103381300E+004
 0629  0.1681437718611031E+004
 0630  0.1672619806674312E+004
 0631  0.1663912063128293E+004
 0632  0.1655313187151877E+004
 0633  0.1646821882175147E+004
 0634  0.1638436856477709E+004
 0635  0.1630156823756351E+004
 0636  0.1621980503663030E+004
 0637  0.1613906622313789E+004
 0638  0.1600890328941324E+004
 0639  0.1584455137669007E+004
 0640  0.1568325033513035E+004
 0641  0.1552496241149962E+004
 0642  0.1536964844679481E+004
 0643  0.1521726802281678E+004
 0644  0.1510279115299051E+004
 0645  0.1499927935893831E+004
 0646  0.1489740496838260E+004
 0647  0.1479714428995861E+004
 0648  0.1469847361116441E+004
 0649  0.1460136922463758E+004
 0650  0.1450619829505999E+004
 0651  0.1441269524354381E+004
 0652  0.1432069890081972E+004
 0653  0.1423018587188682E+004
 0654  0.1414113283067552E+004
 0655  0.1405351654150829E+004
 0656  0.1396731387912962E+004
 0657  0.1388105802025956E+004
 0658  0.1379516158840855E+004
 0659  0.1371070612856618E+004
 0660  0.1362766733502082E+004
 0661  0.1354602104523542E+004
 0662  0.1346574325965559E+004
 0663  0.1338681015998538E+004
 0664  0.1330919812600213E+004
 0665  0.1323288375097462E+004
 0666  0.1314553473109338E+004
 0667  0.1302153439086681E+004
 0668  0.1290056379125653E+004
 0669  0.1278255248410036E+004
 0670  0.1266742972182250E+004
 0671  0.1255512466785935E+004
 0672  0.1246726552688597E+004
 0673  0.1238497580638373E+004
 0674  0.1230440878174884E+004
 0675  0.1222552444909436E+004
 0676  0.1214828330007863E+004
 0677  0.1207123403216490E+004
 0678  0.1199129943793096E+004
 0679  0.1191317309282801E+004
 0680  0.1183680768316189E+004
 0681  0.1176215661556412E+004
 0682  0.1168917405997356E+004
 0683  0.1161533452362778E+004
 0684  0.1153893046420994E+004
 0685  0.1146441535992568E+004
 0686  0.1139173130627670E+004
 0687  0.1132082155692731E+004
 0688  0.1125163057081622E+004
 0689  0.1117494165347051E+004
 0690  0.1106705311152433E+004
 0691  0.1096319598861048E+004
 0692  0.1086377482737688E+004
 0693  0.1079372765585088E+004
 0694  0.1072570588073957E+004
 0695  0.1065962019186004E+004
 0696  0.1059185553292596E+004
 0697  0.1052501777080844E+004
 0698  0.1046018879448357E+004
 0699  0.1039522995938983E+004
 0700  0.1032935198018578E+004
 0701  0.1026556150010937E+004
 0702  0.1020372313725125E+004
 0703  0.1010090846634453E+004
 0704  0.1001601144443606E+004
 0705  0.9954166993865886E+003
 0706  0.9892375031994416E+003
 0707  0.9831540520050449E+003
 0708  0.9770973530867889E+003
 0709  0.9690514415072632E+003
 0710  0.9628067127255849E+003
 0711  0.9583843662167857E+003
 0712  0.9521508513297709E+003
 0713  0.9451424008698916E+003
 0714  0.9405115241746370E+003
 0715  0.9358218742052384E+003
 0716  0.9279518974397324E+003
 0717  0.9223167538415360E+003
 0718  0.9174547389921408E+003
 0719  0.9132792397107272E+003
 0720  0.9080916576899293E+003
 0721  0.9026168462973048E+003
 0722  0.8981154317598738E+003
 0723  0.8936184797123168E+003
 0724  0.8883540177338366E+003
 0725  0.8816450018983890E+003
 0726  0.8762623775652343E+003
 0727  0.8718810122459267E+003
 0728  0.8675282309946492E+003
 0729  0.8611730193855651E+003
 0730  0.8552332838527692E+003
 0731  0.8516641514803700E+003
 0732  0.8481252118240479E+003
 0733  0.8446161384483540E+003
 0734  0.8411366119624528E+003
 0735  0.8363371741146967E+003
 0736  0.8313573837037973E+003
 0737  0.8264265012330794E+003
 0738  0.8215439163837409E+003
 0739  0.8169169667020227E+003
 0740  0.8124771176223550E+003
 0741  0.8080819047192729E+003
 0742  0.8037307937984854E+003
 0743  0.7994232595343498E+003
 0744  0.7941940726955345E+003
 0745  0.7883751953532756E+003
 0746  0.7826212635539785E+003
 0747  0.7775203655688207E+003
 0748  0.7737255689996726E+003
 0749  0.7699688769443471E+003
 0750  0.7662498505423227E+003
 0751  0.7625680570205014E+003
 0752  0.7589850776356171E+003
 0753  0.7554795142918125E+003
 0754  0.7520088066413670E+003
 0755  0.7485725600025295E+003
 0756  0.7451703849449719E+003
 0757  0.7418018972007454E+003
 0758  0.7384667175773850E+003
 0759  0.7351644718732288E+003
 0760  0.7291813077710148E+003
 0761  0.7230144869491593E+003
 0762  0.7169208802952026E+003
 0763  0.7111248178233485E+003
 0764  0.7081088597213643E+003
 0765  0.7051223611027782E+003
 0766  0.7021649970469123E+003
 0767  0.6992364467407464E+003
 0768  0.6963363934175239E+003
 0769  0.6934645242965897E+003
 0770  0.6906205305242943E+003
 0771  0.6871072221775960E+003
 0772  0.6833091303416486E+003
 0773  0.6795505631764003E+003
 0774  0.6758310550318355E+003
 0775  0.6721501465088020E+003
 0776  0.6685073843590224E+003
 0777  0.6649023213866549E+003
 0778  0.6605650460994719E+003
 0779  0.6549377707744241E+003
 0780  0.6493773926321753E+003
 0781  0.6438830261881142E+003
 0782  0.6414257597361632E+003
 0783  0.6390586028476340E+003
 0784  0.6367138917852350E+003
 0785  0.6343913880677425E+003
 0786  0.6320908560854298E+003
 0787  0.6298120630607631E+003
 0788  0.6275547790097978E+003
 0789  0.6253187767040862E+003
 0790  0.6228781581739904E+003
 0791  0.6200351592060558E+003
 0792  0.6172203160724764E+003
 0793  0.6144333146261944E+003
 0794  0.6116738446809926E+003
 0795  0.6089415999546972E+003
 0796  0.6062362780134392E+003
 0797  0.6035575802166901E+003
 0798  0.6009052116635935E+003
 0799  0.5982788811397401E+003
 0800  0.5956783010653364E+003
 0801  0.5931031874438750E+003
 0802  0.5894650096910750E+003
 0803  0.5851636396365702E+003
 0804  0.5809105109042193E+003
 0805  0.5767050172970530E+003
 0806  0.5725465610651210E+003
 0807  0.5684345527693604E+003
 0808  0.5645886909684285E+003
 0809  0.5612862823156997E+003
 0810  0.5580185360237426E+003
 0811  0.5547850423122215E+003
 0812  0.5515853968052205E+003
 0813  0.5490153834111089E+003
 0814  0.5467567116973271E+003
 0815  0.5445198408571891E+003
 0816  0.5423045348110745E+003
 0817  0.5401105603574447E+003
 0818  0.5379376871336135E+003
 0819  0.5357856875774615E+003
 0820  0.5332330060050914E+003
 0821  0.5306960064920029E+003
 0822  0.5281843212353123E+003
 0823  0.5256976660765715E+003
 0824  0.5232357604303139E+003
 0825  0.5207983272346219E+003
 0826  0.5183855018409001E+003
 0827  0.5159980779397110E+003
 0828  0.5136343538055552E+003
 0829  0.5112940649503118E+003
 0830  0.5089769501899316E+003
 0831  0.5066827515990471E+003
 0832  0.5044112144663155E+003
 0833  0.5021362893895542E+003
 0834  0.4997713702469968E+003
 0835  0.4974300894458063E+003
 0836  0.4951121813582341E+003
 0837  0.4928173836903575E+003
 0838  0.4905454374362355E+003
 0839  0.4882960868330363E+003
 0840  0.4862101722957959E+003
 0841  0.4842927645015606E+003
 0842  0.4823937816857966E+003
 0843  0.4805130255443667E+003
 0844  0.4786503001677603E+003
 0845  0.4768054120093473E+003
 0846  0.4749781698539524E+003
 0847  0.4731683847869513E+003
 0848  0.4713758701637979E+003
 0849  0.4697205595277170E+003
 0850  0.4681463476572455E+003
 0851  0.4665867531658677E+003
 0852  0.4650416249639547E+003
 0853  0.4635108137174366E+003
 0854  0.4619941718252264E+003
 0855  0.4604915533969037E+003
 0856  0.4590028142307346E+003
 0857  0.4575278117919951E+003
 0858  0.4560664051915724E+003
 0859  0.4546184551648763E+003
 0860  0.4531838240510202E+003
 0861  0.4517623757724303E+003
 0862  0.4503539758145035E+003
 0863  0.4489584912056303E+003
 0864  0.4475757904977040E+003
 0865  0.4462057437465259E+003
 0866  0.4433376050892697E+003
 0867  0.4403564468657344E+003
 0868  0.4374072940248118E+003
 0869  0.4344897613120924E+003
 0870  0.4316034685665280E+003
 0871  0.4287480406485980E+003
 0872  0.4259231073694584E+003
 0873  0.4235379796370334E+003
 0874  0.4218628665602278E+003
 0875  0.4202034803245961E+003
 0876  0.4185596562257263E+003
 0877  0.4169312314964907E+003
 0878  0.4153180452819641E+003
 0879  0.4137199386145106E+003
 0880  0.4121367543894464E+003
 0881  0.4107929456775258E+003
 0882  0.4095525429153946E+003
 0883  0.4083232043297526E+003
 0884  0.4071048212852481E+003
 0885  0.4058972863435266E+003
 0886  0.4047004932483608E+003
 0887  0.4035143369111807E+003
 0888  0.4023387133967316E+003
 0889  0.4011735199088911E+003
 0890  0.4000186547767000E+003
 0891  0.3988740174406191E+003
 0892  0.3977395084388869E+003
 0893  0.3966150293942064E+003
 0894  0.3954982261079320E+003
 0895  0.3942710026447898E+003
 0896  0.3930546460781183E+003
 0897  0.3918490507553071E+003
 0898  0.3906541121754265E+003
 0899  0.3894697269749918E+003
 0900  0.3882957929142402E+003
 0901  0.3871322088633403E+003
 0902  0.3859788747889521E+003
 0903  0.3848356917409538E+003
 0904  0.3837025618392560E+003
 0905  0.3825793882608171E+003
 0906  0.3814660752269014E+003
 0907  0.3803625279904738E+003
 0908  0.3792686528236939E+003
 0909  0.3781843570056427E+003
 0910  0.3771095488102611E+003
 0911  0.3760441374942430E+003
 0912  0.3749880332854096E+003
 0913  0.3739411473709172E+003
 0914  0.3729033918857855E+003
 0915  0.3716997509001163E+003
 0916  0.3701341099216915E+003
 0917  0.3685827064142033E+003
 0918  0.3670453970254038E+003
 0919  0.3655220400247287E+003
 0920  0.3640124952828775E+003
 0921  0.3625166242516588E+003
 0922  0.3610342899440125E+003
 0923  0.3595653569147333E+003
 0924  0.3581096912407434E+003
 0925  0.3566671605023535E+003
 0926  0.3552376337642444E+003
 0927  0.3538209815571051E+003
 0928  0.3524170758592495E+003
 0929  0.3510257900784722E+003
 0930  0.3500514066792466E+003
 0931  0.3491358837298770E+003
 0932  0.3482281120875214E+003
 0933  0.3473280210802999E+003
 0934  0.3464355407503542E+003
 0935  0.3455506018455917E+003
 0936  0.3446731358117214E+003
 0937  0.3438030747843856E+003
 0938  0.3429403515813301E+003
 0939  0.3420848996947249E+003
 0940  0.3412366532835408E+003
 0941  0.3403955471660367E+003
 0942  0.3395615168123762E+003
 0943  0.3387344983372752E+003
 0944  0.3379144284927782E+003
 0945  0.3371012446610634E+003
 0946  0.3362948848475460E+003
 0947  0.3354952876737011E+003
 0948  0.3347023923703564E+003
 0949  0.3339161387708757E+003
 0950  0.3331364673043853E+003
 0951  0.3323633189891225E+003
 0952  0.3314547690841952E+003
 0953  0.3303446334906619E+003
 0954  0.3292440205554122E+003
 0955  0.3281528417516180E+003
 0956  0.3270710094684556E+003
 0957  0.3259984370006808E+003
 0958  0.3249350385378929E+003
 0959  0.3238807291543515E+003
 0960  0.3228354247985899E+003
 0961  0.3217990422833853E+003
 0962  0.3207714992757436E+003
 0963  0.3197527142870695E+003
 0964  0.3187426066633795E+003
 0965  0.3177410965757218E+003
 0966  0.3167481050107484E+003
 0967  0.3157635537613240E+003
 0968  0.3147873654172018E+003
 0969  0.3138194633559833E+003
 0970  0.3128126258024894E+003
 0971  0.3118125680825366E+003
 0972  0.3108209675829900E+003
 0973  0.3098377473314583E+003
 0974  0.3088628311314289E+003
 0975  0.3078961435533511E+003
 0976  0.3069376099261232E+003
 0977  0.3059871563283442E+003
 0978  0.3050447095800521E+003
 0979  0.3041101972341668E+003
 0980  0.3031835475683598E+003
 0981  0.3022646895770582E+003
 0982  0.3013252643186243E+003
 0983  0.3003852884620865E+003
 0984  0.2994531998856939E+003
 0985  0.2985289276580429E+003
 0986  0.2976124015518681E+003
 0987  0.2967035520359606E+003
 0988  0.2958023102675468E+003
 0989  0.2949086080845291E+003
 0990  0.2939549804377997E+003
 0991  0.2930075688725488E+003
 0992  0.2920681033694915E+003
 0993  0.2911365125190559E+003
 0994  0.2902515177738369E+003
 0995  0.2893949129292798E+003
 0996  0.2885454203010665E+003
 0997  0.2877026643411189E+003
 0998  0.2868503622736957E+003
 0999  0.2859796018626944E+003
 1000  0.0000000000000000E+000
