 0033   0.100775E+00   0.282107E+09   0.279937E+10   0.122425E+10   0.590750E+14
 0034   0.104312E+00   0.295485E+09   0.378268E+10   0.130382E+10   0.528552E+14
 0035   0.115441E+00   0.316577E+09   0.189527E+10   0.130154E+10   0.471964E+14
 0036   0.128630E+00   0.340246E+09   0.179456E+10   0.129220E+10   0.421473E+14
 0037   0.141549E+00   0.365196E+09   0.193132E+10   0.133821E+10   0.376669E+14
 0038   0.159841E+00   0.398826E+09   0.183844E+10   0.130237E+10   0.337308E+14
 0039   0.176960E+00   0.432035E+09   0.193995E+10   0.128644E+10   0.303205E+14
 0040   0.196745E+00   0.467619E+09   0.179851E+10   0.126260E+10   0.273371E+14
 0041   0.216689E+00   0.503799E+09   0.181415E+10   0.124490E+10   0.247189E+14
 0042   0.239499E+00   0.542520E+09   0.169749E+10   0.122048E+10   0.224004E+14
 0043   0.260740E+00   0.580762E+09   0.180039E+10   0.120976E+10   0.203465E+14
 0044   0.285983E+00   0.622444E+09   0.165128E+10   0.118636E+10   0.185083E+14
 0045   0.310903E+00   0.664463E+09   0.168611E+10   0.116993E+10   0.168636E+14
 0046   0.336912E+00   0.707626E+09   0.165955E+10   0.115544E+10   0.153835E+14
 0047   0.363810E+00   0.752028E+09   0.165076E+10   0.114265E+10   0.140465E+14
 0048   0.395354E+00   0.799829E+09   0.151536E+10   0.112036E+10   0.128308E+14
 0049   0.425801E+00   0.847646E+09   0.157051E+10   0.110685E+10   0.117273E+14
 0050   0.457627E+00   0.896892E+09   0.154732E+10   0.109422E+10   0.107204E+14
 0051   0.492233E+00   0.948620E+09   0.149479E+10   0.107801E+10   0.979823E+13
 0052   0.526051E+00   0.100042E+10   0.153173E+10   0.106904E+10   0.895367E+13
 0053   0.564982E+00   0.105601E+10   0.142788E+10   0.105226E+10   0.817525E+13
 0054   0.603166E+00   0.111181E+10   0.146134E+10   0.104288E+10   0.745909E+13
 0055   0.645379E+00   0.117096E+10   0.140117E+10   0.102890E+10   0.679700E+13
 0056   0.687019E+00   0.123054E+10   0.143099E+10   0.102112E+10   0.618565E+13
 0057   0.732840E+00   0.129362E+10   0.137655E+10   0.100844E+10   0.561879E+13
 0058   0.778037E+00   0.135709E+10   0.140428E+10   0.100221E+10   0.509373E+13
 0059   0.828763E+00   0.142469E+10   0.133262E+10   0.991504E+09   0.460527E+13
 0060   0.882666E+00   0.149545E+10   0.131275E+10   0.980463E+09   0.415104E+13
 0061   0.939379E+00   0.156891E+10   0.129533E+10   0.970838E+09   0.372849E+13
 0062   0.994982E+00   0.164356E+10   0.134253E+10   0.966317E+09   0.333585E+13
 0063   0.105783E+01   0.172350E+10   0.127208E+10   0.957744E+09   0.296965E+13
 0064   0.112078E+01   0.180552E+10   0.130285E+10   0.973665E+09   0.262904E+13
 0065   0.120494E+01   0.190704E+10   0.120626E+10   0.949547E+09   0.231161E+13
 0066   0.128183E+01   0.200508E+10   0.127516E+10   0.939322E+09   0.201939E+13
 0067   0.136501E+01   0.210721E+10   0.122779E+10   0.928683E+09   0.174872E+13
 0068   0.145206E+01   0.221279E+10   0.121285E+10   0.918541E+09   0.163158E+13
 0069   0.153893E+01   0.231958E+10   0.122932E+10   0.912772E+09   0.139913E+13
 0070   0.164216E+01   0.243622E+10   0.112992E+10   0.897492E+09   0.130501E+13
 0071   0.174311E+01   0.255323E+10   0.115910E+10   0.888869E+09   0.121637E+13
 0072   0.184286E+01   0.267154E+10   0.118600E+10   0.885938E+09   0.113257E+13
 0073   0.195834E+01   0.279995E+10   0.111196E+10   0.875928E+09   0.105264E+13
 0074   0.208073E+01   0.293364E+10   0.109235E+10   0.866740E+09   0.931970E+12
 0075   0.221073E+01   0.307366E+10   0.107704E+10   0.857344E+09   0.863141E+12
 0076   0.234567E+01   0.321860E+10   0.107411E+10   0.849409E+09   0.797789E+12
 0077   0.248823E+01   0.336963E+10   0.105947E+10   0.843722E+09   0.735561E+12
 0078   0.263811E+01   0.352815E+10   0.105763E+10   0.838413E+09   0.676353E+12
 0079   0.279420E+01   0.369364E+10   0.106021E+10   0.835094E+09   0.620114E+12
 0080   0.297571E+01   0.387458E+10   0.996829E+09   0.826356E+09   0.566086E+12
 0081   0.315194E+01   0.405909E+10   0.104700E+10   0.824636E+09   0.515314E+12
 0082   0.335309E+01   0.426020E+10   0.999825E+09   0.819927E+09   0.466724E+12
 0083   0.357030E+01   0.447545E+10   0.990997E+09   0.816247E+09   0.420593E+12
 0084   0.380211E+01   0.470656E+10   0.996954E+09   0.813919E+09   0.376942E+12
 0085   0.406903E+01   0.496265E+10   0.959424E+09   0.808230E+09   0.335399E+12
 0086   0.433747E+01   0.523116E+10   0.100026E+10   0.810931E+09   0.296611E+12
 0087   0.464745E+01   0.553361E+10   0.975700E+09   0.814911E+09   0.259890E+12
 0088   0.497961E+01   0.587020E+10   0.101333E+10   0.828260E+09   0.225633E+12
 0089   0.532024E+01   0.625273E+10   0.112303E+10   0.948450E+09   0.195335E+12
 0090   0.611259E+01   0.711359E+10   0.108646E+10   0.906801E+09   0.167528E+12
 0091   0.685055E+01   0.795881E+10   0.114534E+10   0.884312E+09   0.145047E+12
 0092   0.772675E+01   0.885353E+10   0.102115E+10   0.863028E+09   0.126062E+12
 0093   0.865050E+01   0.977607E+10   0.998687E+09   0.847299E+09   0.109965E+12
 0094   0.966110E+01   0.107533E+11   0.967010E+09   0.830939E+09   0.961209E+11
 0095   0.107160E+02   0.117661E+11   0.960092E+09   0.818335E+09   0.842128E+11
 0096   0.119138E+02   0.128579E+11   0.911475E+09   0.802650E+09   0.738307E+11
 0097   0.131166E+02   0.139772E+11   0.930586E+09   0.793525E+09   0.648492E+11
 0098   0.144952E+02   0.151926E+11   0.881625E+09   0.780383E+09   0.569180E+11
 0099   0.159342E+02   0.164615E+11   0.881741E+09   0.770484E+09   0.499326E+11
 0100   0.175033E+02   0.178153E+11   0.862801E+09   0.758802E+09   0.437156E+11
 0101   0.191675E+02   0.192141E+11   0.840541E+09   0.748700E+09   0.382807E+11
 0102   0.209344E+02   0.206580E+11   0.817207E+09   0.738978E+09   0.335232E+11
 0103   0.227589E+02   0.221338E+11   0.808887E+09   0.732251E+09   0.293426E+11
 0104   0.247360E+02   0.236839E+11   0.783989E+09   0.724857E+09   0.256364E+11
 0105   0.267937E+02   0.252910E+11   0.781037E+09   0.718437E+09   0.223464E+11
 0106   0.288530E+02   0.269297E+11   0.795770E+09   0.715915E+09   0.194200E+11
 0107   0.311475E+02   0.286829E+11   0.764047E+09   0.712350E+09   0.167760E+11
 0108   0.335665E+02   0.305326E+11   0.764653E+09   0.708562E+09   0.143943E+11
 0109   0.361230E+02   0.324782E+11   0.761097E+09   0.708111E+09   0.122486E+11
 0110   0.388377E+02   0.345564E+11   0.765514E+09   0.710168E+09   0.103153E+11
 0111   0.418341E+02   0.368329E+11   0.759762E+09   0.712684E+09   0.857220E+10
 0112   0.451066E+02   0.393344E+11   0.764398E+09   0.717806E+09   0.700873E+10
 0113   0.485467E+02   0.420768E+11   0.797179E+09   0.731243E+09   0.560891E+10
 0114   0.527689E+02   0.453566E+11   0.776809E+09   0.739593E+09   0.435282E+10
 0115   0.573995E+02   0.491078E+11   0.810076E+09   0.756071E+09   0.325577E+10
 0116   0.628737E+02   0.536472E+11   0.829223E+09   0.780225E+09   0.230412E+10
 0117   0.694225E+02   0.593794E+11   0.875316E+09   0.818741E+09   0.149662E+10
 0118   0.778337E+02   0.672740E+11   0.938580E+09   0.886368E+09   0.839114E+09
 0119   0.894612E+02   0.798516E+11   0.108172E+10   0.110439E+10   0.355963E+09
 0120   0.115320E+03   0.116706E+12   0.142520E+10   0.287961E+10   0.296699E+08
 0121   0.354616E+03   0.831848E+12   0.298852E+10   0.155958E+10   0.142691E+08
 0122   0.133866E+04   0.221349E+13   0.140405E+10   0.107364E+10   0.105337E+08
 0123   0.239328E+04   0.332798E+13   0.105677E+10   0.941024E+09   0.913419E+07
 0124   0.356852E+04   0.432338E+13   0.846974E+09   0.866584E+09   0.803855E+07
 0125   0.477736E+04   0.522905E+13   0.749205E+09   0.819747E+09   0.713041E+07
 0126   0.598140E+04   0.608084E+13   0.707446E+09   0.783582E+09   0.638676E+07
 0127   0.712365E+04   0.687860E+13   0.698414E+09   0.756495E+09   0.580041E+07
 0128   0.825917E+04   0.764689E+13   0.676600E+09   0.730499E+09   0.532989E+07
 0129   0.934252E+04   0.837007E+13   0.667533E+09   0.710339E+09   0.496017E+07
 0130   0.103920E+05   0.906256E+13   0.659823E+09   0.692718E+09   0.466474E+07
 0131   0.114057E+05   0.972712E+13   0.655613E+09   0.678064E+09   0.442951E+07
 0132   0.123952E+05   0.103701E+14   0.649763E+09   0.664765E+09   0.423724E+07
 0133   0.133812E+05   0.109964E+14   0.635249E+09   0.650270E+09   0.407425E+07
 0134   0.143288E+05   0.115917E+14   0.628179E+09   0.639887E+09   0.394292E+07
 0135   0.152806E+05   0.121740E+14   0.611843E+09   0.630108E+09   0.382555E+07
 0136   0.162368E+05   0.127461E+14   0.598248E+09   0.618159E+09   0.371926E+07
 0137   0.171424E+05   0.132886E+14   0.599015E+09   0.611475E+09   0.363459E+07
 0138   0.180680E+05   0.138273E+14   0.582022E+09   0.602375E+09   0.355030E+07
 0139   0.189689E+05   0.143480E+14   0.578005E+09   0.594228E+09   0.347685E+07
 0140   0.198627E+05   0.148546E+14   0.566790E+09   0.587442E+09   0.340775E+07
 0141   0.207583E+05   0.153534E+14   0.556882E+09   0.579145E+09   0.334122E+07
 0142   0.216156E+05   0.158312E+14   0.557407E+09   0.574769E+09   0.328574E+07
 0143   0.225039E+05   0.163111E+14   0.540278E+09   0.567345E+09   0.322504E+07
 0144   0.233484E+05   0.167724E+14   0.546195E+09   0.562640E+09   0.317538E+07
 0145   0.242079E+05   0.172301E+14   0.532510E+09   0.556679E+09   0.312441E+07
 0146   0.250560E+05   0.176774E+14   0.527380E+09   0.551211E+09   0.307709E+07
 0147   0.258992E+05   0.181166E+14   0.520945E+09   0.545495E+09   0.303181E+07
 0148   0.267140E+05   0.185418E+14   0.521790E+09   0.541629E+09   0.299146E+07
 0149   0.275362E+05   0.189627E+14   0.511934E+09   0.538040E+09   0.295107E+07
 0150   0.283633E+05   0.193813E+14   0.506106E+09   0.533373E+09   0.291147E+07
 0151   0.291807E+05   0.197923E+14   0.502782E+09   0.528157E+09   0.287380E+07
 0152   0.299725E+05   0.201900E+14   0.502329E+09   0.525451E+09   0.283907E+07
 0153   0.307779E+05   0.205868E+14   0.492707E+09   0.520664E+09   0.280419E+07
 0154   0.315685E+05   0.209740E+14   0.489683E+09   0.517233E+09   0.277099E+07
 0155   0.323539E+05   0.213555E+14   0.485816E+09   0.513710E+09   0.273883E+07
 0156   0.331427E+05   0.217331E+14   0.478576E+09   0.509879E+09   0.270740E+07
 0157   0.339048E+05   0.221006E+14   0.482281E+09   0.507320E+09   0.267749E+07
 0158   0.346785E+05   0.224666E+14   0.473090E+09   0.503926E+09   0.264809E+07
 0159   0.354476E+05   0.228277E+14   0.469453E+09   0.500708E+09   0.261956E+07
 0160   0.361983E+05   0.231812E+14   0.470861E+09   0.498567E+09   0.259195E+07
 0161   0.369622E+05   0.235342E+14   0.462202E+09   0.495142E+09   0.256515E+07
 0162   0.377229E+05   0.238827E+14   0.458095E+09   0.491452E+09   0.253910E+07
 0163   0.384636E+05   0.242229E+14   0.459256E+09   0.488751E+09   0.251370E+07
 0164   0.391936E+05   0.245572E+14   0.458044E+09   0.487021E+09   0.248881E+07
 0165   0.399371E+05   0.248920E+14   0.450227E+09   0.484293E+09   0.246474E+07
 0166   0.406585E+05   0.252197E+14   0.454304E+09   0.482292E+09   0.244107E+07
 0167   0.413937E+05   0.255470E+14   0.445132E+09   0.479013E+09   0.241830E+07
 0168   0.420995E+05   0.258647E+14   0.450116E+09   0.477060E+09   0.239553E+07
 0169   0.428242E+05   0.261825E+14   0.438524E+09   0.474259E+09   0.237368E+07
 0170   0.435319E+05   0.264945E+14   0.440846E+09   0.472735E+09   0.235197E+07
 0171   0.442305E+05   0.268032E+14   0.441980E+09   0.471174E+09   0.233048E+07
 0172   0.449281E+05   0.271094E+14   0.438945E+09   0.469553E+09   0.230949E+07
 0173   0.456427E+05   0.274166E+14   0.429802E+09   0.466507E+09   0.228970E+07
 0174   0.463248E+05   0.277146E+14   0.436951E+09   0.464884E+09   0.226935E+07
 0175   0.470213E+05   0.280124E+14   0.427524E+09   0.462275E+09   0.225001E+07
 0176   0.476950E+05   0.283030E+14   0.431353E+09   0.460942E+09   0.223033E+07
 0177   0.483824E+05   0.285938E+14   0.423067E+09   0.458914E+09   0.221156E+07
 0178   0.490540E+05   0.288798E+14   0.425835E+09   0.457561E+09   0.219269E+07
 0179   0.497218E+05   0.291631E+14   0.424315E+09   0.456035E+09   0.217419E+07
 0180   0.504060E+05   0.294473E+14   0.415277E+09   0.453192E+09   0.215664E+07
 0181   0.510526E+05   0.297219E+14   0.424675E+09   0.452233E+09   0.213835E+07
 0182   0.517120E+05   0.299964E+14   0.416414E+09   0.450530E+09   0.212077E+07
 0183   0.523644E+05   0.302677E+14   0.415826E+09   0.449269E+09   0.210326E+07
 0184   0.530282E+05   0.305396E+14   0.409555E+09   0.447347E+09   0.208634E+07
 0185   0.536783E+05   0.308078E+14   0.412507E+09   0.445893E+09   0.206938E+07
 0186   0.543110E+05   0.310712E+14   0.416396E+09   0.445017E+09   0.205231E+07
 0187   0.549671E+05   0.313369E+14   0.404891E+09   0.442524E+09   0.203610E+07
 0188   0.555998E+05   0.315960E+14   0.409520E+09   0.441273E+09   0.201958E+07
 0189   0.562362E+05   0.318537E+14   0.405004E+09   0.439728E+09   0.200338E+07
 0190   0.568602E+05   0.321075E+14   0.406759E+09   0.438768E+09   0.198711E+07
 0191   0.574745E+05   0.323581E+14   0.407941E+09   0.438253E+09   0.197084E+07
 0192   0.581012E+05   0.326096E+14   0.401316E+09   0.436944E+09   0.195506E+07
 0193   0.587364E+05   0.328615E+14   0.396537E+09   0.434811E+09   0.193970E+07
 0194   0.593520E+05   0.331084E+14   0.401056E+09   0.433557E+09   0.192417E+07
 0195   0.599452E+05   0.333496E+14   0.406578E+09   0.433300E+09   0.190843E+07
 0196   0.605641E+05   0.335934E+14   0.393902E+09   0.431449E+09   0.189335E+07
 0197   0.611592E+05   0.338313E+14   0.399795E+09   0.430872E+09   0.187808E+07
 0198   0.617578E+05   0.340684E+14   0.396074E+09   0.429905E+09   0.186306E+07
 0199   0.623641E+05   0.343054E+14   0.390946E+09   0.428284E+09   0.184829E+07
 0200   0.629555E+05   0.345384E+14   0.393966E+09   0.427351E+09   0.183350E+07
 0201   0.635580E+05   0.347719E+14   0.387514E+09   0.425613E+09   0.181896E+07
 0202   0.641434E+05   0.350011E+14   0.391554E+09   0.424757E+09   0.180434E+07
 0203   0.647350E+05   0.352302E+14   0.387259E+09   0.423425E+09   0.178989E+07
 0204   0.653032E+05   0.354542E+14   0.394240E+09   0.423367E+09   0.177527E+07
 0205   0.658732E+05   0.356776E+14   0.391801E+09   0.423236E+09   0.176084E+07
 0206   0.664719E+05   0.359050E+14   0.379942E+09   0.420918E+09   0.174665E+07
 0207   0.670458E+05   0.361269E+14   0.386552E+09   0.420129E+09   0.173240E+07
 0208   0.675963E+05   0.363437E+14   0.393897E+09   0.420425E+09   0.171817E+07
 0209   0.681808E+05   0.365650E+14   0.378594E+09   0.418445E+09   0.170416E+07
 0210   0.687454E+05   0.367815E+14   0.383443E+09   0.417608E+09   0.169017E+07
 0211   0.693188E+05   0.369983E+14   0.378133E+09   0.416101E+09   0.167631E+07
 0212   0.698714E+05   0.372104E+14   0.383890E+09   0.415670E+09   0.166244E+07
 0213   0.704307E+05   0.374225E+14   0.379208E+09   0.414632E+09   0.164870E+07
 0214   0.709656E+05   0.376293E+14   0.386641E+09   0.414885E+09   0.163501E+07
 0215   0.715341E+05   0.378406E+14   0.371509E+09   0.412909E+09   0.162141E+07
 0216   0.720753E+05   0.380461E+14   0.379753E+09   0.412526E+09   0.160785E+07
 0217   0.726181E+05   0.382509E+14   0.377359E+09   0.411839E+09   0.159435E+07
 0218   0.731623E+05   0.384549E+14   0.374945E+09   0.410874E+09   0.158090E+07
 0219   0.737087E+05   0.386583E+14   0.372254E+09   0.409682E+09   0.156751E+07
 0220   0.742281E+05   0.388564E+14   0.381261E+09   0.409997E+09   0.155416E+07
 0221   0.747527E+05   0.390544E+14   0.377552E+09   0.409869E+09   0.154089E+07
 0222   0.752838E+05   0.392527E+14   0.373264E+09   0.409032E+09   0.152765E+07
 0223   0.758225E+05   0.394510E+14   0.368189E+09   0.407666E+09   0.151444E+07
 0224   0.763367E+05   0.396444E+14   0.376123E+09   0.407718E+09   0.150135E+07
 0225   0.768575E+05   0.398380E+14   0.371688E+09   0.407287E+09   0.148830E+07
 0226   0.773841E+05   0.400317E+14   0.367837E+09   0.406167E+09   0.147530E+07
 0227   0.779156E+05   0.402251E+14   0.363926E+09   0.404603E+09   0.146234E+07
 0228   0.784173E+05   0.404127E+14   0.373863E+09   0.404903E+09   0.144955E+07
 0229   0.789553E+05   0.406054E+14   0.358136E+09   0.402601E+09   0.143673E+07
 0230   0.794616E+05   0.407919E+14   0.368442E+09   0.402211E+09   0.142407E+07
 0231   0.799693E+05   0.409778E+14   0.366169E+09   0.401561E+09   0.141145E+07
 0232   0.804443E+05   0.411576E+14   0.378552E+09   0.403049E+09   0.139901E+07
 0233   0.809547E+05   0.413426E+14   0.362346E+09   0.402095E+09   0.138650E+07
 0234   0.814673E+05   0.415273E+14   0.360368E+09   0.400566E+09   0.137404E+07
 0235   0.819488E+05   0.417061E+14   0.371316E+09   0.401158E+09   0.136180E+07
 0236   0.824689E+05   0.418904E+14   0.354465E+09   0.398902E+09   0.134946E+07
 0237   0.829595E+05   0.420693E+14   0.364496E+09   0.398519E+09   0.133731E+07
 0238   0.834199E+05   0.422426E+14   0.376430E+09   0.400076E+09   0.132539E+07
 0239   0.839214E+05   0.424218E+14   0.357490E+09   0.398488E+09   0.131332E+07
 0240   0.843922E+05   0.425953E+14   0.368367E+09   0.399065E+09   0.130151E+07
 0241   0.849044E+05   0.427747E+14   0.350235E+09   0.396826E+09   0.128954E+07
 0242   0.853844E+05   0.429485E+14   0.362079E+09   0.396529E+09   0.127784E+07
 0243   0.858680E+05   0.431222E+14   0.359249E+09   0.395732E+09   0.126623E+07
 0244   0.863173E+05   0.432897E+14   0.372788E+09   0.397131E+09   0.125489E+07
 0245   0.868066E+05   0.434627E+14   0.353539E+09   0.395772E+09   0.124345E+07
 0246   0.872981E+05   0.436354E+14   0.351355E+09   0.394093E+09   0.123211E+07
 0247   0.877537E+05   0.438017E+14   0.365071E+09   0.394695E+09   0.122106E+07
 0248   0.882109E+05   0.439676E+14   0.362883E+09   0.395040E+09   0.121013E+07
 0249   0.886699E+05   0.441331E+14   0.360663E+09   0.395114E+09   0.119932E+07
 0250   0.891693E+05   0.443043E+14   0.342733E+09   0.392343E+09   0.118840E+07
 0251   0.895941E+05   0.444633E+14   0.374182E+09   0.394699E+09   0.117800E+07
 0252   0.900603E+05   0.446283E+14   0.354043E+09   0.394119E+09   0.116751E+07
 0253   0.905300E+05   0.447936E+14   0.351878E+09   0.392975E+09   0.115714E+07
 0254   0.910038E+05   0.449589E+14   0.348986E+09   0.391430E+09   0.114690E+07
 0255   0.914421E+05   0.451181E+14   0.363230E+09   0.392399E+09   0.113696E+07
 0256   0.918844E+05   0.452777E+14   0.360650E+09   0.392761E+09   0.112716E+07
 0257   0.923311E+05   0.454373E+14   0.357335E+09   0.392662E+09   0.111747E+07
 0258   0.927819E+05   0.455968E+14   0.353931E+09   0.392160E+09   0.110790E+07
 0259   0.932370E+05   0.457565E+14   0.350749E+09   0.391204E+09   0.109846E+07
 0260   0.936962E+05   0.459162E+14   0.347758E+09   0.389882E+09   0.108915E+07
 0261   0.941170E+05   0.460694E+14   0.364217E+09   0.391197E+09   0.108015E+07
 0262   0.945832E+05   0.462292E+14   0.342802E+09   0.389168E+09   0.107111E+07
 0263   0.950100E+05   0.463825E+14   0.359179E+09   0.389861E+09   0.106237E+07
 0264   0.954392E+05   0.465358E+14   0.357059E+09   0.390276E+09   0.105377E+07
 0265   0.958708E+05   0.466890E+14   0.355037E+09   0.390446E+09   0.104532E+07
 0266   0.963044E+05   0.468421E+14   0.353136E+09   0.390378E+09   0.103700E+07
 0267   0.967401E+05   0.469952E+14   0.351320E+09   0.390076E+09   0.102882E+07
 0268   0.971777E+05   0.471482E+14   0.349552E+09   0.389535E+09   0.102076E+07
 0269   0.976173E+05   0.473010E+14   0.347794E+09   0.388742E+09   0.101285E+07
 0270   0.980589E+05   0.474539E+14   0.346038E+09   0.387726E+09   0.100509E+07
 0271   0.984583E+05   0.475999E+14   0.365562E+09   0.389723E+09   0.997618E+06
 0272   0.989044E+05   0.477527E+14   0.342502E+09   0.388289E+09   0.990094E+06
 0273   0.993083E+05   0.478988E+14   0.361914E+09   0.389648E+09   0.982878E+06
 0274   0.997600E+05   0.480517E+14   0.338501E+09   0.387332E+09   0.975594E+06
 0275   0.100169E+06   0.481976E+14   0.356348E+09   0.388163E+09   0.968591E+06
 0276   0.100582E+06   0.483436E+14   0.354119E+09   0.388589E+09   0.961712E+06
 0277   0.100997E+06   0.484897E+14   0.351559E+09   0.388570E+09   0.954940E+06
 0278   0.101415E+06   0.486354E+14   0.349081E+09   0.388398E+09   0.948277E+06
 0279   0.101830E+06   0.487804E+14   0.348985E+09   0.388350E+09   0.941734E+06
 0280   0.102244E+06   0.489248E+14   0.349004E+09   0.388140E+09   0.935310E+06
 0281   0.102656E+06   0.490685E+14   0.348676E+09   0.388022E+09   0.929006E+06
 0282   0.103066E+06   0.492115E+14   0.348743E+09   0.387963E+09   0.922827E+06
 0283   0.103474E+06   0.493539E+14   0.348738E+09   0.388005E+09   0.916769E+06
 0284   0.103881E+06   0.494958E+14   0.348867E+09   0.388059E+09   0.910832E+06
 0285   0.104286E+06   0.496372E+14   0.349249E+09   0.388196E+09   0.905015E+06
 0286   0.104734E+06   0.497850E+14   0.329650E+09   0.384938E+09   0.899183E+06
 0287   0.105136E+06   0.499255E+14   0.349518E+09   0.384732E+09   0.893572E+06
 0288   0.105538E+06   0.500653E+14   0.348399E+09   0.384545E+09   0.888071E+06
 0289   0.105937E+06   0.502044E+14   0.347714E+09   0.384594E+09   0.882676E+06
 0290   0.106336E+06   0.503430E+14   0.347867E+09   0.384487E+09   0.877382E+06
 0291   0.106733E+06   0.504811E+14   0.347686E+09   0.384341E+09   0.872190E+06
 0292   0.107128E+06   0.506184E+14   0.347788E+09   0.384284E+09   0.867093E+06
 0293   0.107521E+06   0.507551E+14   0.347713E+09   0.384085E+09   0.862093E+06
 0294   0.107913E+06   0.508911E+14   0.346810E+09   0.383921E+09   0.857191E+06
 0295   0.108304E+06   0.510264E+14   0.346585E+09   0.383865E+09   0.852385E+06
 0296   0.108693E+06   0.511613E+14   0.346753E+09   0.383808E+09   0.847671E+06
 0297   0.109080E+06   0.512955E+14   0.346740E+09   0.383657E+09   0.843043E+06
 0298   0.109465E+06   0.514291E+14   0.346573E+09   0.383437E+09   0.838502E+06
 0299   0.109849E+06   0.515618E+14   0.345970E+09   0.383304E+09   0.834047E+06
 0300   0.110231E+06   0.516940E+14   0.345604E+09   0.383135E+09   0.829672E+06
 0301   0.110612E+06   0.518256E+14   0.345289E+09   0.382841E+09   0.825375E+06
 0302   0.110991E+06   0.519563E+14   0.344869E+09   0.382506E+09   0.821155E+06
 0303   0.111327E+06   0.520800E+14   0.369109E+09   0.385546E+09   0.817048E+06
 0304   0.111702E+06   0.522091E+14   0.343888E+09   0.385355E+09   0.812979E+06
 0305   0.112076E+06   0.523376E+14   0.343812E+09   0.385210E+09   0.808982E+06
 0306   0.112447E+06   0.524654E+14   0.344067E+09   0.384917E+09   0.805059E+06
 0307   0.112817E+06   0.525924E+14   0.343778E+09   0.384687E+09   0.801211E+06
 0308   0.113184E+06   0.527186E+14   0.343606E+09   0.384585E+09   0.797438E+06
 0309   0.113549E+06   0.528442E+14   0.343576E+09   0.384481E+09   0.793735E+06
 0310   0.113914E+06   0.529693E+14   0.343320E+09   0.384333E+09   0.790102E+06
 0311   0.114276E+06   0.530937E+14   0.343496E+09   0.384257E+09   0.786541E+06
 0312   0.114636E+06   0.532174E+14   0.343665E+09   0.384205E+09   0.783049E+06
 0313   0.114995E+06   0.533406E+14   0.343490E+09   0.384114E+09   0.779627E+06
 0314   0.115352E+06   0.534632E+14   0.343242E+09   0.384054E+09   0.776278E+06
 0315   0.115707E+06   0.535852E+14   0.343275E+09   0.384149E+09   0.773004E+06
 0316   0.116061E+06   0.537068E+14   0.343647E+09   0.384250E+09   0.769795E+06
 0317   0.116413E+06   0.538280E+14   0.343885E+09   0.384103E+09   0.766646E+06
 0318   0.116764E+06   0.539484E+14   0.343351E+09   0.383830E+09   0.763561E+06
 0319   0.117113E+06   0.540680E+14   0.342531E+09   0.383697E+09   0.760542E+06
 0320   0.117461E+06   0.541870E+14   0.342096E+09   0.383714E+09   0.757587E+06
 0321   0.117808E+06   0.543056E+14   0.342187E+09   0.383660E+09   0.754692E+06
 0322   0.118152E+06   0.544237E+14   0.342522E+09   0.383522E+09   0.751852E+06
 0323   0.118495E+06   0.545410E+14   0.342801E+09   0.383416E+09   0.749067E+06
 0324   0.118835E+06   0.546575E+14   0.342620E+09   0.383318E+09   0.746334E+06
 0325   0.119174E+06   0.547735E+14   0.342061E+09   0.383148E+09   0.743650E+06
 0326   0.119512E+06   0.548889E+14   0.341460E+09   0.382914E+09   0.741015E+06
 0327   0.119848E+06   0.550035E+14   0.341145E+09   0.382684E+09   0.738427E+06
 0328   0.120182E+06   0.551174E+14   0.341003E+09   0.382489E+09   0.735883E+06
 0329   0.120514E+06   0.552307E+14   0.340930E+09   0.382287E+09   0.733380E+06
 0330   0.120844E+06   0.553432E+14   0.340802E+09   0.382048E+09   0.730916E+06
 0331   0.121173E+06   0.554550E+14   0.340562E+09   0.381781E+09   0.728488E+06
 0332   0.121499E+06   0.555661E+14   0.340247E+09   0.381529E+09   0.726094E+06
 0333   0.121824E+06   0.556764E+14   0.339954E+09   0.381264E+09   0.723733E+06
 0334   0.122146E+06   0.557861E+14   0.339660E+09   0.380950E+09   0.721401E+06
 0335   0.122467E+06   0.558949E+14   0.339320E+09   0.380629E+09   0.719097E+06
 0336   0.122786E+06   0.560030E+14   0.339073E+09   0.380340E+09   0.716820E+06
 0337   0.123103E+06   0.561104E+14   0.338894E+09   0.380068E+09   0.714567E+06
 0338   0.123418E+06   0.562171E+14   0.338724E+09   0.379796E+09   0.712337E+06
 0339   0.123731E+06   0.563231E+14   0.338618E+09   0.379613E+09   0.710129E+06
 0340   0.124042E+06   0.564284E+14   0.338774E+09   0.379532E+09   0.707938E+06
 0341   0.124351E+06   0.565332E+14   0.339072E+09   0.379316E+09   0.705760E+06
 0342   0.124658E+06   0.566374E+14   0.338757E+09   0.378899E+09   0.703592E+06
 0343   0.124964E+06   0.567406E+14   0.337872E+09   0.378334E+09   0.701434E+06
 0344   0.125268E+06   0.568429E+14   0.336719E+09   0.377944E+09   0.699288E+06
 0345   0.125570E+06   0.569446E+14   0.336215E+09   0.377703E+09   0.697157E+06
 0346   0.125870E+06   0.570456E+14   0.336399E+09   0.377580E+09   0.695040E+06
 0347   0.126136E+06   0.571417E+14   0.362074E+09   0.380594E+09   0.692816E+06
 0348   0.126432E+06   0.572417E+14   0.337904E+09   0.380455E+09   0.690714E+06
 0349   0.126726E+06   0.573411E+14   0.338088E+09   0.380220E+09   0.688616E+06
 0350   0.127018E+06   0.574397E+14   0.337378E+09   0.379859E+09   0.686526E+06
 0351   0.127309E+06   0.575376E+14   0.336165E+09   0.379494E+09   0.684446E+06
 0352   0.127599E+06   0.576349E+14   0.335201E+09   0.379150E+09   0.682376E+06
 0353   0.127888E+06   0.577315E+14   0.334836E+09   0.378850E+09   0.680315E+06
 0354   0.128174E+06   0.578274E+14   0.335001E+09   0.378555E+09   0.678260E+06
 0355   0.128459E+06   0.579227E+14   0.335321E+09   0.378300E+09   0.676212E+06
 0356   0.128741E+06   0.580174E+14   0.335561E+09   0.378058E+09   0.674171E+06
 0357   0.129021E+06   0.581114E+14   0.335480E+09   0.377797E+09   0.672137E+06
 0358   0.129299E+06   0.582048E+14   0.335106E+09   0.377498E+09   0.670110E+06
 0359   0.129576E+06   0.582975E+14   0.334621E+09   0.377166E+09   0.668088E+06
 0360   0.129852E+06   0.583895E+14   0.334231E+09   0.376826E+09   0.666068E+06
 0361   0.130126E+06   0.584810E+14   0.333939E+09   0.376486E+09   0.664049E+06
 0362   0.130398E+06   0.585717E+14   0.333756E+09   0.376152E+09   0.662025E+06
 0363   0.130668E+06   0.586618E+14   0.333641E+09   0.375835E+09   0.659996E+06
 0364   0.130936E+06   0.587513E+14   0.333572E+09   0.375551E+09   0.657962E+06
 0365   0.131202E+06   0.588402E+14   0.333568E+09   0.375311E+09   0.655924E+06
 0366   0.131438E+06   0.589246E+14   0.358680E+09   0.378061E+09   0.654007E+06
 0367   0.131701E+06   0.590123E+14   0.333412E+09   0.377742E+09   0.652015E+06
 0368   0.131962E+06   0.590994E+14   0.333070E+09   0.377367E+09   0.650019E+06
 0369   0.132222E+06   0.591858E+14   0.332583E+09   0.376952E+09   0.648016E+06
 0370   0.132480E+06   0.592715E+14   0.332046E+09   0.376526E+09   0.646004E+06
 0371   0.132737E+06   0.593565E+14   0.331540E+09   0.376190E+09   0.643980E+06
 0372   0.132991E+06   0.594410E+14   0.331406E+09   0.375886E+09   0.641944E+06
 0373   0.133244E+06   0.595249E+14   0.331637E+09   0.375636E+09   0.639898E+06
 0374   0.133495E+06   0.596082E+14   0.331971E+09   0.375414E+09   0.637849E+06
 0375   0.133745E+06   0.596910E+14   0.332265E+09   0.375183E+09   0.635799E+06
 0376   0.133992E+06   0.597732E+14   0.332385E+09   0.374966E+09   0.633748E+06
 0377   0.134238E+06   0.598549E+14   0.332145E+09   0.374725E+09   0.631692E+06
 0378   0.134482E+06   0.599360E+14   0.331852E+09   0.374423E+09   0.629628E+06
 0379   0.134725E+06   0.600166E+14   0.331376E+09   0.373993E+09   0.627556E+06
 0380   0.134967E+06   0.600965E+14   0.330646E+09   0.373514E+09   0.625475E+06
 0381   0.135207E+06   0.601757E+14   0.330112E+09   0.373024E+09   0.623387E+06
 0382   0.135419E+06   0.602509E+14   0.354712E+09   0.375438E+09   0.621597E+06
 0383   0.135656E+06   0.603289E+14   0.329087E+09   0.375091E+09   0.619470E+06
 0384   0.135891E+06   0.604063E+14   0.329233E+09   0.374820E+09   0.617343E+06
 0385   0.136124E+06   0.604832E+14   0.329828E+09   0.374614E+09   0.615218E+06
 0386   0.136356E+06   0.605597E+14   0.330353E+09   0.374394E+09   0.613088E+06
 0387   0.136586E+06   0.606356E+14   0.330556E+09   0.374119E+09   0.610951E+06
 0388   0.136814E+06   0.607110E+14   0.330544E+09   0.373824E+09   0.608806E+06
 0389   0.137040E+06   0.607858E+14   0.330064E+09   0.373455E+09   0.606648E+06
 0390   0.137266E+06   0.608600E+14   0.329349E+09   0.373045E+09   0.604475E+06
 0391   0.137490E+06   0.609337E+14   0.328656E+09   0.372607E+09   0.602283E+06
 0392   0.137713E+06   0.610069E+14   0.328199E+09   0.372184E+09   0.600071E+06
 0393   0.137909E+06   0.610764E+14   0.353278E+09   0.374617E+09   0.598084E+06
 0394   0.138129E+06   0.611484E+14   0.327973E+09   0.374298E+09   0.595847E+06
 0395   0.138347E+06   0.612200E+14   0.328283E+09   0.374048E+09   0.593598E+06
 0396   0.138564E+06   0.612911E+14   0.328663E+09   0.373806E+09   0.591331E+06
 0397   0.138778E+06   0.613617E+14   0.328863E+09   0.373486E+09   0.589043E+06
 0398   0.138992E+06   0.614318E+14   0.328623E+09   0.373097E+09   0.586730E+06
 0399   0.139204E+06   0.615014E+14   0.328097E+09   0.372665E+09   0.584391E+06
 0400   0.139414E+06   0.615704E+14   0.327516E+09   0.372191E+09   0.582027E+06
 0401   0.139624E+06   0.616388E+14   0.326899E+09   0.371731E+09   0.579635E+06
 0402   0.139832E+06   0.617067E+14   0.326452E+09   0.371345E+09   0.577216E+06
 0403   0.140038E+06   0.617742E+14   0.326512E+09   0.371023E+09   0.574772E+06
 0404   0.140221E+06   0.618384E+14   0.352180E+09   0.373456E+09   0.572711E+06
 0405   0.140424E+06   0.619050E+14   0.327061E+09   0.373164E+09   0.570261E+06
 0406   0.140626E+06   0.619711E+14   0.327318E+09   0.372871E+09   0.567795E+06
 0407   0.140827E+06   0.620367E+14   0.327424E+09   0.372553E+09   0.565312E+06
 0408   0.141026E+06   0.621019E+14   0.327225E+09   0.372185E+09   0.562810E+06
 0409   0.141224E+06   0.621665E+14   0.326675E+09   0.371773E+09   0.560286E+06
 0410   0.141420E+06   0.622307E+14   0.326051E+09   0.371354E+09   0.557741E+06
 0411   0.141616E+06   0.622944E+14   0.325669E+09   0.370941E+09   0.555182E+06
 0412   0.141810E+06   0.623577E+14   0.325504E+09   0.370562E+09   0.552616E+06
 0413   0.142003E+06   0.624205E+14   0.325550E+09   0.370257E+09   0.550052E+06
 0414   0.142174E+06   0.624804E+14   0.351247E+09   0.372729E+09   0.547945E+06
 0415   0.142364E+06   0.625425E+14   0.326327E+09   0.372605E+09   0.545359E+06
 0416   0.142553E+06   0.626042E+14   0.326978E+09   0.372406E+09   0.542766E+06
 0417   0.142741E+06   0.626656E+14   0.327074E+09   0.372121E+09   0.540166E+06
 0418   0.142927E+06   0.627265E+14   0.326762E+09   0.371763E+09   0.537563E+06
 0419   0.143113E+06   0.627870E+14   0.326227E+09   0.371405E+09   0.534960E+06
 0420   0.143297E+06   0.628470E+14   0.325743E+09   0.370996E+09   0.532356E+06
 0421   0.143480E+06   0.629066E+14   0.325008E+09   0.370615E+09   0.529746E+06
 0422   0.143663E+06   0.629658E+14   0.324488E+09   0.370286E+09   0.527134E+06
 0423   0.143844E+06   0.630247E+14   0.324661E+09   0.370061E+09   0.524526E+06
 0424   0.144004E+06   0.630809E+14   0.350884E+09   0.372487E+09   0.522175E+06
 0425   0.144183E+06   0.631391E+14   0.325945E+09   0.372361E+09   0.519555E+06
 0426   0.144360E+06   0.631971E+14   0.326481E+09   0.372223E+09   0.516942E+06
 0427   0.144537E+06   0.632547E+14   0.326945E+09   0.372060E+09   0.514338E+06
 0428   0.144712E+06   0.633120E+14   0.326979E+09   0.371884E+09   0.511744E+06
 0429   0.144886E+06   0.633689E+14   0.326719E+09   0.371683E+09   0.509160E+06
 0430   0.145059E+06   0.634254E+14   0.326247E+09   0.371432E+09   0.506589E+06
 0431   0.145232E+06   0.634817E+14   0.325713E+09   0.371126E+09   0.504031E+06
 0432   0.145404E+06   0.635375E+14   0.325245E+09   0.370827E+09   0.501485E+06
 0433   0.145575E+06   0.635931E+14   0.325068E+09   0.370565E+09   0.498946E+06
 0434   0.145744E+06   0.636483E+14   0.325272E+09   0.370396E+09   0.496409E+06
 0435   0.145894E+06   0.637011E+14   0.351537E+09   0.372814E+09   0.493876E+06
 0436   0.146062E+06   0.637558E+14   0.326191E+09   0.372805E+09   0.491352E+06
 0437   0.146229E+06   0.638103E+14   0.326911E+09   0.372765E+09   0.488834E+06
 0438   0.146395E+06   0.638646E+14   0.327389E+09   0.372615E+09   0.486314E+06
 0439   0.146559E+06   0.639185E+14   0.327314E+09   0.372387E+09   0.483793E+06
 0440   0.146723E+06   0.639721E+14   0.326885E+09   0.372114E+09   0.481275E+06
 0441   0.146886E+06   0.640253E+14   0.326311E+09   0.371832E+09   0.478755E+06
 0442   0.147049E+06   0.640782E+14   0.325764E+09   0.371498E+09   0.476228E+06
 0443   0.147210E+06   0.641308E+14   0.325132E+09   0.371193E+09   0.473687E+06
 0444   0.147371E+06   0.641830E+14   0.324741E+09   0.370966E+09   0.471138E+06
 0445   0.147532E+06   0.642351E+14   0.325020E+09   0.370842E+09   0.468591E+06
 0446   0.147673E+06   0.642848E+14   0.351716E+09   0.373170E+09   0.466294E+06
 0447   0.147831E+06   0.643364E+14   0.326474E+09   0.373039E+09   0.463773E+06
 0448   0.147988E+06   0.643877E+14   0.326934E+09   0.372886E+09   0.461254E+06
 0449   0.148144E+06   0.644388E+14   0.327160E+09   0.372767E+09   0.458740E+06
 0450   0.148299E+06   0.644895E+14   0.327443E+09   0.372714E+09   0.456232E+06
 0451   0.148453E+06   0.645400E+14   0.327695E+09   0.372679E+09   0.453725E+06
 0452   0.148607E+06   0.645903E+14   0.327721E+09   0.372588E+09   0.451210E+06
 0453   0.148760E+06   0.646404E+14   0.327310E+09   0.372405E+09   0.448679E+06
 0454   0.148912E+06   0.646902E+14   0.326871E+09   0.372132E+09   0.446131E+06
 0455   0.149064E+06   0.647398E+14   0.326563E+09   0.371824E+09   0.443565E+06
 0456   0.149214E+06   0.647890E+14   0.326391E+09   0.371497E+09   0.440978E+06
 0457   0.149348E+06   0.648359E+14   0.352170E+09   0.373466E+09   0.438767E+06
 0458   0.149497E+06   0.648845E+14   0.325481E+09   0.373125E+09   0.436203E+06
 0459   0.149645E+06   0.649328E+14   0.325195E+09   0.372834E+09   0.433619E+06
 0460   0.149793E+06   0.649808E+14   0.325289E+09   0.372602E+09   0.431006E+06
 0461   0.149940E+06   0.650286E+14   0.325704E+09   0.372430E+09   0.428359E+06
 0462   0.150086E+06   0.650762E+14   0.326346E+09   0.372259E+09   0.425683E+06
 0463   0.150231E+06   0.651235E+14   0.326837E+09   0.372177E+09   0.423005E+06
 0464   0.150375E+06   0.651707E+14   0.327494E+09   0.372218E+09   0.420331E+06
 0465   0.150502E+06   0.652158E+14   0.354903E+09   0.374522E+09   0.418389E+06
 0466   0.150644E+06   0.652626E+14   0.328996E+09   0.374449E+09   0.415667E+06
 0467   0.150786E+06   0.653092E+14   0.328984E+09   0.374309E+09   0.412906E+06
 0468   0.150927E+06   0.653555E+14   0.328571E+09   0.373940E+09   0.410122E+06
 0469   0.151067E+06   0.654015E+14   0.327462E+09   0.373565E+09   0.407346E+06
 0470   0.151207E+06   0.654472E+14   0.326749E+09   0.373170E+09   0.404591E+06
 0471   0.151346E+06   0.654925E+14   0.326164E+09   0.372753E+09   0.401846E+06
 0472   0.151484E+06   0.655376E+14   0.325493E+09   0.372361E+09   0.399083E+06
 0473   0.151622E+06   0.655825E+14   0.325044E+09   0.371903E+09   0.396302E+06
 0474   0.151744E+06   0.656253E+14   0.350582E+09   0.373727E+09   0.393605E+06
 0475   0.151881E+06   0.656696E+14   0.324598E+09   0.373190E+09   0.390751E+06
 0476   0.152016E+06   0.657136E+14   0.324819E+09   0.372578E+09   0.387913E+06
 0477   0.152151E+06   0.657572E+14   0.324700E+09   0.372033E+09   0.385076E+06
 0478   0.152284E+06   0.658005E+14   0.324670E+09   0.371504E+09   0.382215E+06
 0479   0.152402E+06   0.658417E+14   0.350468E+09   0.373332E+09   0.379320E+06
 0480   0.152533E+06   0.658844E+14   0.324729E+09   0.373061E+09   0.376388E+06
 0481   0.152664E+06   0.659269E+14   0.325253E+09   0.372813E+09   0.373404E+06
 0482   0.152794E+06   0.659692E+14   0.325706E+09   0.372527E+09   0.370363E+06
 0483   0.152923E+06   0.660113E+14   0.325858E+09   0.372081E+09   0.367250E+06
 0484   0.153051E+06   0.660531E+14   0.325862E+09   0.371579E+09   0.364061E+06
 0485   0.153164E+06   0.660930E+14   0.351611E+09   0.373217E+09   0.361005E+06
 0486   0.153291E+06   0.661341E+14   0.325225E+09   0.372659E+09   0.357729E+06
 0487   0.153417E+06   0.661749E+14   0.324869E+09   0.372100E+09   0.354386E+06
 0488   0.153541E+06   0.662154E+14   0.324325E+09   0.371564E+09   0.350972E+06
 0489   0.153666E+06   0.662556E+14   0.323747E+09   0.371046E+09   0.347474E+06
 0490   0.153776E+06   0.662940E+14   0.349001E+09   0.372694E+09   0.344241E+06
 0491   0.153899E+06   0.663338E+14   0.322937E+09   0.372201E+09   0.340587E+06
 0492   0.154021E+06   0.663733E+14   0.323309E+09   0.371550E+09   0.336793E+06
 0493   0.154142E+06   0.664125E+14   0.323267E+09   0.370854E+09   0.332874E+06
 0494   0.154263E+06   0.664514E+14   0.323085E+09   0.370169E+09   0.328834E+06
 0495   0.154369E+06   0.664884E+14   0.348404E+09   0.371401E+09   0.325514E+06
 0496   0.154487E+06   0.665266E+14   0.322033E+09   0.370567E+09   0.321426E+06
 0497   0.154605E+06   0.665643E+14   0.321518E+09   0.369932E+09   0.317283E+06
 0498   0.154722E+06   0.666019E+14   0.321558E+09   0.369324E+09   0.313112E+06
 0499   0.154825E+06   0.666376E+14   0.346687E+09   0.370854E+09   0.309762E+06
 0500   0.154940E+06   0.666747E+14   0.321250E+09   0.370451E+09   0.305519E+06
 0501   0.155055E+06   0.667115E+14   0.322122E+09   0.370096E+09   0.301168E+06
 0502   0.155168E+06   0.667483E+14   0.323165E+09   0.369706E+09   0.296949E+06
 0503   0.155269E+06   0.667833E+14   0.349106E+09   0.371257E+09   0.293447E+06
 0504   0.155380E+06   0.668196E+14   0.324130E+09   0.370768E+09   0.289248E+06
 0505   0.155491E+06   0.668556E+14   0.324686E+09   0.370314E+09   0.285268E+06
 0506   0.155601E+06   0.668913E+14   0.324543E+09   0.369820E+09   0.281354E+06
 0507   0.155711E+06   0.669267E+14   0.324280E+09   0.369351E+09   0.277484E+06
 0508   0.155807E+06   0.669605E+14   0.349600E+09   0.370894E+09   0.273638E+06
 0509   0.155915E+06   0.669955E+14   0.323620E+09   0.370438E+09   0.269773E+06
 0510   0.156023E+06   0.670303E+14   0.323085E+09   0.369906E+09   0.265922E+06
 0511   0.156130E+06   0.670649E+14   0.322391E+09   0.369299E+09   0.262062E+06
 0512   0.156225E+06   0.670978E+14   0.347198E+09   0.370638E+09   0.258266E+06
 0513   0.156331E+06   0.671320E+14   0.321584E+09   0.370031E+09   0.254428E+06
 0514   0.156437E+06   0.671659E+14   0.321763E+09   0.369414E+09   0.250566E+06
 0515   0.156541E+06   0.671995E+14   0.321965E+09   0.368854E+09   0.246699E+06
 0516   0.156633E+06   0.672316E+14   0.347495E+09   0.370300E+09   0.243042E+06
 0517   0.156737E+06   0.672648E+14   0.322397E+09   0.369853E+09   0.239211E+06
 0518   0.156839E+06   0.672978E+14   0.322735E+09   0.369413E+09   0.235360E+06
 0519   0.156941E+06   0.673307E+14   0.323055E+09   0.369052E+09   0.231432E+06
 0520   0.157031E+06   0.673620E+14   0.348943E+09   0.370653E+09   0.227980E+06
 0521   0.157131E+06   0.673946E+14   0.324065E+09   0.370330E+09   0.224069E+06
 0522   0.157231E+06   0.674270E+14   0.324535E+09   0.369961E+09   0.219988E+06
 0523   0.157330E+06   0.674592E+14   0.324756E+09   0.369631E+09   0.215781E+06
 0524   0.157429E+06   0.674912E+14   0.325145E+09   0.369268E+09   0.211614E+06
 0525   0.157516E+06   0.675218E+14   0.350654E+09   0.370739E+09   0.208494E+06
 0526   0.157613E+06   0.675535E+14   0.324899E+09   0.370303E+09   0.204370E+06
 0527   0.157710E+06   0.675849E+14   0.324677E+09   0.369896E+09   0.200333E+06
 0528   0.157806E+06   0.676162E+14   0.324664E+09   0.369460E+09   0.196401E+06
 0529   0.157892E+06   0.676461E+14   0.349825E+09   0.370796E+09   0.193192E+06
 0530   0.157987E+06   0.676770E+14   0.323818E+09   0.370333E+09   0.189435E+06
 0531   0.158082E+06   0.677078E+14   0.323545E+09   0.369911E+09   0.185939E+06
 0532   0.158177E+06   0.677384E+14   0.323748E+09   0.369543E+09   0.182545E+06
 0533   0.158261E+06   0.677677E+14   0.349361E+09   0.370994E+09   0.179182E+06
 0534   0.158354E+06   0.677980E+14   0.324263E+09   0.370562E+09   0.175862E+06
 0535   0.158447E+06   0.678282E+14   0.324451E+09   0.370011E+09   0.172565E+06
 0536   0.158540E+06   0.678582E+14   0.324349E+09   0.369428E+09   0.169276E+06
 0537   0.158622E+06   0.678867E+14   0.349224E+09   0.370638E+09   0.166078E+06
 0538   0.158713E+06   0.679163E+14   0.323644E+09   0.370055E+09   0.162856E+06
 0539   0.158804E+06   0.679457E+14   0.323581E+09   0.369406E+09   0.159668E+06
 0540   0.158894E+06   0.679749E+14   0.323474E+09   0.368896E+09   0.156492E+06
 0541   0.158974E+06   0.680027E+14   0.348594E+09   0.370249E+09   0.153484E+06
 0542   0.159063E+06   0.680316E+14   0.323825E+09   0.369900E+09   0.150348E+06
 0543   0.159152E+06   0.680603E+14   0.324160E+09   0.369507E+09   0.147072E+06
 0544   0.159230E+06   0.680877E+14   0.349254E+09   0.370886E+09   0.144302E+06
 0545   0.159318E+06   0.681163E+14   0.324373E+09   0.370612E+09   0.140892E+06
 0546   0.159406E+06   0.681447E+14   0.325342E+09   0.370288E+09   0.137190E+06
 0547   0.159492E+06   0.681730E+14   0.326102E+09   0.369886E+09   0.133766E+06
 0548   0.159569E+06   0.682000E+14   0.351435E+09   0.371158E+09   0.131235E+06
 0549   0.159655E+06   0.682280E+14   0.326284E+09   0.370791E+09   0.127936E+06
 0550   0.159740E+06   0.682558E+14   0.326939E+09   0.370502E+09   0.125054E+06
 0551   0.159825E+06   0.682835E+14   0.327344E+09   0.370219E+09   0.122375E+06
 0552   0.159900E+06   0.683099E+14   0.352681E+09   0.371565E+09   0.119769E+06
 0553   0.159983E+06   0.683374E+14   0.327250E+09   0.371273E+09   0.117196E+06
 0554   0.160067E+06   0.683647E+14   0.327340E+09   0.370982E+09   0.114677E+06
 0555   0.160150E+06   0.683919E+14   0.327513E+09   0.370657E+09   0.112178E+06
 0556   0.160224E+06   0.684179E+14   0.352554E+09   0.371921E+09   0.109714E+06
 0557   0.160306E+06   0.684449E+14   0.326811E+09   0.371467E+09   0.107287E+06
 0558   0.160389E+06   0.684717E+14   0.326465E+09   0.370902E+09   0.104923E+06
 0559   0.160470E+06   0.684984E+14   0.326291E+09   0.370241E+09   0.102595E+06
 0560   0.160543E+06   0.685238E+14   0.350576E+09   0.371122E+09   0.100293E+06
 0561   0.160624E+06   0.685501E+14   0.324954E+09   0.370426E+09   0.979197E+05
 0562   0.160704E+06   0.685762E+14   0.324447E+09   0.369703E+09   0.950122E+05
 0563   0.160775E+06   0.686010E+14   0.348414E+09   0.370574E+09   0.930289E+05
 0564   0.160855E+06   0.686268E+14   0.323482E+09   0.369891E+09   0.899182E+05
 0565   0.160925E+06   0.686512E+14   0.347806E+09   0.370945E+09   0.879517E+05
 0566   0.161004E+06   0.686767E+14   0.323463E+09   0.370490E+09   0.852081E+05
 0567   0.161074E+06   0.687010E+14   0.348622E+09   0.371617E+09   0.832575E+05
 0568   0.161152E+06   0.687263E+14   0.324390E+09   0.371158E+09   0.810285E+05
 0569   0.161229E+06   0.687515E+14   0.324968E+09   0.370790E+09   0.790690E+05
 0570   0.161298E+06   0.687755E+14   0.350412E+09   0.372020E+09   0.771316E+05
 0571   0.161374E+06   0.688006E+14   0.326705E+09   0.371664E+09   0.752710E+05
 0572   0.161450E+06   0.688255E+14   0.327806E+09   0.371204E+09   0.734301E+05
 0573   0.161518E+06   0.688492E+14   0.352957E+09   0.372219E+09   0.715991E+05
 0574   0.161593E+06   0.688738E+14   0.328059E+09   0.371704E+09   0.698471E+05
 0575   0.161667E+06   0.688982E+14   0.328238E+09   0.371222E+09   0.681745E+05
 0576   0.161741E+06   0.689225E+14   0.328410E+09   0.370732E+09   0.665063E+05
 0577   0.161806E+06   0.689456E+14   0.352895E+09   0.371716E+09   0.648183E+05
 0578   0.161880E+06   0.689696E+14   0.327738E+09   0.371235E+09   0.628746E+05
 0579   0.161953E+06   0.689935E+14   0.327440E+09   0.370795E+09   0.602778E+05
 0580   0.162017E+06   0.690162E+14   0.351812E+09   0.371892E+09   0.587681E+05
 0581   0.162089E+06   0.690399E+14   0.327418E+09   0.371544E+09   0.565852E+05
 0582   0.162154E+06   0.690624E+14   0.352214E+09   0.372568E+09   0.550744E+05
 0583   0.162225E+06   0.690860E+14   0.327283E+09   0.372028E+09   0.534997E+05
 0584   0.162297E+06   0.691094E+14   0.326795E+09   0.371387E+09   0.520889E+05
 0585   0.162360E+06   0.691316E+14   0.350718E+09   0.372095E+09   0.506619E+05
 0586   0.162431E+06   0.691547E+14   0.325990E+09   0.371400E+09   0.493065E+05
 0587   0.162494E+06   0.691767E+14   0.350218E+09   0.372018E+09   0.479376E+05
 0588   0.162564E+06   0.691995E+14   0.325305E+09   0.371154E+09   0.466950E+05
 0589   0.162634E+06   0.692221E+14   0.324977E+09   0.370312E+09   0.455496E+05
 0590   0.162695E+06   0.692435E+14   0.348665E+09   0.370971E+09   0.442718E+05
 0591   0.162764E+06   0.692658E+14   0.324626E+09   0.370438E+09   0.428359E+05
 0592   0.162824E+06   0.692870E+14   0.349112E+09   0.371360E+09   0.415954E+05
 0593   0.162892E+06   0.693091E+14   0.325631E+09   0.371021E+09   0.393825E+05
 0594   0.162952E+06   0.693301E+14   0.350457E+09   0.372021E+09   0.381687E+05
 0595   0.163020E+06   0.693521E+14   0.326724E+09   0.371645E+09   0.367088E+05
 0596   0.163079E+06   0.693730E+14   0.351356E+09   0.372694E+09   0.355930E+05
 0597   0.163146E+06   0.693949E+14   0.327880E+09   0.372238E+09   0.345552E+05
 0598   0.163205E+06   0.694157E+14   0.352600E+09   0.373061E+09   0.334975E+05
 0599   0.163271E+06   0.694373E+14   0.328409E+09   0.372306E+09   0.325242E+05
 0600   0.163336E+06   0.694588E+14   0.327996E+09   0.371453E+09   0.316726E+05
 0601   0.163394E+06   0.694791E+14   0.351540E+09   0.371874E+09   0.307123E+05
 0602   0.163459E+06   0.695002E+14   0.326948E+09   0.370995E+09   0.299276E+05
 0603   0.163516E+06   0.695202E+14   0.350436E+09   0.371535E+09   0.289588E+05
 0604   0.163579E+06   0.695409E+14   0.326256E+09   0.370763E+09   0.270879E+05
 0605   0.163635E+06   0.695606E+14   0.349510E+09   0.371275E+09   0.260995E+05
 0606   0.163698E+06   0.695810E+14   0.325092E+09   0.370572E+09   0.248476E+05
 0607   0.163754E+06   0.696004E+14   0.348521E+09   0.371224E+09   0.239920E+05
 0608   0.163816E+06   0.696206E+14   0.324584E+09   0.370690E+09   0.232150E+05
 0609   0.163871E+06   0.696399E+14   0.348342E+09   0.371541E+09   0.224233E+05
 0610   0.163926E+06   0.696591E+14   0.348871E+09   0.372447E+09   0.216544E+05
 0611   0.163988E+06   0.696792E+14   0.325678E+09   0.372039E+09   0.209983E+05
 0612   0.164043E+06   0.696983E+14   0.349709E+09   0.372765E+09   0.203055E+05
 0613   0.164104E+06   0.697183E+14   0.326133E+09   0.372187E+09   0.198915E+05
 0614   0.164158E+06   0.697373E+14   0.350627E+09   0.372877E+09   0.192546E+05
 0615   0.164219E+06   0.697571E+14   0.327826E+09   0.372253E+09   0.176680E+05
 0616   0.164272E+06   0.697758E+14   0.352227E+09   0.372837E+09   0.167829E+05
 0617   0.164331E+06   0.697954E+14   0.328505E+09   0.372101E+09   0.159800E+05
 0618   0.164384E+06   0.698138E+14   0.352106E+09   0.372451E+09   0.153748E+05
 0619   0.164442E+06   0.698330E+14   0.327711E+09   0.371529E+09   0.148538E+05
 0620   0.164501E+06   0.698520E+14   0.327237E+09   0.370575E+09   0.144353E+05
 0621   0.164552E+06   0.698700E+14   0.349785E+09   0.370849E+09   0.139292E+05
 0622   0.164603E+06   0.698878E+14   0.348890E+09   0.371184E+09   0.134484E+05
 0623   0.164660E+06   0.699063E+14   0.324863E+09   0.370306E+09   0.130295E+05
 0624   0.164710E+06   0.699239E+14   0.347357E+09   0.370603E+09   0.122026E+05
 0625   0.164761E+06   0.699413E+14   0.346430E+09   0.370954E+09   0.113275E+05
 0626   0.164817E+06   0.699595E+14   0.322738E+09   0.370177E+09   0.104099E+05
 0627   0.164867E+06   0.699767E+14   0.345206E+09   0.370614E+09   0.994660E+04
 0628   0.164917E+06   0.699939E+14   0.344919E+09   0.371112E+09   0.951797E+04
 0629   0.164966E+06   0.700110E+14   0.345146E+09   0.371669E+09   0.911145E+04
 0630   0.165022E+06   0.700290E+14   0.322711E+09   0.371106E+09   0.883582E+04
 0631   0.165071E+06   0.700460E+14   0.346320E+09   0.371689E+09   0.853909E+04
 0632   0.165120E+06   0.700630E+14   0.347019E+09   0.372195E+09   0.829637E+04
 0633   0.165175E+06   0.700807E+14   0.324657E+09   0.371546E+09   0.777304E+04
 0634   0.165223E+06   0.700975E+14   0.348635E+09   0.372070E+09   0.692895E+04
 0635   0.165271E+06   0.701142E+14   0.349611E+09   0.372536E+09   0.636117E+04
 0636   0.165324E+06   0.701316E+14   0.327056E+09   0.371831E+09   0.605416E+04
 0637   0.165371E+06   0.701481E+14   0.350650E+09   0.372169E+09   0.576687E+04
 0638   0.165423E+06   0.701653E+14   0.327325E+09   0.371329E+09   0.566012E+04
 0639   0.165470E+06   0.701815E+14   0.350141E+09   0.371483E+09   0.550536E+04
 0640   0.165521E+06   0.701984E+14   0.326525E+09   0.370501E+09   0.528713E+04
 0641   0.165567E+06   0.702143E+14   0.348641E+09   0.370598E+09   0.448016E+04
 0642   0.165612E+06   0.702301E+14   0.347732E+09   0.370665E+09   0.396522E+04
 0643   0.165663E+06   0.702465E+14   0.324101E+09   0.369709E+09   0.372569E+04
 0644   0.165708E+06   0.702620E+14   0.345962E+09   0.369820E+09   0.352031E+04
 0645   0.165753E+06   0.702774E+14   0.345110E+09   0.369918E+09   0.333947E+04
 0646   0.165797E+06   0.702927E+14   0.344289E+09   0.370023E+09   0.320921E+04
 0647   0.165841E+06   0.703079E+14   0.343451E+09   0.370187E+09   0.315454E+04
 0648   0.165891E+06   0.703238E+14   0.320638E+09   0.369347E+09   0.302263E+04
 0649   0.165935E+06   0.703388E+14   0.342493E+09   0.369542E+09   0.226123E+04
 0650   0.165978E+06   0.703538E+14   0.342149E+09   0.369732E+09   0.193674E+04
 0651   0.166022E+06   0.703686E+14   0.341987E+09   0.369918E+09   0.177975E+04
 0652   0.166065E+06   0.703835E+14   0.341861E+09   0.370066E+09   0.166045E+04
 0653   0.166108E+06   0.703982E+14   0.341658E+09   0.370157E+09   0.157771E+04
 0654   0.166151E+06   0.704129E+14   0.341473E+09   0.370210E+09   0.159599E+04
 0655   0.166194E+06   0.704274E+14   0.341416E+09   0.370263E+09   0.172671E+04
 0656   0.166236E+06   0.704419E+14   0.341630E+09   0.370352E+09   0.158865E+04
 0657   0.166278E+06   0.704563E+14   0.342125E+09   0.370497E+09   0.799054E+03
 0658   0.166320E+06   0.704705E+14   0.342754E+09   0.370675E+09   0.608146E+03
 0659   0.166366E+06   0.704854E+14   0.321336E+09   0.369867E+09   0.611193E+03
 0660   0.166407E+06   0.704995E+14   0.344096E+09   0.370017E+09   0.637200E+03
 0661   0.166448E+06   0.705135E+14   0.344377E+09   0.370156E+09   0.787853E+03
 0662   0.166488E+06   0.705274E+14   0.344564E+09   0.370267E+09   0.103285E+04
 0663   0.166528E+06   0.705411E+14   0.344627E+09   0.370332E+09   0.107326E+04
 0664   0.166573E+06   0.705555E+14   0.322369E+09   0.369430E+09   0.359889E+03
 0665   0.166612E+06   0.705691E+14   0.344260E+09   0.369435E+09   0.370763E+03
 0666   0.166651E+06   0.705826E+14   0.343735E+09   0.369381E+09   0.397153E+03
 0667   0.166690E+06   0.705959E+14   0.342924E+09   0.369266E+09   0.474881E+03
 0668   0.166729E+06   0.706092E+14   0.341993E+09   0.369116E+09   0.703568E+03
 0669   0.166772E+06   0.706230E+14   0.319436E+09   0.367999E+09   0.626048E+03
 0670   0.166811E+06   0.706361E+14   0.340144E+09   0.367810E+09   0.342677E+03
 0671   0.166849E+06   0.706490E+14   0.339285E+09   0.367620E+09   0.363321E+03
 0672   0.166887E+06   0.706619E+14   0.338650E+09   0.367481E+09   0.433177E+03
 0673   0.166925E+06   0.706746E+14   0.338434E+09   0.367423E+09   0.715201E+03
 0674   0.166957E+06   0.706866E+14   0.365860E+09   0.368405E+09   0.829567E+03
 0675   0.166995E+06   0.706992E+14   0.339141E+09   0.368849E+09   0.855409E+03
 0676   0.167022E+06   0.707105E+14   0.405949E+09   0.371818E+09   0.108156E+04
 0677   0.167050E+06   0.707219E+14   0.411965E+09   0.375577E+09   0.882075E+03
 0678   0.167091E+06   0.707354E+14   0.326232E+09   0.376538E+09   0.336519E+03
 0679   0.167137E+06   0.707496E+14   0.311844E+09   0.375416E+09   0.699666E+03
 0680   0.167182E+06   0.707638E+14   0.313030E+09   0.373297E+09   0.348537E+03
 0681   0.167227E+06   0.707779E+14   0.311733E+09   0.370619E+09   0.105954E+04
 0682   0.167268E+06   0.707910E+14   0.326378E+09   0.368512E+09   0.357089E+03
 0683   0.167303E+06   0.708033E+14   0.343489E+09   0.367166E+09   0.502716E+03
 0684   0.167339E+06   0.708153E+14   0.338987E+09   0.365813E+09   0.107925E+04
 0685   0.167374E+06   0.708271E+14   0.334902E+09   0.364490E+09   0.344309E+03
 0686   0.167405E+06   0.708381E+14   0.356955E+09   0.364094E+09   0.371296E+03
 0687   0.167440E+06   0.708495E+14   0.328285E+09   0.362882E+09   0.692897E+03
 0688   0.167470E+06   0.708601E+14   0.350870E+09   0.362580E+09   0.105126E+04
 0689   0.167504E+06   0.708711E+14   0.323725E+09   0.361484E+09   0.343221E+03
 0690   0.167534E+06   0.708814E+14   0.346790E+09   0.361258E+09   0.372954E+03
 0691   0.167567E+06   0.708922E+14   0.320719E+09   0.360209E+09   0.742040E+03
 0692   0.167596E+06   0.709021E+14   0.343991E+09   0.359970E+09   0.101126E+04
 0693   0.167629E+06   0.709126E+14   0.318427E+09   0.358875E+09   0.346955E+03
 0694   0.167657E+06   0.709222E+14   0.341322E+09   0.358563E+09   0.385721E+03
 0695   0.167685E+06   0.709318E+14   0.339784E+09   0.358294E+09   0.522786E+03
 0696   0.167717E+06   0.709418E+14   0.314303E+09   0.357267E+09   0.699170E+03
 0697   0.167745E+06   0.709511E+14   0.336576E+09   0.356919E+09   0.339905E+03
 0698   0.167776E+06   0.709608E+14   0.311063E+09   0.355648E+09   0.438748E+03
 0699   0.167803E+06   0.709699E+14   0.332068E+09   0.355129E+09   0.744026E+03
 0700   0.167834E+06   0.709794E+14   0.306936E+09   0.353733E+09   0.344416E+03
 0701   0.167857E+06   0.709877E+14   0.356914E+09   0.353975E+09   0.336745E+03
 0702   0.167888E+06   0.709970E+14   0.302477E+09   0.352495E+09   0.502963E+03
 0703   0.167911E+06   0.710051E+14   0.351125E+09   0.352649E+09   0.617807E+03
 0704   0.167938E+06   0.710137E+14   0.319645E+09   0.352148E+09   0.810506E+03
 0705   0.167965E+06   0.710221E+14   0.318523E+09   0.351644E+09   0.336187E+03
 0706   0.167987E+06   0.710299E+14   0.347892E+09   0.352001E+09   0.348572E+03
 0707   0.168009E+06   0.710376E+14   0.348500E+09   0.352599E+09   0.364848E+03
 0708   0.168035E+06   0.710458E+14   0.320367E+09   0.352390E+09   0.563167E+03
 0709   0.168063E+06   0.710544E+14   0.299301E+09   0.351388E+09   0.351767E+03
 0710   0.168085E+06   0.710618E+14   0.351592E+09   0.352028E+09   0.331931E+03
 0711   0.168109E+06   0.710697E+14   0.322674E+09   0.351903E+09   0.373810E+03
 0712   0.168133E+06   0.710775E+14   0.323252E+09   0.351875E+09   0.614170E+03
 0713   0.168157E+06   0.710852E+14   0.323990E+09   0.351782E+09   0.752619E+03
 0714   0.168181E+06   0.710929E+14   0.324449E+09   0.351667E+09   0.328935E+03
 0715   0.168204E+06   0.711005E+14   0.324807E+09   0.351610E+09   0.383757E+03
 0716   0.168230E+06   0.711084E+14   0.302770E+09   0.350805E+09   0.877760E+03
 0717   0.168253E+06   0.711158E+14   0.325869E+09   0.350735E+09   0.329454E+03
 0718   0.168275E+06   0.711232E+14   0.326080E+09   0.350695E+09   0.363169E+03
 0719   0.168298E+06   0.711304E+14   0.326281E+09   0.350695E+09   0.566373E+03
 0720   0.168323E+06   0.711381E+14   0.303901E+09   0.349897E+09   0.337050E+03
 0721   0.168345E+06   0.711452E+14   0.326736E+09   0.349641E+09   0.351475E+03
 0722   0.168366E+06   0.711522E+14   0.326472E+09   0.349531E+09   0.498124E+03
 0723   0.168387E+06   0.711592E+14   0.326654E+09   0.349493E+09   0.842350E+03
 0724   0.168411E+06   0.711665E+14   0.304327E+09   0.348606E+09   0.337598E+03
 0725   0.168435E+06   0.711737E+14   0.304464E+09   0.347699E+09   0.663303E+03
 0726   0.168456E+06   0.711804E+14   0.326753E+09   0.347501E+09   0.500655E+03
 0727   0.168476E+06   0.711870E+14   0.326483E+09   0.347317E+09   0.323074E+03
 0728   0.168496E+06   0.711935E+14   0.326032E+09   0.347114E+09   0.388009E+03
 0729   0.168518E+06   0.712004E+14   0.303214E+09   0.346277E+09   0.752428E+03
 0730   0.168538E+06   0.712068E+14   0.325098E+09   0.346079E+09   0.319811E+03
 0731   0.168555E+06   0.712127E+14   0.354197E+09   0.346567E+09   0.318295E+03
 0732   0.168574E+06   0.712189E+14   0.323924E+09   0.346489E+09   0.381221E+03
 0733   0.168593E+06   0.712251E+14   0.323556E+09   0.346438E+09   0.622804E+03
 0734   0.168612E+06   0.712313E+14   0.323164E+09   0.346392E+09   0.477633E+03
 0735   0.168631E+06   0.712374E+14   0.322823E+09   0.346378E+09   0.316214E+03
 0736   0.168650E+06   0.712434E+14   0.322605E+09   0.346390E+09   0.391827E+03
 0737   0.168669E+06   0.712494E+14   0.322491E+09   0.346419E+09   0.661369E+03
 0738   0.168687E+06   0.712554E+14   0.322357E+09   0.346443E+09   0.372277E+03
 0739   0.168708E+06   0.712617E+14   0.300029E+09   0.345913E+09   0.381343E+03
 0740   0.168726E+06   0.712676E+14   0.322265E+09   0.345966E+09   0.644773E+03
 0741   0.168744E+06   0.712734E+14   0.322181E+09   0.346026E+09   0.355792E+03
 0742   0.168760E+06   0.712789E+14   0.351775E+09   0.346671E+09   0.309853E+03
 0743   0.168778E+06   0.712846E+14   0.322107E+09   0.346779E+09   0.350716E+03
 0744   0.168796E+06   0.712903E+14   0.322276E+09   0.346917E+09   0.573680E+03
 0745   0.168813E+06   0.712960E+14   0.322545E+09   0.347079E+09   0.402085E+03
 0746   0.168831E+06   0.713017E+14   0.322861E+09   0.347231E+09   0.317054E+03
 0747   0.168851E+06   0.713077E+14   0.300785E+09   0.346813E+09   0.644817E+03
 0748   0.168868E+06   0.713133E+14   0.323421E+09   0.346905E+09   0.314641E+03
 0749   0.168885E+06   0.713188E+14   0.323504E+09   0.347008E+09   0.336953E+03
 0750   0.168902E+06   0.713244E+14   0.323787E+09   0.347134E+09   0.544081E+03
 0751   0.168919E+06   0.713299E+14   0.324113E+09   0.347281E+09   0.380292E+03
 0752   0.168936E+06   0.713353E+14   0.324471E+09   0.347446E+09   0.318438E+03
 0753   0.168953E+06   0.713407E+14   0.324928E+09   0.347597E+09   0.476387E+03
 0754   0.168969E+06   0.713461E+14   0.325505E+09   0.347788E+09   0.456130E+03
 0755   0.168986E+06   0.713515E+14   0.326162E+09   0.347993E+09   0.305875E+03
 0756   0.169002E+06   0.713568E+14   0.326822E+09   0.348204E+09   0.433355E+03
 0757   0.169018E+06   0.713621E+14   0.327491E+09   0.348436E+09   0.552187E+03
 0758   0.169036E+06   0.713677E+14   0.305351E+09   0.348160E+09   0.341960E+03
 0759   0.169052E+06   0.713729E+14   0.329027E+09   0.348411E+09   0.567889E+03
 0760   0.169068E+06   0.713781E+14   0.329696E+09   0.348670E+09   0.309547E+03
 0761   0.169083E+06   0.713832E+14   0.330265E+09   0.348969E+09   0.330653E+03
 0762   0.169099E+06   0.713883E+14   0.330897E+09   0.349284E+09   0.538742E+03
 0763   0.169117E+06   0.713937E+14   0.308259E+09   0.349110E+09   0.296492E+03
 0764   0.169132E+06   0.713988E+14   0.332117E+09   0.349374E+09   0.416439E+03
 0765   0.169149E+06   0.714042E+14   0.309176E+09   0.349129E+09   0.297917E+03
 0766   0.169164E+06   0.714092E+14   0.332749E+09   0.349360E+09   0.347910E+03
 0767   0.169179E+06   0.714142E+14   0.332880E+09   0.349607E+09   0.579425E+03
 0768   0.169196E+06   0.714194E+14   0.309746E+09   0.349379E+09   0.312859E+03
 0769   0.169211E+06   0.714243E+14   0.333242E+09   0.349622E+09   0.499525E+03
 0770   0.169228E+06   0.714296E+14   0.310092E+09   0.349395E+09   0.293919E+03
 0771   0.169242E+06   0.714344E+14   0.333468E+09   0.349627E+09   0.436043E+03
 0772   0.169257E+06   0.714393E+14   0.333506E+09   0.349870E+09   0.364582E+03
 0773   0.169271E+06   0.714441E+14   0.333575E+09   0.350109E+09   0.316820E+03
 0774   0.169288E+06   0.714492E+14   0.310364E+09   0.349909E+09   0.411747E+03
 0775   0.169302E+06   0.714539E+14   0.333740E+09   0.350126E+09   0.307614E+03
 0776   0.169316E+06   0.714587E+14   0.333690E+09   0.350345E+09   0.509300E+03
 0777   0.169332E+06   0.714637E+14   0.310453E+09   0.350130E+09   0.305863E+03
 0778   0.169344E+06   0.714681E+14   0.364580E+09   0.350802E+09   0.382549E+03
 0779   0.169358E+06   0.714728E+14   0.333525E+09   0.351067E+09   0.389628E+03
 0780   0.169374E+06   0.714777E+14   0.310310E+09   0.350912E+09   0.402518E+03
 0781   0.169388E+06   0.714824E+14   0.333668E+09   0.351181E+09   0.336820E+03
 0782   0.169402E+06   0.714870E+14   0.333700E+09   0.351429E+09   0.335493E+03
 0783   0.169416E+06   0.714916E+14   0.333688E+09   0.351672E+09   0.486009E+03
 0784   0.169431E+06   0.714964E+14   0.310506E+09   0.351499E+09   0.381693E+03
 0785   0.169445E+06   0.715010E+14   0.333803E+09   0.351724E+09   0.333960E+03
 0786   0.169459E+06   0.715055E+14   0.333783E+09   0.351943E+09   0.344090E+03
 0787   0.169474E+06   0.715103E+14   0.310660E+09   0.351723E+09   0.284389E+03
 0788   0.169488E+06   0.715148E+14   0.333731E+09   0.351920E+09   0.427231E+03
 0789   0.169501E+06   0.715192E+14   0.333634E+09   0.352107E+09   0.285185E+03
 0790   0.169516E+06   0.715240E+14   0.310565E+09   0.351875E+09   0.497882E+03
 0791   0.169527E+06   0.715281E+14   0.364052E+09   0.352459E+09   0.284149E+03
 0792   0.169543E+06   0.715328E+14   0.310282E+09   0.352236E+09   0.477912E+03
 0793   0.169556E+06   0.715372E+14   0.333165E+09   0.352396E+09   0.310043E+03
 0794   0.169569E+06   0.715415E+14   0.332980E+09   0.352555E+09   0.404280E+03
 0795   0.169582E+06   0.715459E+14   0.332801E+09   0.352703E+09   0.331121E+03
 0796   0.169597E+06   0.715504E+14   0.309879E+09   0.352449E+09   0.280282E+03
 0797   0.169608E+06   0.715545E+14   0.362758E+09   0.352977E+09   0.377590E+03
 0798   0.169621E+06   0.715587E+14   0.332168E+09   0.353134E+09   0.281885E+03
 0799   0.169633E+06   0.715630E+14   0.332015E+09   0.353317E+09   0.443110E+03
 0800   0.169646E+06   0.715672E+14   0.331923E+09   0.353499E+09   0.284473E+03
 0801   0.169659E+06   0.715715E+14   0.331837E+09   0.353658E+09   0.409368E+03
 0802   0.169672E+06   0.715757E+14   0.331691E+09   0.353787E+09   0.344620E+03
 0803   0.169686E+06   0.715801E+14   0.308951E+09   0.353519E+09   0.295488E+03
 0804   0.169699E+06   0.715843E+14   0.331353E+09   0.353617E+09   0.324006E+03
 0805   0.169711E+06   0.715884E+14   0.331111E+09   0.353705E+09   0.399145E+03
 0806   0.169724E+06   0.715925E+14   0.330879E+09   0.353789E+09   0.280001E+03
 0807   0.169736E+06   0.715967E+14   0.330676E+09   0.353866E+09   0.343164E+03
 0808   0.169748E+06   0.716007E+14   0.330488E+09   0.353938E+09   0.391560E+03
 0809   0.169761E+06   0.716048E+14   0.330305E+09   0.354001E+09   0.281980E+03
 0810   0.169773E+06   0.716088E+14   0.330119E+09   0.354069E+09   0.311099E+03
 0811   0.169785E+06   0.716129E+14   0.329958E+09   0.354138E+09   0.419894E+03
 0812   0.169797E+06   0.716169E+14   0.329812E+09   0.354211E+09   0.310926E+03
 0813   0.169808E+06   0.716206E+14   0.359130E+09   0.354640E+09   0.352418E+03
 0814   0.169820E+06   0.716246E+14   0.329412E+09   0.354703E+09   0.396248E+03
 0815   0.169832E+06   0.716285E+14   0.329286E+09   0.354768E+09   0.302300E+03
 0816   0.169844E+06   0.716324E+14   0.329176E+09   0.354822E+09   0.274933E+03
 0817   0.169855E+06   0.716363E+14   0.329050E+09   0.354873E+09   0.321910E+03
 0818   0.169867E+06   0.716402E+14   0.328929E+09   0.354919E+09   0.412339E+03
 0819   0.169879E+06   0.716441E+14   0.328797E+09   0.354967E+09   0.343357E+03
 0820   0.169891E+06   0.716480E+14   0.328676E+09   0.355009E+09   0.286127E+03
 0821   0.169902E+06   0.716518E+14   0.328546E+09   0.355042E+09   0.273583E+03
 0822   0.169914E+06   0.716556E+14   0.328393E+09   0.355068E+09   0.288214E+03
 0823   0.169924E+06   0.716591E+14   0.357101E+09   0.355442E+09   0.368112E+03
 0824   0.169935E+06   0.716629E+14   0.327915E+09   0.355476E+09   0.319673E+03
 0825   0.169945E+06   0.716664E+14   0.356626E+09   0.355857E+09   0.275602E+03
 0826   0.169957E+06   0.716702E+14   0.327501E+09   0.355897E+09   0.294589E+03
 0827   0.169968E+06   0.716739E+14   0.327391E+09   0.355935E+09   0.323334E+03
 0828   0.169978E+06   0.716774E+14   0.356012E+09   0.356315E+09   0.337960E+03
 0829   0.169989E+06   0.716811E+14   0.327040E+09   0.356356E+09   0.317741E+03
 0830   0.170000E+06   0.716848E+14   0.326964E+09   0.356389E+09   0.304103E+03
 0831   0.170012E+06   0.716884E+14   0.326886E+09   0.356412E+09   0.296167E+03
 0832   0.170023E+06   0.716921E+14   0.326803E+09   0.356430E+09   0.293139E+03
 0833   0.170032E+06   0.716955E+14   0.355151E+09   0.356771E+09   0.271031E+03
 0834   0.170043E+06   0.716991E+14   0.326482E+09   0.356783E+09   0.270187E+03
 0835   0.170054E+06   0.717027E+14   0.326427E+09   0.356789E+09   0.269437E+03
 0836   0.170065E+06   0.717063E+14   0.326372E+09   0.356788E+09   0.269655E+03
 0837   0.170075E+06   0.717096E+14   0.354504E+09   0.357105E+09   0.276383E+03
 0838   0.170086E+06   0.717131E+14   0.326076E+09   0.357106E+09   0.269713E+03
 0839   0.170095E+06   0.717164E+14   0.354180E+09   0.357437E+09   0.294755E+03
 0840   0.170103E+06   0.717195E+14   0.393655E+09   0.358099E+09   0.296591E+03
 0841   0.170112E+06   0.717227E+14   0.353895E+09   0.358460E+09   0.268246E+03
 0842   0.170123E+06   0.717262E+14   0.325510E+09   0.358511E+09   0.293637E+03
 0843   0.170133E+06   0.717297E+14   0.325637E+09   0.358549E+09   0.336318E+03
 0844   0.170144E+06   0.717332E+14   0.325733E+09   0.358570E+09   0.329051E+03
 0845   0.170153E+06   0.717364E+14   0.353926E+09   0.358898E+09   0.349502E+03
 0846   0.170164E+06   0.717398E+14   0.325637E+09   0.358918E+09   0.282104E+03
 0847   0.170174E+06   0.717433E+14   0.325679E+09   0.358914E+09   0.265128E+03
 0848   0.170186E+06   0.717469E+14   0.304765E+09   0.358581E+09   0.313874E+03
 0849   0.170195E+06   0.717500E+14   0.353553E+09   0.358859E+09   0.321449E+03
 0850   0.170204E+06   0.717532E+14   0.353307E+09   0.359139E+09   0.320536E+03
 0851   0.170214E+06   0.717565E+14   0.325286E+09   0.359110E+09   0.263257E+03
 0852   0.170223E+06   0.717597E+14   0.352926E+09   0.359379E+09   0.262262E+03
 0853   0.170233E+06   0.717630E+14   0.324992E+09   0.359339E+09   0.307557E+03
 0854   0.170244E+06   0.717663E+14   0.324930E+09   0.359289E+09   0.269697E+03
 0855   0.170252E+06   0.717694E+14   0.352339E+09   0.359540E+09   0.262696E+03
 0856   0.170262E+06   0.717727E+14   0.324638E+09   0.359480E+09   0.274825E+03
 0857   0.170271E+06   0.717757E+14   0.351946E+09   0.359713E+09   0.281008E+03
 0858   0.170281E+06   0.717790E+14   0.324354E+09   0.359660E+09   0.268705E+03
 0859   0.170290E+06   0.717820E+14   0.351596E+09   0.359888E+09   0.262660E+03
 0860   0.170298E+06   0.717850E+14   0.351374E+09   0.360118E+09   0.258762E+03
 0861   0.170308E+06   0.717882E+14   0.323928E+09   0.360056E+09   0.251857E+03
 0862   0.170317E+06   0.717912E+14   0.351051E+09   0.360283E+09   0.249305E+03
 0863   0.170326E+06   0.717943E+14   0.323736E+09   0.360219E+09   0.260354E+03
 0864   0.170335E+06   0.717973E+14   0.350755E+09   0.360442E+09   0.250004E+03
 0865   0.170343E+06   0.718002E+14   0.350559E+09   0.360660E+09   0.242657E+03
 0866   0.170351E+06   0.718031E+14   0.350360E+09   0.360881E+09   0.240828E+03
 0867   0.170361E+06   0.718063E+14   0.323208E+09   0.360813E+09   0.237838E+03
 0868   0.170369E+06   0.718092E+14   0.350093E+09   0.361029E+09   0.244302E+03
 0869   0.170379E+06   0.718123E+14   0.323061E+09   0.360959E+09   0.233698E+03
 0870   0.170387E+06   0.718151E+14   0.349823E+09   0.361159E+09   0.230048E+03
 0871   0.170397E+06   0.718182E+14   0.322903E+09   0.361086E+09   0.222902E+03
 0872   0.170405E+06   0.718210E+14   0.349545E+09   0.361281E+09   0.218025E+03
 0873   0.170413E+06   0.718239E+14   0.349342E+09   0.361477E+09   0.213730E+03
 0874   0.170422E+06   0.718269E+14   0.322598E+09   0.361394E+09   0.209278E+03
 0875   0.170430E+06   0.718297E+14   0.349080E+09   0.361581E+09   0.205384E+03
 0876   0.170438E+06   0.718325E+14   0.348896E+09   0.361769E+09   0.201596E+03
 0877   0.170448E+06   0.718355E+14   0.322324E+09   0.361681E+09   0.197595E+03
 0878   0.170456E+06   0.718382E+14   0.348646E+09   0.361861E+09   0.194005E+03
 0879   0.170463E+06   0.718410E+14   0.348468E+09   0.362041E+09   0.190468E+03
 0880   0.170473E+06   0.718439E+14   0.322075E+09   0.361949E+09   0.186696E+03
 0881   0.170480E+06   0.718467E+14   0.348234E+09   0.362124E+09   0.183293E+03
 0882   0.170487E+06   0.718492E+14   0.384705E+09   0.362564E+09   0.180224E+03
 0883   0.170495E+06   0.718519E+14   0.347789E+09   0.362742E+09   0.176919E+03
 0884   0.170502E+06   0.718546E+14   0.347636E+09   0.362924E+09   0.173661E+03
 0885   0.170509E+06   0.718570E+14   0.384134E+09   0.363375E+09   0.170709E+03
 0886   0.170517E+06   0.718597E+14   0.347287E+09   0.363576E+09   0.167530E+03
 0887   0.170526E+06   0.718626E+14   0.321116E+09   0.363510E+09   0.164136E+03
 0888   0.170534E+06   0.718654E+14   0.321252E+09   0.363438E+09   0.160791E+03
 0889   0.170542E+06   0.718681E+14   0.347250E+09   0.363623E+09   0.157739E+03
 0890   0.170548E+06   0.718705E+14   0.383464E+09   0.364062E+09   0.154966E+03
 0891   0.170557E+06   0.718733E+14   0.321041E+09   0.363999E+09   0.151748E+03
 0892   0.170566E+06   0.718761E+14   0.321199E+09   0.363925E+09   0.148576E+03
 0893   0.170575E+06   0.718789E+14   0.321335E+09   0.363840E+09   0.145451E+03
 0894   0.170581E+06   0.718813E+14   0.382912E+09   0.364246E+09   0.142819E+03
 0895   0.170587E+06   0.718837E+14   0.382692E+09   0.364657E+09   0.140220E+03
 0896   0.170593E+06   0.718860E+14   0.382506E+09   0.365075E+09   0.137653E+03
 0897   0.170601E+06   0.718886E+14   0.346297E+09   0.365259E+09   0.134904E+03
 0898   0.170608E+06   0.718912E+14   0.346250E+09   0.365441E+09   0.132192E+03
 0899   0.170614E+06   0.718935E+14   0.382176E+09   0.365863E+09   0.129716E+03
 0900   0.170620E+06   0.718958E+14   0.382050E+09   0.366293E+09   0.127269E+03
 0901   0.170627E+06   0.718983E+14   0.345876E+09   0.366492E+09   0.124657E+03
 0902   0.170635E+06   0.719008E+14   0.345893E+09   0.366691E+09   0.122086E+03
 0903   0.170643E+06   0.719035E+14   0.320284E+09   0.366647E+09   0.119362E+03
 0904   0.170653E+06   0.719064E+14   0.301473E+09   0.366358E+09   0.116557E+03
 0905   0.170661E+06   0.719091E+14   0.320962E+09   0.366297E+09   0.113326E+03
 0906   0.170669E+06   0.719118E+14   0.321171E+09   0.366224E+09   0.110558E+03
 0999   0.170674E+06   0.722182E+14   0.646073E+11   0.697310E+09   0.211244E-01
