 0001  0.2693271496122931E-028
 0002  0.2673521867454880E-028
 0003  0.2673521867454880E-028
 0004  0.2673521867454879E-028
 0005  0.2651320470816689E-028
 0006  0.2651320470816689E-028
 0007  0.2626985371234825E-028
 0008  0.2626985371234825E-028
 0009  0.2603215378656412E-028
 0010  0.2603215378656412E-028
 0011  0.2603215378656412E-028
 0012  0.2576798989115750E-028
 0013  0.2576798989115750E-028
 0014  0.2550996038064833E-028
 0015  0.2550996038064833E-028
 0016  0.2522792185003734E-028
 0017  0.2522792185003734E-028
 0018  0.2492176610065450E-028
 0019  0.2492176610065450E-028
 0020  0.2462271986637929E-028
 0021  0.2462271986637929E-028
 0022  0.2429704949078947E-028
 0023  0.2429704949078948E-028
 0024  0.2394692257525134E-028
 0025  0.2394692257525134E-028
 0026  0.2357206178946510E-028
 0027  0.2321624357172178E-028
 0028  0.2321624357172177E-028
 0029  0.2283334049651292E-028
 0030  0.2283334049651292E-028
 0031  0.2242343855337562E-028
 0032  0.2242343855337563E-028
 0033  0.2202305530803597E-028
 0034  0.2160874957773106E-028
 0035  0.2160874957773105E-028
 0036  0.2116708458176271E-028
 0037  0.2116708458176271E-028
 0038  0.2073567588170808E-028
 0039  0.2029002304487929E-028
 0040  0.2029002304487929E-028
 0041  0.1981419837799289E-028
 0042  0.1932840923131258E-028
 0043  0.1932840923131258E-028
 0044  0.1885390102671621E-028
 0045  0.1885390102671621E-028
 0046  0.1834853437844558E-028
 0047  0.1783644610136351E-028
 0048  0.1783644610136351E-028
 0049  0.1729485025681510E-028
 0050  0.1679144759504392E-028
 0051  0.1628064963503016E-028
 0052  0.1628064963503016E-028
 0053  0.1573851968096984E-028
 0054  0.1519745488625333E-028
 0055  0.1519745488625333E-028
 0056  0.1466895463863417E-028
 0057  0.1413874191922936E-028
 0058  0.1413874191922936E-028
 0059  0.1357727513498842E-028
 0060  0.1302089718942841E-028
 0061  0.1247131262753095E-028
 0062  0.1247131262753095E-028
 0063  0.1193449045782638E-028
 0064  0.1140414982474335E-028
 0065  0.1088179426572481E-028
 0066  0.1088179426572481E-028
 0067  0.1033225462302827E-028
 0068  0.9797605754541135E-029
 0069  0.9313490723624193E-029
 0070  0.9313490723624192E-029
 0071  0.8799368131392662E-029
 0072  0.8299478449733944E-029
 0073  0.7817023036336046E-029
 0074  0.7352342041723774E-029
 0075  0.7352342041723774E-029
 0076  0.6898451818011898E-029
 0077  0.6459451591520350E-029
 0078  0.6036732497086396E-029
 0079  0.5631380588051646E-029
 0080  0.5631380588051647E-029
 0081  0.5205998804074325E-029
 0082  0.4805768308331553E-029
 0083  0.4454300217839997E-029
 0084  0.4118395934824040E-029
 0085  0.4118395934824040E-029
 0086  0.3763446873722244E-029
 0087  0.3433306533553255E-029
 0088  0.3127694552766761E-029
 0089  0.2845822643722640E-029
 0090  0.2586585656570849E-029
 0091  0.2586585656570849E-029
 0092  0.2317792524138660E-029
 0093  0.2281075842207089E-021
 0094  0.1153053684722530E-007
 0095  0.2625604442498110E-003
 0096  0.1122672223017624E-002
 0097  0.2916890154359769E-002
 0098  0.5947059459746003E-002
 0099  0.1046446896565226E-001
 0100  0.1666573914716619E-001
 0101  0.2524601172650609E-001
 0102  0.3599580016548076E-001
 0103  0.4870663473467605E-001
 0104  0.6316904607894658E-001
 0105  0.7917267114747373E-001
 0106  0.9650763005405769E-001
 0107  0.1180154968183767E+000
 0108  0.1395664753183929E+000
 0109  0.1611273715629888E+000
 0110  0.1826634915753599E+000
 0111  0.2041210350626514E+000
 0112  0.2254347233946125E+000
 0113  0.2646737218350613E+000
 0114  0.2828277783947990E+000
 0115  0.3008934348465069E+000
 0116  0.3189024391557290E+000
 0117  0.3367161715325931E+000
 0118  0.3542216834950669E+000
 0119  0.3713280855214559E+000
 0120  0.3879634114947925E+000
 0121  0.4040718953958188E+000
 0122  0.4196116050824906E+000
 0123  0.4356174965372500E+000
 0124  0.4506776527590182E+000
 0125  0.4648472452105156E+000
 0126  0.4781769447527986E+000
 0127  0.4907135977101726E+000
 0128  0.5025007750244329E+000
 0129  0.5135792172271336E+000
 0130  0.5327002245737400E+000
 0131  0.5409840190303709E+000
 0132  0.5488666396511254E+000
 0133  0.5563543522808954E+000
 0134  0.5634554079197436E+000
 0135  0.5701796504701517E+000
 0136  0.5765381772064991E+000
 0137  0.5828173713814364E+000
 0138  0.5886764766095093E+000
 0139  0.5941437991701807E+000
 0140  0.5992455832934085E+000
 0141  0.6040116400472075E+000
 0142  0.6084625250196848E+000
 0143  0.6126177664396653E+000
 0144  0.6164958191758217E+000
 0145  0.6231397890227700E+000
 0146  0.6259949552996363E+000
 0147  0.6286871606578165E+000
 0148  0.6312238713664826E+000
 0149  0.6336936744055158E+000
 0150  0.6360009541433241E+000
 0151  0.6381579463021306E+000
 0152  0.6401741813907209E+000
 0153  0.6420586085229960E+000
 0154  0.6438196287836913E+000
 0155  0.6454651268801753E+000
 0156  0.6470025011465405E+000
 0157  0.6484386919669157E+000
 0158  0.6509148245470856E+000
 0159  0.6519847708807143E+000
 0160  0.6530211290331138E+000
 0161  0.6539928702920242E+000
 0162  0.6549039697053700E+000
 0163  0.6557581619967522E+000
 0164  0.6565589557599034E+000
 0165  0.6573096468425839E+000
 0166  0.6580133309635143E+000
 0167  0.6586729175469820E+000
 0168  0.6592911382485358E+000
 0169  0.6598707735051542E+000
 0170  0.6608898205334547E+000
 0171  0.6613374243473193E+000
 0172  0.6617586191532119E+000
 0173  0.6621549528649249E+000
 0174  0.6625278832243632E+000
 0175  0.6628787830335227E+000
 0176  0.6632089450824046E+000
 0177  0.6635196706674559E+000
 0178  0.6638120821912181E+000
 0179  0.6640925305954537E+000
 0180  0.6643555761772191E+000
 0181  0.6648151806399788E+000
 0182  0.6650162624953041E+000
 0183  0.6652062591999023E+000
 0184  0.6653857719885585E+000
 0185  0.6655553703734799E+000
 0186  0.6657155937405682E+000
 0187  0.6658669528722047E+000
 0188  0.6660123260164590E+000
 0189  0.6661492931298140E+000
 0190  0.6663908959252713E+000
 0191  0.6664975727649479E+000
 0192  0.6665987031820050E+000
 0193  0.6666945722248536E+000
 0194  0.6667854506347670E+000
 0195  0.6668728776595404E+000
 0196  0.6669555841908936E+000
 0197  0.6670338291678155E+000
 0198  0.6671078571297526E+000
 0199  0.6671778989881935E+000
 0200  0.6673024751150023E+000
 0201  0.6673579316145608E+000
 0202  0.6674113839123367E+000
 0203  0.6674621324874973E+000
 0204  0.6675103161154996E+000
 0205  0.6675560663393940E+000
 0206  0.6675995078527557E+000
 0207  0.6676407629480088E+000
 0208  0.6677151123739704E+000
 0209  0.6677486108248957E+000
 0210  0.6677805186394303E+000
 0211  0.6678109148630722E+000
 0212  0.6678398717913544E+000
 0213  0.6678674582416235E+000
 0214  0.6678937397133801E+000
 0215  0.6679190551041166E+000
 0216  0.6679646352938651E+000
 0217  0.6679851671250951E+000
 0218  0.6680047830163112E+000
 0219  0.6680235242028019E+000
 0220  0.6680414300487605E+000
 0221  0.6680587141354437E+000
 0222  0.6680752105498476E+000
 0223  0.6681050948724256E+000
 0224  0.6681186386028410E+000
 0225  0.6681316123946209E+000
 0226  0.6681441575829131E+000
 0227  0.6681561630902332E+000
 0228  0.6681676532059042E+000
 0229  0.6681786504848410E+000
 0230  0.6681986840363665E+000
 0231  0.6682078932546605E+000
 0232  0.6682167281074556E+000
 0233  0.6682252040934534E+000
 0234  0.6682333360598570E+000
 0235  0.6682411385564373E+000
 0236  0.6682486251538535E+000
 0237  0.6682624393474349E+000
 0238  0.6682687578839693E+000
 0239  0.6682748334930504E+000
 0240  0.6682806756628870E+000
 0241  0.6682863369240698E+000
 0242  0.6682917772524045E+000
 0243  0.6683017720042393E+000
 0244  0.6683063645948416E+000
 0245  0.6683108218408502E+000
 0246  0.6683151138574673E+000
 0247  0.6683192470373065E+000
 0248  0.6683232273929528E+000
 0249  0.6683305950421033E+000
 0250  0.6683340048072991E+000
 0251  0.6683372944876377E+000
 0252  0.6683404684865251E+000
 0253  0.6683435508437661E+000
 0254  0.6683465234007065E+000
 0255  0.6683520245968751E+000
 0256  0.6683545706690948E+000
 0257  0.6683570468072270E+000
 0258  0.6683594389711472E+000
 0259  0.6683617500854585E+000
 0260  0.6683660545732992E+000
 0261  0.6683680590814912E+000
 0262  0.6683699987668621E+000
 0263  0.6683718757790422E+000
 0264  0.6683737024611308E+000
 0265  0.6683771041401310E+000
 0266  0.6683786882691590E+000
 0267  0.6683802317966610E+000
 0268  0.6683817271808400E+000
 0269  0.6683831759672614E+000
 0270  0.6683858890111177E+000
 0271  0.6683871592679472E+000
 0272  0.6683883916424330E+000
 0273  0.6683895932298772E+000
 0274  0.6683918429426219E+000
 0275  0.6683928962203318E+000
 0276  0.6683939243167358E+000
 0277  0.6683949227853399E+000
 0278  0.6683958925183417E+000
 0279  0.6683977210971954E+000
 0280  0.6683985791252411E+000
 0281  0.6683994134660302E+000
 0282  0.6684002283946633E+000
 0283  0.6684017614050999E+000
 0284  0.6684024855958142E+000
 0285  0.6684031904291028E+000
 0286  0.6684038764458947E+000
 0287  0.6684051751295975E+000
 0288  0.6684057871983113E+000
 0289  0.6684063859419430E+000
 0290  0.6684069692070468E+000
 0291  0.6684080730363329E+000
 0292  0.6684085953259118E+000
 0293  0.6684091046283357E+000
 0294  0.6684096031416615E+000
 0295  0.6684105481166561E+000
 0296  0.6684109959708012E+000
 0297  0.6684114330330653E+000
 0298  0.6684122644849457E+000
 0299  0.6684126585126947E+000
 0300  0.6684130447122363E+000
 0301  0.6684134218891969E+000
 0302  0.6684141404008251E+000
 0303  0.6684144814441110E+000
 0304  0.6684148158866292E+000
 0305  0.6684154528296226E+000
 0306  0.6684157561134475E+000
 0307  0.6684160536691088E+000
 0308  0.6684163446818620E+000
 0309  0.6684168996657595E+000
 0310  0.6684171642836474E+000
 0311  0.6684174240397854E+000
 0312  0.6684179200409630E+000
 0313  0.6684181568338126E+000
 0314  0.6684183893852540E+000
 0315  0.6684188339977637E+000
 0316  0.6684190465625279E+000
 0317  0.6684192555719760E+000
 0318  0.6684196561282628E+000
 0319  0.6684198481200946E+000
 0320  0.6684200372322811E+000
 0321  0.6684204004972147E+000
 0322  0.6684205750186051E+000
 0323  0.6684207471875590E+000
 0324  0.6684210785939789E+000
 0325  0.6684212388140381E+000
 0326  0.6684215477229691E+000
 0327  0.6684216966657431E+000
 0328  0.6684218439298936E+000
 0329  0.6684221289602366E+000
 0330  0.6684222669172665E+000
 0331  0.6684224027968868E+000
 0332  0.6684226668024940E+000
 0333  0.6684227944600737E+000
 0334  0.6684230427975655E+000
 0335  0.6684231630135713E+000
 0336  0.6684232821305088E+000
 0337  0.6684235135341273E+000
 0338  0.6684236259353699E+000
 0339  0.6684238450033771E+000
 0340  0.6684239512479317E+000
 0341  0.6684241584915982E+000
 0342  0.6684242595516482E+000
 0343  0.6684243593299644E+000
 0344  0.6684245540773524E+000
 0345  0.6684246491010765E+000
 0346  0.6684248346411181E+000
 0347  0.6684249248109724E+000
 0348  0.6684251009878112E+000
 0349  0.6684251870374343E+000
 0350  0.6684253552168002E+000
 0351  0.6684254373858337E+000
 0352  0.6684255980286030E+000
 0353  0.6684256765378025E+000
 0354  0.6684258300416227E+000
 0355  0.6684259050577234E+000
 0356  0.6684260517196436E+000
 0357  0.6684261233884035E+000
 0358  0.6684262635029459E+000
 0359  0.6684263319724211E+000
 0360  0.6684264660402610E+000
 0361  0.6684265316513106E+000
 0362  0.6684266599079929E+000
 0363  0.6684267225785676E+000
 0364  0.6684268454328929E+000
 0365  0.6684269639121057E+000
 0366  0.6684270218886229E+000
 0367  0.6684271353813256E+000
 0368  0.6684271909146660E+000
 0369  0.6684272997441173E+000
 0370  0.6684274048505274E+000
 0371  0.6684274563355996E+000
 0372  0.6684275571216937E+000
 0373  0.6684276065346434E+000
 0374  0.6684277032608199E+000
 0375  0.6684277968668380E+000
 0376  0.6684278427519655E+000
 0377  0.6684279327256678E+000
 0378  0.6684280197892831E+000
 0379  0.6684280624623163E+000
 0380  0.6684281461324414E+000
 0381  0.6684282271581459E+000
 0382  0.6684282668965501E+000
 0383  0.6684283448568410E+000
 0384  0.6684284204408404E+000
 0385  0.6684284937202131E+000
 0386  0.6684285296913970E+000
 0387  0.6684286003197621E+000
 0388  0.6684286688142551E+000
 0389  0.6684287352699940E+000
 0390  0.6684287679216203E+000
 0391  0.6684288320387586E+000
 0392  0.6684288943170127E+000
 0393  0.6684289548199798E+000
 0394  0.6684290135902470E+000
 0395  0.6684290707302480E+000
 0396  0.6684290988168630E+000
 0397  0.6684291540437329E+000
 0398  0.6684292077584784E+000
 0399  0.6684292600106183E+000
 0400  0.6684293108567468E+000
 0401  0.6684293603507677E+000
 0402  0.6684294085404292E+000
 0403  0.6684294554718353E+000
 0404  0.6684295011908089E+000
 0405  0.6684295457127984E+000
 0406  0.6684295889077457E+000
 0407  0.6684296307994605E+000
 0408  0.6684296714414026E+000
 0409  0.6684297108842707E+000
 0410  0.6684297491761753E+000
 0411  0.6684297863627938E+000
 0412  0.6684298224875204E+000
 0413  0.6684298575916026E+000
 0414  0.6684298917142683E+000
 0415  0.6684299248928436E+000
 0416  0.6684299728002158E+000
 0417  0.6684300035553431E+000
 0418  0.6684300334934082E+000
 0419  0.6684300626439440E+000
 0420  0.6684300910351366E+000
 0421  0.6684301321181431E+000
 0422  0.6684301585478620E+000
 0423  0.6684301843149044E+000
 0424  0.6684302216490531E+000
 0425  0.6684302456975983E+000
 0426  0.6684302691648986E+000
 0427  0.6684303032077675E+000
 0428  0.6684303251621034E+000
 0429  0.6684303570370538E+000
 0430  0.6684303776103171E+000
 0431  0.6684304075039762E+000
 0432  0.6684304268135753E+000
 0433  0.6684304548923257E+000
 0434  0.6684304730430869E+000
 0435  0.6684304994556906E+000
 0436  0.6684305248715915E+000
 0437  0.6684305413200397E+000
 0438  0.6684305652822526E+000
 0439  0.6684305883716867E+000
 0440  0.6684306106315842E+000
 0441  0.6684306321024417E+000
 0442  0.6684306528222251E+000
 0443  0.6684306728265582E+000
 0444  0.6684306921489004E+000
 0445  0.6684307108207056E+000
 0446  0.6684307288715684E+000
 0447  0.6684307463293573E+000
 0448  0.6684307632203380E+000
 0449  0.6684307795692852E+000
 0450  0.6684308005272585E+000
 0451  0.6684308156456887E+000
 0452  0.6684308302976912E+000
 0453  0.6684308491081640E+000
 0454  0.6684308671046403E+000
 0455  0.6684308801129305E+000
 0456  0.6684308968386733E+000
 0457  0.6684309128681881E+000
 0458  0.6684309282396647E+000
 0459  0.6684309429886125E+000
 0460  0.6684309571480891E+000
 0461  0.6684309707489082E+000
 0462  0.6684309838198237E+000
 0463  0.6684309963876994E+000
 0464  0.6684310114100840E+000
 0465  0.6684310256974946E+000
 0466  0.6684310366397832E+000
 0467  0.6684310497430240E+000
 0468  0.6684310622297869E+000
 0469  0.6684310764386080E+000
 0470  0.6684310876738211E+000
 0471  0.6684311004779004E+000
 0472  0.6684311106170537E+000
 0473  0.6684311221878956E+000
 0474  0.6684311348984097E+000
 0475  0.6684311451641216E+000
 0476  0.6684311564603092E+000
 0477  0.6684311670681271E+000
 0478  0.6684311770382529E+000
 0479  0.6684311877042038E+000
 0480  0.6684311988368755E+000
 0481  0.6684312080266613E+000
 0482  0.6684312186571554E+000
 0483  0.6684312284117825E+000
 0484  0.6684312373738587E+000
 0485  0.6684312471775848E+000
 0486  0.6684312567408764E+000
 0487  0.6684312659464761E+000
 0488  0.6684312746997542E+000
 0489  0.6684312838795364E+000
 0490  0.6684312922189387E+000
 0491  0.6684313010830656E+000
 0492  0.6684313094872123E+000
 0493  0.6684313178810447E+000
 0494  0.6684313222993258E+000
 0495  0.6684313222993258E+000
 0496  0.6684313222993258E+000
 0497  0.6684313222993258E+000
 0498  0.6684313222993258E+000
 0499  0.6684313222993258E+000
 0500  0.6684313222993258E+000
 0501  0.6684313222993258E+000
 0502  0.6684313222993258E+000
 0503  0.6684313222993258E+000
 0504  0.6684313222993258E+000
 0505  0.6684313222993258E+000
 0506  0.6684313222993258E+000
 0507  0.6684313222993258E+000
 0508  0.6684313222993258E+000
 0509  0.6684313222993258E+000
 0510  0.6684313222993258E+000
 0511  0.6684313222993258E+000
 0512  0.6684313222993258E+000
 0513  0.6684313222993258E+000
 0514  0.6684313222993258E+000
 0515  0.6684313222993258E+000
 0516  0.6684313222993258E+000
 0517  0.6684313222993258E+000
 0518  0.6684313222993258E+000
 0519  0.6684313222993258E+000
 0520  0.6684313222993258E+000
 0521  0.6684313222993258E+000
 0522  0.6684313222993258E+000
 0523  0.6684313222993258E+000
 0524  0.6684313222993258E+000
 0525  0.6684313222993258E+000
 0526  0.6684313222993258E+000
 0527  0.6684313222993258E+000
 0528  0.6684313222993258E+000
 0529  0.6684313222993258E+000
 0530  0.6684313222993258E+000
 0531  0.6684313222993258E+000
 0532  0.6684313222993258E+000
 0533  0.6684313222993258E+000
 0534  0.6684313222993258E+000
 0535  0.6684313222993258E+000
 0536  0.6684313222993258E+000
 0537  0.6684313222993258E+000
 0538  0.6684313222993258E+000
 0539  0.6684313222993258E+000
 0540  0.6684313222993258E+000
 0541  0.6684313222993258E+000
 0542  0.6684313222993258E+000
 0543  0.6684313222993258E+000
 0544  0.6684313222993258E+000
 0545  0.6684313222993258E+000
 0546  0.6684313222993258E+000
 0547  0.6684313222993258E+000
 0548  0.6684313222993258E+000
 0549  0.6684313222993258E+000
 0550  0.6684313222993258E+000
 0551  0.6684313222993258E+000
 0552  0.6684313222993258E+000
 0553  0.6684313222993258E+000
 0554  0.6684313222993258E+000
 0555  0.6684313222993258E+000
 0556  0.6684313222993258E+000
 0557  0.6684313222993258E+000
 0558  0.6684313222993258E+000
 0559  0.6684313222993258E+000
 0560  0.6684313222993258E+000
 0561  0.6684313222993258E+000
 0562  0.6684313222993258E+000
 0563  0.6684313222993258E+000
 0564  0.6684313222993258E+000
 0565  0.6684313222993258E+000
 0566  0.6684313222993258E+000
 0567  0.6684313222993258E+000
 0568  0.6684313222993258E+000
 0569  0.6684313222993258E+000
 0570  0.6684313222993258E+000
 0571  0.6684313222993258E+000
 0572  0.6684313222993258E+000
 0573  0.6684313222993258E+000
 0574  0.6684313222993258E+000
 0575  0.6684313222993258E+000
 0576  0.6684313222993258E+000
 0577  0.6684313222993258E+000
 0578  0.6684313222993258E+000
 0579  0.6684313222993258E+000
 0580  0.6684313222993258E+000
 0581  0.6684313222993258E+000
 0582  0.6684313222993258E+000
 0583  0.6684313222993258E+000
 0584  0.6684313222993258E+000
 0585  0.6684313222993258E+000
 0586  0.6684313222993258E+000
 0587  0.6684313222993258E+000
 0588  0.6684313222993258E+000
 0589  0.6684313222993258E+000
 0590  0.6684313222993258E+000
 0591  0.6684313222993258E+000
 0592  0.6684313222993258E+000
 0593  0.6684313222993258E+000
 0594  0.6684313222993258E+000
 0595  0.6684313222993258E+000
 0596  0.6684313222993258E+000
 0597  0.6684313222993258E+000
 0598  0.6684313222993258E+000
 0599  0.6684313222993258E+000
 0600  0.6684313222993258E+000
 0601  0.6684313222993258E+000
 0602  0.6684313222993258E+000
 0603  0.6684313222993258E+000
 0604  0.6684313222993258E+000
 0605  0.6684313222993258E+000
 0606  0.6684313222993258E+000
 0607  0.6684313222993258E+000
 0608  0.6684313222993258E+000
 0609  0.6684313222993258E+000
 0610  0.6684313222993258E+000
 0611  0.6684313222993258E+000
 0612  0.6684313222993258E+000
 0613  0.6684313222993258E+000
 0614  0.6684313222993258E+000
 0615  0.6684313222993258E+000
 0616  0.6684313222993258E+000
 0617  0.6684313222993258E+000
 0618  0.6684313222993258E+000
 0619  0.6684313222993258E+000
 0620  0.6684313222993258E+000
 0621  0.6684313222993258E+000
 0622  0.6684313222993258E+000
 0623  0.6684313222993258E+000
 0624  0.6684313222993258E+000
 0625  0.6684313222993258E+000
 0626  0.6684313222993258E+000
 0627  0.6684313222993258E+000
 0628  0.6684313222993258E+000
 0629  0.6684313222993258E+000
 0630  0.6684313222993258E+000
 0631  0.6684313222993258E+000
 0632  0.6684313222993258E+000
 0633  0.6684313222993258E+000
 0634  0.6684313222993258E+000
 0635  0.6684313222993258E+000
 0636  0.6684313222993258E+000
 0637  0.6684313222993258E+000
 0638  0.6684313222993258E+000
 0639  0.6684313222993258E+000
 0640  0.6684313222993258E+000
 0641  0.6684313222993258E+000
 0642  0.6684313222993258E+000
 0643  0.6684313222993258E+000
 0644  0.6684313222993258E+000
 0645  0.6684313222993258E+000
 0646  0.6684313222993258E+000
 0647  0.6684313222993258E+000
 0648  0.6684313222993258E+000
 0649  0.6684313222993258E+000
 0650  0.6684313222993258E+000
 0651  0.6684313222993258E+000
 0652  0.6684313222993258E+000
 0653  0.6684313222993258E+000
 0654  0.6684313222993258E+000
 0655  0.6684313222993258E+000
 0656  0.6684313222993258E+000
 0657  0.6684313222993258E+000
 0658  0.6684313222993258E+000
 0659  0.6684313222993258E+000
 0660  0.6684313222993258E+000
 0661  0.6684313222993258E+000
 0662  0.6684313222993258E+000
 0663  0.6684313222993258E+000
 0664  0.6684313222993258E+000
 0665  0.6684313222993258E+000
 0666  0.6684313222993258E+000
 0667  0.6684313222993258E+000
 0668  0.6684313222993258E+000
 0669  0.6684313222993258E+000
 0670  0.6684313222993258E+000
 0671  0.6684313222993258E+000
 0672  0.6684313222993258E+000
 0673  0.6684313222993258E+000
 0674  0.6684313222993258E+000
 0675  0.6684313222993258E+000
 0676  0.6684313222993258E+000
 0677  0.6684313222993258E+000
 0678  0.6684313222993258E+000
 0679  0.6684313222993258E+000
 0680  0.6684313222993258E+000
 0681  0.6684313222993258E+000
 0682  0.6684313222993258E+000
 0683  0.6684313222993258E+000
 0684  0.6684313222993258E+000
 0685  0.6684313222993258E+000
 0686  0.6684313222993258E+000
 0687  0.6684313222993258E+000
 0688  0.6684313222993258E+000
 0689  0.6684313222993258E+000
 0690  0.6684313222993258E+000
 0691  0.6684313222993258E+000
 0692  0.6684313222993258E+000
 0693  0.6684313222993258E+000
 0694  0.6684313222993258E+000
 0695  0.6684313222993258E+000
 0696  0.6684313222993258E+000
 0697  0.6684313222993258E+000
 0698  0.6684313222993258E+000
 0699  0.6684313222993258E+000
 0700  0.6684313222993258E+000
 0701  0.6684313222993258E+000
 0702  0.6684313222993258E+000
 0703  0.6684313222993258E+000
 0704  0.6684313222993258E+000
 0705  0.6684313222993258E+000
 0706  0.6684313222993258E+000
 0707  0.6684313222993258E+000
 0708  0.6684313222993258E+000
 0709  0.6684313222993258E+000
 0710  0.6684313222993258E+000
 0711  0.6684313222993258E+000
 0712  0.6684313222993258E+000
 0713  0.6684313222993258E+000
 0714  0.6684313222993258E+000
 0715  0.6684313222993258E+000
 0716  0.6684313222993258E+000
 0717  0.6684313222993258E+000
 0718  0.6684313222993258E+000
 0719  0.6684313222993258E+000
 0720  0.6684313222993258E+000
 0721  0.6684313222993258E+000
 0722  0.6684313222993258E+000
 0723  0.6684313222993258E+000
 0724  0.6684313222993258E+000
 0725  0.6684313222993258E+000
 0726  0.6684313222993258E+000
 0727  0.6684313222993258E+000
 0728  0.6684313222993258E+000
 0729  0.6684313222993258E+000
 0730  0.6684313222993258E+000
 0731  0.6684313222993258E+000
 0732  0.6684313222993258E+000
 0733  0.6684313222993258E+000
 0734  0.6684313222993258E+000
 0735  0.6684313222993258E+000
 0736  0.6684313222993258E+000
 0737  0.6684313222993258E+000
 0738  0.6684313222993258E+000
 0739  0.6684313222993258E+000
 0740  0.6684313222993258E+000
 0741  0.6684313222993258E+000
 0742  0.6684313222993258E+000
 0743  0.6684313222993258E+000
 0744  0.6684313222993258E+000
 0745  0.6684313222993258E+000
 0746  0.6684313222993258E+000
 0747  0.6684313222993258E+000
 0748  0.6684313222993258E+000
 0749  0.6684313222993258E+000
 0750  0.6684313222993258E+000
 0751  0.6684313222993258E+000
 0752  0.6684313222993258E+000
 0753  0.6684313222993258E+000
 0754  0.6684313222993258E+000
 0755  0.6684313222993258E+000
 0756  0.6684313222993258E+000
 0757  0.6684313222993258E+000
 0758  0.6684313222993258E+000
 0759  0.6684313222993258E+000
 0760  0.6684313222993258E+000
 0761  0.6684313222993258E+000
 0762  0.6684313222993258E+000
 0763  0.6684313222993258E+000
 0764  0.6684313222993258E+000
 0765  0.6684313222993258E+000
 0766  0.6684313222993258E+000
 0767  0.6684313222993258E+000
 0768  0.6684313222993258E+000
 0769  0.6684313222993258E+000
 0770  0.6684313222993258E+000
 0771  0.6684313222993258E+000
 0772  0.6684313222993258E+000
 0773  0.6684313222993258E+000
 0774  0.6684313222993258E+000
 0775  0.6684313222993258E+000
 0776  0.6684313222993258E+000
 0777  0.6684313222993258E+000
 0778  0.6684313222993258E+000
 0779  0.6684313222993258E+000
 0780  0.6684313222993258E+000
 0781  0.6684313222993258E+000
 0782  0.6684313222993258E+000
 0783  0.6684313222993258E+000
 0784  0.6684313222993258E+000
 0785  0.6684313222993258E+000
 0786  0.6684313222993258E+000
 0787  0.6684313222993258E+000
 0788  0.6684313222993258E+000
 0789  0.6684313222993258E+000
 0790  0.6684313222993258E+000
 0791  0.6684313222993258E+000
 0792  0.6684313222993258E+000
 0793  0.6684313222993258E+000
 0794  0.6684313222993258E+000
 0795  0.6684313222993258E+000
 0796  0.6684313222993258E+000
 0797  0.6684313222993258E+000
 0798  0.6684313222993258E+000
 0799  0.6684313222993258E+000
 0800  0.6684313222993258E+000
 0801  0.6684313222993258E+000
 0802  0.6684313222993258E+000
 0803  0.6684313222993258E+000
 0804  0.6684313222993258E+000
 0805  0.6684313222993258E+000
 0806  0.6684313222993258E+000
 0807  0.6684313222993258E+000
 0808  0.6684313222993258E+000
 0809  0.6684313222993258E+000
 0810  0.6684313222993258E+000
 0811  0.6684313222993258E+000
 0812  0.6684313222993258E+000
 0813  0.6684313222993258E+000
 0814  0.6684313222993258E+000
 0815  0.6684313222993258E+000
 0816  0.6684313222993258E+000
 0817  0.6684313222993258E+000
 0818  0.6684313222993258E+000
 0819  0.6684313222993258E+000
 0820  0.6684313222993258E+000
 0821  0.6684313222993258E+000
 0822  0.6684313222993258E+000
 0823  0.6684313222993258E+000
 0824  0.6684313222993258E+000
 0825  0.6684313222993258E+000
 0826  0.6684313222993258E+000
 0827  0.6684313222993258E+000
 0828  0.6684313222993258E+000
 0829  0.6684313222993258E+000
 0830  0.6684313222993258E+000
 0831  0.6684313222993258E+000
 0832  0.6684313222993258E+000
 0833  0.6684313222993258E+000
 0834  0.6684313222993258E+000
 0835  0.6684313222993258E+000
 0836  0.6684313222993258E+000
 0837  0.6684313222993258E+000
 0838  0.6684313222993258E+000
 0839  0.6684313222993258E+000
 0840  0.6684313222993258E+000
 0841  0.6684313222993258E+000
 0842  0.6684313222993258E+000
 0843  0.6684313222993258E+000
 0844  0.6684313222993258E+000
 0845  0.6684313222993258E+000
 0846  0.6684313222993258E+000
 0847  0.6684313222993258E+000
 0848  0.6684313222993258E+000
 0849  0.6684313222993258E+000
 0850  0.6684313222993258E+000
 0851  0.6684313222993258E+000
 0852  0.6684313222993258E+000
 0853  0.6684313222993258E+000
 0854  0.6684313222993258E+000
 0855  0.6684313222993258E+000
 0856  0.6684313222993258E+000
 0857  0.6684313222993258E+000
 0858  0.6684313222993258E+000
 0859  0.6684313222993258E+000
 0860  0.6684313222993258E+000
 0861  0.6684313222993258E+000
 0862  0.6684313222993258E+000
 0863  0.6684313222993258E+000
 0864  0.6684313222993258E+000
 0865  0.6684313222993258E+000
 0866  0.6684313222993258E+000
 0867  0.6684313222993258E+000
 0868  0.6684313222993258E+000
 0869  0.6684313222993258E+000
 0870  0.6684313222993258E+000
 0871  0.6684313222993258E+000
 0872  0.6684313222993258E+000
 0873  0.6684313222993258E+000
 0874  0.6684313222993258E+000
 0875  0.6684313222993258E+000
 0876  0.6684313222993258E+000
 0877  0.6684313222993258E+000
 0878  0.6684313222993258E+000
 0879  0.6684313222993258E+000
 0880  0.6684313222993258E+000
 0881  0.6684313222993258E+000
 0882  0.6684313222993258E+000
 0883  0.6684313222993258E+000
 0884  0.6684313222993258E+000
 0885  0.6684313222993258E+000
 0886  0.6684313222993258E+000
 0887  0.6684313222993258E+000
 0888  0.6684313222993258E+000
 0889  0.6684313222993258E+000
 0890  0.6684313222993258E+000
 0891  0.6684313222993258E+000
 0892  0.6684313222993258E+000
 0893  0.6684313222993258E+000
 0894  0.6684313222993258E+000
 0895  0.6684313222993258E+000
 0896  0.6684313222993258E+000
 0897  0.6684313222993258E+000
 0898  0.6684313222993258E+000
 0899  0.6684313222993258E+000
 0900  0.6684313222993258E+000
 0901  0.6684313222993258E+000
 0902  0.6684313222993258E+000
 0903  0.6684313222993258E+000
 0904  0.6684313222993258E+000
 0905  0.6684313222993258E+000
 0906  0.6684313222993258E+000
 0907  0.6684313222993258E+000
 0908  0.6684313222993258E+000
 0909  0.6684313222993258E+000
 0910  0.6684313222993258E+000
 0911  0.6684313222993258E+000
 0912  0.6684313222993258E+000
 0913  0.6684313222993258E+000
 0914  0.6684313222993258E+000
 0915  0.6684313222993258E+000
 0916  0.6684313222993258E+000
 0917  0.6684313222993258E+000
 0918  0.6684313222993258E+000
 0919  0.6684313222993258E+000
 0920  0.6684313222993258E+000
 0921  0.6684313222993258E+000
 0922  0.6684313222993258E+000
 0923  0.6684313222993258E+000
 0924  0.6684313222993258E+000
 0925  0.6684313222993258E+000
 0926  0.6684313222993258E+000
 0927  0.6684313222993258E+000
 0928  0.6684313222993258E+000
 0929  0.6684313222993258E+000
 0930  0.6684313222993258E+000
 0931  0.6684313222993258E+000
 0932  0.6684313222993258E+000
 0933  0.6684313222993258E+000
 0934  0.6684313222993258E+000
 0935  0.6684313222993258E+000
 0936  0.6684313222993258E+000
 0937  0.6684313222993258E+000
 0938  0.6684313222993258E+000
 0939  0.6684313222993258E+000
 0940  0.6684313222993258E+000
 0941  0.6684313222993258E+000
 0942  0.6684313222993258E+000
 0943  0.6684313222993258E+000
 0944  0.6684313222993258E+000
 0945  0.6684313222993258E+000
 0946  0.6684313222993258E+000
 0947  0.6684313222993258E+000
 0948  0.6684313222993258E+000
 0949  0.6684313222993258E+000
 0950  0.6684313222993258E+000
 0951  0.6684313222993258E+000
 0952  0.6684313222993258E+000
 0953  0.6684313222993258E+000
 0954  0.6684313222993258E+000
 0955  0.6684313222993258E+000
 0956  0.6684313222993258E+000
 0957  0.6684313222993258E+000
 0958  0.6684313222993258E+000
 0959  0.6684313222993258E+000
 0960  0.6684313222993258E+000
 0961  0.6684313222993258E+000
 0962  0.6684313222993258E+000
 0963  0.6684313222993258E+000
 0964  0.6684313222993258E+000
 0965  0.6684313222993258E+000
 0966  0.6684313222993258E+000
 0967  0.6684313222993258E+000
 0968  0.6684313222993258E+000
 0969  0.6684313222993258E+000
 0970  0.6684313222993258E+000
 0971  0.6684313222993258E+000
 0972  0.6684313222993258E+000
 0973  0.6684313222993258E+000
 0974  0.6684313222993258E+000
 0975  0.6684313222993258E+000
 0976  0.6684313222993258E+000
 0977  0.6684313222993258E+000
 0978  0.6684313222993258E+000
 0979  0.6684313222993258E+000
 0980  0.6684313222993258E+000
 0981  0.6684313222993258E+000
 0982  0.6684313222993258E+000
 0983  0.6684313222993258E+000
 0984  0.6684313222993258E+000
 0985  0.6684313222993258E+000
 0986  0.6684313222993258E+000
 0987  0.6684313222993258E+000
 0988  0.6684313222993258E+000
 0989  0.6684313222993258E+000
 0990  0.6684313222993258E+000
 0991  0.6684313222993258E+000
 0992  0.6684313222993258E+000
 0993  0.6684313222993258E+000
 0994  0.6684313222993258E+000
 0995  0.6684313222993258E+000
 0996  0.6684313222993258E+000
 0997  0.6684313222993258E+000
 0998  0.6684313222993258E+000
 0999  0.6684313222993258E+000
 1000  0.6684313222993258E+000
