 0001  0.1158726685371176E-001
 0002  0.1186752845895553E-001
 0003  0.1186752845895553E-001
 0004  0.1186752845895553E-001
 0005  0.1219180321328747E-001
 0006  0.1219180321328747E-001
 0007  0.1255797846901014E-001
 0008  0.1255797846901014E-001
 0009  0.1291565044325647E-001
 0010  0.1291565044325647E-001
 0011  0.1291565044325647E-001
 0012  0.1332303088353151E-001
 0013  0.1332303088353151E-001
 0014  0.1372095118007081E-001
 0015  0.1372095118007081E-001
 0016  0.1416822148604620E-001
 0017  0.1416822148604620E-001
 0018  0.1466790995001285E-001
 0019  0.1466790995001285E-001
 0020  0.1515599470347973E-001
 0021  0.1515599470347973E-001
 0022  0.1570492853231083E-001
 0023  0.1570492853231083E-001
 0024  0.1630996682414416E-001
 0025  0.1630996682414416E-001
 0026  0.1697574997227543E-001
 0027  0.1760771197564885E-001
 0028  0.1760771197564885E-001
 0029  0.1831010340035916E-001
 0030  0.1831010340035916E-001
 0031  0.1908665894539684E-001
 0032  0.1908665894539684E-001
 0033  0.1984518140305826E-001
 0034  0.2065274988092138E-001
 0035  0.2065274988092138E-001
 0036  0.2157904072044013E-001
 0037  0.2157904072044012E-001
 0038  0.2248382133605844E-001
 0039  0.2356257336841777E-001
 0040  0.2356257336841776E-001
 0041  0.2495176732020282E-001
 0042  0.2670019783917179E-001
 0043  0.2670019783917178E-001
 0044  0.2840802649711306E-001
 0045  0.2840802649711306E-001
 0046  0.3054905819293000E-001
 0047  0.3313266253647290E-001
 0048  0.3313266253647290E-001
 0049  0.3640178676099286E-001
 0050  0.3944037328791899E-001
 0051  0.4320675539733960E-001
 0052  0.4320675539733961E-001
 0053  0.4801600491340859E-001
 0054  0.5349234322133802E-001
 0055  0.5349234322133803E-001
 0056  0.5884151060396801E-001
 0057  0.6512400806315798E-001
 0058  0.6512400806315798E-001
 0059  0.7285679186382099E-001
 0060  0.8165470920069384E-001
 0061  0.9152779880647104E-001
 0062  0.9152779880647105E-001
 0063  0.1011716166123464E+000
 0064  0.1118412514162803E+000
 0065  0.1235821540502044E+000
 0066  0.1235821540502044E+000
 0067  0.1373181893686462E+000
 0068  0.1521021426187884E+000
 0069  0.1654887490564292E+000
 0070  0.1654887490564292E+000
 0071  0.1814012197865160E+000
 0072  0.1985199175596780E+000
 0073  0.2163772232265130E+000
 0074  0.2349464317897987E+000
 0075  0.2349464317897987E+000
 0076  0.2530844282361021E+000
 0077  0.2722838293667516E+000
 0078  0.2923466491584339E+000
 0079  0.3130671802444932E+000
 0080  0.3130671802444931E+000
 0081  0.3363340185730326E+000
 0082  0.3596491920105350E+000
 0083  0.3801237424876305E+000
 0084  0.4012106788674584E+000
 0085  0.4012106788674584E+000
 0086  0.4250690545826761E+000
 0087  0.4487514358134785E+000
 0088  0.4721151968361479E+000
 0089  0.4950793925964072E+000
 0090  0.5176003571443630E+000
 0091  0.5176003571443630E+000
 0092  0.5425213554416523E+000
 0093  0.5664675304034009E+000
 0094  0.5890573096130326E+000
 0095  0.6101439085601824E+000
 0096  0.6296265104605770E+000
 0097  0.6473343020393708E+000
 0098  0.6630838901918937E+000
 0099  0.6767096593300416E+000
 0100  0.6880779238836794E+000
 0101  0.6966095968999342E+000
 0102  0.7024176846766003E+000
 0103  0.7056402453810700E+000
 0104  0.7064376396703793E+000
 0105  0.7049884725095865E+000
 0106  0.7014849361899897E+000
 0107  0.6940398235678307E+000
 0108  0.6854868349275108E+000
 0109  0.6759478751726568E+000
 0110  0.6655377679190584E+000
 0111  0.6543814865805253E+000
 0112  0.6426079590773741E+000
 0113  0.6193389626920207E+000
 0114  0.6079193585661272E+000
 0115  0.5962016544897711E+000
 0116  0.5841826069119699E+000
 0117  0.5720077863556395E+000
 0118  0.5597994847182307E+000
 0119  0.5476597441346971E+000
 0120  0.5356730078193781E+000
 0121  0.5239084425333159E+000
 0122  0.5124219750855770E+000
 0123  0.5003682068718921E+000
 0124  0.4889414169389988E+000
 0125  0.4781130327414043E+000
 0126  0.4678565626081373E+000
 0127  0.4581471725439579E+000
 0128  0.4489613593254618E+000
 0129  0.4402767012737526E+000
 0130  0.4251600707156824E+000
 0131  0.4185577724106230E+000
 0132  0.4122455151198431E+000
 0133  0.4062231169524178E+000
 0134  0.4004882472679029E+000
 0135  0.3950367958248761E+000
 0136  0.3898631950322405E+000
 0137  0.3847233938087252E+000
 0138  0.3799152453099779E+000
 0139  0.3754174458045035E+000
 0140  0.3712101750042308E+000
 0141  0.3672700633817281E+000
 0142  0.3635817605407485E+000
 0143  0.3601305587747121E+000
 0144  0.3569024610752646E+000
 0145  0.3513550061630430E+000
 0146  0.3489636818049911E+000
 0147  0.3467045971346612E+000
 0148  0.3445721495526896E+000
 0149  0.3424894993258993E+000
 0150  0.3405412677839086E+000
 0151  0.3387174294086572E+000
 0152  0.3370103174845767E+000
 0153  0.3354127128610896E+000
 0154  0.3339178201684360E+000
 0155  0.3325192450639515E+000
 0156  0.3312109724911078E+000
 0157  0.3299873459294832E+000
 0158  0.3278741293750643E+000
 0159  0.3269594267446674E+000
 0160  0.3260716946851528E+000
 0161  0.3252385797574230E+000
 0162  0.3244567798165770E+000
 0163  0.3237231877482427E+000
 0164  0.3230348803241689E+000
 0165  0.3223891076629179E+000
 0166  0.3217832832658344E+000
 0167  0.3212149728070510E+000
 0168  0.3206818877076872E+000
 0169  0.3201816808353107E+000
 0170  0.3193010316056718E+000
 0171  0.3189136952193385E+000
 0172  0.3185489907642604E+000
 0173  0.3182056073956954E+000
 0174  0.3178823095227118E+000
 0175  0.3175779325189786E+000
 0176  0.3172913786776409E+000
 0177  0.3170215372275058E+000
 0178  0.3167674548773730E+000
 0179  0.3165235150626142E+000
 0180  0.3162946047472340E+000
 0181  0.3158943684097636E+000
 0182  0.3157191357726573E+000
 0183  0.3155534860795108E+000
 0184  0.3153969048977452E+000
 0185  0.3152489045533893E+000
 0186  0.3151090228138660E+000
 0187  0.3149768216290039E+000
 0188  0.3148497463542861E+000
 0189  0.3147299747416587E+000
 0190  0.3145185878106114E+000
 0191  0.3144251993563020E+000
 0192  0.3143366341227575E+000
 0193  0.3142526462634864E+000
 0194  0.3141730021346498E+000
 0195  0.3140963319788306E+000
 0196  0.3140237791709963E+000
 0197  0.3139551191283295E+000
 0198  0.3138901396824056E+000
 0199  0.3138286404209376E+000
 0200  0.3137192095748625E+000
 0201  0.3136704726075857E+000
 0202  0.3136234706904101E+000
 0203  0.3135788346380591E+000
 0204  0.3135364436292891E+000
 0205  0.3134961831071376E+000
 0206  0.3134579444489620E+000
 0207  0.3134216209297715E+000
 0208  0.3133561273156200E+000
 0209  0.3133266047661366E+000
 0210  0.3132984777644019E+000
 0211  0.3132716771848064E+000
 0212  0.3132461398973151E+000
 0213  0.3132218057925187E+000
 0214  0.3131986176437823E+000
 0215  0.3131762725184254E+000
 0216  0.3131360284791386E+000
 0217  0.3131178948395898E+000
 0218  0.3131005667313949E+000
 0219  0.3130840080527913E+000
 0220  0.3130681843322351E+000
 0221  0.3130529043649015E+000
 0222  0.3130383181707075E+000
 0223  0.3130118874810704E+000
 0224  0.3129999057182943E+000
 0225  0.3129884261368885E+000
 0226  0.3129773220927093E+000
 0227  0.3129666940563930E+000
 0228  0.3129565206553445E+000
 0229  0.3129467820622924E+000
 0230  0.3129290372699804E+000
 0231  0.3129208770150918E+000
 0232  0.3129130473531116E+000
 0233  0.3129055346426675E+000
 0234  0.3128983258139071E+000
 0235  0.3128914080455551E+000
 0236  0.3128847693899849E+000
 0237  0.3128725156436439E+000
 0238  0.3128669097113136E+000
 0239  0.3128615185907403E+000
 0240  0.3128563339193917E+000
 0241  0.3128513085136949E+000
 0242  0.3128464786347265E+000
 0243  0.3128376037657394E+000
 0244  0.3128335249930923E+000
 0245  0.3128295654834843E+000
 0246  0.3128257523193109E+000
 0247  0.3128220798493078E+000
 0248  0.3128185427621427E+000
 0249  0.3128119941523915E+000
 0250  0.3128089627661529E+000
 0251  0.3128060378257306E+000
 0252  0.3128032154353957E+000
 0253  0.3128004739646005E+000
 0254  0.3127978298863036E+000
 0255  0.3127929358590232E+000
 0256  0.3127906704471703E+000
 0257  0.3127884668251967E+000
 0258  0.3127863377329164E+000
 0259  0.3127842805806316E+000
 0260  0.3127804483871650E+000
 0261  0.3127786634817359E+000
 0262  0.3127769361403013E+000
 0263  0.3127752644583965E+000
 0264  0.3127736373112575E+000
 0265  0.3127706068216173E+000
 0266  0.3127691953645076E+000
 0267  0.3127678198494457E+000
 0268  0.3127664871271237E+000
 0269  0.3127651958265903E+000
 0270  0.3127627773015322E+000
 0271  0.3127616447532925E+000
 0272  0.3127605458926656E+000
 0273  0.3127594743158852E+000
 0274  0.3127574677928034E+000
 0275  0.3127565282622777E+000
 0276  0.3127556110548209E+000
 0277  0.3127547202139776E+000
 0278  0.3127538549468183E+000
 0279  0.3127522230605983E+000
 0280  0.3127514572437589E+000
 0281  0.3127507125147113E+000
 0282  0.3127499850100044E+000
 0283  0.3127486163168460E+000
 0284  0.3127479696371584E+000
 0285  0.3127473402007765E+000
 0286  0.3127467275264351E+000
 0287  0.3127455674944772E+000
 0288  0.3127450207176234E+000
 0289  0.3127444857750063E+000
 0290  0.3127439646283712E+000
 0291  0.3127429782341151E+000
 0292  0.3127425114508319E+000
 0293  0.3127420562458634E+000
 0294  0.3127416106288957E+000
 0295  0.3127407658225020E+000
 0296  0.3127403653930208E+000
 0297  0.3127399745892420E+000
 0298  0.3127392310289871E+000
 0299  0.3127388786221204E+000
 0300  0.3127385331764796E+000
 0301  0.3127381957820323E+000
 0302  0.3127375529648293E+000
 0303  0.3127372478241292E+000
 0304  0.3127369485559833E+000
 0305  0.3127363785406680E+000
 0306  0.3127361070950382E+000
 0307  0.3127358407478554E+000
 0308  0.3127355802435776E+000
 0309  0.3127350833897330E+000
 0310  0.3127348464631900E+000
 0311  0.3127346138654667E+000
 0312  0.3127341696780853E+000
 0313  0.3127339575995243E+000
 0314  0.3127337492987093E+000
 0315  0.3127333510097922E+000
 0316  0.3127331605678519E+000
 0317  0.3127329732764526E+000
 0318  0.3127326142544548E+000
 0319  0.3127324421212510E+000
 0320  0.3127322725131018E+000
 0321  0.3127319465899558E+000
 0322  0.3127317899425528E+000
 0323  0.3127316353361487E+000
 0324  0.3127313375904630E+000
 0325  0.3127311935303960E+000
 0326  0.3127309156252046E+000
 0327  0.3127307815534515E+000
 0328  0.3127306489132308E+000
 0329  0.3127303919918113E+000
 0330  0.3127302675413039E+000
 0331  0.3127301449252442E+000
 0332  0.3127299064578189E+000
 0333  0.3127297910720782E+000
 0334  0.3127295663827168E+000
 0335  0.3127294575405522E+000
 0336  0.3127293496203917E+000
 0337  0.3127291397922952E+000
 0338  0.3127290377843854E+000
 0339  0.3127288387738145E+000
 0340  0.3127287421918559E+000
 0341  0.3127285536094058E+000
 0342  0.3127284615586611E+000
 0343  0.3127283706458220E+000
 0344  0.3127281930311145E+000
 0345  0.3127281062841009E+000
 0346  0.3127279367485971E+000
 0347  0.3127278543059347E+000
 0348  0.3127276930813154E+000
 0349  0.3127276142644455E+000
 0350  0.3127274600886063E+000
 0351  0.3127273846973591E+000
 0352  0.3127272371846612E+000
 0353  0.3127271650341144E+000
 0354  0.3127270238552073E+000
 0355  0.3127269548111407E+000
 0356  0.3127268197309719E+000
 0357  0.3127267536771838E+000
 0358  0.3127266244576532E+000
 0359  0.3127265612730032E+000
 0360  0.3127264374691392E+000
 0361  0.3127263768413659E+000
 0362  0.3127262582632880E+000
 0363  0.3127262002920466E+000
 0364  0.3127260865763097E+000
 0365  0.3127259768345190E+000
 0366  0.3127259231058973E+000
 0367  0.3127258178777794E+000
 0368  0.3127257663641056E+000
 0369  0.3127256653609239E+000
 0370  0.3127255677543058E+000
 0371  0.3127255199209832E+000
 0372  0.3127254262480054E+000
 0373  0.3127253803007704E+000
 0374  0.3127252903277184E+000
 0375  0.3127252032077608E+000
 0376  0.3127251604849273E+000
 0377  0.3127250766805225E+000
 0378  0.3127249955480345E+000
 0379  0.3127249557685419E+000
 0380  0.3127248777468933E+000
 0381  0.3127248021579542E+000
 0382  0.3127247650740558E+000
 0383  0.3127246922996174E+000
 0384  0.3127246217132827E+000
 0385  0.3127245532521835E+000
 0386  0.3127245196361797E+000
 0387  0.3127244536138908E+000
 0388  0.3127243895640559E+000
 0389  0.3127243273994529E+000
 0390  0.3127242968475771E+000
 0391  0.3127242368401504E+000
 0392  0.3127241785339600E+000
 0393  0.3127241218715564E+000
 0394  0.3127240668157649E+000
 0395  0.3127240132705513E+000
 0396  0.3127239869451872E+000
 0397  0.3127239351708078E+000
 0398  0.3127238847997950E+000
 0399  0.3127238357871802E+000
 0400  0.3127237880808685E+000
 0401  0.3127237416312105E+000
 0402  0.3127236963944087E+000
 0403  0.3127236523281127E+000
 0404  0.3127236093900951E+000
 0405  0.3127235675677222E+000
 0406  0.3127235269906740E+000
 0407  0.3127234876378738E+000
 0408  0.3127234494591017E+000
 0409  0.3127234124067312E+000
 0410  0.3127233764355690E+000
 0411  0.3127233415027050E+000
 0412  0.3127233075673752E+000
 0413  0.3127232745908323E+000
 0414  0.3127232425362259E+000
 0415  0.3127232113684912E+000
 0416  0.3127231663646219E+000
 0417  0.3127231374734581E+000
 0418  0.3127231093498375E+000
 0419  0.3127230819660166E+000
 0420  0.3127230552955177E+000
 0421  0.3127230167024126E+000
 0422  0.3127229918745093E+000
 0423  0.3127229676691199E+000
 0424  0.3127229325976669E+000
 0425  0.3127229100066221E+000
 0426  0.3127228879615954E+000
 0427  0.3127228559819489E+000
 0428  0.3127228353581907E+000
 0429  0.3127228054150728E+000
 0430  0.3127227860886850E+000
 0431  0.3127227580067787E+000
 0432  0.3127227398674688E+000
 0433  0.3127227134904760E+000
 0434  0.3127226964397708E+000
 0435  0.3127226716279456E+000
 0436  0.3127226477524157E+000
 0437  0.3127226323008519E+000
 0438  0.3127226097909071E+000
 0439  0.3127225881008449E+000
 0440  0.3127225671900444E+000
 0441  0.3127225470204625E+000
 0442  0.3127225275564350E+000
 0443  0.3127225087644967E+000
 0444  0.3127224906132161E+000
 0445  0.3127224730730457E+000
 0446  0.3127224561161843E+000
 0447  0.3127224397164525E+000
 0448  0.3127224238491763E+000
 0449  0.3127224084910835E+000
 0450  0.3127223888033014E+000
 0451  0.3127223746011477E+000
 0452  0.3127223608371533E+000
 0453  0.3127223431667194E+000
 0454  0.3127223262609484E+000
 0455  0.3127223140410459E+000
 0456  0.3127222983289933E+000
 0457  0.3127222832709733E+000
 0458  0.3127222688311099E+000
 0459  0.3127222549760461E+000
 0460  0.3127222416747273E+000
 0461  0.3127222288982081E+000
 0462  0.3127222166194762E+000
 0463  0.3127222048132967E+000
 0464  0.3127221907013676E+000
 0465  0.3127221772798685E+000
 0466  0.3127221670007547E+000
 0467  0.3127221546916575E+000
 0468  0.3127221429616747E+000
 0469  0.3127221296140019E+000
 0470  0.3127221190597170E+000
 0471  0.3127221070316490E+000
 0472  0.3127220975069956E+000
 0473  0.3127220866374235E+000
 0474  0.3127220746972504E+000
 0475  0.3127220650537074E+000
 0476  0.3127220544421426E+000
 0477  0.3127220444772287E+000
 0478  0.3127220351113587E+000
 0479  0.3127220250918346E+000
 0480  0.3127220146338761E+000
 0481  0.3127220060010515E+000
 0482  0.3127219960148361E+000
 0483  0.3127219868514032E+000
 0484  0.3127219784324882E+000
 0485  0.3127219692229323E+000
 0486  0.3127219602392398E+000
 0487  0.3127219515915606E+000
 0488  0.3127219433687890E+000
 0489  0.3127219347453620E+000
 0490  0.3127219269113816E+000
 0491  0.3127219185844788E+000
 0492  0.3127219106896792E+000
 0493  0.3127219028045691E+000
 0494  0.3127218986540658E+000
 0495  0.3127218986540658E+000
 0496  0.3127218986540658E+000
 0497  0.3127218986540658E+000
 0498  0.3127218986540658E+000
 0499  0.3127218986540658E+000
 0500  0.3127218986540658E+000
 0501  0.3127218986540658E+000
 0502  0.3127218986540658E+000
 0503  0.3127218986540658E+000
 0504  0.3127218986540658E+000
 0505  0.3127218986540658E+000
 0506  0.3127218986540658E+000
 0507  0.3127218986540658E+000
 0508  0.3127218986540658E+000
 0509  0.3127218986540658E+000
 0510  0.3127218986540658E+000
 0511  0.3127218986540658E+000
 0512  0.3127218986540658E+000
 0513  0.3127218986540658E+000
 0514  0.3127218986540658E+000
 0515  0.3127218986540658E+000
 0516  0.3127218986540658E+000
 0517  0.3127218986540658E+000
 0518  0.3127218986540658E+000
 0519  0.3127218986540658E+000
 0520  0.3127218986540658E+000
 0521  0.3127218986540658E+000
 0522  0.3127218986540658E+000
 0523  0.3127218986540658E+000
 0524  0.3127218986540658E+000
 0525  0.3127218986540658E+000
 0526  0.3127218986540658E+000
 0527  0.3127218986540658E+000
 0528  0.3127218986540658E+000
 0529  0.3127218986540658E+000
 0530  0.3127218986540658E+000
 0531  0.3127218986540658E+000
 0532  0.3127218986540658E+000
 0533  0.3127218986540658E+000
 0534  0.3127218986540658E+000
 0535  0.3127218986540658E+000
 0536  0.3127218986540658E+000
 0537  0.3127218986540658E+000
 0538  0.3127218986540658E+000
 0539  0.3127218986540658E+000
 0540  0.3127218986540658E+000
 0541  0.3127218986540658E+000
 0542  0.3127218986540658E+000
 0543  0.3127218986540658E+000
 0544  0.3127218986540658E+000
 0545  0.3127218986540658E+000
 0546  0.3127218986540658E+000
 0547  0.3127218986540658E+000
 0548  0.3127218986540658E+000
 0549  0.3127218986540658E+000
 0550  0.3127218986540658E+000
 0551  0.3127218986540658E+000
 0552  0.3127218986540658E+000
 0553  0.3127218986540658E+000
 0554  0.3127218986540658E+000
 0555  0.3127218986540658E+000
 0556  0.3127218986540658E+000
 0557  0.3127218986540658E+000
 0558  0.3127218986540658E+000
 0559  0.3127218986540658E+000
 0560  0.3127218986540658E+000
 0561  0.3127218986540658E+000
 0562  0.3127218986540658E+000
 0563  0.3127218986540658E+000
 0564  0.3127218986540658E+000
 0565  0.3127218986540658E+000
 0566  0.3127218986540658E+000
 0567  0.3127218986540658E+000
 0568  0.3127218986540658E+000
 0569  0.3127218986540658E+000
 0570  0.3127218986540658E+000
 0571  0.3127218986540658E+000
 0572  0.3127218986540658E+000
 0573  0.3127218986540658E+000
 0574  0.3127218986540658E+000
 0575  0.3127218986540658E+000
 0576  0.3127218986540658E+000
 0577  0.3127218986540658E+000
 0578  0.3127218986540658E+000
 0579  0.3127218986540658E+000
 0580  0.3127218986540658E+000
 0581  0.3127218986540658E+000
 0582  0.3127218986540658E+000
 0583  0.3127218986540658E+000
 0584  0.3127218986540658E+000
 0585  0.3127218986540658E+000
 0586  0.3127218986540658E+000
 0587  0.3127218986540658E+000
 0588  0.3127218986540658E+000
 0589  0.3127218986540658E+000
 0590  0.3127218986540658E+000
 0591  0.3127218986540658E+000
 0592  0.3127218986540658E+000
 0593  0.3127218986540658E+000
 0594  0.3127218986540658E+000
 0595  0.3127218986540658E+000
 0596  0.3127218986540658E+000
 0597  0.3127218986540658E+000
 0598  0.3127218986540658E+000
 0599  0.3127218986540658E+000
 0600  0.3127218986540658E+000
 0601  0.3127218986540658E+000
 0602  0.3127218986540658E+000
 0603  0.3127218986540658E+000
 0604  0.3127218986540658E+000
 0605  0.3127218986540658E+000
 0606  0.3127218986540658E+000
 0607  0.3127218986540658E+000
 0608  0.3127218986540658E+000
 0609  0.3127218986540658E+000
 0610  0.3127218986540658E+000
 0611  0.3127218986540658E+000
 0612  0.3127218986540658E+000
 0613  0.3127218986540658E+000
 0614  0.3127218986540658E+000
 0615  0.3127218986540658E+000
 0616  0.3127218986540658E+000
 0617  0.3127218986540658E+000
 0618  0.3127218986540658E+000
 0619  0.3127218986540658E+000
 0620  0.3127218986540658E+000
 0621  0.3127218986540658E+000
 0622  0.3127218986540658E+000
 0623  0.3127218986540658E+000
 0624  0.3127218986540658E+000
 0625  0.3127218986540658E+000
 0626  0.3127218986540658E+000
 0627  0.3127218986540658E+000
 0628  0.3127218986540658E+000
 0629  0.3127218986540658E+000
 0630  0.3127218986540658E+000
 0631  0.3127218986540658E+000
 0632  0.3127218986540658E+000
 0633  0.3127218986540658E+000
 0634  0.3127218986540658E+000
 0635  0.3127218986540658E+000
 0636  0.3127218986540658E+000
 0637  0.3127218986540658E+000
 0638  0.3127218986540658E+000
 0639  0.3127218986540658E+000
 0640  0.3127218986540658E+000
 0641  0.3127218986540658E+000
 0642  0.3127218986540658E+000
 0643  0.3127218986540658E+000
 0644  0.3127218986540658E+000
 0645  0.3127218986540658E+000
 0646  0.3127218986540658E+000
 0647  0.3127218986540658E+000
 0648  0.3127218986540658E+000
 0649  0.3127218986540658E+000
 0650  0.3127218986540658E+000
 0651  0.3127218986540658E+000
 0652  0.3127218986540658E+000
 0653  0.3127218986540658E+000
 0654  0.3127218986540658E+000
 0655  0.3127218986540658E+000
 0656  0.3127218986540658E+000
 0657  0.3127218986540658E+000
 0658  0.3127218986540658E+000
 0659  0.3127218986540658E+000
 0660  0.3127218986540658E+000
 0661  0.3127218986540658E+000
 0662  0.3127218986540658E+000
 0663  0.3127218986540658E+000
 0664  0.3127218986540658E+000
 0665  0.3127218986540658E+000
 0666  0.3127218986540658E+000
 0667  0.3127218986540658E+000
 0668  0.3127218986540658E+000
 0669  0.3127218986540658E+000
 0670  0.3127218986540658E+000
 0671  0.3127218986540658E+000
 0672  0.3127218986540658E+000
 0673  0.3127218986540658E+000
 0674  0.3127218986540658E+000
 0675  0.3127218986540658E+000
 0676  0.3127218986540658E+000
 0677  0.3127218986540658E+000
 0678  0.3127218986540658E+000
 0679  0.3127218986540658E+000
 0680  0.3127218986540658E+000
 0681  0.3127218986540658E+000
 0682  0.3127218986540658E+000
 0683  0.3127218986540658E+000
 0684  0.3127218986540658E+000
 0685  0.3127218986540658E+000
 0686  0.3127218986540658E+000
 0687  0.3127218986540658E+000
 0688  0.3127218986540658E+000
 0689  0.3127218986540658E+000
 0690  0.3127218986540658E+000
 0691  0.3127218986540658E+000
 0692  0.3127218986540658E+000
 0693  0.3127218986540658E+000
 0694  0.3127218986540658E+000
 0695  0.3127218986540658E+000
 0696  0.3127218986540658E+000
 0697  0.3127218986540658E+000
 0698  0.3127218986540658E+000
 0699  0.3127218986540658E+000
 0700  0.3127218986540658E+000
 0701  0.3127218986540658E+000
 0702  0.3127218986540658E+000
 0703  0.3127218986540658E+000
 0704  0.3127218986540658E+000
 0705  0.3127218986540658E+000
 0706  0.3127218986540658E+000
 0707  0.3127218986540658E+000
 0708  0.3127218986540658E+000
 0709  0.3127218986540658E+000
 0710  0.3127218986540658E+000
 0711  0.3127218986540658E+000
 0712  0.3127218986540658E+000
 0713  0.3127218986540658E+000
 0714  0.3127218986540658E+000
 0715  0.3127218986540658E+000
 0716  0.3127218986540658E+000
 0717  0.3127218986540658E+000
 0718  0.3127218986540658E+000
 0719  0.3127218986540658E+000
 0720  0.3127218986540658E+000
 0721  0.3127218986540658E+000
 0722  0.3127218986540658E+000
 0723  0.3127218986540658E+000
 0724  0.3127218986540658E+000
 0725  0.3127218986540658E+000
 0726  0.3127218986540658E+000
 0727  0.3127218986540658E+000
 0728  0.3127218986540658E+000
 0729  0.3127218986540658E+000
 0730  0.3127218986540658E+000
 0731  0.3127218986540658E+000
 0732  0.3127218986540658E+000
 0733  0.3127218986540658E+000
 0734  0.3127218986540658E+000
 0735  0.3127218986540658E+000
 0736  0.3127218986540658E+000
 0737  0.3127218986540658E+000
 0738  0.3127218986540658E+000
 0739  0.3127218986540658E+000
 0740  0.3127218986540658E+000
 0741  0.3127218986540658E+000
 0742  0.3127218986540658E+000
 0743  0.3127218986540658E+000
 0744  0.3127218986540658E+000
 0745  0.3127218986540658E+000
 0746  0.3127218986540658E+000
 0747  0.3127218986540658E+000
 0748  0.3127218986540658E+000
 0749  0.3127218986540658E+000
 0750  0.3127218986540658E+000
 0751  0.3127218986540658E+000
 0752  0.3127218986540658E+000
 0753  0.3127218986540658E+000
 0754  0.3127218986540658E+000
 0755  0.3127218986540658E+000
 0756  0.3127218986540658E+000
 0757  0.3127218986540658E+000
 0758  0.3127218986540658E+000
 0759  0.3127218986540658E+000
 0760  0.3127218986540658E+000
 0761  0.3127218986540658E+000
 0762  0.3127218986540658E+000
 0763  0.3127218986540658E+000
 0764  0.3127218986540658E+000
 0765  0.3127218986540658E+000
 0766  0.3127218986540658E+000
 0767  0.3127218986540658E+000
 0768  0.3127218986540658E+000
 0769  0.3127218986540658E+000
 0770  0.3127218986540658E+000
 0771  0.3127218986540658E+000
 0772  0.3127218986540658E+000
 0773  0.3127218986540658E+000
 0774  0.3127218986540658E+000
 0775  0.3127218986540658E+000
 0776  0.3127218986540658E+000
 0777  0.3127218986540658E+000
 0778  0.3127218986540658E+000
 0779  0.3127218986540658E+000
 0780  0.3127218986540658E+000
 0781  0.3127218986540658E+000
 0782  0.3127218986540658E+000
 0783  0.3127218986540658E+000
 0784  0.3127218986540658E+000
 0785  0.3127218986540658E+000
 0786  0.3127218986540658E+000
 0787  0.3127218986540658E+000
 0788  0.3127218986540658E+000
 0789  0.3127218986540658E+000
 0790  0.3127218986540658E+000
 0791  0.3127218986540658E+000
 0792  0.3127218986540658E+000
 0793  0.3127218986540658E+000
 0794  0.3127218986540658E+000
 0795  0.3127218986540658E+000
 0796  0.3127218986540658E+000
 0797  0.3127218986540658E+000
 0798  0.3127218986540658E+000
 0799  0.3127218986540658E+000
 0800  0.3127218986540658E+000
 0801  0.3127218986540658E+000
 0802  0.3127218986540658E+000
 0803  0.3127218986540658E+000
 0804  0.3127218986540658E+000
 0805  0.3127218986540658E+000
 0806  0.3127218986540658E+000
 0807  0.3127218986540658E+000
 0808  0.3127218986540658E+000
 0809  0.3127218986540658E+000
 0810  0.3127218986540658E+000
 0811  0.3127218986540658E+000
 0812  0.3127218986540658E+000
 0813  0.3127218986540658E+000
 0814  0.3127218986540658E+000
 0815  0.3127218986540658E+000
 0816  0.3127218986540658E+000
 0817  0.3127218986540658E+000
 0818  0.3127218986540658E+000
 0819  0.3127218986540658E+000
 0820  0.3127218986540658E+000
 0821  0.3127218986540658E+000
 0822  0.3127218986540658E+000
 0823  0.3127218986540658E+000
 0824  0.3127218986540658E+000
 0825  0.3127218986540658E+000
 0826  0.3127218986540658E+000
 0827  0.3127218986540658E+000
 0828  0.3127218986540658E+000
 0829  0.3127218986540658E+000
 0830  0.3127218986540658E+000
 0831  0.3127218986540658E+000
 0832  0.3127218986540658E+000
 0833  0.3127218986540658E+000
 0834  0.3127218986540658E+000
 0835  0.3127218986540658E+000
 0836  0.3127218986540658E+000
 0837  0.3127218986540658E+000
 0838  0.3127218986540658E+000
 0839  0.3127218986540658E+000
 0840  0.3127218986540658E+000
 0841  0.3127218986540658E+000
 0842  0.3127218986540658E+000
 0843  0.3127218986540658E+000
 0844  0.3127218986540658E+000
 0845  0.3127218986540658E+000
 0846  0.3127218986540658E+000
 0847  0.3127218986540658E+000
 0848  0.3127218986540658E+000
 0849  0.3127218986540658E+000
 0850  0.3127218986540658E+000
 0851  0.3127218986540658E+000
 0852  0.3127218986540658E+000
 0853  0.3127218986540658E+000
 0854  0.3127218986540658E+000
 0855  0.3127218986540658E+000
 0856  0.3127218986540658E+000
 0857  0.3127218986540658E+000
 0858  0.3127218986540658E+000
 0859  0.3127218986540658E+000
 0860  0.3127218986540658E+000
 0861  0.3127218986540658E+000
 0862  0.3127218986540658E+000
 0863  0.3127218986540658E+000
 0864  0.3127218986540658E+000
 0865  0.3127218986540658E+000
 0866  0.3127218986540658E+000
 0867  0.3127218986540658E+000
 0868  0.3127218986540658E+000
 0869  0.3127218986540658E+000
 0870  0.3127218986540658E+000
 0871  0.3127218986540658E+000
 0872  0.3127218986540658E+000
 0873  0.3127218986540658E+000
 0874  0.3127218986540658E+000
 0875  0.3127218986540658E+000
 0876  0.3127218986540658E+000
 0877  0.3127218986540658E+000
 0878  0.3127218986540658E+000
 0879  0.3127218986540658E+000
 0880  0.3127218986540658E+000
 0881  0.3127218986540658E+000
 0882  0.3127218986540658E+000
 0883  0.3127218986540658E+000
 0884  0.3127218986540658E+000
 0885  0.3127218986540658E+000
 0886  0.3127218986540658E+000
 0887  0.3127218986540658E+000
 0888  0.3127218986540658E+000
 0889  0.3127218986540658E+000
 0890  0.3127218986540658E+000
 0891  0.3127218986540658E+000
 0892  0.3127218986540658E+000
 0893  0.3127218986540658E+000
 0894  0.3127218986540658E+000
 0895  0.3127218986540658E+000
 0896  0.3127218986540658E+000
 0897  0.3127218986540658E+000
 0898  0.3127218986540658E+000
 0899  0.3127218986540658E+000
 0900  0.3127218986540658E+000
 0901  0.3127218986540658E+000
 0902  0.3127218986540658E+000
 0903  0.3127218986540658E+000
 0904  0.3127218986540658E+000
 0905  0.3127218986540658E+000
 0906  0.3127218986540658E+000
 0907  0.3127218986540658E+000
 0908  0.3127218986540658E+000
 0909  0.3127218986540658E+000
 0910  0.3127218986540658E+000
 0911  0.3127218986540658E+000
 0912  0.3127218986540658E+000
 0913  0.3127218986540658E+000
 0914  0.3127218986540658E+000
 0915  0.3127218986540658E+000
 0916  0.3127218986540658E+000
 0917  0.3127218986540658E+000
 0918  0.3127218986540658E+000
 0919  0.3127218986540658E+000
 0920  0.3127218986540658E+000
 0921  0.3127218986540658E+000
 0922  0.3127218986540658E+000
 0923  0.3127218986540658E+000
 0924  0.3127218986540658E+000
 0925  0.3127218986540658E+000
 0926  0.3127218986540658E+000
 0927  0.3127218986540658E+000
 0928  0.3127218986540658E+000
 0929  0.3127218986540658E+000
 0930  0.3127218986540658E+000
 0931  0.3127218986540658E+000
 0932  0.3127218986540658E+000
 0933  0.3127218986540658E+000
 0934  0.3127218986540658E+000
 0935  0.3127218986540658E+000
 0936  0.3127218986540658E+000
 0937  0.3127218986540658E+000
 0938  0.3127218986540658E+000
 0939  0.3127218986540658E+000
 0940  0.3127218986540658E+000
 0941  0.3127218986540658E+000
 0942  0.3127218986540658E+000
 0943  0.3127218986540658E+000
 0944  0.3127218986540658E+000
 0945  0.3127218986540658E+000
 0946  0.3127218986540658E+000
 0947  0.3127218986540658E+000
 0948  0.3127218986540658E+000
 0949  0.3127218986540658E+000
 0950  0.3127218986540658E+000
 0951  0.3127218986540658E+000
 0952  0.3127218986540658E+000
 0953  0.3127218986540658E+000
 0954  0.3127218986540658E+000
 0955  0.3127218986540658E+000
 0956  0.3127218986540658E+000
 0957  0.3127218986540658E+000
 0958  0.3127218986540658E+000
 0959  0.3127218986540658E+000
 0960  0.3127218986540658E+000
 0961  0.3127218986540658E+000
 0962  0.3127218986540658E+000
 0963  0.3127218986540658E+000
 0964  0.3127218986540658E+000
 0965  0.3127218986540658E+000
 0966  0.3127218986540658E+000
 0967  0.3127218986540658E+000
 0968  0.3127218986540658E+000
 0969  0.3127218986540658E+000
 0970  0.3127218986540658E+000
 0971  0.3127218986540658E+000
 0972  0.3127218986540658E+000
 0973  0.3127218986540658E+000
 0974  0.3127218986540658E+000
 0975  0.3127218986540658E+000
 0976  0.3127218986540658E+000
 0977  0.3127218986540658E+000
 0978  0.3127218986540658E+000
 0979  0.3127218986540658E+000
 0980  0.3127218986540658E+000
 0981  0.3127218986540658E+000
 0982  0.3127218986540658E+000
 0983  0.3127218986540658E+000
 0984  0.3127218986540658E+000
 0985  0.3127218986540658E+000
 0986  0.3127218986540658E+000
 0987  0.3127218986540658E+000
 0988  0.3127218986540658E+000
 0989  0.3127218986540658E+000
 0990  0.3127218986540658E+000
 0991  0.3127218986540658E+000
 0992  0.3127218986540658E+000
 0993  0.3127218986540658E+000
 0994  0.3127218986540658E+000
 0995  0.3127218986540658E+000
 0996  0.3127218986540658E+000
 0997  0.3127218986540658E+000
 0998  0.3127218986540658E+000
 0999  0.3127218986540658E+000
 1000  0.3127218986540658E+000
