 0001  0.9884127331462882E+000
 0002  0.9881324715410444E+000
 0003  0.9881324715410444E+000
 0004  0.9881324715410444E+000
 0005  0.9878081967867125E+000
 0006  0.9878081967867125E+000
 0007  0.9874420215309898E+000
 0008  0.9874420215309898E+000
 0009  0.9870843495567435E+000
 0010  0.9870843495567435E+000
 0011  0.9870843495567435E+000
 0012  0.9866769691164685E+000
 0013  0.9866769691164685E+000
 0014  0.9862790488199292E+000
 0015  0.9862790488199292E+000
 0016  0.9858317785139538E+000
 0017  0.9858317785139538E+000
 0018  0.9853320900499871E+000
 0019  0.9853320900499871E+000
 0020  0.9848440052965203E+000
 0021  0.9848440052965203E+000
 0022  0.9842950714676891E+000
 0023  0.9842950714676891E+000
 0024  0.9836900331758558E+000
 0025  0.9836900331758558E+000
 0026  0.9830242500277245E+000
 0027  0.9823922880243512E+000
 0028  0.9823922880243512E+000
 0029  0.9816898965996408E+000
 0030  0.9816898965996408E+000
 0031  0.9809133410546031E+000
 0032  0.9809133410546031E+000
 0033  0.9801548185969418E+000
 0034  0.9793472501190786E+000
 0035  0.9793472501190786E+000
 0036  0.9784209592795599E+000
 0037  0.9784209592795599E+000
 0038  0.9775161786639416E+000
 0039  0.9764374266315823E+000
 0040  0.9764374266315823E+000
 0041  0.9750482326797971E+000
 0042  0.9732998021608282E+000
 0043  0.9732998021608282E+000
 0044  0.9715919735028870E+000
 0045  0.9715919735028870E+000
 0046  0.9694509418070700E+000
 0047  0.9668673374635270E+000
 0048  0.9668673374635270E+000
 0049  0.9635982132390072E+000
 0050  0.9605596267120811E+000
 0051  0.9567932446026604E+000
 0052  0.9567932446026604E+000
 0053  0.9519839950865914E+000
 0054  0.9465076567786620E+000
 0055  0.9465076567786620E+000
 0056  0.9411584893960320E+000
 0057  0.9348759919368420E+000
 0058  0.9348759919368420E+000
 0059  0.9271432081361790E+000
 0060  0.9183452907993062E+000
 0061  0.9084722011935290E+000
 0062  0.9084722011935289E+000
 0063  0.8988283833876536E+000
 0064  0.8881587485837197E+000
 0065  0.8764178459497955E+000
 0066  0.8764178459497955E+000
 0067  0.8626818106313539E+000
 0068  0.8478978573812116E+000
 0069  0.8345112509435708E+000
 0070  0.8345112509435708E+000
 0071  0.8185987802134840E+000
 0072  0.8014800824403221E+000
 0073  0.7836227767734870E+000
 0074  0.7650535682102013E+000
 0075  0.7650535682102013E+000
 0076  0.7469155717638979E+000
 0077  0.7277161706332484E+000
 0078  0.7076533508415661E+000
 0079  0.6869328197555068E+000
 0080  0.6869328197555069E+000
 0081  0.6636659814269674E+000
 0082  0.6403508079894651E+000
 0083  0.6198762575123695E+000
 0084  0.5987893211325416E+000
 0085  0.5987893211325416E+000
 0086  0.5749309454173239E+000
 0087  0.5512485641865215E+000
 0088  0.5278848031638521E+000
 0089  0.5049206074035928E+000
 0090  0.4823996428556370E+000
 0091  0.4823996428556370E+000
 0092  0.4574786445583477E+000
 0093  0.4335324695965991E+000
 0094  0.4109426788564305E+000
 0095  0.3895935309955678E+000
 0096  0.3692508173164053E+000
 0097  0.3497488078062694E+000
 0098  0.3309690503483602E+000
 0099  0.3128258717043062E+000
 0100  0.2952563369691544E+000
 0101  0.2781443913735597E+000
 0102  0.2615865151579190E+000
 0103  0.2456531198842540E+000
 0104  0.2303933142506741E+000
 0105  0.2158388563429398E+000
 0106  0.2020074337559525E+000
 0107  0.1879446796137927E+000
 0108  0.1749466897540962E+000
 0109  0.1629247532643544E+000
 0110  0.1517987405055817E+000
 0111  0.1414974783568232E+000
 0112  0.1319573175280134E+000
 0113  0.1159873154729181E+000
 0114  0.1092528630390738E+000
 0115  0.1029049106637220E+000
 0116  0.9691495393230121E-001
 0117  0.9127604211176743E-001
 0118  0.8597883178670240E-001
 0119  0.8101217034384700E-001
 0120  0.7636358068582938E-001
 0121  0.7201966207086530E-001
 0122  0.6796641983193252E-001
 0123  0.6401429659085800E-001
 0124  0.6038093030198305E-001
 0125  0.5703972204808005E-001
 0126  0.5396649263906411E-001
 0127  0.5113922974586949E-001
 0128  0.4853786565010526E-001
 0129  0.4614408149911381E-001
 0130  0.4213970471057760E-001
 0131  0.4045820855900611E-001
 0132  0.3888784522903155E-001
 0133  0.3742253076668689E-001
 0134  0.3605634481235354E-001
 0135  0.3478355370497221E-001
 0136  0.3359862776126038E-001
 0137  0.3245923480983842E-001
 0138  0.3140827808051277E-001
 0139  0.3043875502531579E-001
 0140  0.2954424170236075E-001
 0141  0.2871829657106434E-001
 0142  0.2795571443956668E-001
 0143  0.2725167478562263E-001
 0144  0.2660171974891362E-001
 0145  0.2550520481418700E-001
 0146  0.2504136289537257E-001
 0147  0.2460824220752228E-001
 0148  0.2420397908082783E-001
 0149  0.2381682626858483E-001
 0150  0.2345777807276722E-001
 0151  0.2312462428921214E-001
 0152  0.2281550112470238E-001
 0153  0.2252867861591440E-001
 0154  0.2226255104787273E-001
 0155  0.2201562805587320E-001
 0156  0.2178652636235179E-001
 0157  0.2157396210360107E-001
 0158  0.2121104607785013E-001
 0159  0.2105580237461829E-001
 0160  0.2090717628173333E-001
 0161  0.2076854995055272E-001
 0162  0.2063925047805298E-001
 0163  0.2051865025500510E-001
 0164  0.2040616391592770E-001
 0165  0.2030124549449824E-001
 0166  0.2020338577065123E-001
 0167  0.2011210964596699E-001
 0168  0.2002697404377696E-001
 0169  0.1994754565953510E-001
 0170  0.1980914786087351E-001
 0171  0.1974888043334211E-001
 0172  0.1969239008252771E-001
 0173  0.1963943973937970E-001
 0174  0.1958980725292503E-001
 0175  0.1954328444749875E-001
 0176  0.1949967623995452E-001
 0177  0.1945879210503837E-001
 0178  0.1942046293140892E-001
 0179  0.1938395434193213E-001
 0180  0.1934981907554695E-001
 0181  0.1929045095025761E-001
 0182  0.1926460173203864E-001
 0183  0.1924025472058694E-001
 0184  0.1921732311369628E-001
 0185  0.1919572507313078E-001
 0186  0.1917538344556574E-001
 0187  0.1915622549879148E-001
 0188  0.1913792762925492E-001
 0189  0.1912073212852733E-001
 0190  0.1909051626411729E-001
 0191  0.1907722787875010E-001
 0192  0.1906466269523754E-001
 0193  0.1905278151166001E-001
 0194  0.1904154723058316E-001
 0195  0.1903079036162897E-001
 0196  0.1902063663811004E-001
 0197  0.1901105170385498E-001
 0198  0.1900200318784179E-001
 0199  0.1899346059086898E-001
 0200  0.1897831531013516E-001
 0201  0.1897159577785351E-001
 0202  0.1896514539725325E-001
 0203  0.1895903287444356E-001
 0204  0.1895324025521128E-001
 0205  0.1894775055346842E-001
 0206  0.1894254769828235E-001
 0207  0.1893761612221967E-001
 0208  0.1892876031040963E-001
 0209  0.1892478440896778E-001
 0210  0.1892100359616777E-001
 0211  0.1891740795212143E-001
 0212  0.1891398831133045E-001
 0213  0.1891073596585779E-001
 0214  0.1890764264283762E-001
 0215  0.1890467237745797E-001
 0216  0.1889933622699635E-001
 0217  0.1889693803531500E-001
 0218  0.1889465025229398E-001
 0219  0.1889246774440684E-001
 0220  0.1889038561900441E-001
 0221  0.1888838149965483E-001
 0222  0.1888647127944487E-001
 0223  0.1888301764650396E-001
 0224  0.1888145567886462E-001
 0225  0.1887996146849052E-001
 0226  0.1887852032437759E-001
 0227  0.1887714285337377E-001
 0228  0.1887582613875127E-001
 0229  0.1887456745286659E-001
 0230  0.1887227869365304E-001
 0231  0.1887122973024774E-001
 0232  0.1887022453943282E-001
 0233  0.1886926126387911E-001
 0234  0.1886833812623584E-001
 0235  0.1886745339800761E-001
 0236  0.1886660545616153E-001
 0237  0.1886504500892117E-001
 0238  0.1886433240471708E-001
 0239  0.1886364791620931E-001
 0240  0.1886299041772133E-001
 0241  0.1886235456223528E-001
 0242  0.1886174411286895E-001
 0243  0.1886062423002122E-001
 0244  0.1886011041206609E-001
 0245  0.1885961267566549E-001
 0246  0.1885913382322174E-001
 0247  0.1885867311338574E-001
 0248  0.1885822984490448E-001
 0249  0.1885741080550518E-001
 0250  0.1885703242654796E-001
 0251  0.1885666768663169E-001
 0252  0.1885631607807925E-001
 0253  0.1885597519163340E-001
 0254  0.1885564671298989E-001
 0255  0.1885503954410161E-001
 0256  0.1885475888373495E-001
 0257  0.1885448636757631E-001
 0258  0.1885422329593633E-001
 0259  0.1885396933390987E-001
 0260  0.1885349703953582E-001
 0261  0.1885327743677290E-001
 0262  0.1885306509283663E-001
 0263  0.1885285976256129E-001
 0264  0.1885266022761167E-001
 0265  0.1885228903825176E-001
 0266  0.1885211636633333E-001
 0267  0.1885194835389331E-001
 0268  0.1885178569203633E-001
 0269  0.1885162820614833E-001
 0270  0.1885133368735009E-001
 0271  0.1885119597876028E-001
 0272  0.1885106246490142E-001
 0273  0.1885093245423752E-001
 0274  0.1885068926457467E-001
 0275  0.1885057551739050E-001
 0276  0.1885046462844325E-001
 0277  0.1885035700068255E-001
 0278  0.1885025253483996E-001
 0279  0.1885005584220628E-001
 0280  0.1884996363099994E-001
 0281  0.1884987401925858E-001
 0282  0.1884978659533226E-001
 0283  0.1884962227805409E-001
 0284  0.1884954476702744E-001
 0285  0.1884946937012066E-001
 0286  0.1884939602767016E-001
 0287  0.1884925737592530E-001
 0288  0.1884919208406527E-001
 0289  0.1884912828305069E-001
 0290  0.1884906616458198E-001
 0291  0.1884894872955206E-001
 0292  0.1884889322325634E-001
 0293  0.1884883912580093E-001
 0294  0.1884878622944275E-001
 0295  0.1884868606084183E-001
 0296  0.1884863863617797E-001
 0297  0.1884859237769276E-001
 0298  0.1884850448606717E-001
 0299  0.1884846286518488E-001
 0300  0.1884842211128412E-001
 0301  0.1884838232877073E-001
 0302  0.1884830663434556E-001
 0303  0.1884827073175982E-001
 0304  0.1884823555738752E-001
 0305  0.1884816862970945E-001
 0306  0.1884813679151431E-001
 0307  0.1884810558303573E-001
 0308  0.1884807507456043E-001
 0309  0.1884801694450755E-001
 0310  0.1884798925316261E-001
 0311  0.1884796209474787E-001
 0312  0.1884791028095167E-001
 0313  0.1884788556666317E-001
 0314  0.1884786131603666E-001
 0315  0.1884781499244409E-001
 0316  0.1884779286962013E-001
 0317  0.1884777115157138E-001
 0318  0.1884772961728243E-001
 0319  0.1884770975865446E-001
 0320  0.1884769025461713E-001
 0321  0.1884765291282942E-001
 0322  0.1884763503884213E-001
 0323  0.1884761747629232E-001
 0324  0.1884758381555812E-001
 0325  0.1884756765556589E-001
 0326  0.1884753665182626E-001
 0327  0.1884752178080540E-001
 0328  0.1884750715687561E-001
 0329  0.1884747904795214E-001
 0330  0.1884746554142963E-001
 0331  0.1884745227786899E-001
 0332  0.1884742673968715E-001
 0333  0.1884741446784816E-001
 0334  0.1884739081971770E-001
 0335  0.1884737944587650E-001
 0336  0.1884736824909944E-001
 0337  0.1884734667357746E-001
 0338  0.1884733628024476E-001
 0339  0.1884731622280833E-001
 0340  0.1884730656021233E-001
 0341  0.1884728789899598E-001
 0342  0.1884727888969073E-001
 0343  0.1884727002421366E-001
 0344  0.1884725289153316E-001
 0345  0.1884724461482262E-001
 0346  0.1884722861028482E-001
 0347  0.1884722088309287E-001
 0348  0.1884720593087347E-001
 0349  0.1884719869812024E-001
 0350  0.1884718469459346E-001
 0351  0.1884717791680718E-001
 0352  0.1884716478673576E-001
 0353  0.1884715842808310E-001
 0354  0.1884714610317001E-001
 0355  0.1884714013113598E-001
 0356  0.1884712854938442E-001
 0357  0.1884712293441276E-001
 0358  0.1884711203940093E-001
 0359  0.1884710675457568E-001
 0360  0.1884709649059979E-001
 0361  0.1884709150732350E-001
 0362  0.1884708182871908E-001
 0363  0.1884707712938577E-001
 0364  0.1884706799079744E-001
 0365  0.1884705925337538E-001
 0366  0.1884705500547978E-001
 0367  0.1884704674089499E-001
 0368  0.1884704272122845E-001
 0369  0.1884703489495881E-001
 0370  0.1884702739516680E-001
 0371  0.1884702374341712E-001
 0372  0.1884701663030097E-001
 0373  0.1884701316458620E-001
 0374  0.1884700641146170E-001
 0375  0.1884699992540123E-001
 0376  0.1884699676310714E-001
 0377  0.1884699059380968E-001
 0378  0.1884698466268236E-001
 0379  0.1884698176914174E-001
 0380  0.1884697612066533E-001
 0381  0.1884697068389996E-001
 0382  0.1884696802939406E-001
 0383  0.1884696284354159E-001
 0384  0.1884695784587687E-001
 0385  0.1884695302760347E-001
 0386  0.1884695067242331E-001
 0387  0.1884694606634701E-001
 0388  0.1884694162168898E-001
 0389  0.1884693733055304E-001
 0390  0.1884693523080261E-001
 0391  0.1884693112109104E-001
 0392  0.1884692714902736E-001
 0393  0.1884692330846383E-001
 0394  0.1884691959398815E-001
 0395  0.1884691599920069E-001
 0396  0.1884691423794987E-001
 0397  0.1884691078545925E-001
 0398  0.1884690744172662E-001
 0399  0.1884690420220148E-001
 0400  0.1884690106238462E-001
 0401  0.1884689801802181E-001
 0402  0.1884689506516213E-001
 0403  0.1884689220005198E-001
 0404  0.1884688941909596E-001
 0405  0.1884688671947932E-001
 0406  0.1884688410158025E-001
 0407  0.1884688156266567E-001
 0408  0.1884687909949562E-001
 0409  0.1884687670899809E-001
 0410  0.1884687438825577E-001
 0411  0.1884687213450115E-001
 0412  0.1884686994510443E-001
 0413  0.1884686781756517E-001
 0414  0.1884686574950589E-001
 0415  0.1884686373866523E-001
 0416  0.1884686083516229E-001
 0417  0.1884685897119875E-001
 0418  0.1884685715675427E-001
 0419  0.1884685539003944E-001
 0420  0.1884685366934569E-001
 0421  0.1884685117944429E-001
 0422  0.1884684957762867E-001
 0423  0.1884684801597569E-001
 0424  0.1884684575327999E-001
 0425  0.1884684429577960E-001
 0426  0.1884684287350608E-001
 0427  0.1884684081028359E-001
 0428  0.1884683947970589E-001
 0429  0.1884683754787342E-001
 0430  0.1884683630099793E-001
 0431  0.1884683448924507E-001
 0432  0.1884683331895587E-001
 0433  0.1884683161719830E-001
 0434  0.1884683051714231E-001
 0435  0.1884682891636386E-001
 0436  0.1884682737599280E-001
 0437  0.1884682637910845E-001
 0438  0.1884682492684026E-001
 0439  0.1884682352746841E-001
 0440  0.1884682217837141E-001
 0441  0.1884682087709583E-001
 0442  0.1884681962133988E-001
 0443  0.1884681840894509E-001
 0444  0.1884681723788351E-001
 0445  0.1884681610624866E-001
 0446  0.1884681501224728E-001
 0447  0.1884681395419024E-001
 0448  0.1884681293048568E-001
 0449  0.1884681193963128E-001
 0450  0.1884681066944011E-001
 0451  0.1884680975316355E-001
 0452  0.1884680886515544E-001
 0453  0.1884680772511660E-001
 0454  0.1884680663441135E-001
 0455  0.1884680584602355E-001
 0456  0.1884680483233342E-001
 0457  0.1884680386083859E-001
 0458  0.1884680292922547E-001
 0459  0.1884680203534139E-001
 0460  0.1884680117718357E-001
 0461  0.1884680035288366E-001
 0462  0.1884679956070007E-001
 0463  0.1884679879900392E-001
 0464  0.1884679788854843E-001
 0465  0.1884679702263697E-001
 0466  0.1884679635946213E-001
 0467  0.1884679556531849E-001
 0468  0.1884679480853840E-001
 0469  0.1884679394739008E-001
 0470  0.1884679326646194E-001
 0471  0.1884679249045051E-001
 0472  0.1884679187595067E-001
 0473  0.1884679117468097E-001
 0474  0.1884679040433990E-001
 0475  0.1884678978217103E-001
 0476  0.1884678909754822E-001
 0477  0.1884678845464416E-001
 0478  0.1884678785038835E-001
 0479  0.1884678720396160E-001
 0480  0.1884678652924837E-001
 0481  0.1884678597228712E-001
 0482  0.1884678532800854E-001
 0483  0.1884678473681434E-001
 0484  0.1884678419365310E-001
 0485  0.1884678359948289E-001
 0486  0.1884678301988374E-001
 0487  0.1884678246196336E-001
 0488  0.1884678193145684E-001
 0489  0.1884678137510160E-001
 0490  0.1884678086967967E-001
 0491  0.1884678033245563E-001
 0492  0.1884677982310851E-001
 0493  0.1884677931438622E-001
 0494  0.1884677904660842E-001
 0495  0.1884677904660842E-001
 0496  0.1884677904660842E-001
 0497  0.1884677904660842E-001
 0498  0.1884677904660842E-001
 0499  0.1884677904660842E-001
 0500  0.1884677904660842E-001
 0501  0.1884677904660842E-001
 0502  0.1884677904660842E-001
 0503  0.1884677904660842E-001
 0504  0.1884677904660842E-001
 0505  0.1884677904660842E-001
 0506  0.1884677904660842E-001
 0507  0.1884677904660842E-001
 0508  0.1884677904660842E-001
 0509  0.1884677904660842E-001
 0510  0.1884677904660842E-001
 0511  0.1884677904660842E-001
 0512  0.1884677904660842E-001
 0513  0.1884677904660842E-001
 0514  0.1884677904660842E-001
 0515  0.1884677904660842E-001
 0516  0.1884677904660842E-001
 0517  0.1884677904660842E-001
 0518  0.1884677904660842E-001
 0519  0.1884677904660842E-001
 0520  0.1884677904660842E-001
 0521  0.1884677904660842E-001
 0522  0.1884677904660842E-001
 0523  0.1884677904660842E-001
 0524  0.1884677904660842E-001
 0525  0.1884677904660842E-001
 0526  0.1884677904660842E-001
 0527  0.1884677904660842E-001
 0528  0.1884677904660842E-001
 0529  0.1884677904660842E-001
 0530  0.1884677904660842E-001
 0531  0.1884677904660842E-001
 0532  0.1884677904660842E-001
 0533  0.1884677904660842E-001
 0534  0.1884677904660842E-001
 0535  0.1884677904660842E-001
 0536  0.1884677904660842E-001
 0537  0.1884677904660842E-001
 0538  0.1884677904660842E-001
 0539  0.1884677904660842E-001
 0540  0.1884677904660842E-001
 0541  0.1884677904660842E-001
 0542  0.1884677904660842E-001
 0543  0.1884677904660842E-001
 0544  0.1884677904660842E-001
 0545  0.1884677904660842E-001
 0546  0.1884677904660842E-001
 0547  0.1884677904660842E-001
 0548  0.1884677904660842E-001
 0549  0.1884677904660842E-001
 0550  0.1884677904660842E-001
 0551  0.1884677904660842E-001
 0552  0.1884677904660842E-001
 0553  0.1884677904660842E-001
 0554  0.1884677904660842E-001
 0555  0.1884677904660842E-001
 0556  0.1884677904660842E-001
 0557  0.1884677904660842E-001
 0558  0.1884677904660842E-001
 0559  0.1884677904660842E-001
 0560  0.1884677904660842E-001
 0561  0.1884677904660842E-001
 0562  0.1884677904660842E-001
 0563  0.1884677904660842E-001
 0564  0.1884677904660842E-001
 0565  0.1884677904660842E-001
 0566  0.1884677904660842E-001
 0567  0.1884677904660842E-001
 0568  0.1884677904660842E-001
 0569  0.1884677904660842E-001
 0570  0.1884677904660842E-001
 0571  0.1884677904660842E-001
 0572  0.1884677904660842E-001
 0573  0.1884677904660842E-001
 0574  0.1884677904660842E-001
 0575  0.1884677904660842E-001
 0576  0.1884677904660842E-001
 0577  0.1884677904660842E-001
 0578  0.1884677904660842E-001
 0579  0.1884677904660842E-001
 0580  0.1884677904660842E-001
 0581  0.1884677904660842E-001
 0582  0.1884677904660842E-001
 0583  0.1884677904660842E-001
 0584  0.1884677904660842E-001
 0585  0.1884677904660842E-001
 0586  0.1884677904660842E-001
 0587  0.1884677904660842E-001
 0588  0.1884677904660842E-001
 0589  0.1884677904660842E-001
 0590  0.1884677904660842E-001
 0591  0.1884677904660842E-001
 0592  0.1884677904660842E-001
 0593  0.1884677904660842E-001
 0594  0.1884677904660842E-001
 0595  0.1884677904660842E-001
 0596  0.1884677904660842E-001
 0597  0.1884677904660842E-001
 0598  0.1884677904660842E-001
 0599  0.1884677904660842E-001
 0600  0.1884677904660842E-001
 0601  0.1884677904660842E-001
 0602  0.1884677904660842E-001
 0603  0.1884677904660842E-001
 0604  0.1884677904660842E-001
 0605  0.1884677904660842E-001
 0606  0.1884677904660842E-001
 0607  0.1884677904660842E-001
 0608  0.1884677904660842E-001
 0609  0.1884677904660842E-001
 0610  0.1884677904660842E-001
 0611  0.1884677904660842E-001
 0612  0.1884677904660842E-001
 0613  0.1884677904660842E-001
 0614  0.1884677904660842E-001
 0615  0.1884677904660842E-001
 0616  0.1884677904660842E-001
 0617  0.1884677904660842E-001
 0618  0.1884677904660842E-001
 0619  0.1884677904660842E-001
 0620  0.1884677904660842E-001
 0621  0.1884677904660842E-001
 0622  0.1884677904660842E-001
 0623  0.1884677904660842E-001
 0624  0.1884677904660842E-001
 0625  0.1884677904660842E-001
 0626  0.1884677904660842E-001
 0627  0.1884677904660842E-001
 0628  0.1884677904660842E-001
 0629  0.1884677904660842E-001
 0630  0.1884677904660842E-001
 0631  0.1884677904660842E-001
 0632  0.1884677904660842E-001
 0633  0.1884677904660842E-001
 0634  0.1884677904660842E-001
 0635  0.1884677904660842E-001
 0636  0.1884677904660842E-001
 0637  0.1884677904660842E-001
 0638  0.1884677904660842E-001
 0639  0.1884677904660842E-001
 0640  0.1884677904660842E-001
 0641  0.1884677904660842E-001
 0642  0.1884677904660842E-001
 0643  0.1884677904660842E-001
 0644  0.1884677904660842E-001
 0645  0.1884677904660842E-001
 0646  0.1884677904660842E-001
 0647  0.1884677904660842E-001
 0648  0.1884677904660842E-001
 0649  0.1884677904660842E-001
 0650  0.1884677904660842E-001
 0651  0.1884677904660842E-001
 0652  0.1884677904660842E-001
 0653  0.1884677904660842E-001
 0654  0.1884677904660842E-001
 0655  0.1884677904660842E-001
 0656  0.1884677904660842E-001
 0657  0.1884677904660842E-001
 0658  0.1884677904660842E-001
 0659  0.1884677904660842E-001
 0660  0.1884677904660842E-001
 0661  0.1884677904660842E-001
 0662  0.1884677904660842E-001
 0663  0.1884677904660842E-001
 0664  0.1884677904660842E-001
 0665  0.1884677904660842E-001
 0666  0.1884677904660842E-001
 0667  0.1884677904660842E-001
 0668  0.1884677904660842E-001
 0669  0.1884677904660842E-001
 0670  0.1884677904660842E-001
 0671  0.1884677904660842E-001
 0672  0.1884677904660842E-001
 0673  0.1884677904660842E-001
 0674  0.1884677904660842E-001
 0675  0.1884677904660842E-001
 0676  0.1884677904660842E-001
 0677  0.1884677904660842E-001
 0678  0.1884677904660842E-001
 0679  0.1884677904660842E-001
 0680  0.1884677904660842E-001
 0681  0.1884677904660842E-001
 0682  0.1884677904660842E-001
 0683  0.1884677904660842E-001
 0684  0.1884677904660842E-001
 0685  0.1884677904660842E-001
 0686  0.1884677904660842E-001
 0687  0.1884677904660842E-001
 0688  0.1884677904660842E-001
 0689  0.1884677904660842E-001
 0690  0.1884677904660842E-001
 0691  0.1884677904660842E-001
 0692  0.1884677904660842E-001
 0693  0.1884677904660842E-001
 0694  0.1884677904660842E-001
 0695  0.1884677904660842E-001
 0696  0.1884677904660842E-001
 0697  0.1884677904660842E-001
 0698  0.1884677904660842E-001
 0699  0.1884677904660842E-001
 0700  0.1884677904660842E-001
 0701  0.1884677904660842E-001
 0702  0.1884677904660842E-001
 0703  0.1884677904660842E-001
 0704  0.1884677904660842E-001
 0705  0.1884677904660842E-001
 0706  0.1884677904660842E-001
 0707  0.1884677904660842E-001
 0708  0.1884677904660842E-001
 0709  0.1884677904660842E-001
 0710  0.1884677904660842E-001
 0711  0.1884677904660842E-001
 0712  0.1884677904660842E-001
 0713  0.1884677904660842E-001
 0714  0.1884677904660842E-001
 0715  0.1884677904660842E-001
 0716  0.1884677904660842E-001
 0717  0.1884677904660842E-001
 0718  0.1884677904660842E-001
 0719  0.1884677904660842E-001
 0720  0.1884677904660842E-001
 0721  0.1884677904660842E-001
 0722  0.1884677904660842E-001
 0723  0.1884677904660842E-001
 0724  0.1884677904660842E-001
 0725  0.1884677904660842E-001
 0726  0.1884677904660842E-001
 0727  0.1884677904660842E-001
 0728  0.1884677904660842E-001
 0729  0.1884677904660842E-001
 0730  0.1884677904660842E-001
 0731  0.1884677904660842E-001
 0732  0.1884677904660842E-001
 0733  0.1884677904660842E-001
 0734  0.1884677904660842E-001
 0735  0.1884677904660842E-001
 0736  0.1884677904660842E-001
 0737  0.1884677904660842E-001
 0738  0.1884677904660842E-001
 0739  0.1884677904660842E-001
 0740  0.1884677904660842E-001
 0741  0.1884677904660842E-001
 0742  0.1884677904660842E-001
 0743  0.1884677904660842E-001
 0744  0.1884677904660842E-001
 0745  0.1884677904660842E-001
 0746  0.1884677904660842E-001
 0747  0.1884677904660842E-001
 0748  0.1884677904660842E-001
 0749  0.1884677904660842E-001
 0750  0.1884677904660842E-001
 0751  0.1884677904660842E-001
 0752  0.1884677904660842E-001
 0753  0.1884677904660842E-001
 0754  0.1884677904660842E-001
 0755  0.1884677904660842E-001
 0756  0.1884677904660842E-001
 0757  0.1884677904660842E-001
 0758  0.1884677904660842E-001
 0759  0.1884677904660842E-001
 0760  0.1884677904660842E-001
 0761  0.1884677904660842E-001
 0762  0.1884677904660842E-001
 0763  0.1884677904660842E-001
 0764  0.1884677904660842E-001
 0765  0.1884677904660842E-001
 0766  0.1884677904660842E-001
 0767  0.1884677904660842E-001
 0768  0.1884677904660842E-001
 0769  0.1884677904660842E-001
 0770  0.1884677904660842E-001
 0771  0.1884677904660842E-001
 0772  0.1884677904660842E-001
 0773  0.1884677904660842E-001
 0774  0.1884677904660842E-001
 0775  0.1884677904660842E-001
 0776  0.1884677904660842E-001
 0777  0.1884677904660842E-001
 0778  0.1884677904660842E-001
 0779  0.1884677904660842E-001
 0780  0.1884677904660842E-001
 0781  0.1884677904660842E-001
 0782  0.1884677904660842E-001
 0783  0.1884677904660842E-001
 0784  0.1884677904660842E-001
 0785  0.1884677904660842E-001
 0786  0.1884677904660842E-001
 0787  0.1884677904660842E-001
 0788  0.1884677904660842E-001
 0789  0.1884677904660842E-001
 0790  0.1884677904660842E-001
 0791  0.1884677904660842E-001
 0792  0.1884677904660842E-001
 0793  0.1884677904660842E-001
 0794  0.1884677904660842E-001
 0795  0.1884677904660842E-001
 0796  0.1884677904660842E-001
 0797  0.1884677904660842E-001
 0798  0.1884677904660842E-001
 0799  0.1884677904660842E-001
 0800  0.1884677904660842E-001
 0801  0.1884677904660842E-001
 0802  0.1884677904660842E-001
 0803  0.1884677904660842E-001
 0804  0.1884677904660842E-001
 0805  0.1884677904660842E-001
 0806  0.1884677904660842E-001
 0807  0.1884677904660842E-001
 0808  0.1884677904660842E-001
 0809  0.1884677904660842E-001
 0810  0.1884677904660842E-001
 0811  0.1884677904660842E-001
 0812  0.1884677904660842E-001
 0813  0.1884677904660842E-001
 0814  0.1884677904660842E-001
 0815  0.1884677904660842E-001
 0816  0.1884677904660842E-001
 0817  0.1884677904660842E-001
 0818  0.1884677904660842E-001
 0819  0.1884677904660842E-001
 0820  0.1884677904660842E-001
 0821  0.1884677904660842E-001
 0822  0.1884677904660842E-001
 0823  0.1884677904660842E-001
 0824  0.1884677904660842E-001
 0825  0.1884677904660842E-001
 0826  0.1884677904660842E-001
 0827  0.1884677904660842E-001
 0828  0.1884677904660842E-001
 0829  0.1884677904660842E-001
 0830  0.1884677904660842E-001
 0831  0.1884677904660842E-001
 0832  0.1884677904660842E-001
 0833  0.1884677904660842E-001
 0834  0.1884677904660842E-001
 0835  0.1884677904660842E-001
 0836  0.1884677904660842E-001
 0837  0.1884677904660842E-001
 0838  0.1884677904660842E-001
 0839  0.1884677904660842E-001
 0840  0.1884677904660842E-001
 0841  0.1884677904660842E-001
 0842  0.1884677904660842E-001
 0843  0.1884677904660842E-001
 0844  0.1884677904660842E-001
 0845  0.1884677904660842E-001
 0846  0.1884677904660842E-001
 0847  0.1884677904660842E-001
 0848  0.1884677904660842E-001
 0849  0.1884677904660842E-001
 0850  0.1884677904660842E-001
 0851  0.1884677904660842E-001
 0852  0.1884677904660842E-001
 0853  0.1884677904660842E-001
 0854  0.1884677904660842E-001
 0855  0.1884677904660842E-001
 0856  0.1884677904660842E-001
 0857  0.1884677904660842E-001
 0858  0.1884677904660842E-001
 0859  0.1884677904660842E-001
 0860  0.1884677904660842E-001
 0861  0.1884677904660842E-001
 0862  0.1884677904660842E-001
 0863  0.1884677904660842E-001
 0864  0.1884677904660842E-001
 0865  0.1884677904660842E-001
 0866  0.1884677904660842E-001
 0867  0.1884677904660842E-001
 0868  0.1884677904660842E-001
 0869  0.1884677904660842E-001
 0870  0.1884677904660842E-001
 0871  0.1884677904660842E-001
 0872  0.1884677904660842E-001
 0873  0.1884677904660842E-001
 0874  0.1884677904660842E-001
 0875  0.1884677904660842E-001
 0876  0.1884677904660842E-001
 0877  0.1884677904660842E-001
 0878  0.1884677904660842E-001
 0879  0.1884677904660842E-001
 0880  0.1884677904660842E-001
 0881  0.1884677904660842E-001
 0882  0.1884677904660842E-001
 0883  0.1884677904660842E-001
 0884  0.1884677904660842E-001
 0885  0.1884677904660842E-001
 0886  0.1884677904660842E-001
 0887  0.1884677904660842E-001
 0888  0.1884677904660842E-001
 0889  0.1884677904660842E-001
 0890  0.1884677904660842E-001
 0891  0.1884677904660842E-001
 0892  0.1884677904660842E-001
 0893  0.1884677904660842E-001
 0894  0.1884677904660842E-001
 0895  0.1884677904660842E-001
 0896  0.1884677904660842E-001
 0897  0.1884677904660842E-001
 0898  0.1884677904660842E-001
 0899  0.1884677904660842E-001
 0900  0.1884677904660842E-001
 0901  0.1884677904660842E-001
 0902  0.1884677904660842E-001
 0903  0.1884677904660842E-001
 0904  0.1884677904660842E-001
 0905  0.1884677904660842E-001
 0906  0.1884677904660842E-001
 0907  0.1884677904660842E-001
 0908  0.1884677904660842E-001
 0909  0.1884677904660842E-001
 0910  0.1884677904660842E-001
 0911  0.1884677904660842E-001
 0912  0.1884677904660842E-001
 0913  0.1884677904660842E-001
 0914  0.1884677904660842E-001
 0915  0.1884677904660842E-001
 0916  0.1884677904660842E-001
 0917  0.1884677904660842E-001
 0918  0.1884677904660842E-001
 0919  0.1884677904660842E-001
 0920  0.1884677904660842E-001
 0921  0.1884677904660842E-001
 0922  0.1884677904660842E-001
 0923  0.1884677904660842E-001
 0924  0.1884677904660842E-001
 0925  0.1884677904660842E-001
 0926  0.1884677904660842E-001
 0927  0.1884677904660842E-001
 0928  0.1884677904660842E-001
 0929  0.1884677904660842E-001
 0930  0.1884677904660842E-001
 0931  0.1884677904660842E-001
 0932  0.1884677904660842E-001
 0933  0.1884677904660842E-001
 0934  0.1884677904660842E-001
 0935  0.1884677904660842E-001
 0936  0.1884677904660842E-001
 0937  0.1884677904660842E-001
 0938  0.1884677904660842E-001
 0939  0.1884677904660842E-001
 0940  0.1884677904660842E-001
 0941  0.1884677904660842E-001
 0942  0.1884677904660842E-001
 0943  0.1884677904660842E-001
 0944  0.1884677904660842E-001
 0945  0.1884677904660842E-001
 0946  0.1884677904660842E-001
 0947  0.1884677904660842E-001
 0948  0.1884677904660842E-001
 0949  0.1884677904660842E-001
 0950  0.1884677904660842E-001
 0951  0.1884677904660842E-001
 0952  0.1884677904660842E-001
 0953  0.1884677904660842E-001
 0954  0.1884677904660842E-001
 0955  0.1884677904660842E-001
 0956  0.1884677904660842E-001
 0957  0.1884677904660842E-001
 0958  0.1884677904660842E-001
 0959  0.1884677904660842E-001
 0960  0.1884677904660842E-001
 0961  0.1884677904660842E-001
 0962  0.1884677904660842E-001
 0963  0.1884677904660842E-001
 0964  0.1884677904660842E-001
 0965  0.1884677904660842E-001
 0966  0.1884677904660842E-001
 0967  0.1884677904660842E-001
 0968  0.1884677904660842E-001
 0969  0.1884677904660842E-001
 0970  0.1884677904660842E-001
 0971  0.1884677904660842E-001
 0972  0.1884677904660842E-001
 0973  0.1884677904660842E-001
 0974  0.1884677904660842E-001
 0975  0.1884677904660842E-001
 0976  0.1884677904660842E-001
 0977  0.1884677904660842E-001
 0978  0.1884677904660842E-001
 0979  0.1884677904660842E-001
 0980  0.1884677904660842E-001
 0981  0.1884677904660842E-001
 0982  0.1884677904660842E-001
 0983  0.1884677904660842E-001
 0984  0.1884677904660842E-001
 0985  0.1884677904660842E-001
 0986  0.1884677904660842E-001
 0987  0.1884677904660842E-001
 0988  0.1884677904660842E-001
 0989  0.1884677904660842E-001
 0990  0.1884677904660842E-001
 0991  0.1884677904660842E-001
 0992  0.1884677904660842E-001
 0993  0.1884677904660842E-001
 0994  0.1884677904660842E-001
 0995  0.1884677904660842E-001
 0996  0.1884677904660842E-001
 0997  0.1884677904660842E-001
 0998  0.1884677904660842E-001
 0999  0.1884677904660842E-001
 1000  0.1884677904660842E-001
