 0001  0.2784488000000000E+034
 0002  0.2797274900795710E+034
 0003  0.2810365796940526E+034
 0004  0.2823767915609644E+034
 0005  0.2837488655796880E+034
 0006  0.2851535592399482E+034
 0007  0.2865916480400049E+034
 0008  0.2880639259147874E+034
 0009  0.2895712056742076E+034
 0010  0.2911143194518925E+034
 0011  0.2926941191645863E+034
 0012  0.2943114769824729E+034
 0013  0.2959672858106810E+034
 0014  0.2976624597822357E+034
 0015  0.2993979347627299E+034
 0016  0.3011746688669936E+034
 0017  0.3029936429880464E+034
 0018  0.3048558613386258E+034
 0019  0.3067623520055887E+034
 0020  0.3087141675174947E+034
 0021  0.3107123854256819E+034
 0022  0.3127581088991575E+034
 0023  0.3148524673336316E+034
 0024  0.3169966169750299E+034
 0025  0.3191917415578299E+034
 0026  0.3214390529585725E+034
 0027  0.3237397918649110E+034
 0028  0.3260952284605649E+034
 0029  0.3285066631265590E+034
 0030  0.3309754271591325E+034
 0031  0.3335028835047167E+034
 0032  0.3360904275123857E+034
 0033  0.3387394877041952E+034
 0034  0.3414515265638363E+034
 0035  0.3442280413440381E+034
 0036  0.3470705648931659E+034
 0037  0.3499806665014700E+034
 0038  0.3529599527674548E+034
 0039  0.3560100684848431E+034
 0040  0.3591326975506284E+034
 0041  0.3623295638947146E+034
 0042  0.3656024324316574E+034
 0043  0.3689531100350313E+034
 0044  0.3723834465349626E+034
 0045  0.3758953357393766E+034
 0046  0.3794907164795248E+034
 0047  0.3831715736803673E+034
 0048  0.3869399394564034E+034
 0049  0.3907978942335543E+034
 0050  0.3947475678977168E+034
 0051  0.3987911409706235E+034
 0052  0.4029308458136571E+034
 0053  0.4071689678602848E+034
 0054  0.4115078468777920E+034
 0055  0.4159498782590131E+034
 0056  0.4204975143447706E+034
 0057  0.4251532657777557E+034
 0058  0.4299197028885940E+034
 0059  0.4347994571148651E+034
 0060  0.4397952224538570E+034
 0061  0.4449097569498585E+034
 0062  0.4501458842168107E+034
 0063  0.4555064949971571E+034
 0064  0.4609945487577552E+034
 0065  0.4666130753237277E+034
 0066  0.4723651765511576E+034
 0067  0.4782540280395501E+034
 0068  0.4842828808850066E+034
 0069  0.4904550634750773E+034
 0070  0.4967739833262861E+034
 0071  0.5032431289653400E+034
 0072  0.5098660718550627E+034
 0073  0.5166464683661148E+034
 0074  0.5235880617955896E+034
 0075  0.5306946844335997E+034
 0076  0.5379702596789941E+034
 0077  0.5454188042053736E+034
 0078  0.5530444301786021E+034
 0079  0.5608513475270364E+034
 0080  0.5688438662657284E+034
 0081  0.5770263988758825E+034
 0082  0.5854034627408830E+034
 0083  0.5939796826402345E+034
 0084  0.6027597933027941E+034
 0085  0.6117486420207033E+034
 0086  0.6209511913254635E+034
 0087  0.6303725217276336E+034
 0088  0.6400178345216590E+034
 0089  0.6498924546573837E+034
 0090  0.6600018336798320E+034
 0091  0.6703515527388740E+034
 0092  0.6809473256704498E+034
 0093  0.6917950021510427E+034
 0094  0.7029005709271481E+034
 0095  0.7142701631215183E+034
 0096  0.7259100556180125E+034
 0097  0.7378266745269151E+034
 0098  0.7500265987326392E+034
 0099  0.7625165635257755E+034
 0100  0.7753034643214866E+034
 0101  0.7880903651171951E+034
 0102  0.8007793901646358E+034
 0103  0.8133712886415978E+034
 0104  0.8258668039913840E+034
 0105  0.8382666739667028E+034
 0106  0.8505716306732259E+034
 0107  0.8627824006128124E+034
 0108  0.8748997047264032E+034
 0109  0.8869242584365866E+034
 0110  0.8988567716898363E+034
 0111  0.9106979489984295E+034
 0112  0.9224484894820408E+034
 0113  0.9341090869090204E+034
 0114  0.9456804297373539E+034
 0115  0.9571632011553113E+034
 0116  0.9685580791217824E+034
 0117  0.9798657364063045E+034
 0118  0.9910868406287838E+034
 0119  0.1002222054298912E+035
 0120  0.1013272034855285E+035
 0121  0.1024237434704212E+035
 0122  0.1035118901258243E+035
 0123  0.1045917076974387E+035
 0124  0.1056632599392045E+035
 0125  0.1067266101170654E+035
 0126  0.1077818210127034E+035
 0127  0.1088289549272461E+035
 0128  0.1098680736849450E+035
 0129  0.1108992386368252E+035
 0130  0.1119225106643081E+035
 0131  0.1129379501828060E+035
 0132  0.1139456171452886E+035
 0133  0.1149455710458232E+035
 0134  0.1159378709230871E+035
 0135  0.1169225753638533E+035
 0136  0.1178997425064497E+035
 0137  0.1188694300441915E+035
 0138  0.1198316952287876E+035
 0139  0.1207865948737208E+035
 0140  0.1217341853576021E+035
 0141  0.1226745226274993E+035
 0142  0.1236076622022405E+035
 0143  0.1245336591756918E+035
 0144  0.1254525682200099E+035
 0145  0.1263644435888704E+035
 0146  0.1272693391206709E+035
 0147  0.1281673082417096E+035
 0148  0.1290584039693398E+035
 0149  0.1299426789150998E+035
 0150  0.1308201852878197E+035
 0151  0.1316909748967034E+035
 0152  0.1325550991543876E+035
 0153  0.1334126090799776E+035
 0154  0.1342635553020590E+035
 0155  0.1351079880616874E+035
 0156  0.1359459572153541E+035
 0157  0.1367775122379306E+035
 0158  0.1376027022255887E+035
 0159  0.1384215758986999E+035
 0160  0.1392341816047112E+035
 0161  0.1400405673210007E+035
 0162  0.1408407806577091E+035
 0163  0.1416348688605514E+035
 0164  0.1424228788136061E+035
 0165  0.1432048570420833E+035
 0166  0.1439808497150717E+035
 0167  0.1447509026482642E+035
 0168  0.1455150613066635E+035
 0169  0.1462733708072659E+035
 0170  0.1470258759217251E+035
 0171  0.1477726210789960E+035
 0172  0.1485136503679574E+035
 0173  0.1492490075400152E+035
 0174  0.1499787360116857E+035
 0175  0.1507028788671588E+035
 0176  0.1514214788608419E+035
 0177  0.1521345784198838E+035
 0178  0.1528422196466804E+035
 0179  0.1535444443213596E+035
 0180  0.1542412939042486E+035
 0181  0.1549328095383219E+035
 0182  0.1556190320516298E+035
 0183  0.1563000019597097E+035
 0184  0.1569757594679777E+035
 0185  0.1576463444741024E+035
 0186  0.1583117965703609E+035
 0187  0.1589721550459759E+035
 0188  0.1596274588894356E+035
 0189  0.1602777467907959E+035
 0190  0.1609230571439642E+035
 0191  0.1615634280489666E+035
 0192  0.1621988973141972E+035
 0193  0.1628295024586506E+035
 0194  0.1634552807141367E+035
 0195  0.1640762690274793E+035
 0196  0.1646925040626971E+035
 0197  0.1653040222031688E+035
 0198  0.1659108595537810E+035
 0199  0.1665130519430598E+035
 0200  0.1671106349252863E+035
 0201  0.1677036437825961E+035
 0202  0.1682921135270615E+035
 0203  0.1688760789027598E+035
 0204  0.1694555743878236E+035
 0205  0.1700306341964771E+035
 0206  0.1706012922810560E+035
 0207  0.1711675823340120E+035
 0208  0.1717295377899021E+035
 0209  0.1722871918273626E+035
 0210  0.1728405773710681E+035
 0211  0.1733897270936754E+035
 0212  0.1739346734177522E+035
 0213  0.1744754485176921E+035
 0214  0.1750120843216135E+035
 0215  0.1755446125132450E+035
 0216  0.1760730645337962E+035
 0217  0.1765974715838136E+035
 0218  0.1771178646250233E+035
 0219  0.1776342743821583E+035
 0220  0.1781467313447732E+035
 0221  0.1786552657690442E+035
 0222  0.1791599076795550E+035
 0223  0.1796606868710701E+035
 0224  0.1801576329102936E+035
 0225  0.1806507751376149E+035
 0226  0.1811401426688410E+035
 0227  0.1816257643969157E+035
 0228  0.1821076689936252E+035
 0229  0.1825858849112911E+035
 0230  0.1830604403844502E+035
 0231  0.1835313634315215E+035
 0232  0.1839986818564608E+035
 0233  0.1844624232504015E+035
 0234  0.1849226149932843E+035
 0235  0.1853792842554737E+035
 0236  0.1858324579993617E+035
 0237  0.1862821629809603E+035
 0238  0.1867284257514806E+035
 0239  0.1871712726589012E+035
 0240  0.1876107298495227E+035
 0241  0.1880468232695127E+035
 0242  0.1884795786664369E+035
 0243  0.1889090215907793E+035
 0244  0.1893351773974509E+035
 0245  0.1897580712472869E+035
 0246  0.1901777281085317E+035
 0247  0.1905941727583136E+035
 0248  0.1910074297841074E+035
 0249  0.1914175235851860E+035
 0250  0.1918244783740612E+035
 0251  0.1922283181779130E+035
 0252  0.1926290668400085E+035
 0253  0.1930267480211094E+035
 0254  0.1934213852008691E+035
 0255  0.1938130016792186E+035
 0256  0.1942016205777428E+035
 0257  0.1945872648410452E+035
 0258  0.1949699572381026E+035
 0259  0.1953497203636095E+035
 0260  0.1957265766393123E+035
 0261  0.1961005483153325E+035
 0262  0.1964716574714814E+035
 0263  0.1968399260185624E+035
 0264  0.1972053756996661E+035
 0265  0.1975680280914528E+035
 0266  0.1979279046054271E+035
 0267  0.1982850264892018E+035
 0268  0.1986394148277527E+035
 0269  0.1989910905446630E+035
 0270  0.1993400744033592E+035
 0271  0.1996863870083364E+035
 0272  0.2000300488063754E+035
 0273  0.2003710800877495E+035
 0274  0.2007095009874228E+035
 0275  0.2010453314862386E+035
 0276  0.2013785914120994E+035
 0277  0.2017093004411374E+035
 0278  0.2020374780988766E+035
 0279  0.2023631437613848E+035
 0280  0.2026863166564184E+035
 0281  0.2030070158645573E+035
 0282  0.2033252603203316E+035
 0283  0.2036410688133389E+035
 0284  0.2039544599893546E+035
 0285  0.2042654523514323E+035
 0286  0.2045740642609960E+035
 0287  0.2048803139389246E+035
 0288  0.2051842194666277E+035
 0289  0.2054857987871128E+035
 0290  0.2057850697060448E+035
 0291  0.2060820498927975E+035
 0292  0.2063767568814967E+035
 0293  0.2066692080720552E+035
 0294  0.2069594207312006E+035
 0295  0.2072474119934942E+035
 0296  0.2075331988623430E+035
 0297  0.2078167982110037E+035
 0298  0.2080982267835786E+035
 0299  0.2083775011960043E+035
 0300  0.2086546379370329E+035
 0301  0.2089296533692053E+035
 0302  0.2092025637298174E+035
 0303  0.2094733851318786E+035
 0304  0.2097421335650635E+035
 0305  0.2100088248966556E+035
 0306  0.2102734748724841E+035
 0307  0.2105360991178540E+035
 0308  0.2107967131384681E+035
 0309  0.2110553323213427E+035
 0310  0.2113119719357164E+035
 0311  0.2115666471339509E+035
 0312  0.2118193729524263E+035
 0313  0.2120701643124284E+035
 0314  0.2123190360210302E+035
 0315  0.2125660027719653E+035
 0316  0.2128110791464963E+035
 0317  0.2130542796142753E+035
 0318  0.2132956185341980E+035
 0319  0.2135351101552521E+035
 0320  0.2137727686173579E+035
 0321  0.2140086079522033E+035
 0322  0.2142426420840729E+035
 0323  0.2144748848306690E+035
 0324  0.2147053499039285E+035
 0325  0.2149340509108316E+035
 0326  0.2151610013542059E+035
 0327  0.2153862146335229E+035
 0328  0.2156097040456898E+035
 0329  0.2158314827858341E+035
 0330  0.2160515639480830E+035
 0331  0.2162699605263362E+035
 0332  0.2164866854150332E+035
 0333  0.2167017514099147E+035
 0334  0.2169151712087778E+035
 0335  0.2171269574122261E+035
 0336  0.2173371225244134E+035
 0337  0.2175456789537818E+035
 0338  0.2177526390137949E+035
 0339  0.2179580149236641E+035
 0340  0.2181618188090703E+035
 0341  0.2183640627028803E+035
 0342  0.2185647585458563E+035
 0343  0.2187639181873618E+035
 0344  0.2189615533860606E+035
 0345  0.2191576758106114E+035
 0346  0.2193522970403565E+035
 0347  0.2195454285660056E+035
 0348  0.2197370817903142E+035
 0349  0.2199272680287568E+035
 0350  0.2201159985101949E+035
 0351  0.2203032843775403E+035
 0352  0.2204891366884125E+035
 0353  0.2206735664157920E+035
 0354  0.2208565844486680E+035
 0355  0.2210382015926813E+035
 0356  0.2212184285707620E+035
 0357  0.2213972760237630E+035
 0358  0.2215747545110883E+035
 0359  0.2217508745113161E+035
 0360  0.2219256464228175E+035
 0361  0.2220990805643707E+035
 0362  0.2222711871757700E+035
 0363  0.2224419764184307E+035
 0364  0.2226114583759886E+035
 0365  0.2227796430548954E+035
 0366  0.2229465403850101E+035
 0367  0.2231121602201844E+035
 0368  0.2232765123388451E+035
 0369  0.2234396064445713E+035
 0370  0.2236014521666672E+035
 0371  0.2237620590607305E+035
 0372  0.2239214366092171E+035
 0373  0.2240795942220002E+035
 0374  0.2242365412369269E+035
 0375  0.2243922869203683E+035
 0376  0.2245468404677674E+035
 0377  0.2247002110041820E+035
 0378  0.2248524075848231E+035
 0379  0.2250034391955899E+035
 0380  0.2251533147535997E+035
 0381  0.2253020431077154E+035
 0382  0.2254496330390670E+035
 0383  0.2255960932615705E+035
 0384  0.2257414324224423E+035
 0385  0.2258856591027099E+035
 0386  0.2260287818177184E+035
 0387  0.2261708090176329E+035
 0388  0.2263117490879381E+035
 0389  0.2264516103499330E+035
 0390  0.2265904010612220E+035
 0391  0.2267281294162030E+035
 0392  0.2268648035465507E+035
 0393  0.2270004315216971E+035
 0394  0.2271350213493075E+035
 0395  0.2272685809757537E+035
 0396  0.2274011182865828E+035
 0397  0.2275326411069831E+035
 0398  0.2276631572022459E+035
 0399  0.2277926742782241E+035
 0400  0.2279211999817872E+035
 0401  0.2280487419012722E+035
 0402  0.2281753075669329E+035
 0403  0.2283009044513830E+035
 0404  0.2284255399700383E+035
 0405  0.2285492214815543E+035
 0406  0.2286719562882604E+035
 0407  0.2287937516365913E+035
 0408  0.2289146147175147E+035
 0409  0.2290345526669562E+035
 0410  0.2291535725662199E+035
 0411  0.2292716814424074E+035
 0412  0.2293888862688319E+035
 0413  0.2295051939654301E+035
 0414  0.2296206113991715E+035
 0415  0.2297351453844626E+035
 0416  0.2298488026835503E+035
 0417  0.2299615900069205E+035
 0418  0.2300735140136945E+035
 0419  0.2301845813120223E+035
 0420  0.2302947984594726E+035
 0421  0.2304041719634200E+035
 0422  0.2305127082814291E+035
 0423  0.2306204138216360E+035
 0424  0.2307272949431266E+035
 0425  0.2308333579563117E+035
 0426  0.2309386091233001E+035
 0427  0.2310430546582678E+035
 0428  0.2311467007278255E+035
 0429  0.2312495534513820E+035
 0430  0.2313516189015061E+035
 0431  0.2314529031042847E+035
 0432  0.2315534120396789E+035
 0433  0.2316531516418767E+035
 0434  0.2317521277996441E+035
 0435  0.2318503463566715E+035
 0436  0.2319478131119203E+035
 0437  0.2320445338199638E+035
 0438  0.2321405141913282E+035
 0439  0.2322357598928286E+035
 0440  0.2323302765479047E+035
 0441  0.2324240697369521E+035
 0442  0.2325171449976516E+035
 0443  0.2326095078252971E+035
 0444  0.2327011636731190E+035
 0445  0.2327921179526069E+035
 0446  0.2328823760338286E+035
 0447  0.2329719432457476E+035
 0448  0.2330608248765373E+035
 0449  0.2331490261738936E+035
 0450  0.2332365523453446E+035
 0451  0.2333234085585577E+035
 0452  0.2334095999416453E+035
 0453  0.2334951315834674E+035
 0454  0.2335800085339317E+035
 0455  0.2336642358042920E+035
 0456  0.2337478183674443E+035
 0457  0.2338307611582201E+035
 0458  0.2339130690736777E+035
 0459  0.2339947469733917E+035
 0460  0.2340757996797394E+035
 0461  0.2341562319781862E+035
 0462  0.2342360486175674E+035
 0463  0.2343152543103690E+035
 0464  0.2343938537330061E+035
 0465  0.2344718515260984E+035
 0466  0.2345492522947448E+035
 0467  0.2346260606087949E+035
 0468  0.2347022810031192E+035
 0469  0.2347779179778763E+035
 0470  0.2348529759987790E+035
 0471  0.2349274594973578E+035
 0472  0.2350013728712229E+035
 0473  0.2350747204843230E+035
 0474  0.2351475066672040E+035
 0475  0.2352197357172640E+035
 0476  0.2352914118990070E+035
 0477  0.2353625394442952E+035
 0478  0.2354331225525983E+035
 0479  0.2355031653912418E+035
 0480  0.2355726720956528E+035
 0481  0.2356416467696045E+035
 0482  0.2357100934854581E+035
 0483  0.2357780162844034E+035
 0484  0.2358454191766977E+035
 0485  0.2359123061419018E+035
 0486  0.2359786811291158E+035
 0487  0.2360445480572118E+035
 0488  0.2361099108150654E+035
 0489  0.2361747732617853E+035
 0490  0.2362391392269411E+035
 0491  0.2363030125107894E+035
 0492  0.2363663968844982E+035
 0493  0.2364292960903697E+035
 0494  0.2364917138420610E+035
 0495  0.2365536538248034E+035
 0496  0.2366151196956203E+035
 0497  0.2366761150835425E+035
 0498  0.2367366435898232E+035
 0499  0.2367967087881500E+035
 0500  0.2368563142248563E+035
 0501  0.2369154634191304E+035
 0502  0.2369741598632236E+035
 0503  0.2370324070226560E+035
 0504  0.2370902083364214E+035
 0505  0.2371475672171902E+035
 0506  0.2372044870515111E+035
 0507  0.2372609712000106E+035
 0508  0.2373170229975919E+035
 0509  0.2373726457536316E+035
 0510  0.2374278427521750E+035
 0511  0.2374826172521301E+035
 0512  0.2375369724874600E+035
 0513  0.2375909116673739E+035
 0514  0.2376444379765164E+035
 0515  0.2376975545751557E+035
 0516  0.2377502645993701E+035
 0517  0.2378025711612332E+035
 0518  0.2378544773489975E+035
 0519  0.2379059862272770E+035
 0520  0.2379571008372280E+035
 0521  0.2380078241967284E+035
 0522  0.2380581593005565E+035
 0523  0.2381081091205672E+035
 0524  0.2381576766058678E+035
 0525  0.2382068646829919E+035
 0526  0.2382556762560724E+035
 0527  0.2383041142070128E+035
 0528  0.2383521813956576E+035
 0529  0.2383998806599609E+035
 0530  0.2384472148161540E+035
 0531  0.2384941866589115E+035
 0532  0.2385407989615170E+035
 0533  0.2385870544760258E+035
 0534  0.2386329559334284E+035
 0535  0.2386785060438109E+035
 0536  0.2387237074965156E+035
 0537  0.2387685629602996E+035
 0538  0.2388130750834921E+035
 0539  0.2388572464941512E+035
 0540  0.2389010798002188E+035
 0541  0.2389445775896746E+035
 0542  0.2389877424306889E+035
 0543  0.2390305768717743E+035
 0544  0.2390730834419362E+035
 0545  0.2391152646508220E+035
 0546  0.2391571229888692E+035
 0547  0.2391986609274526E+035
 0548  0.2392398809190304E+035
 0549  0.2392807853972884E+035
 0550  0.2393213767772842E+035
 0551  0.2393616574555898E+035
 0552  0.2394016298104328E+035
 0553  0.2394412962018368E+035
 0554  0.2394806589717612E+035
 0555  0.2395197204442389E+035
 0556  0.2395584829255140E+035
 0557  0.2395969487041775E+035
 0558  0.2396351200513028E+035
 0559  0.2396729992205797E+035
 0560  0.2397105884484475E+035
 0561  0.2397478899542265E+035
 0562  0.2397849059402499E+035
 0563  0.2398216385919934E+035
 0564  0.2398580900782041E+035
 0565  0.2398942625510286E+035
 0566  0.2399301581461406E+035
 0567  0.2399657789828659E+035
 0568  0.2400011271643088E+035
 0569  0.2400362047774754E+035
 0570  0.2400710138933969E+035
 0571  0.2401055565672522E+035
 0572  0.2401398348384892E+035
 0573  0.2401738507309450E+035
 0574  0.2402076062529654E+035
 0575  0.2402411033975236E+035
 0576  0.2402743441423380E+035
 0577  0.2403073304499887E+035
 0578  0.2403400642680333E+035
 0579  0.2403725475291224E+035
 0580  0.2404047821511131E+035
 0581  0.2404367700371825E+035
 0582  0.2404685130759403E+035
 0583  0.2405000131415397E+035
 0584  0.2405312720937888E+035
 0585  0.2405622917782599E+035
 0586  0.2405930740263985E+035
 0587  0.2406236206556316E+035
 0588  0.2406539334694750E+035
 0589  0.2406840142576395E+035
 0590  0.2407138647961371E+035
 0591  0.2407434868473852E+035
 0592  0.2407728821603112E+035
 0593  0.2408020524704556E+035
 0594  0.2408309995000741E+035
 0595  0.2408597249582400E+035
 0596  0.2408882305409445E+035
 0597  0.2409165179311971E+035
 0598  0.2409445887991248E+035
 0599  0.2409724448020711E+035
 0600  0.2410000875846932E+035
 0601  0.2410275187790598E+035
 0602  0.2410547400047468E+035
 0603  0.2410817528689336E+035
 0604  0.2411085589664976E+035
 0605  0.2411351598801081E+035
 0606  0.2411615571803204E+035
 0607  0.2411877524256679E+035
 0608  0.2412137471627547E+035
 0609  0.2412395429263462E+035
 0610  0.2412651412394606E+035
 0611  0.2412905436134580E+035
 0612  0.2413157515481302E+035
 0613  0.2413407665317889E+035
 0614  0.2413655900413537E+035
 0615  0.2413902235424393E+035
 0616  0.2414146684894421E+035
 0617  0.2414389263256260E+035
 0618  0.2414629984832076E+035
 0619  0.2414868863834407E+035
 0620  0.2415105914367004E+035
 0621  0.2415341150425661E+035
 0622  0.2415574585899046E+035
 0623  0.2415806234569514E+035
 0624  0.2416036110113928E+035
 0625  0.2416264226104461E+035
 0626  0.2416490596009401E+035
 0627  0.2416715233193942E+035
 0628  0.2416938150920980E+035
 0629  0.2417159362351888E+035
 0630  0.2417378880547299E+035
 0631  0.2417596718467874E+035
 0632  0.2417812888975069E+035
 0633  0.2418027404831893E+035
 0634  0.2418240278703662E+035
 0635  0.2418451523158749E+035
 0636  0.2418661150669319E+035
 0637  0.2418869173612076E+035
 0638  0.2419075604268985E+035
 0639  0.2419280454828000E+035
 0640  0.2419483737383785E+035
 0641  0.2419685463938427E+035
 0642  0.2419885646402143E+035
 0643  0.2420084296593988E+035
 0644  0.2420281426242544E+035
 0645  0.2420477046986624E+035
 0646  0.2420671170375948E+035
 0647  0.2420863807871835E+035
 0648  0.2421054970847871E+035
 0649  0.2421244670590585E+035
 0650  0.2421432918300117E+035
 0651  0.2421619725090873E+035
 0652  0.2421805101992189E+035
 0653  0.2421989059948976E+035
 0654  0.2422171609822368E+035
 0655  0.2422352762390366E+035
 0656  0.2422532528348472E+035
 0657  0.2422710918310318E+035
 0658  0.2422887942808298E+035
 0659  0.2423063612294185E+035
 0660  0.2423237937139753E+035
 0661  0.2423410927637383E+035
 0662  0.2423582594000676E+035
 0663  0.2423752946365056E+035
 0664  0.2423921994788363E+035
 0665  0.2424089749251453E+035
 0666  0.2424256219658786E+035
 0667  0.2424421415839005E+035
 0668  0.2424585347545525E+035
 0669  0.2424748024457103E+035
 0670  0.2424909456178412E+035
 0671  0.2425069652240606E+035
 0672  0.2425228622101885E+035
 0673  0.2425386375148052E+035
 0674  0.2425542920693067E+035
 0675  0.2425698267979599E+035
 0676  0.2425852426179569E+035
 0677  0.2426005404394691E+035
 0678  0.2426157211657015E+035
 0679  0.2426307856929454E+035
 0680  0.2426457349106314E+035
 0681  0.2426605697013823E+035
 0682  0.2426752909410650E+035
 0683  0.2426898994988421E+035
 0684  0.2427043962372231E+035
 0685  0.2427187820121159E+035
 0686  0.2427330576728766E+035
 0687  0.2427472240623603E+035
 0688  0.2427612820169706E+035
 0689  0.2427752323667084E+035
 0690  0.2427890759352223E+035
 0691  0.2428028135398557E+035
 0692  0.2428164459916961E+035
 0693  0.2428299740956224E+035
 0694  0.2428433986503530E+035
 0695  0.2428567204484922E+035
 0696  0.2428699402765776E+035
 0697  0.2428830589151265E+035
 0698  0.2428960771386816E+035
 0699  0.2429089957158570E+035
 0700  0.2429218154093836E+035
 0701  0.2429345369761541E+035
 0702  0.2429471611672674E+035
 0703  0.2429596887280736E+035
 0704  0.2429721203982174E+035
 0705  0.2429844569116819E+035
 0706  0.2429966989968322E+035
 0707  0.2430088473764581E+035
 0708  0.2430209027678169E+035
 0709  0.2430328658826759E+035
 0710  0.2430447374273539E+035
 0711  0.2430565181027638E+035
 0712  0.2430682086044529E+035
 0713  0.2430798096226449E+035
 0714  0.2430913218422802E+035
 0715  0.2431027459430562E+035
 0716  0.2431140825994678E+035
 0717  0.2431253324808473E+035
 0718  0.2431364962514031E+035
 0719  0.2431475745702601E+035
 0720  0.2431585680914976E+035
 0721  0.2431694774641886E+035
 0722  0.2431803033324376E+035
 0723  0.2431910463354190E+035
 0724  0.2432017071074149E+035
 0725  0.2432122862778520E+035
 0726  0.2432227844713394E+035
 0727  0.2432332023077051E+035
 0728  0.2432435404020328E+035
 0729  0.2432537993646980E+035
 0730  0.2432639798014042E+035
 0731  0.2432740823132187E+035
 0732  0.2432841074966078E+035
 0733  0.2432940559434725E+035
 0734  0.2433039282411829E+035
 0735  0.2433137249726134E+035
 0736  0.2433234467161766E+035
 0737  0.2433330940458579E+035
 0738  0.2433426675312491E+035
 0739  0.2433521677375823E+035
 0740  0.2433615952257628E+035
 0741  0.2433709505524028E+035
 0742  0.2433802342698538E+035
 0743  0.2433894469262396E+035
 0744  0.2433985890654882E+035
 0745  0.2434076612273644E+035
 0746  0.2434166639475012E+035
 0747  0.2434255977574318E+035
 0748  0.2434344631846209E+035
 0749  0.2434432607524958E+035
 0750  0.2434519909804770E+035
 0751  0.2434606543840095E+035
 0752  0.2434692514745929E+035
 0753  0.2434777827598113E+035
 0754  0.2434862487433637E+035
 0755  0.2434946499250936E+035
 0756  0.2435029868010187E+035
 0757  0.2435112598633596E+035
 0758  0.2435194696005695E+035
 0759  0.2435276164973629E+035
 0760  0.2435357010347439E+035
 0761  0.2435437236900350E+035
 0762  0.2435516849369049E+035
 0763  0.2435595852453967E+035
 0764  0.2435674250819558E+035
 0765  0.2435752049094571E+035
 0766  0.2435829251872323E+035
 0767  0.2435905863710977E+035
 0768  0.2435981889133801E+035
 0769  0.2436057332629443E+035
 0770  0.2436132198652192E+035
 0771  0.2436206491622244E+035
 0772  0.2436280215925959E+035
 0773  0.2436353375916124E+035
 0774  0.2436425975912205E+035
 0775  0.2436498020200609E+035
 0776  0.2436569513034932E+035
 0777  0.2436640458636210E+035
 0778  0.2436710861193170E+035
 0779  0.2436780724862479E+035
 0780  0.2436850053768986E+035
 0781  0.2436918852005964E+035
 0782  0.2436987123635359E+035
 0783  0.2437054872688024E+035
 0784  0.2437122103163957E+035
 0785  0.2437188819032541E+035
 0786  0.2437255024232771E+035
 0787  0.2437320722673497E+035
 0788  0.2437385918233646E+035
 0789  0.2437450614762456E+035
 0790  0.2437514816079700E+035
 0791  0.2437578525975913E+035
 0792  0.2437641748212617E+035
 0793  0.2437704486522541E+035
 0794  0.2437766744609844E+035
 0795  0.2437828526150328E+035
 0796  0.2437889834791664E+035
 0797  0.2437950674153599E+035
 0798  0.2438011047828174E+035
 0799  0.2438070959379934E+035
 0800  0.2438130412346144E+035
 0801  0.2438189410236987E+035
 0802  0.2438247956535783E+035
 0803  0.2438306054699187E+035
 0804  0.2438363708157395E+035
 0805  0.2438420920314349E+035
 0806  0.2438477694547934E+035
 0807  0.2438534034210180E+035
 0808  0.2438589942627461E+035
 0809  0.2438645423100687E+035
 0810  0.2438700478905502E+035
 0811  0.2438755113292479E+035
 0812  0.2438809329487308E+035
 0813  0.2438863130690990E+035
 0814  0.2438916520080023E+035
 0815  0.2438969500806589E+035
 0816  0.2439022075998747E+035
 0817  0.2439074248760610E+035
 0818  0.2439126022172528E+035
 0819  0.2439177399291279E+035
 0820  0.2439228383150238E+035
 0821  0.2439278976759563E+035
 0822  0.2439329183106374E+035
 0823  0.2439379005154920E+035
 0824  0.2439428445846768E+035
 0825  0.2439477508100965E+035
 0826  0.2439526194814213E+035
 0827  0.2439574508861045E+035
 0828  0.2439622453093991E+035
 0829  0.2439670030343744E+035
 0830  0.2439717243419332E+035
 0831  0.2439764095108281E+035
 0832  0.2439810588176781E+035
 0833  0.2439856725369846E+035
 0834  0.2439902509411483E+035
 0835  0.2439947943004843E+035
 0836  0.2439993028832391E+035
 0837  0.2440037769556056E+035
 0838  0.2440082167817395E+035
 0839  0.2440126226237741E+035
 0840  0.2440169947418366E+035
 0841  0.2440213333940630E+035
 0842  0.2440256388366133E+035
 0843  0.2440299113236869E+035
 0844  0.2440341511075374E+035
 0845  0.2440383584384876E+035
 0846  0.2440425335649442E+035
 0847  0.2440466767334125E+035
 0848  0.2440507881885109E+035
 0849  0.2440548681729856E+035
 0850  0.2440589169277245E+035
 0851  0.2440629346917717E+035
 0852  0.2440669217023417E+035
 0853  0.2440708781948332E+035
 0854  0.2440748044028430E+035
 0855  0.2440787005581799E+035
 0856  0.2440825668908783E+035
 0857  0.2440864036292120E+035
 0858  0.2440902109997074E+035
 0859  0.2440939892271569E+035
 0860  0.2440977385346324E+035
 0861  0.2441014591434983E+035
 0862  0.2441051512734244E+035
 0863  0.2441088151423994E+035
 0864  0.2441124509667431E+035
 0865  0.2441160589611198E+035
 0866  0.2441196393385504E+035
 0867  0.2441231923104254E+035
 0868  0.2441267180865174E+035
 0869  0.2441302168749930E+035
 0870  0.2441336888824255E+035
 0871  0.2441371343138072E+035
 0872  0.2441405533725612E+035
 0873  0.2441439462605535E+035
 0874  0.2441473131781048E+035
 0875  0.2441506543240029E+035
 0876  0.2441539698955136E+035
 0877  0.2441572600883927E+035
 0878  0.2441605250968981E+035
 0879  0.2441637651138003E+035
 0880  0.2441669803303944E+035
 0881  0.2441701709365113E+035
 0882  0.2441733371205289E+035
 0883  0.2441764790693832E+035
 0884  0.2441795969685792E+035
 0885  0.2441826910022019E+035
 0886  0.2441857613529275E+035
 0887  0.2441888082020339E+035
 0888  0.2441918317294111E+035
 0889  0.2441948321135725E+035
 0890  0.2441978095316650E+035
 0891  0.2442007641594796E+035
 0892  0.2442036961714615E+035
 0893  0.2442066057407208E+035
 0894  0.2442094930390427E+035
 0895  0.2442123582368972E+035
 0896  0.2442152015034496E+035
 0897  0.2442180230065704E+035
 0898  0.2442208229128451E+035
 0899  0.2442236013875839E+035
 0900  0.2442263585948321E+035
 0901  0.2442290946973789E+035
 0902  0.2442318098567676E+035
 0903  0.2442345042333052E+035
 0904  0.2442371779860713E+035
 0905  0.2442398312729280E+035
 0906  0.2442424642505291E+035
 0907  0.2442450770743293E+035
 0908  0.2442476698985934E+035
 0909  0.2442502428764053E+035
 0910  0.2442527961596773E+035
 0911  0.2442553298991587E+035
 0912  0.2442578442444451E+035
 0913  0.2442603393439869E+035
 0914  0.2442628153450984E+035
 0915  0.2442652723939661E+035
 0916  0.2442677106356575E+035
 0917  0.2442701302141300E+035
 0918  0.2442725312722387E+035
 0919  0.2442749139517455E+035
 0920  0.2442772783933272E+035
 0921  0.2442796247365837E+035
 0922  0.2442819531200464E+035
 0923  0.2442842636811862E+035
 0924  0.2442865565564220E+035
 0925  0.2442888318811283E+035
 0926  0.2442910897896435E+035
 0927  0.2442933304152777E+035
 0928  0.2442955538903205E+035
 0929  0.2442977603460490E+035
 0930  0.2442999499127354E+035
 0931  0.2443021227196549E+035
 0932  0.2443042788950928E+035
 0933  0.2443064185663530E+035
 0934  0.2443085418597645E+035
 0935  0.2443106489006897E+035
 0936  0.2443127398135310E+035
 0937  0.2443148147217391E+035
 0938  0.2443168737478192E+035
 0939  0.2443189170133392E+035
 0940  0.2443209446389364E+035
 0941  0.2443229567443247E+035
 0942  0.2443249534483015E+035
 0943  0.2443269348687550E+035
 0944  0.2443289011226711E+035
 0945  0.2443308523261401E+035
 0946  0.2443327885943639E+035
 0947  0.2443347100416624E+035
 0948  0.2443366167814806E+035
 0949  0.2443385089263951E+035
 0950  0.2443403865881206E+035
 0951  0.2443422498775170E+035
 0952  0.2443440989045956E+035
 0953  0.2443459337785254E+035
 0954  0.2443477546076400E+035
 0955  0.2443495614994436E+035
 0956  0.2443513545606179E+035
 0957  0.2443531338970274E+035
 0958  0.2443548996137267E+035
 0959  0.2443566518149664E+035
 0960  0.2443583906041986E+035
 0961  0.2443601160840841E+035
 0962  0.2443618283564975E+035
 0963  0.2443635275225338E+035
 0964  0.2443652136825141E+035
 0965  0.2443668869359918E+035
 0966  0.2443685473817580E+035
 0967  0.2443701951178477E+035
 0968  0.2443718302415456E+035
 0969  0.2443734528493917E+035
 0970  0.2443750630371871E+035
 0971  0.2443766608999994E+035
 0972  0.2443782465321687E+035
 0973  0.2443798200273130E+035
 0974  0.2443813814783336E+035
 0975  0.2443829309774208E+035
 0976  0.2443844686160592E+035
 0977  0.2443859944850331E+035
 0978  0.2443875086744319E+035
 0979  0.2443890112736555E+035
 0980  0.2443905023714196E+035
 0981  0.2443919820557604E+035
 0982  0.2443934504140408E+035
 0983  0.2443949075329545E+035
 0984  0.2443963534985320E+035
 0985  0.2443977883961451E+035
 0986  0.2443992123105122E+035
 0987  0.2444006253257032E+035
 0988  0.2444020275251443E+035
 0989  0.2444034189916236E+035
 0990  0.2444047998072950E+035
 0991  0.2444061700536839E+035
 0992  0.2444075298116916E+035
 0993  0.2444088791616000E+035
 0994  0.2444102181830767E+035
 0995  0.2444115469551793E+035
 0996  0.2444128655563605E+035
 0997  0.2444141740644723E+035
 0998  0.2444154725567708E+035
 0999  0.2444167611099209E+035
 1000  0.2444180398000004E+035
