 0001  0.3125000000000000E-001
 0002  0.3125000000000000E-001
 0003  0.3125000000000000E-001
 0004  0.3125000000000000E-001
 0005  0.3125000000000000E-001
 0006  0.3125000000000000E-001
 0007  0.3124933492483079E-001
 0008  0.3124933492483079E-001
 0009  0.3124868529396395E-001
 0010  0.3124868529396395E-001
 0011  0.3124868529396395E-001
 0012  0.3124735079281901E-001
 0013  0.3124735079281901E-001
 0014  0.3124604728131275E-001
 0015  0.3124604728131275E-001
 0016  0.3124329453968944E-001
 0017  0.3124329453968944E-001
 0018  0.3123761903236694E-001
 0019  0.3123761903236694E-001
 0020  0.3123207532105067E-001
 0021  0.3123207532105066E-001
 0022  0.3122119110880290E-001
 0023  0.3122119110880289E-001
 0024  0.3120534284175564E-001
 0025  0.3120534284175565E-001
 0026  0.3118156662431163E-001
 0027  0.3115899821588803E-001
 0028  0.3115899821588804E-001
 0029  0.3112456975524490E-001
 0030  0.3112456975524490E-001
 0031  0.3107534760364005E-001
 0032  0.3107534760364004E-001
 0033  0.3102726848342091E-001
 0034  0.3096613908625479E-001
 0035  0.3096613908625480E-001
 0036  0.3088630266751424E-001
 0037  0.3088630266751424E-001
 0038  0.3080832020130053E-001
 0039  0.3070860440192167E-001
 0040  0.3070860440192167E-001
 0041  0.3057960349526646E-001
 0042  0.3042304522131828E-001
 0043  0.3042304522131828E-001
 0044  0.3027012252637230E-001
 0045  0.3027012252637230E-001
 0046  0.3008300175344776E-001
 0047  0.2986663810578039E-001
 0048  0.2986663810578039E-001
 0049  0.2960745540375019E-001
 0050  0.2936655019112648E-001
 0051  0.2908748474322793E-001
 0052  0.2908748474322793E-001
 0053  0.2875373811225736E-001
 0054  0.2838934409417208E-001
 0055  0.2838934409417208E-001
 0056  0.2803341199385884E-001
 0057  0.2763769914156514E-001
 0058  0.2763769914156514E-001
 0059  0.2717622081762387E-001
 0060  0.2667633384028590E-001
 0061  0.2614005066295874E-001
 0062  0.2614005066295874E-001
 0063  0.2561622099453632E-001
 0064  0.2505766587634789E-001
 0065  0.2446539499161232E-001
 0066  0.2446539499161232E-001
 0067  0.2379683971080148E-001
 0068  0.2310128566768160E-001
 0069  0.2247147386607393E-001
 0070  0.2247147386607393E-001
 0071  0.2175023675917072E-001
 0072  0.2099934511197912E-001
 0073  0.2023439496144415E-001
 0074  0.1945751792906686E-001
 0075  0.1945751792906686E-001
 0076  0.1869868144960945E-001
 0077  0.1791733727497766E-001
 0078  0.1712074988013608E-001
 0079  0.1631599682739859E-001
 0080  0.1631599682739859E-001
 0081  0.1543017752000561E-001
 0082  0.1455891643650067E-001
 0083  0.1379380614981255E-001
 0084  0.1302358541551284E-001
 0085  0.1302358541551284E-001
 0086  0.1217157754445835E-001
 0087  0.1134611937680138E-001
 0088  0.1055330306691839E-001
 0089  0.9796868852690386E-002
 0090  0.9078851378485209E-002
 0091  0.9078851378485209E-002
 0092  0.8311876622218849E-002
 0093  0.7602621205716105E-002
 0094  0.6960366627965698E-002
 0095  0.6379217672890123E-002
 0096  0.5849740293798219E-002
 0097  0.5364593460920739E-002
 0098  0.4917958861285219E-002
 0099  0.4505145056041949E-002
 0100  0.4122308014271631E-002
 0101  0.3766556874966451E-002
 0102  0.3436945327083259E-002
 0103  0.3132350620347327E-002
 0104  0.2851532552848067E-002
 0105  0.2593180257858959E-002
 0106  0.2355948973807469E-002
 0107  0.2128101725755658E-002
 0108  0.1922595180348607E-002
 0109  0.1737157952392222E-002
 0110  0.1569761138940267E-002
 0111  0.1418595284338670E-002
 0112  0.1282044187344851E-002
 0113  0.1061470627524687E-002
 0114  0.9718748975477649E-003
 0115  0.8893454963315159E-003
 0116  0.8132982664576750E-003
 0117  0.7433013816423881E-003
 0118  0.6789394216758579E-003
 0119  0.6198150873340125E-003
 0120  0.5655503182489195E-003
 0121  0.5157869279868378E-003
 0122  0.4701868521040658E-003
 0123  0.4270737229102178E-003
 0124  0.3879640718101383E-003
 0125  0.3524773909166016E-003
 0126  0.3202706708375183E-003
 0127  0.2910345205034976E-003
 0128  0.2644897119024219E-003
 0129  0.2403841004946412E-003
 0130  0.2008482673482018E-003
 0131  0.1845819534771624E-003
 0132  0.1695801398307293E-003
 0133  0.1557510636376111E-003
 0134  0.1430087813121796E-003
 0135  0.1312729148728736E-003
 0136  0.1204683912680035E-003
 0137  0.1102785545035965E-003
 0138  0.1009594920140438E-003
 0139  0.9243554647096760E-004
 0140  0.8463779455779617E-004
 0141  0.7750084952676595E-004
 0142  0.7096846125505121E-004
 0143  0.6498917240429258E-004
 0144  0.5951592759203153E-004
 0145  0.5039379810353172E-004
 0146  0.4658360226529831E-004
 0147  0.4305389676030002E-004
 0148  0.3978485871043269E-004
 0149  0.3669688771831153E-004
 0150  0.3385057149628467E-004
 0151  0.3122611226434866E-004
 0152  0.2880612591696923E-004
 0153  0.2657459820201735E-004
 0154  0.2451677613097889E-004
 0155  0.2261906805164313E-004
 0156  0.2086895168765121E-004
 0157  0.1925488950553761E-004
 0158  0.1652290973106685E-004
 0159  0.1536476068322385E-004
 0160  0.1426759265622990E-004
 0161  0.1324913051228115E-004
 0162  0.1230370047139134E-004
 0163  0.1142603991567460E-004
 0164  0.1061126742741096E-004
 0165  0.9854855023341128E-005
 0166  0.9152602423209599E-005
 0167  0.8500612692214511E-005
 0168  0.7895270843386398E-005
 0169  0.7333135286351715E-005
 0170  0.6361946664215819E-005
 0171  0.5942518404109411E-005
 0172  0.5550858202165656E-005
 0173  0.5185119112064527E-005
 0174  0.4843577681303504E-005
 0175  0.4524625644242366E-005
 0176  0.4226762177783875E-005
 0177  0.3948553372203715E-005
 0178  0.3688701720701242E-005
 0179  0.3442879021805337E-005
 0180  0.3213758315652480E-005
 0181  0.2817106304114558E-005
 0182  0.2645237734281802E-005
 0183  0.2483872535756741E-005
 0184  0.2332368766507632E-005
 0185  0.2190123647376964E-005
 0186  0.2056571182633535E-005
 0187  0.1931179924095875E-005
 0188  0.1812102080365971E-005
 0189  0.1700494579188786E-005
 0190  0.1505152249336423E-005
 0191  0.1419598260776009E-005
 0192  0.1338916054532815E-005
 0193  0.1262828085587203E-005
 0194  0.1191072587481776E-005
 0195  0.1122704566611416E-005
 0196  0.1058318860767906E-005
 0197  0.9976801673914888E-006
 0198  0.9405672703833574E-006
 0199  0.8867721964175094E-006
 0200  0.7917213591588283E-006
 0201  0.7497000327896671E-006
 0202  0.7095366067226496E-006
 0203  0.6715538724212521E-006
 0204  0.6356318583917552E-006
 0205  0.6016572784836861E-006
 0206  0.5695231547385328E-006
 0207  0.5391269558408809E-006
 0208  0.4847540019476556E-006
 0209  0.4604362951201146E-006
 0210  0.4373535158607101E-006
 0211  0.4154412722134671E-006
 0212  0.3946395768853018E-006
 0213  0.3748915450652202E-006
 0214  0.3561432344106012E-006
 0215  0.3382024448641681E-006
 0216  0.3060490151597627E-006
 0217  0.2916347277514237E-006
 0218  0.2779065706083946E-006
 0219  0.2648315606306743E-006
 0220  0.2523783148142782E-006
 0221  0.2404290073115688E-006
 0222  0.2290563769915949E-006
 0223  0.2085397740388745E-006
 0224  0.1992819071019654E-006
 0225  0.1904388661407654E-006
 0226  0.1819340028071025E-006
 0227  0.1738158189829570E-006
 0228  0.1660662369440422E-006
 0229  0.1586682543583130E-006
 0230  0.1452429663378514E-006
 0231  0.1391103999350403E-006
 0232  0.1332410348092582E-006
 0233  0.1276234051543051E-006
 0234  0.1222465512831073E-006
 0235  0.1170998841063589E-006
 0236  0.1121734084411539E-006
 0237  0.1031339798075506E-006
 0238  0.9901321909310148E-007
 0239  0.9505961581659639E-007
 0240  0.9126629749184459E-007
 0241  0.8760597807030969E-007
 0242  0.8409565159973271E-007
 0243  0.7766604397219681E-007
 0244  0.7472088586246499E-007
 0245  0.7187379651380745E-007
 0246  0.6913743560391543E-007
 0247  0.6650737806609124E-007
 0248  0.6397942088870946E-007
 0249  0.5931745386726858E-007
 0250  0.5716789560450001E-007
 0251  0.5509775264621052E-007
 0252  0.5310401451762254E-007
 0253  0.5117456832040201E-007
 0254  0.4931696982525418E-007
 0255  0.4588779984474341E-007
 0256  0.4430481415782161E-007
 0257  0.4277039185345407E-007
 0258  0.4129036834929237E-007
 0259  0.3986277634913345E-007
 0260  0.3721214476697198E-007
 0261  0.3598167311849002E-007
 0262  0.3479280560868936E-007
 0263  0.3364410873828154E-007
 0264  0.3252953564529535E-007
 0265  0.3045839668811392E-007
 0266  0.2949602405660710E-007
 0267  0.2856097495424128E-007
 0268  0.2765633903807179E-007
 0269  0.2678110589961318E-007
 0270  0.2514655750149328E-007
 0271  0.2438334659741106E-007
 0272  0.2364388070999523E-007
 0273  0.2292475928633700E-007
 0274  0.2158088581089825E-007
 0275  0.2095292760159970E-007
 0276  0.2034151482524778E-007
 0277  0.1974844414715314E-007
 0278  0.1917314947820844E-007
 0279  0.1809155769601995E-007
 0280  0.1758494809581811E-007
 0281  0.1709290954439790E-007
 0282  0.1661343417758214E-007
 0283  0.1571298739105208E-007
 0284  0.1528882294912615E-007
 0285  0.1487644883823246E-007
 0286  0.1447552789690545E-007
 0287  0.1371858655740056E-007
 0288  0.1336241845438303E-007
 0289  0.1301473558876792E-007
 0290  0.1267638939220103E-007
 0291  0.1203736719049330E-007
 0292  0.1173562584280351E-007
 0293  0.1144168442151972E-007
 0294  0.1115453935186151E-007
 0295  0.1061126865967822E-007
 0296  0.1035429146319676E-007
 0297  0.1010374502490618E-007
 0298  0.9628219038232745E-008
 0299  0.9403181428579452E-008
 0300  0.9183017785106937E-008
 0301  0.8968190934607909E-008
 0302  0.8559851169981616E-008
 0303  0.8366289584605090E-008
 0304  0.8176804030111363E-008
 0305  0.7816536701690394E-008
 0306  0.7645285518930831E-008
 0307  0.7477545643678976E-008
 0308  0.7313627889764238E-008
 0309  0.7001527228926232E-008
 0310  0.6852959992912055E-008
 0311  0.6707353884675302E-008
 0312  0.6429748645550122E-008
 0313  0.6297426006688574E-008
 0314  0.6167671371855584E-008
 0315  0.5919971560854677E-008
 0316  0.5801753000673870E-008
 0317  0.5685768410361040E-008
 0318  0.5464085221281741E-008
 0319  0.5358154660181825E-008
 0320  0.5254173656333629E-008
 0321  0.5055201321088545E-008
 0322  0.4960012316101342E-008
 0323  0.4866529730549432E-008
 0324  0.4687446905651412E-008
 0325  0.4601534018664488E-008
 0326  0.4436780254322006E-008
 0327  0.4357791441684567E-008
 0328  0.4280148768186201E-008
 0329  0.4130987495780015E-008
 0330  0.4059350803663462E-008
 0331  0.3989016596320405E-008
 0332  0.3853669405364845E-008
 0333  0.3788655415605426E-008
 0334  0.3663438126017321E-008
 0335  0.3603234334922371E-008
 0336  0.3543987621365855E-008
 0337  0.3429868525031882E-008
 0338  0.3374916884497461E-008
 0339  0.3268916429747705E-008
 0340  0.3217866069921317E-008
 0341  0.3119314517074326E-008
 0342  0.3071754876582646E-008
 0343  0.3024960623033073E-008
 0344  0.2934564386495396E-008
 0345  0.2890910595190772E-008
 0346  0.2806527335051142E-008
 0347  0.2765795381279853E-008
 0348  0.2687004422797304E-008
 0349  0.2648903534267356E-008
 0350  0.2575157674714610E-008
 0351  0.2539474795006159E-008
 0352  0.2470368427359693E-008
 0353  0.2436910608216591E-008
 0354  0.2372076512949726E-008
 0355  0.2340669227363070E-008
 0356  0.2279775068179695E-008
 0357  0.2250260018410853E-008
 0358  0.2193003819905718E-008
 0359  0.2165237044319219E-008
 0360  0.2111323333451401E-008
 0361  0.2085154203665602E-008
 0362  0.2034338541291688E-008
 0363  0.2009670623724717E-008
 0364  0.1961712444095623E-008
 0365  0.1915872440584022E-008
 0366  0.1893591040902097E-008
 0367  0.1850249797622823E-008
 0368  0.1829174039678512E-008
 0369  0.1788148602857690E-008
 0370  0.1748844921490495E-008
 0371  0.1729711326048197E-008
 0372  0.1692448003059244E-008
 0373  0.1674296133184469E-008
 0374  0.1638931884593717E-008
 0375  0.1604975114113697E-008
 0376  0.1588422545869160E-008
 0377  0.1556136044946966E-008
 0378  0.1525103128807965E-008
 0379  0.1509966028721441E-008
 0380  0.1480421581410322E-008
 0381  0.1451990725233339E-008
 0382  0.1438111582757320E-008
 0383  0.1411001386134367E-008
 0384  0.1384880724753904E-008
 0385  0.1359702842125761E-008
 0386  0.1347397780119653E-008
 0387  0.1323336037573362E-008
 0388  0.1300121856586216E-008
 0389  0.1277713659652204E-008
 0390  0.1266750509056471E-008
 0391  0.1245295676547369E-008
 0392  0.1224563350052036E-008
 0393  0.1204521026246575E-008
 0394  0.1185139917234456E-008
 0395  0.1166386647608499E-008
 0396  0.1157199719946091E-008
 0397  0.1139193205238379E-008
 0398  0.1121756804405555E-008
 0399  0.1104866488043593E-008
 0400  0.1088498599166205E-008
 0401  0.1072630767339706E-008
 0402  0.1057242191050083E-008
 0403  0.1042313117564056E-008
 0404  0.1027824646518724E-008
 0405  0.1013761723304729E-008
 0406  0.1000124747420687E-008
 0407  0.9868992119953375E-009
 0408  0.9740682393589954E-009
 0409  0.9616158234095845E-009
 0410  0.9495267756663874E-009
 0411  0.9377866752000515E-009
 0412  0.9263818221227649E-009
 0413  0.9152991943512011E-009
 0414  0.9045264073807284E-009
 0415  0.8940516768328022E-009
 0416  0.8789269522492016E-009
 0417  0.8692173228022536E-009
 0418  0.8597656462721643E-009
 0419  0.8505625986787207E-009
 0420  0.8415992815592342E-009
 0421  0.8286290615789945E-009
 0422  0.8202849967600433E-009
 0423  0.8121501441000882E-009
 0424  0.8003634672161920E-009
 0425  0.7927711571343152E-009
 0426  0.7853623506464230E-009
 0427  0.7746147559445158E-009
 0428  0.7676836038347993E-009
 0429  0.7576204377035747E-009
 0430  0.7511253008272193E-009
 0431  0.7416876434719348E-009
 0432  0.7355914550404238E-009
 0433  0.7267267783655288E-009
 0434  0.7209964439397518E-009
 0435  0.7126577826196684E-009
 0436  0.7046337878336759E-009
 0437  0.6994408866739848E-009
 0438  0.6918758324183046E-009
 0439  0.6845863210541547E-009
 0440  0.6775587009071343E-009
 0441  0.6707801865893511E-009
 0442  0.6642387922921377E-009
 0443  0.6579232710874128E-009
 0444  0.6518230596203802E-009
 0445  0.6459282276472802E-009
 0446  0.6402294319338780E-009
 0447  0.6347178740845575E-009
 0448  0.6293852619195265E-009
 0449  0.6242237740592409E-009
 0450  0.6176071811577004E-009
 0451  0.6128341768430866E-009
 0452  0.6082084273459926E-009
 0453  0.6022698169510645E-009
 0454  0.5965881914195096E-009
 0455  0.5924813743589668E-009
 0456  0.5872009291598661E-009
 0457  0.5821402885397511E-009
 0458  0.5772873956645457E-009
 0459  0.5726310399604042E-009
 0460  0.5681607847122822E-009
 0461  0.5638669019264113E-009
 0462  0.5597403136243939E-009
 0463  0.5557725388437354E-009
 0464  0.5510298567869355E-009
 0465  0.5465192117556089E-009
 0466  0.5430646472688847E-009
 0467  0.5389278539615069E-009
 0468  0.5349856871462822E-009
 0469  0.5304998534008929E-009
 0470  0.5269528105088587E-009
 0471  0.5229104644279182E-009
 0472  0.5197094560644000E-009
 0473  0.5160564526599203E-009
 0474  0.5120436459948937E-009
 0475  0.5088026817682074E-009
 0476  0.5052363885628793E-009
 0477  0.5018874192189029E-009
 0478  0.4987397741749101E-009
 0479  0.4953724516596397E-009
 0480  0.4918577818485336E-009
 0481  0.4889564957516014E-009
 0482  0.4856003675391329E-009
 0483  0.4825207568370741E-009
 0484  0.4796913607952675E-009
 0485  0.4765962492911499E-009
 0486  0.4735770450556310E-009
 0487  0.4706707667866457E-009
 0488  0.4679072898702938E-009
 0489  0.4650091622432829E-009
 0490  0.4623763487583730E-009
 0491  0.4595778758247882E-009
 0492  0.4569246224787379E-009
 0493  0.4542746254485599E-009
 0494  0.4528797404361771E-009
 0495  0.4528797404361771E-009
 0496  0.4528797404361771E-009
 0497  0.4528797404361771E-009
 0498  0.4528797404361771E-009
 0499  0.4528797404361771E-009
 0500  0.4528797404361771E-009
 0501  0.4528797404361771E-009
 0502  0.4528797404361771E-009
 0503  0.4528797404361771E-009
 0504  0.4528797404361771E-009
 0505  0.4528797404361771E-009
 0506  0.4528797404361771E-009
 0507  0.4528797404361771E-009
 0508  0.4528797404361771E-009
 0509  0.4528797404361771E-009
 0510  0.4528797404361771E-009
 0511  0.4528797404361771E-009
 0512  0.4528797404361771E-009
 0513  0.4528797404361771E-009
 0514  0.4528797404361771E-009
 0515  0.4528797404361771E-009
 0516  0.4528797404361771E-009
 0517  0.4528797404361771E-009
 0518  0.4528797404361771E-009
 0519  0.4528797404361771E-009
 0520  0.4528797404361771E-009
 0521  0.4528797404361771E-009
 0522  0.4528797404361771E-009
 0523  0.4528797404361771E-009
 0524  0.4528797404361771E-009
 0525  0.4528797404361771E-009
 0526  0.4528797404361771E-009
 0527  0.4528797404361771E-009
 0528  0.4528797404361771E-009
 0529  0.4528797404361771E-009
 0530  0.4528797404361771E-009
 0531  0.4528797404361771E-009
 0532  0.4528797404361771E-009
 0533  0.4528797404361771E-009
 0534  0.4528797404361771E-009
 0535  0.4528797404361771E-009
 0536  0.4528797404361771E-009
 0537  0.4528797404361771E-009
 0538  0.4528797404361771E-009
 0539  0.4528797404361771E-009
 0540  0.4528797404361771E-009
 0541  0.4528797404361771E-009
 0542  0.4528797404361771E-009
 0543  0.4528797404361771E-009
 0544  0.4528797404361771E-009
 0545  0.4528797404361771E-009
 0546  0.4528797404361771E-009
 0547  0.4528797404361771E-009
 0548  0.4528797404361771E-009
 0549  0.4528797404361771E-009
 0550  0.4528797404361771E-009
 0551  0.4528797404361771E-009
 0552  0.4528797404361771E-009
 0553  0.4528797404361771E-009
 0554  0.4528797404361771E-009
 0555  0.4528797404361771E-009
 0556  0.4528797404361771E-009
 0557  0.4528797404361771E-009
 0558  0.4528797404361771E-009
 0559  0.4528797404361771E-009
 0560  0.4528797404361771E-009
 0561  0.4528797404361771E-009
 0562  0.4528797404361771E-009
 0563  0.4528797404361771E-009
 0564  0.4528797404361771E-009
 0565  0.4528797404361771E-009
 0566  0.4528797404361771E-009
 0567  0.4528797404361771E-009
 0568  0.4528797404361771E-009
 0569  0.4528797404361771E-009
 0570  0.4528797404361771E-009
 0571  0.4528797404361771E-009
 0572  0.4528797404361771E-009
 0573  0.4528797404361771E-009
 0574  0.4528797404361771E-009
 0575  0.4528797404361771E-009
 0576  0.4528797404361771E-009
 0577  0.4528797404361771E-009
 0578  0.4528797404361771E-009
 0579  0.4528797404361771E-009
 0580  0.4528797404361771E-009
 0581  0.4528797404361771E-009
 0582  0.4528797404361771E-009
 0583  0.4528797404361771E-009
 0584  0.4528797404361771E-009
 0585  0.4528797404361771E-009
 0586  0.4528797404361771E-009
 0587  0.4528797404361771E-009
 0588  0.4528797404361771E-009
 0589  0.4528797404361771E-009
 0590  0.4528797404361771E-009
 0591  0.4528797404361771E-009
 0592  0.4528797404361771E-009
 0593  0.4528797404361771E-009
 0594  0.4528797404361771E-009
 0595  0.4528797404361771E-009
 0596  0.4528797404361771E-009
 0597  0.4528797404361771E-009
 0598  0.4528797404361771E-009
 0599  0.4528797404361771E-009
 0600  0.4528797404361771E-009
 0601  0.4528797404361771E-009
 0602  0.4528797404361771E-009
 0603  0.4528797404361771E-009
 0604  0.4528797404361771E-009
 0605  0.4528797404361771E-009
 0606  0.4528797404361771E-009
 0607  0.4528797404361771E-009
 0608  0.4528797404361771E-009
 0609  0.4528797404361771E-009
 0610  0.4528797404361771E-009
 0611  0.4528797404361771E-009
 0612  0.4528797404361771E-009
 0613  0.4528797404361771E-009
 0614  0.4528797404361771E-009
 0615  0.4528797404361771E-009
 0616  0.4528797404361771E-009
 0617  0.4528797404361771E-009
 0618  0.4528797404361771E-009
 0619  0.4528797404361771E-009
 0620  0.4528797404361771E-009
 0621  0.4528797404361771E-009
 0622  0.4528797404361771E-009
 0623  0.4528797404361771E-009
 0624  0.4528797404361771E-009
 0625  0.4528797404361771E-009
 0626  0.4528797404361771E-009
 0627  0.4528797404361771E-009
 0628  0.4528797404361771E-009
 0629  0.4528797404361771E-009
 0630  0.4528797404361771E-009
 0631  0.4528797404361771E-009
 0632  0.4528797404361771E-009
 0633  0.4528797404361771E-009
 0634  0.4528797404361771E-009
 0635  0.4528797404361771E-009
 0636  0.4528797404361771E-009
 0637  0.4528797404361771E-009
 0638  0.4528797404361771E-009
 0639  0.4528797404361771E-009
 0640  0.4528797404361771E-009
 0641  0.4528797404361771E-009
 0642  0.4528797404361771E-009
 0643  0.4528797404361771E-009
 0644  0.4528797404361771E-009
 0645  0.4528797404361771E-009
 0646  0.4528797404361771E-009
 0647  0.4528797404361771E-009
 0648  0.4528797404361771E-009
 0649  0.4528797404361771E-009
 0650  0.4528797404361771E-009
 0651  0.4528797404361771E-009
 0652  0.4528797404361771E-009
 0653  0.4528797404361771E-009
 0654  0.4528797404361771E-009
 0655  0.4528797404361771E-009
 0656  0.4528797404361771E-009
 0657  0.4528797404361771E-009
 0658  0.4528797404361771E-009
 0659  0.4528797404361771E-009
 0660  0.4528797404361771E-009
 0661  0.4528797404361771E-009
 0662  0.4528797404361771E-009
 0663  0.4528797404361771E-009
 0664  0.4528797404361771E-009
 0665  0.4528797404361771E-009
 0666  0.4528797404361771E-009
 0667  0.4528797404361771E-009
 0668  0.4528797404361771E-009
 0669  0.4528797404361771E-009
 0670  0.4528797404361771E-009
 0671  0.4528797404361771E-009
 0672  0.4528797404361771E-009
 0673  0.4528797404361771E-009
 0674  0.4528797404361771E-009
 0675  0.4528797404361771E-009
 0676  0.4528797404361771E-009
 0677  0.4528797404361771E-009
 0678  0.4528797404361771E-009
 0679  0.4528797404361771E-009
 0680  0.4528797404361771E-009
 0681  0.4528797404361771E-009
 0682  0.4528797404361771E-009
 0683  0.4528797404361771E-009
 0684  0.4528797404361771E-009
 0685  0.4528797404361771E-009
 0686  0.4528797404361771E-009
 0687  0.4528797404361771E-009
 0688  0.4528797404361771E-009
 0689  0.4528797404361771E-009
 0690  0.4528797404361771E-009
 0691  0.4528797404361771E-009
 0692  0.4528797404361771E-009
 0693  0.4528797404361771E-009
 0694  0.4528797404361771E-009
 0695  0.4528797404361771E-009
 0696  0.4528797404361771E-009
 0697  0.4528797404361771E-009
 0698  0.4528797404361771E-009
 0699  0.4528797404361771E-009
 0700  0.4528797404361771E-009
 0701  0.4528797404361771E-009
 0702  0.4528797404361771E-009
 0703  0.4528797404361771E-009
 0704  0.4528797404361771E-009
 0705  0.4528797404361771E-009
 0706  0.4528797404361771E-009
 0707  0.4528797404361771E-009
 0708  0.4528797404361771E-009
 0709  0.4528797404361771E-009
 0710  0.4528797404361771E-009
 0711  0.4528797404361771E-009
 0712  0.4528797404361771E-009
 0713  0.4528797404361771E-009
 0714  0.4528797404361771E-009
 0715  0.4528797404361771E-009
 0716  0.4528797404361771E-009
 0717  0.4528797404361771E-009
 0718  0.4528797404361771E-009
 0719  0.4528797404361771E-009
 0720  0.4528797404361771E-009
 0721  0.4528797404361771E-009
 0722  0.4528797404361771E-009
 0723  0.4528797404361771E-009
 0724  0.4528797404361771E-009
 0725  0.4528797404361771E-009
 0726  0.4528797404361771E-009
 0727  0.4528797404361771E-009
 0728  0.4528797404361771E-009
 0729  0.4528797404361771E-009
 0730  0.4528797404361771E-009
 0731  0.4528797404361771E-009
 0732  0.4528797404361771E-009
 0733  0.4528797404361771E-009
 0734  0.4528797404361771E-009
 0735  0.4528797404361771E-009
 0736  0.4528797404361771E-009
 0737  0.4528797404361771E-009
 0738  0.4528797404361771E-009
 0739  0.4528797404361771E-009
 0740  0.4528797404361771E-009
 0741  0.4528797404361771E-009
 0742  0.4528797404361771E-009
 0743  0.4528797404361771E-009
 0744  0.4528797404361771E-009
 0745  0.4528797404361771E-009
 0746  0.4528797404361771E-009
 0747  0.4528797404361771E-009
 0748  0.4528797404361771E-009
 0749  0.4528797404361771E-009
 0750  0.4528797404361771E-009
 0751  0.4528797404361771E-009
 0752  0.4528797404361771E-009
 0753  0.4528797404361771E-009
 0754  0.4528797404361771E-009
 0755  0.4528797404361771E-009
 0756  0.4528797404361771E-009
 0757  0.4528797404361771E-009
 0758  0.4528797404361771E-009
 0759  0.4528797404361771E-009
 0760  0.4528797404361771E-009
 0761  0.4528797404361771E-009
 0762  0.4528797404361771E-009
 0763  0.4528797404361771E-009
 0764  0.4528797404361771E-009
 0765  0.4528797404361771E-009
 0766  0.4528797404361771E-009
 0767  0.4528797404361771E-009
 0768  0.4528797404361771E-009
 0769  0.4528797404361771E-009
 0770  0.4528797404361771E-009
 0771  0.4528797404361771E-009
 0772  0.4528797404361771E-009
 0773  0.4528797404361771E-009
 0774  0.4528797404361771E-009
 0775  0.4528797404361771E-009
 0776  0.4528797404361771E-009
 0777  0.4528797404361771E-009
 0778  0.4528797404361771E-009
 0779  0.4528797404361771E-009
 0780  0.4528797404361771E-009
 0781  0.4528797404361771E-009
 0782  0.4528797404361771E-009
 0783  0.4528797404361771E-009
 0784  0.4528797404361771E-009
 0785  0.4528797404361771E-009
 0786  0.4528797404361771E-009
 0787  0.4528797404361771E-009
 0788  0.4528797404361771E-009
 0789  0.4528797404361771E-009
 0790  0.4528797404361771E-009
 0791  0.4528797404361771E-009
 0792  0.4528797404361771E-009
 0793  0.4528797404361771E-009
 0794  0.4528797404361771E-009
 0795  0.4528797404361771E-009
 0796  0.4528797404361771E-009
 0797  0.4528797404361771E-009
 0798  0.4528797404361771E-009
 0799  0.4528797404361771E-009
 0800  0.4528797404361771E-009
 0801  0.4528797404361771E-009
 0802  0.4528797404361771E-009
 0803  0.4528797404361771E-009
 0804  0.4528797404361771E-009
 0805  0.4528797404361771E-009
 0806  0.4528797404361771E-009
 0807  0.4528797404361771E-009
 0808  0.4528797404361771E-009
 0809  0.4528797404361771E-009
 0810  0.4528797404361771E-009
 0811  0.4528797404361771E-009
 0812  0.4528797404361771E-009
 0813  0.4528797404361771E-009
 0814  0.4528797404361771E-009
 0815  0.4528797404361771E-009
 0816  0.4528797404361771E-009
 0817  0.4528797404361771E-009
 0818  0.4528797404361771E-009
 0819  0.4528797404361771E-009
 0820  0.4528797404361771E-009
 0821  0.4528797404361771E-009
 0822  0.4528797404361771E-009
 0823  0.4528797404361771E-009
 0824  0.4528797404361771E-009
 0825  0.4528797404361771E-009
 0826  0.4528797404361771E-009
 0827  0.4528797404361771E-009
 0828  0.4528797404361771E-009
 0829  0.4528797404361771E-009
 0830  0.4528797404361771E-009
 0831  0.4528797404361771E-009
 0832  0.4528797404361771E-009
 0833  0.4528797404361771E-009
 0834  0.4528797404361771E-009
 0835  0.4528797404361771E-009
 0836  0.4528797404361771E-009
 0837  0.4528797404361771E-009
 0838  0.4528797404361771E-009
 0839  0.4528797404361771E-009
 0840  0.4528797404361771E-009
 0841  0.4528797404361771E-009
 0842  0.4528797404361771E-009
 0843  0.4528797404361771E-009
 0844  0.4528797404361771E-009
 0845  0.4528797404361771E-009
 0846  0.4528797404361771E-009
 0847  0.4528797404361771E-009
 0848  0.4528797404361771E-009
 0849  0.4528797404361771E-009
 0850  0.4528797404361771E-009
 0851  0.4528797404361771E-009
 0852  0.4528797404361771E-009
 0853  0.4528797404361771E-009
 0854  0.4528797404361771E-009
 0855  0.4528797404361771E-009
 0856  0.4528797404361771E-009
 0857  0.4528797404361771E-009
 0858  0.4528797404361771E-009
 0859  0.4528797404361771E-009
 0860  0.4528797404361771E-009
 0861  0.4528797404361771E-009
 0862  0.4528797404361771E-009
 0863  0.4528797404361771E-009
 0864  0.4528797404361771E-009
 0865  0.4528797404361771E-009
 0866  0.4528797404361771E-009
 0867  0.4528797404361771E-009
 0868  0.4528797404361771E-009
 0869  0.4528797404361771E-009
 0870  0.4528797404361771E-009
 0871  0.4528797404361771E-009
 0872  0.4528797404361771E-009
 0873  0.4528797404361771E-009
 0874  0.4528797404361771E-009
 0875  0.4528797404361771E-009
 0876  0.4528797404361771E-009
 0877  0.4528797404361771E-009
 0878  0.4528797404361771E-009
 0879  0.4528797404361771E-009
 0880  0.4528797404361771E-009
 0881  0.4528797404361771E-009
 0882  0.4528797404361771E-009
 0883  0.4528797404361771E-009
 0884  0.4528797404361771E-009
 0885  0.4528797404361771E-009
 0886  0.4528797404361771E-009
 0887  0.4528797404361771E-009
 0888  0.4528797404361771E-009
 0889  0.4528797404361771E-009
 0890  0.4528797404361771E-009
 0891  0.4528797404361771E-009
 0892  0.4528797404361771E-009
 0893  0.4528797404361771E-009
 0894  0.4528797404361771E-009
 0895  0.4528797404361771E-009
 0896  0.4528797404361771E-009
 0897  0.4528797404361771E-009
 0898  0.4528797404361771E-009
 0899  0.4528797404361771E-009
 0900  0.4528797404361771E-009
 0901  0.4528797404361771E-009
 0902  0.4528797404361771E-009
 0903  0.4528797404361771E-009
 0904  0.4528797404361771E-009
 0905  0.4528797404361771E-009
 0906  0.4528797404361771E-009
 0907  0.4528797404361771E-009
 0908  0.4528797404361771E-009
 0909  0.4528797404361771E-009
 0910  0.4528797404361771E-009
 0911  0.4528797404361771E-009
 0912  0.4528797404361771E-009
 0913  0.4528797404361771E-009
 0914  0.4528797404361771E-009
 0915  0.4528797404361771E-009
 0916  0.4528797404361771E-009
 0917  0.4528797404361771E-009
 0918  0.4528797404361771E-009
 0919  0.4528797404361771E-009
 0920  0.4528797404361771E-009
 0921  0.4528797404361771E-009
 0922  0.4528797404361771E-009
 0923  0.4528797404361771E-009
 0924  0.4528797404361771E-009
 0925  0.4528797404361771E-009
 0926  0.4528797404361771E-009
 0927  0.4528797404361771E-009
 0928  0.4528797404361771E-009
 0929  0.4528797404361771E-009
 0930  0.4528797404361771E-009
 0931  0.4528797404361771E-009
 0932  0.4528797404361771E-009
 0933  0.4528797404361771E-009
 0934  0.4528797404361771E-009
 0935  0.4528797404361771E-009
 0936  0.4528797404361771E-009
 0937  0.4528797404361771E-009
 0938  0.4528797404361771E-009
 0939  0.4528797404361771E-009
 0940  0.4528797404361771E-009
 0941  0.4528797404361771E-009
 0942  0.4528797404361771E-009
 0943  0.4528797404361771E-009
 0944  0.4528797404361771E-009
 0945  0.4528797404361771E-009
 0946  0.4528797404361771E-009
 0947  0.4528797404361771E-009
 0948  0.4528797404361771E-009
 0949  0.4528797404361771E-009
 0950  0.4528797404361771E-009
 0951  0.4528797404361771E-009
 0952  0.4528797404361771E-009
 0953  0.4528797404361771E-009
 0954  0.4528797404361771E-009
 0955  0.4528797404361771E-009
 0956  0.4528797404361771E-009
 0957  0.4528797404361771E-009
 0958  0.4528797404361771E-009
 0959  0.4528797404361771E-009
 0960  0.4528797404361771E-009
 0961  0.4528797404361771E-009
 0962  0.4528797404361771E-009
 0963  0.4528797404361771E-009
 0964  0.4528797404361771E-009
 0965  0.4528797404361771E-009
 0966  0.4528797404361771E-009
 0967  0.4528797404361771E-009
 0968  0.4528797404361771E-009
 0969  0.4528797404361771E-009
 0970  0.4528797404361771E-009
 0971  0.4528797404361771E-009
 0972  0.4528797404361771E-009
 0973  0.4528797404361771E-009
 0974  0.4528797404361771E-009
 0975  0.4528797404361771E-009
 0976  0.4528797404361771E-009
 0977  0.4528797404361771E-009
 0978  0.4528797404361771E-009
 0979  0.4528797404361771E-009
 0980  0.4528797404361771E-009
 0981  0.4528797404361771E-009
 0982  0.4528797404361771E-009
 0983  0.4528797404361771E-009
 0984  0.4528797404361771E-009
 0985  0.4528797404361771E-009
 0986  0.4528797404361771E-009
 0987  0.4528797404361771E-009
 0988  0.4528797404361771E-009
 0989  0.4528797404361771E-009
 0990  0.4528797404361771E-009
 0991  0.4528797404361771E-009
 0992  0.4528797404361771E-009
 0993  0.4528797404361771E-009
 0994  0.4528797404361771E-009
 0995  0.4528797404361771E-009
 0996  0.4528797404361771E-009
 0997  0.4528797404361771E-009
 0998  0.4528797404361771E-009
 0999  0.4528797404361771E-009
 1000  0.4528797404361771E-009
