 0001  0.3601659194570125E+000
 0002  0.3611579848684360E+000
 0003  0.3611579848684361E+000
 0004  0.3611579848684361E+000
 0005  0.3622709075771841E+000
 0006  0.3622709075771841E+000
 0007  0.3634887427167594E+000
 0008  0.3634887427167595E+000
 0009  0.3646782974227944E+000
 0010  0.3646782974227943E+000
 0011  0.3646782974227943E+000
 0012  0.3659984042184458E+000
 0013  0.3659984042184457E+000
 0014  0.3672878556394185E+000
 0015  0.3672878556394184E+000
 0016  0.3686954731512358E+000
 0017  0.3686954731512357E+000
 0018  0.3702223019581661E+000
 0019  0.3702223019581662E+000
 0020  0.3717136749146299E+000
 0021  0.3717136749146298E+000
 0022  0.3733376407299415E+000
 0023  0.3733376407299415E+000
 0024  0.3750834021526240E+000
 0025  0.3750834021526241E+000
 0026  0.3769537740868860E+000
 0027  0.3787291329224876E+000
 0028  0.3787291329224876E+000
 0029  0.3806427259173216E+000
 0030  0.3806427259173217E+000
 0031  0.3826956980536217E+000
 0032  0.3826956980536217E+000
 0033  0.3847009962969832E+000
 0034  0.3867801189991211E+000
 0035  0.3867801189991210E+000
 0036  0.3889775283867685E+000
 0037  0.3889775283867685E+000
 0038  0.3911239097755276E+000
 0039  0.3932777058063013E+000
 0040  0.3932777058063013E+000
 0041  0.3954582879153591E+000
 0042  0.3975087607179639E+000
 0043  0.3975087607179638E+000
 0044  0.3995116176668821E+000
 0045  0.3995116176668821E+000
 0046  0.4014732139518001E+000
 0047  0.4032334377962746E+000
 0048  0.4032334377962747E+000
 0049  0.4047936074439145E+000
 0050  0.4062437543779098E+000
 0051  0.4073252589969582E+000
 0052  0.4073252589969582E+000
 0053  0.4080042656466722E+000
 0054  0.4082912383975318E+000
 0055  0.4082912383975318E+000
 0056  0.4085715470987635E+000
 0057  0.4083181089332351E+000
 0058  0.4083181089332351E+000
 0059  0.4074147225338839E+000
 0060  0.4058489902351600E+000
 0061  0.4036010773791506E+000
 0062  0.4036010773791506E+000
 0063  0.4014053653080119E+000
 0064  0.3985587878531132E+000
 0065  0.3950213476519630E+000
 0066  0.3950213476519630E+000
 0067  0.3904726879495369E+000
 0068  0.3851963996121642E+000
 0069  0.3804188144677278E+000
 0070  0.3804188144677278E+000
 0071  0.3743266681446799E+000
 0072  0.3674125810981971E+000
 0073  0.3599361790932401E+000
 0074  0.3519095317226030E+000
 0075  0.3519095317226029E+000
 0076  0.3440692782735573E+000
 0077  0.3354861730051415E+000
 0078  0.3262689905765578E+000
 0079  0.3165337790914066E+000
 0080  0.3165337790914066E+000
 0081  0.3053963853760304E+000
 0082  0.2940583175140845E+000
 0083  0.2841016322947179E+000
 0084  0.2736777289530389E+000
 0085  0.2736777289530388E+000
 0086  0.2617401212095957E+000
 0087  0.2497923045040997E+000
 0088  0.2379475242536732E+000
 0089  0.2262820149476737E+000
 0090  0.2148468383268656E+000
 0091  0.2148468383268656E+000
 0092  0.2022247379070695E+000
 0093  0.1901481852505120E+000
 0094  0.1788210987504236E+000
 0095  0.1681946404114687E+000
 0096  0.1581560686963689E+000
 0097  0.1486240215886799E+000
 0098  0.1395386266083206E+000
 0099  0.1308548305533377E+000
 0100  0.1225378493001131E+000
 0101  0.1145430188623999E+000
 0102  0.1069017858703315E+000
 0103  0.9963444927883271E-001
 0104  0.9275231077050031E-001
 0105  0.8625946910218603E-001
 0106  0.8015431447619892E-001
 0107  0.7405874283301646E-001
 0108  0.6847005069137373E-001
 0109  0.6334385492898122E-001
 0110  0.5864007208618313E-001
 0111  0.5432273697316053E-001
 0112  0.5035944888797143E-001
 0113  0.4380939660141176E-001
 0114  0.4108450347958793E-001
 0115  0.3853761361391805E-001
 0116  0.3615565452899768E-001
 0117  0.3393214544903752E-001
 0118  0.3186011567222091E-001
 0119  0.2993228601331711E-001
 0120  0.2814121626328835E-001
 0121  0.2647942401197289E-001
 0122  0.2493947940029943E-001
 0123  0.2345558010608672E-001
 0124  0.2209839843579138E-001
 0125  0.2085682730945095E-001
 0126  0.1972079053380728E-001
 0127  0.1868113799290978E-001
 0128  0.1772955271498649E-001
 0129  0.1685846833426521E-001
 0130  0.1541276736944650E-001
 0131  0.1481062836394175E-001
 0132  0.1425110368660200E-001
 0133  0.1373154709372712E-001
 0134  0.1324942775705951E-001
 0135  0.1280233260349909E-001
 0136  0.1238796711964161E-001
 0137  0.1199263174565168E-001
 0138  0.1162924070996801E-001
 0139  0.1129516763926421E-001
 0140  0.1098800912443016E-001
 0141  0.1070541844102872E-001
 0142  0.1044543708200359E-001
 0143  0.1020626074008743E-001
 0144  0.9986228569865380E-002
 0145  0.9616874741014317E-002
 0146  0.9461446362501152E-002
 0147  0.9316786967901326E-002
 0148  0.9182198291355064E-002
 0149  0.9054036277416260E-002
 0150  0.8935479493871593E-002
 0151  0.8825761590671359E-002
 0152  0.8724222851658475E-002
 0153  0.8630252856586900E-002
 0154  0.8543286793474407E-002
 0155  0.8462802047106215E-002
 0156  0.8388315042989035E-002
 0157  0.8319378327608607E-002
 0158  0.8202107085083767E-002
 0159  0.8152131725198911E-002
 0160  0.8104498031325324E-002
 0161  0.8060158791258966E-002
 0162  0.8018885664354486E-002
 0163  0.7980466174177279E-002
 0164  0.7944702603418568E-002
 0165  0.7911410966000509E-002
 0166  0.7880420050979527E-002
 0167  0.7851570499283545E-002
 0168  0.7824714023292958E-002
 0169  0.7799707461418653E-002
 0170  0.7756292543539189E-002
 0171  0.7737453273511225E-002
 0172  0.7719823031549700E-002
 0173  0.7703324014492392E-002
 0174  0.7687883443796051E-002
 0175  0.7673433239522280E-002
 0176  0.7659909715604216E-002
 0177  0.7647251325356654E-002
 0178  0.7635402901409745E-002
 0179  0.7624150208088757E-002
 0180  0.7613643172632945E-002
 0181  0.7595405407345069E-002
 0182  0.7587481072081027E-002
 0183  0.7580027471614710E-002
 0184  0.7573016729986736E-002
 0185  0.7566422611539838E-002
 0186  0.7560220425428716E-002
 0187  0.7554386935595885E-002
 0188  0.7548829048577464E-002
 0189  0.7543611961554868E-002
 0190  0.7534460150136936E-002
 0191  0.7530442518413785E-002
 0192  0.7526647917383192E-002
 0193  0.7523063991628847E-002
 0194  0.7519679066078098E-002
 0195  0.7516444899773263E-002
 0196  0.7513395129874477E-002
 0197  0.7510519084015722E-002
 0198  0.7507806716118181E-002
 0199  0.7505248569785697E-002
 0200  0.7500719877952569E-002
 0201  0.7498713737026713E-002
 0202  0.7496791588423950E-002
 0203  0.7494971724664216E-002
 0204  0.7493248627434941E-002
 0205  0.7491617080251815E-002
 0206  0.7490072151724526E-002
 0207  0.7488609089687722E-002
 0208  0.7485986257007676E-002
 0209  0.7484810688669019E-002
 0210  0.7483693687157933E-002
 0211  0.7482632243246613E-002
 0212  0.7481623564605611E-002
 0213  0.7480665000516961E-002
 0214  0.7479754034732116E-002
 0215  0.7478880629762329E-002
 0216  0.7477313207344752E-002
 0217  0.7476609551690086E-002
 0218  0.7475938777713511E-002
 0219  0.7475299333971151E-002
 0220  0.7474689742888570E-002
 0221  0.7474103803513613E-002
 0222  0.7473545684086085E-002
 0223  0.7472537597958059E-002
 0224  0.7472082136593582E-002
 0225  0.7471646723855239E-002
 0226  0.7471227306641725E-002
 0227  0.7470826661649966E-002
 0228  0.7470443921707673E-002
 0229  0.7470078273276364E-002
 0230  0.7469413989968819E-002
 0231  0.7469109997864672E-002
 0232  0.7468818855078488E-002
 0233  0.7468540009994194E-002
 0234  0.7468272935014269E-002
 0235  0.7468017118850507E-002
 0236  0.7467772079930515E-002
 0237  0.7467321747263616E-002
 0238  0.7467116261132563E-002
 0239  0.7466918987426645E-002
 0240  0.7466729593413220E-002
 0241  0.7466546621586462E-002
 0242  0.7466371047341141E-002
 0243  0.7466049188914910E-002
 0244  0.7465901628717602E-002
 0245  0.7465758825119290E-002
 0246  0.7465621503273519E-002
 0247  0.7465489446417096E-002
 0248  0.7465362448953959E-002
 0249  0.7465128006775942E-002
 0250  0.7465019799252925E-002
 0251  0.7464915538636057E-002
 0252  0.7464815076918923E-002
 0253  0.7464717763431262E-002
 0254  0.7464624031405585E-002
 0255  0.7464450883862273E-002
 0256  0.7464370899660740E-002
 0257  0.7464293301433094E-002
 0258  0.7464218422809700E-002
 0259  0.7464146166479291E-002
 0260  0.7464011898031129E-002
 0261  0.7463949517438825E-002
 0262  0.7463889222422758E-002
 0263  0.7463830941887913E-002
 0264  0.7463774349873546E-002
 0265  0.7463669131796399E-002
 0266  0.7463620214136558E-002
 0267  0.7463572651816624E-002
 0268  0.7463526620848421E-002
 0269  0.7463482070836347E-002
 0270  0.7463398816325624E-002
 0271  0.7463359917128019E-002
 0272  0.7463322216189669E-002
 0273  0.7463285529975897E-002
 0274  0.7463216941687563E-002
 0275  0.7463184877660421E-002
 0276  0.7463153640542701E-002
 0277  0.7463123332125355E-002
 0278  0.7463093923984669E-002
 0279  0.7463038598133344E-002
 0280  0.7463012673699664E-002
 0281  0.7462987488367389E-002
 0282  0.7462962933763955E-002
 0283  0.7462916804018510E-002
 0284  0.7462895061208002E-002
 0285  0.7462873917973365E-002
 0286  0.7462853357305816E-002
 0287  0.7462814517599099E-002
 0288  0.7462796236242501E-002
 0289  0.7462778383092355E-002
 0290  0.7462761005920289E-002
 0291  0.7462728173677132E-002
 0292  0.7462712664600133E-002
 0293  0.7462697553633861E-002
 0294  0.7462682786766517E-002
 0295  0.7462654838882611E-002
 0296  0.7462641614587887E-002
 0297  0.7462628719147432E-002
 0298  0.7462604234758791E-002
 0299  0.7462592645143681E-002
 0300  0.7462581303259171E-002
 0301  0.7462570234753656E-002
 0302  0.7462549188883717E-002
 0303  0.7462539210736342E-002
 0304  0.7462529440261514E-002
 0305  0.7462510859383066E-002
 0306  0.7462502025005656E-002
 0307  0.7462493369887696E-002
 0308  0.7462484911102270E-002
 0309  0.7462468802264990E-002
 0310  0.7462461132557111E-002
 0311  0.7462453614331090E-002
 0312  0.7462439277995298E-002
 0313  0.7462432443317601E-002
 0314  0.7462425740243728E-002
 0315  0.7462412942746432E-002
 0316  0.7462406835467767E-002
 0317  0.7462400847723787E-002
 0318  0.7462389417978203E-002
 0319  0.7462383965651457E-002
 0320  0.7462378625634602E-002
 0321  0.7462368435203553E-002
 0322  0.7462363575572124E-002
 0323  0.7462358820308773E-002
 0324  0.7462349747422561E-002
 0325  0.7462345424202114E-002
 0326  0.7462337174491282E-002
 0327  0.7462333240298599E-002
 0328  0.7462329395047493E-002
 0329  0.7462322062616024E-002
 0330  0.7462318569105498E-002
 0331  0.7462315150526237E-002
 0332  0.7462308639525532E-002
 0333  0.7462305534691050E-002
 0334  0.7462299622037575E-002
 0335  0.7462296801670132E-002
 0336  0.7462294048552756E-002
 0337  0.7462288800130733E-002
 0338  0.7462286300049028E-002
 0339  0.7462281540630617E-002
 0340  0.7462279269355971E-002
 0341  0.7462274945420715E-002
 0342  0.7462272888559635E-002
 0343  0.7462270874645714E-002
 0344  0.7462267041427757E-002
 0345  0.7462265218392433E-002
 0346  0.7462261748061046E-002
 0347  0.7462260090548433E-002
 0348  0.7462256935176329E-002
 0349  0.7462255434221567E-002
 0350  0.7462252576494684E-002
 0351  0.7462251216927622E-002
 0352  0.7462248628039650E-002
 0353  0.7462247396171090E-002
 0354  0.7462245049291836E-002
 0355  0.7462243931633659E-002
 0356  0.7462241800377988E-002
 0357  0.7462240784475408E-002
 0358  0.7462238845567572E-002
 0359  0.7462237920548820E-002
 0360  0.7462236157453339E-002
 0361  0.7462235317402767E-002
 0362  0.7462233711194691E-002
 0363  0.7462232943508807E-002
 0364  0.7462231480759625E-002
 0365  0.7462230113474766E-002
 0366  0.7462229460256301E-002
 0367  0.7462228210717813E-002
 0368  0.7462227613219090E-002
 0369  0.7462226471577295E-002
 0370  0.7462225402637860E-002
 0371  0.7462224891592746E-002
 0372  0.7462223911500030E-002
 0373  0.7462223443397984E-002
 0374  0.7462222544861793E-002
 0375  0.7462221703505507E-002
 0376  0.7462221300892483E-002
 0377  0.7462220529459532E-002
 0378  0.7462219805105642E-002
 0379  0.7462219457817853E-002
 0380  0.7462218791180455E-002
 0381  0.7462218164622964E-002
 0382  0.7462217864155921E-002
 0383  0.7462217287207724E-002
 0384  0.7462216745097450E-002
 0385  0.7462216234986433E-002
 0386  0.7462215990313187E-002
 0387  0.7462215520358142E-002
 0388  0.7462215077350031E-002
 0389  0.7462214659686266E-002
 0390  0.7462214459406992E-002
 0391  0.7462214073864023E-002
 0392  0.7462213710708939E-002
 0393  0.7462213368372937E-002
 0394  0.7462213045063135E-002
 0395  0.7462212740258817E-002
 0396  0.7462212593718758E-002
 0397  0.7462212311685813E-002
 0398  0.7462212045524684E-002
 0399  0.7462211794149042E-002
 0400  0.7462211556719647E-002
 0401  0.7462211332454297E-002
 0402  0.7462211120555911E-002
 0403  0.7462210920289989E-002
 0404  0.7462210731003892E-002
 0405  0.7462210551559711E-002
 0406  0.7462210378181036E-002
 0407  0.7462210210033360E-002
 0408  0.7462210046902102E-002
 0409  0.7462209888583766E-002
 0410  0.7462209734885237E-002
 0411  0.7462209585623178E-002
 0412  0.7462209440623416E-002
 0413  0.7462209299720385E-002
 0414  0.7462209162756617E-002
 0415  0.7462209029582299E-002
 0416  0.7462208837288587E-002
 0417  0.7462208713841666E-002
 0418  0.7462208593674326E-002
 0419  0.7462208476668021E-002
 0420  0.7462208362709614E-002
 0421  0.7462208197807983E-002
 0422  0.7462208091722667E-002
 0423  0.7462207988297255E-002
 0424  0.7462207838443034E-002
 0425  0.7462207741915423E-002
 0426  0.7462207647720855E-002
 0427  0.7462207511077381E-002
 0428  0.7462207422955645E-002
 0429  0.7462207295013909E-002
 0430  0.7462207212435614E-002
 0431  0.7462207092446511E-002
 0432  0.7462207014940389E-002
 0433  0.7462206902236086E-002
 0434  0.7462206829381388E-002
 0435  0.7462206723364772E-002
 0436  0.7462206621348788E-002
 0437  0.7462206555326942E-002
 0438  0.7462206459145867E-002
 0439  0.7462206366467998E-002
 0440  0.7462206277119787E-002
 0441  0.7462206190938669E-002
 0442  0.7462206107772259E-002
 0443  0.7462206027477575E-002
 0444  0.7462205949920308E-002
 0445  0.7462205874974208E-002
 0446  0.7462205802520487E-002
 0447  0.7462205732447289E-002
 0448  0.7462205664649179E-002
 0449  0.7462205599026717E-002
 0450  0.7462205514904244E-002
 0451  0.7462205454220915E-002
 0452  0.7462205395409758E-002
 0453  0.7462205319907066E-002
 0454  0.7462205247671645E-002
 0455  0.7462205195458134E-002
 0456  0.7462205128323266E-002
 0457  0.7462205063982962E-002
 0458  0.7462205002283933E-002
 0459  0.7462204943083648E-002
 0460  0.7462204886249424E-002
 0461  0.7462204831657579E-002
 0462  0.7462204779192691E-002
 0463  0.7462204728746939E-002
 0464  0.7462204668449119E-002
 0465  0.7462204611101382E-002
 0466  0.7462204567180514E-002
 0467  0.7462204514585882E-002
 0468  0.7462204464465702E-002
 0469  0.7462204407433414E-002
 0470  0.7462204362336790E-002
 0471  0.7462204310942942E-002
 0472  0.7462204270245750E-002
 0473  0.7462204223801948E-002
 0474  0.7462204172783662E-002
 0475  0.7462204131578480E-002
 0476  0.7462204086237109E-002
 0477  0.7462204043658760E-002
 0478  0.7462204003640024E-002
 0479  0.7462203960828338E-002
 0480  0.7462203916143298E-002
 0481  0.7462203879256740E-002
 0482  0.7462203836587376E-002
 0483  0.7462203797433621E-002
 0484  0.7462203761461055E-002
 0485  0.7462203722110218E-002
 0486  0.7462203683724462E-002
 0487  0.7462203646774438E-002
 0488  0.7462203611639974E-002
 0489  0.7462203574793573E-002
 0490  0.7462203541320331E-002
 0491  0.7462203505740920E-002
 0492  0.7462203472007811E-002
 0493  0.7462203438316110E-002
 0494  0.7462203420581713E-002
 0495  0.7462203420581713E-002
 0496  0.7462203420581713E-002
 0497  0.7462203420581713E-002
 0498  0.7462203420581713E-002
 0499  0.7462203420581713E-002
 0500  0.7462203420581713E-002
 0501  0.7462203420581713E-002
 0502  0.7462203420581713E-002
 0503  0.7462203420581713E-002
 0504  0.7462203420581713E-002
 0505  0.7462203420581713E-002
 0506  0.7462203420581713E-002
 0507  0.7462203420581713E-002
 0508  0.7462203420581713E-002
 0509  0.7462203420581713E-002
 0510  0.7462203420581713E-002
 0511  0.7462203420581713E-002
 0512  0.7462203420581713E-002
 0513  0.7462203420581713E-002
 0514  0.7462203420581713E-002
 0515  0.7462203420581713E-002
 0516  0.7462203420581713E-002
 0517  0.7462203420581713E-002
 0518  0.7462203420581713E-002
 0519  0.7462203420581713E-002
 0520  0.7462203420581713E-002
 0521  0.7462203420581713E-002
 0522  0.7462203420581713E-002
 0523  0.7462203420581713E-002
 0524  0.7462203420581713E-002
 0525  0.7462203420581713E-002
 0526  0.7462203420581713E-002
 0527  0.7462203420581713E-002
 0528  0.7462203420581713E-002
 0529  0.7462203420581713E-002
 0530  0.7462203420581713E-002
 0531  0.7462203420581713E-002
 0532  0.7462203420581713E-002
 0533  0.7462203420581713E-002
 0534  0.7462203420581713E-002
 0535  0.7462203420581713E-002
 0536  0.7462203420581713E-002
 0537  0.7462203420581713E-002
 0538  0.7462203420581713E-002
 0539  0.7462203420581713E-002
 0540  0.7462203420581713E-002
 0541  0.7462203420581713E-002
 0542  0.7462203420581713E-002
 0543  0.7462203420581713E-002
 0544  0.7462203420581713E-002
 0545  0.7462203420581713E-002
 0546  0.7462203420581713E-002
 0547  0.7462203420581713E-002
 0548  0.7462203420581713E-002
 0549  0.7462203420581713E-002
 0550  0.7462203420581713E-002
 0551  0.7462203420581713E-002
 0552  0.7462203420581713E-002
 0553  0.7462203420581713E-002
 0554  0.7462203420581713E-002
 0555  0.7462203420581713E-002
 0556  0.7462203420581713E-002
 0557  0.7462203420581713E-002
 0558  0.7462203420581713E-002
 0559  0.7462203420581713E-002
 0560  0.7462203420581713E-002
 0561  0.7462203420581713E-002
 0562  0.7462203420581713E-002
 0563  0.7462203420581713E-002
 0564  0.7462203420581713E-002
 0565  0.7462203420581713E-002
 0566  0.7462203420581713E-002
 0567  0.7462203420581713E-002
 0568  0.7462203420581713E-002
 0569  0.7462203420581713E-002
 0570  0.7462203420581713E-002
 0571  0.7462203420581713E-002
 0572  0.7462203420581713E-002
 0573  0.7462203420581713E-002
 0574  0.7462203420581713E-002
 0575  0.7462203420581713E-002
 0576  0.7462203420581713E-002
 0577  0.7462203420581713E-002
 0578  0.7462203420581713E-002
 0579  0.7462203420581713E-002
 0580  0.7462203420581713E-002
 0581  0.7462203420581713E-002
 0582  0.7462203420581713E-002
 0583  0.7462203420581713E-002
 0584  0.7462203420581713E-002
 0585  0.7462203420581713E-002
 0586  0.7462203420581713E-002
 0587  0.7462203420581713E-002
 0588  0.7462203420581713E-002
 0589  0.7462203420581713E-002
 0590  0.7462203420581713E-002
 0591  0.7462203420581713E-002
 0592  0.7462203420581713E-002
 0593  0.7462203420581713E-002
 0594  0.7462203420581713E-002
 0595  0.7462203420581713E-002
 0596  0.7462203420581713E-002
 0597  0.7462203420581713E-002
 0598  0.7462203420581713E-002
 0599  0.7462203420581713E-002
 0600  0.7462203420581713E-002
 0601  0.7462203420581713E-002
 0602  0.7462203420581713E-002
 0603  0.7462203420581713E-002
 0604  0.7462203420581713E-002
 0605  0.7462203420581713E-002
 0606  0.7462203420581713E-002
 0607  0.7462203420581713E-002
 0608  0.7462203420581713E-002
 0609  0.7462203420581713E-002
 0610  0.7462203420581713E-002
 0611  0.7462203420581713E-002
 0612  0.7462203420581713E-002
 0613  0.7462203420581713E-002
 0614  0.7462203420581713E-002
 0615  0.7462203420581713E-002
 0616  0.7462203420581713E-002
 0617  0.7462203420581713E-002
 0618  0.7462203420581713E-002
 0619  0.7462203420581713E-002
 0620  0.7462203420581713E-002
 0621  0.7462203420581713E-002
 0622  0.7462203420581713E-002
 0623  0.7462203420581713E-002
 0624  0.7462203420581713E-002
 0625  0.7462203420581713E-002
 0626  0.7462203420581713E-002
 0627  0.7462203420581713E-002
 0628  0.7462203420581713E-002
 0629  0.7462203420581713E-002
 0630  0.7462203420581713E-002
 0631  0.7462203420581713E-002
 0632  0.7462203420581713E-002
 0633  0.7462203420581713E-002
 0634  0.7462203420581713E-002
 0635  0.7462203420581713E-002
 0636  0.7462203420581713E-002
 0637  0.7462203420581713E-002
 0638  0.7462203420581713E-002
 0639  0.7462203420581713E-002
 0640  0.7462203420581713E-002
 0641  0.7462203420581713E-002
 0642  0.7462203420581713E-002
 0643  0.7462203420581713E-002
 0644  0.7462203420581713E-002
 0645  0.7462203420581713E-002
 0646  0.7462203420581713E-002
 0647  0.7462203420581713E-002
 0648  0.7462203420581713E-002
 0649  0.7462203420581713E-002
 0650  0.7462203420581713E-002
 0651  0.7462203420581713E-002
 0652  0.7462203420581713E-002
 0653  0.7462203420581713E-002
 0654  0.7462203420581713E-002
 0655  0.7462203420581713E-002
 0656  0.7462203420581713E-002
 0657  0.7462203420581713E-002
 0658  0.7462203420581713E-002
 0659  0.7462203420581713E-002
 0660  0.7462203420581713E-002
 0661  0.7462203420581713E-002
 0662  0.7462203420581713E-002
 0663  0.7462203420581713E-002
 0664  0.7462203420581713E-002
 0665  0.7462203420581713E-002
 0666  0.7462203420581713E-002
 0667  0.7462203420581713E-002
 0668  0.7462203420581713E-002
 0669  0.7462203420581713E-002
 0670  0.7462203420581713E-002
 0671  0.7462203420581713E-002
 0672  0.7462203420581713E-002
 0673  0.7462203420581713E-002
 0674  0.7462203420581713E-002
 0675  0.7462203420581713E-002
 0676  0.7462203420581713E-002
 0677  0.7462203420581713E-002
 0678  0.7462203420581713E-002
 0679  0.7462203420581713E-002
 0680  0.7462203420581713E-002
 0681  0.7462203420581713E-002
 0682  0.7462203420581713E-002
 0683  0.7462203420581713E-002
 0684  0.7462203420581713E-002
 0685  0.7462203420581713E-002
 0686  0.7462203420581713E-002
 0687  0.7462203420581713E-002
 0688  0.7462203420581713E-002
 0689  0.7462203420581713E-002
 0690  0.7462203420581713E-002
 0691  0.7462203420581713E-002
 0692  0.7462203420581713E-002
 0693  0.7462203420581713E-002
 0694  0.7462203420581713E-002
 0695  0.7462203420581713E-002
 0696  0.7462203420581713E-002
 0697  0.7462203420581713E-002
 0698  0.7462203420581713E-002
 0699  0.7462203420581713E-002
 0700  0.7462203420581713E-002
 0701  0.7462203420581713E-002
 0702  0.7462203420581713E-002
 0703  0.7462203420581713E-002
 0704  0.7462203420581713E-002
 0705  0.7462203420581713E-002
 0706  0.7462203420581713E-002
 0707  0.7462203420581713E-002
 0708  0.7462203420581713E-002
 0709  0.7462203420581713E-002
 0710  0.7462203420581713E-002
 0711  0.7462203420581713E-002
 0712  0.7462203420581713E-002
 0713  0.7462203420581713E-002
 0714  0.7462203420581713E-002
 0715  0.7462203420581713E-002
 0716  0.7462203420581713E-002
 0717  0.7462203420581713E-002
 0718  0.7462203420581713E-002
 0719  0.7462203420581713E-002
 0720  0.7462203420581713E-002
 0721  0.7462203420581713E-002
 0722  0.7462203420581713E-002
 0723  0.7462203420581713E-002
 0724  0.7462203420581713E-002
 0725  0.7462203420581713E-002
 0726  0.7462203420581713E-002
 0727  0.7462203420581713E-002
 0728  0.7462203420581713E-002
 0729  0.7462203420581713E-002
 0730  0.7462203420581713E-002
 0731  0.7462203420581713E-002
 0732  0.7462203420581713E-002
 0733  0.7462203420581713E-002
 0734  0.7462203420581713E-002
 0735  0.7462203420581713E-002
 0736  0.7462203420581713E-002
 0737  0.7462203420581713E-002
 0738  0.7462203420581713E-002
 0739  0.7462203420581713E-002
 0740  0.7462203420581713E-002
 0741  0.7462203420581713E-002
 0742  0.7462203420581713E-002
 0743  0.7462203420581713E-002
 0744  0.7462203420581713E-002
 0745  0.7462203420581713E-002
 0746  0.7462203420581713E-002
 0747  0.7462203420581713E-002
 0748  0.7462203420581713E-002
 0749  0.7462203420581713E-002
 0750  0.7462203420581713E-002
 0751  0.7462203420581713E-002
 0752  0.7462203420581713E-002
 0753  0.7462203420581713E-002
 0754  0.7462203420581713E-002
 0755  0.7462203420581713E-002
 0756  0.7462203420581713E-002
 0757  0.7462203420581713E-002
 0758  0.7462203420581713E-002
 0759  0.7462203420581713E-002
 0760  0.7462203420581713E-002
 0761  0.7462203420581713E-002
 0762  0.7462203420581713E-002
 0763  0.7462203420581713E-002
 0764  0.7462203420581713E-002
 0765  0.7462203420581713E-002
 0766  0.7462203420581713E-002
 0767  0.7462203420581713E-002
 0768  0.7462203420581713E-002
 0769  0.7462203420581713E-002
 0770  0.7462203420581713E-002
 0771  0.7462203420581713E-002
 0772  0.7462203420581713E-002
 0773  0.7462203420581713E-002
 0774  0.7462203420581713E-002
 0775  0.7462203420581713E-002
 0776  0.7462203420581713E-002
 0777  0.7462203420581713E-002
 0778  0.7462203420581713E-002
 0779  0.7462203420581713E-002
 0780  0.7462203420581713E-002
 0781  0.7462203420581713E-002
 0782  0.7462203420581713E-002
 0783  0.7462203420581713E-002
 0784  0.7462203420581713E-002
 0785  0.7462203420581713E-002
 0786  0.7462203420581713E-002
 0787  0.7462203420581713E-002
 0788  0.7462203420581713E-002
 0789  0.7462203420581713E-002
 0790  0.7462203420581713E-002
 0791  0.7462203420581713E-002
 0792  0.7462203420581713E-002
 0793  0.7462203420581713E-002
 0794  0.7462203420581713E-002
 0795  0.7462203420581713E-002
 0796  0.7462203420581713E-002
 0797  0.7462203420581713E-002
 0798  0.7462203420581713E-002
 0799  0.7462203420581713E-002
 0800  0.7462203420581713E-002
 0801  0.7462203420581713E-002
 0802  0.7462203420581713E-002
 0803  0.7462203420581713E-002
 0804  0.7462203420581713E-002
 0805  0.7462203420581713E-002
 0806  0.7462203420581713E-002
 0807  0.7462203420581713E-002
 0808  0.7462203420581713E-002
 0809  0.7462203420581713E-002
 0810  0.7462203420581713E-002
 0811  0.7462203420581713E-002
 0812  0.7462203420581713E-002
 0813  0.7462203420581713E-002
 0814  0.7462203420581713E-002
 0815  0.7462203420581713E-002
 0816  0.7462203420581713E-002
 0817  0.7462203420581713E-002
 0818  0.7462203420581713E-002
 0819  0.7462203420581713E-002
 0820  0.7462203420581713E-002
 0821  0.7462203420581713E-002
 0822  0.7462203420581713E-002
 0823  0.7462203420581713E-002
 0824  0.7462203420581713E-002
 0825  0.7462203420581713E-002
 0826  0.7462203420581713E-002
 0827  0.7462203420581713E-002
 0828  0.7462203420581713E-002
 0829  0.7462203420581713E-002
 0830  0.7462203420581713E-002
 0831  0.7462203420581713E-002
 0832  0.7462203420581713E-002
 0833  0.7462203420581713E-002
 0834  0.7462203420581713E-002
 0835  0.7462203420581713E-002
 0836  0.7462203420581713E-002
 0837  0.7462203420581713E-002
 0838  0.7462203420581713E-002
 0839  0.7462203420581713E-002
 0840  0.7462203420581713E-002
 0841  0.7462203420581713E-002
 0842  0.7462203420581713E-002
 0843  0.7462203420581713E-002
 0844  0.7462203420581713E-002
 0845  0.7462203420581713E-002
 0846  0.7462203420581713E-002
 0847  0.7462203420581713E-002
 0848  0.7462203420581713E-002
 0849  0.7462203420581713E-002
 0850  0.7462203420581713E-002
 0851  0.7462203420581713E-002
 0852  0.7462203420581713E-002
 0853  0.7462203420581713E-002
 0854  0.7462203420581713E-002
 0855  0.7462203420581713E-002
 0856  0.7462203420581713E-002
 0857  0.7462203420581713E-002
 0858  0.7462203420581713E-002
 0859  0.7462203420581713E-002
 0860  0.7462203420581713E-002
 0861  0.7462203420581713E-002
 0862  0.7462203420581713E-002
 0863  0.7462203420581713E-002
 0864  0.7462203420581713E-002
 0865  0.7462203420581713E-002
 0866  0.7462203420581713E-002
 0867  0.7462203420581713E-002
 0868  0.7462203420581713E-002
 0869  0.7462203420581713E-002
 0870  0.7462203420581713E-002
 0871  0.7462203420581713E-002
 0872  0.7462203420581713E-002
 0873  0.7462203420581713E-002
 0874  0.7462203420581713E-002
 0875  0.7462203420581713E-002
 0876  0.7462203420581713E-002
 0877  0.7462203420581713E-002
 0878  0.7462203420581713E-002
 0879  0.7462203420581713E-002
 0880  0.7462203420581713E-002
 0881  0.7462203420581713E-002
 0882  0.7462203420581713E-002
 0883  0.7462203420581713E-002
 0884  0.7462203420581713E-002
 0885  0.7462203420581713E-002
 0886  0.7462203420581713E-002
 0887  0.7462203420581713E-002
 0888  0.7462203420581713E-002
 0889  0.7462203420581713E-002
 0890  0.7462203420581713E-002
 0891  0.7462203420581713E-002
 0892  0.7462203420581713E-002
 0893  0.7462203420581713E-002
 0894  0.7462203420581713E-002
 0895  0.7462203420581713E-002
 0896  0.7462203420581713E-002
 0897  0.7462203420581713E-002
 0898  0.7462203420581713E-002
 0899  0.7462203420581713E-002
 0900  0.7462203420581713E-002
 0901  0.7462203420581713E-002
 0902  0.7462203420581713E-002
 0903  0.7462203420581713E-002
 0904  0.7462203420581713E-002
 0905  0.7462203420581713E-002
 0906  0.7462203420581713E-002
 0907  0.7462203420581713E-002
 0908  0.7462203420581713E-002
 0909  0.7462203420581713E-002
 0910  0.7462203420581713E-002
 0911  0.7462203420581713E-002
 0912  0.7462203420581713E-002
 0913  0.7462203420581713E-002
 0914  0.7462203420581713E-002
 0915  0.7462203420581713E-002
 0916  0.7462203420581713E-002
 0917  0.7462203420581713E-002
 0918  0.7462203420581713E-002
 0919  0.7462203420581713E-002
 0920  0.7462203420581713E-002
 0921  0.7462203420581713E-002
 0922  0.7462203420581713E-002
 0923  0.7462203420581713E-002
 0924  0.7462203420581713E-002
 0925  0.7462203420581713E-002
 0926  0.7462203420581713E-002
 0927  0.7462203420581713E-002
 0928  0.7462203420581713E-002
 0929  0.7462203420581713E-002
 0930  0.7462203420581713E-002
 0931  0.7462203420581713E-002
 0932  0.7462203420581713E-002
 0933  0.7462203420581713E-002
 0934  0.7462203420581713E-002
 0935  0.7462203420581713E-002
 0936  0.7462203420581713E-002
 0937  0.7462203420581713E-002
 0938  0.7462203420581713E-002
 0939  0.7462203420581713E-002
 0940  0.7462203420581713E-002
 0941  0.7462203420581713E-002
 0942  0.7462203420581713E-002
 0943  0.7462203420581713E-002
 0944  0.7462203420581713E-002
 0945  0.7462203420581713E-002
 0946  0.7462203420581713E-002
 0947  0.7462203420581713E-002
 0948  0.7462203420581713E-002
 0949  0.7462203420581713E-002
 0950  0.7462203420581713E-002
 0951  0.7462203420581713E-002
 0952  0.7462203420581713E-002
 0953  0.7462203420581713E-002
 0954  0.7462203420581713E-002
 0955  0.7462203420581713E-002
 0956  0.7462203420581713E-002
 0957  0.7462203420581713E-002
 0958  0.7462203420581713E-002
 0959  0.7462203420581713E-002
 0960  0.7462203420581713E-002
 0961  0.7462203420581713E-002
 0962  0.7462203420581713E-002
 0963  0.7462203420581713E-002
 0964  0.7462203420581713E-002
 0965  0.7462203420581713E-002
 0966  0.7462203420581713E-002
 0967  0.7462203420581713E-002
 0968  0.7462203420581713E-002
 0969  0.7462203420581713E-002
 0970  0.7462203420581713E-002
 0971  0.7462203420581713E-002
 0972  0.7462203420581713E-002
 0973  0.7462203420581713E-002
 0974  0.7462203420581713E-002
 0975  0.7462203420581713E-002
 0976  0.7462203420581713E-002
 0977  0.7462203420581713E-002
 0978  0.7462203420581713E-002
 0979  0.7462203420581713E-002
 0980  0.7462203420581713E-002
 0981  0.7462203420581713E-002
 0982  0.7462203420581713E-002
 0983  0.7462203420581713E-002
 0984  0.7462203420581713E-002
 0985  0.7462203420581713E-002
 0986  0.7462203420581713E-002
 0987  0.7462203420581713E-002
 0988  0.7462203420581713E-002
 0989  0.7462203420581713E-002
 0990  0.7462203420581713E-002
 0991  0.7462203420581713E-002
 0992  0.7462203420581713E-002
 0993  0.7462203420581713E-002
 0994  0.7462203420581713E-002
 0995  0.7462203420581713E-002
 0996  0.7462203420581713E-002
 0997  0.7462203420581713E-002
 0998  0.7462203420581713E-002
 0999  0.7462203420581713E-002
 1000  0.7462203420581713E-002
