 0001  0.2091937407948974E+026
 0002  0.1970398319673294E+026
 0003  0.1828833185237707E+026
 0004  0.1706987266449335E+026
 0005  0.1581952278479626E+026
 0006  0.1464136284420130E+026
 0007  0.1355605149992217E+026
 0008  0.1249799299498720E+026
 0009  0.1148457096704620E+026
 0010  0.1050661486085942E+026
 0011  0.9593227357080210E+025
 0012  0.8731239899328396E+025
 0013  0.7932319639141959E+025
 0014  0.7162209677999554E+025
 0015  0.6434291150136981E+025
 0016  0.5765898728021357E+025
 0017  0.5148076276356791E+025
 0018  0.4577598058732260E+025
 0019  0.4042208706257031E+025
 0020  0.3567256533113617E+025
 0021  0.3120304840885057E+025
 0022  0.2679749191991568E+025
 0023  0.2304527008194781E+025
 0024  0.1957728346281882E+025
 0025  0.1648370478280414E+025
 0026  0.1369935381078713E+025
 0027  0.1122190861270280E+025
 0028  0.9041811658159577E+024
 0029  0.6401330949900579E+024
 0030  0.5072061662690662E+024
 0031  0.3997385971841107E+024
 0032  0.3131651009490785E+024
 0033  0.2447831998238722E+024
 0034  0.1917007710662509E+024
 0035  0.1497895952815008E+024
 0036  0.1158495309460210E+024
 0037  0.8775557286213570E+023
 0038  0.6931804710827454E+023
 0039  0.5563847372844324E+023
 0040  0.4470328447572200E+023
 0041  0.3615969188447033E+023
 0042  0.2959096263045359E+023
 0043  0.2440162651673096E+023
 0044  0.2011437228662815E+023
 0045  0.1665270499169328E+023
 0046  0.1391213681950520E+023
 0047  0.1165418298737393E+023
 0048  0.9801266816324695E+022
 0049  0.8265588599638161E+022
 0050  0.7021825366311574E+022
 0051  0.5945969892947560E+022
 0052  0.5026714236364496E+022
 0053  0.4303521271303849E+022
 0054  0.3682570113720805E+022
 0055  0.3145670431948513E+022
 0056  0.2681141849837624E+022
 0057  0.2300448064952955E+022
 0058  0.1961539403718660E+022
 0059  0.1680268667422790E+022
 0060  0.1440772763092599E+022
 0061  0.1233967543018652E+022
 0062  0.1052102368227516E+022
 0063  0.8895444281999077E+021
 0064  0.7551818683582381E+021
 0065  0.6455776538159389E+021
 0066  0.5530321289300248E+021
 0067  0.4729872655468499E+021
 0068  0.4059595285118699E+021
 0069  0.3483185316869835E+021
 0070  0.2981898031606678E+021
 0071  0.2554760925896748E+021
 0072  0.2190544904909958E+021
 0073  0.1886734238163454E+021
 0074  0.1607267651147913E+021
 0075  0.1362216128316464E+021
 0076  0.1163592977123526E+021
 0077  0.9791327019106638E+020
 0078  0.8253623293555563E+020
 0079  0.6923349522792977E+020
 0080  0.5762214420018115E+020
 0081  0.4766894516641074E+020
 0082  0.3907201468467232E+020
 0083  0.3175830806534789E+020
 0084  0.2548700473426520E+020
 0085  0.1996335106880942E+020
 0086  0.1538180561737598E+020
 0087  0.1154662520185774E+020
 0088  0.8365805229290683E+019
 0089  0.5149125237811438E+019
 0090  0.3548094173326652E+019
 0091  0.2492587889350063E+019
 0092  0.1794045907657849E+019
 0093  0.1309569345595235E+019
 0094  0.9613455015768017E+018
 0095  0.7252452868613640E+018
 0096  0.5510335310114281E+018
 0097  0.4157107643413953E+018
 0098  0.3125005556830652E+018
 0099  0.2378281078375637E+018
 0100  0.1829003516706237E+018
 0101  0.1418093364974791E+018
 0102  0.1094127738293951E+018
 0103  0.8565203684585856E+017
 0104  0.6759096131309074E+017
 0105  0.5299539686127917E+017
 0106  0.4154755717070186E+017
 0107  0.3279998288821077E+017
 0108  0.2531782222964695E+017
 0109  0.1956420514726649E+017
 0110  0.1478814786359527E+017
 0111  0.1082225757036308E+017
 0112  0.7774730288332248E+016
 0113  0.5538404102101547E+016
 0114  0.3706356350585875E+016
 0115  0.2354284679315729E+016
 0116  0.1353829676521123E+016
 0117  0.6743906135771372E+015
 0118  0.2527697838676679E+015
 0119  0.3597453503148507E+014
 0120  0.2783940946361152E+011
 0121  0.6040291399261081E+009
 0122  0.1223972251700089E+009
 0123  0.4853695061005738E+008
 0124  0.2621550199620441E+008
 0125  0.1643598500614506E+008
 0126  0.1146502865183038E+008
 0127  0.8536036712742679E+007
 0128  0.6760650044375767E+007
 0129  0.5497858175749242E+007
 0130  0.4611997245008719E+007
 0131  0.3897719749211124E+007
 0132  0.3352137405086130E+007
 0133  0.2970478655258120E+007
 0134  0.2627514098022364E+007
 0135  0.2329790456829719E+007
 0136  0.2129638432534191E+007
 0137  0.1913036265362568E+007
 0138  0.1755052107158759E+007
 0139  0.1625354242227563E+007
 0140  0.1495785136440788E+007
 0141  0.1403791650181301E+007
 0142  0.1291706123519601E+007
 0143  0.1210877665124333E+007
 0144  0.1130479350776739E+007
 0145  0.1065819384229369E+007
 0146  0.1005353349501018E+007
 0147  0.9545428412379756E+006
 0148  0.9031993544929638E+006
 0149  0.8463595704789993E+006
 0150  0.8013583833381557E+006
 0151  0.7711469381401234E+006
 0152  0.7282883556746905E+006
 0153  0.7028855334164181E+006
 0154  0.6696384087414405E+006
 0155  0.6417571689113093E+006
 0156  0.6149582992457164E+006
 0157  0.5898236915764691E+006
 0158  0.5667083612822538E+006
 0159  0.5437100036580223E+006
 0160  0.5199451458120733E+006
 0161  0.5015858379923503E+006
 0162  0.4858008184766682E+006
 0163  0.4705300636226367E+006
 0164  0.4505129568046934E+006
 0165  0.4330528275013677E+006
 0166  0.4186826593026459E+006
 0167  0.4071613652122894E+006
 0168  0.3969921959464365E+006
 0169  0.3846075034504458E+006
 0170  0.3675070867517950E+006
 0171  0.3566222703563093E+006
 0172  0.3437500663529658E+006
 0173  0.3346768834179002E+006
 0174  0.3265606086107179E+006
 0175  0.3184666082481506E+006
 0176  0.3100037164086671E+006
 0177  0.2993136689912521E+006
 0178  0.2904309707097326E+006
 0179  0.2826784022091019E+006
 0180  0.2765924460827725E+006
 0181  0.2706599355035392E+006
 0182  0.2638578637485208E+006
 0183  0.2558720619729261E+006
 0184  0.2478953673737738E+006
 0185  0.2399259798880145E+006
 0186  0.2350780807990318E+006
 0187  0.2303215916301095E+006
 0188  0.2249613462022836E+006
 0189  0.2196033388306061E+006
 0190  0.2142813144023194E+006
 0191  0.2089790254889414E+006
 0192  0.2032663799387704E+006
 0193  0.1971621419473308E+006
 0194  0.1937054611049030E+006
 0195  0.1903092643229217E+006
 0196  0.1862911208704782E+006
 0197  0.1820365658427122E+006
 0198  0.1780180920056285E+006
 0199  0.1743942134111906E+006
 0200  0.1708461874941954E+006
 0201  0.1671890800623372E+006
 0202  0.1634650422564065E+006
 0203  0.1598167558383832E+006
 0204  0.1560571709356097E+006
 0205  0.1523737770665840E+006
 0206  0.1476111848759121E+006
 0207  0.1453013892682593E+006
 0208  0.1430958550322964E+006
 0209  0.1400635872914664E+006
 0210  0.1371188713528540E+006
 0211  0.1344226463751910E+006
 0212  0.1318295901042780E+006
 0213  0.1293594251276393E+006
 0214  0.1270577505908051E+006
 0215  0.1249429281117026E+006
 0216  0.1228659441014494E+006
 0217  0.1203074001152771E+006
 0218  0.1176436506000756E+006
 0219  0.1155409105294404E+006
 0220  0.1136206127768004E+006
 0221  0.1115700495971980E+006
 0222  0.1090456877446169E+006
 0223  0.1070140624963050E+006
 0224  0.1054042727059021E+006
 0225  0.1038203412954869E+006
 0226  0.1015825762007863E+006
 0227  0.9951115694133172E+005
 0228  0.9811939223935880E+005
 0229  0.9674903396904895E+005
 0230  0.9531534462106627E+005
 0231  0.9361584722446759E+005
 0232  0.9194603220060249E+005
 0233  0.9007905728775982E+005
 0234  0.8797709691411236E+005
 0235  0.8679165687078751E+005
 0236  0.8574111569320105E+005
 0237  0.8470578285398876E+005
 0238  0.8335254367885343E+005
 0239  0.8125277036116044E+005
 0240  0.7976326643478981E+005
 0241  0.7870273151703608E+005
 0242  0.7765763677250539E+005
 0243  0.7635316161414392E+005
 0244  0.7503049153045470E+005
 0245  0.7389728317993120E+005
 0246  0.7291415182355802E+005
 0247  0.7194511637030897E+005
 0248  0.7097391404395885E+005
 0249  0.6993319729487569E+005
 0250  0.6890778277984586E+005
 0251  0.6789759031463419E+005
 0252  0.6673686829019788E+005
 0253  0.6529426195595471E+005
 0254  0.6408018551514467E+005
 0255  0.6334823339856498E+005
 0256  0.6262567812374903E+005
 0257  0.6191250300609606E+005
 0258  0.6114361995959620E+005
 0259  0.6024974220257139E+005
 0260  0.5936880273209961E+005
 0261  0.5850040789934881E+005
 0262  0.5764009973542623E+005
 0263  0.5678090321160629E+005
 0264  0.5593403610728725E+005
 0265  0.5509936014964974E+005
 0266  0.5426495766068047E+005
 0267  0.5342948183197724E+005
 0268  0.5260606472184905E+005
 0269  0.5180862732127798E+005
 0270  0.5108009392369817E+005
 0271  0.5036153938448676E+005
 0272  0.4965286257350006E+005
 0273  0.4879838100327466E+005
 0274  0.4794468508689293E+005
 0275  0.4738069817998770E+005
 0276  0.4690217307254413E+005
 0277  0.4642937589056796E+005
 0278  0.4596223071481342E+005
 0279  0.4546952293401200E+005
 0280  0.4472337992789074E+005
 0281  0.4398824082492312E+005
 0282  0.4326394474512996E+005
 0283  0.4268410260843596E+005
 0284  0.4213934479213503E+005
 0285  0.4160176986966979E+005
 0286  0.4102197742642280E+005
 0287  0.4023045133925835E+005
 0288  0.3955796791932111E+005
 0289  0.3917528837833153E+005
 0290  0.3879717939632937E+005
 0291  0.3842360120978528E+005
 0292  0.3804132637063163E+005
 0293  0.3750161658777558E+005
 0294  0.3696955107952467E+005
 0295  0.3644505064515814E+005
 0296  0.3591438581861318E+005
 0297  0.3537625616450945E+005
 0298  0.3484611079146051E+005
 0299  0.3446583829670178E+005
 0300  0.3414863483110847E+005
 0301  0.3383529103743006E+005
 0302  0.3352577216083152E+005
 0303  0.3322001571973430E+005
 0304  0.3291798848430252E+005
 0305  0.3261915076729882E+005
 0306  0.3214558466867237E+005
 0307  0.3167933478943068E+005
 0308  0.3122032689393873E+005
 0309  0.3076849304257358E+005
 0310  0.3032374413781008E+005
 0311  0.2993433971408295E+005
 0312  0.2956939740262326E+005
 0313  0.2920989417734730E+005
 0314  0.2885577520639401E+005
 0315  0.2850698369156755E+005
 0316  0.2816344644781865E+005
 0317  0.2763999732209322E+005
 0318  0.2712434360658603E+005
 0319  0.2663857635133994E+005
 0320  0.2631189290240387E+005
 0321  0.2599054768496533E+005
 0322  0.2567793394936506E+005
 0323  0.2538640170212592E+005
 0324  0.2509956164412134E+005
 0325  0.2481733427583755E+005
 0326  0.2452521844810052E+005
 0327  0.2423214829042263E+005
 0328  0.2394405900500054E+005
 0329  0.2365597586946637E+005
 0330  0.2334453386731314E+005
 0331  0.2303879965317552E+005
 0332  0.2274403269017047E+005
 0333  0.2247861039909339E+005
 0334  0.2221777239640040E+005
 0335  0.2197017694163316E+005
 0336  0.2177677551123242E+005
 0337  0.2158625994325658E+005
 0338  0.2139856717111743E+005
 0339  0.2121364358570526E+005
 0340  0.2103142814029222E+005
 0341  0.2083166495958368E+005
 0342  0.2046252780752136E+005
 0343  0.2010158184255787E+005
 0344  0.1979211527250420E+005
 0345  0.1961101324852279E+005
 0346  0.1943260040105414E+005
 0347  0.1925681255592931E+005
 0348  0.1908359386516252E+005
 0349  0.1881632558143464E+005
 0350  0.1852282075980768E+005
 0351  0.1826233724901214E+005
 0352  0.1806557069014949E+005
 0353  0.1787185817502809E+005
 0354  0.1770021664755850E+005
 0355  0.1753498722793647E+005
 0356  0.1737212073961112E+005
 0357  0.1720130202415282E+005
 0358  0.1701997726552816E+005
 0359  0.1684137113201106E+005
 0360  0.1666542673010983E+005
 0361  0.1648911922391028E+005
 0362  0.1631530641542085E+005
 0363  0.1614406299383543E+005
 0364  0.1597595173633920E+005
 0365  0.1581096789094992E+005
 0366  0.1564837933827914E+005
 0367  0.1548814094742631E+005
 0368  0.1527170157515350E+005
 0369  0.1505228541157380E+005
 0370  0.1489164826645515E+005
 0371  0.1474002067719198E+005
 0372  0.1462173316376087E+005
 0373  0.1451026796514595E+005
 0374  0.1440019923265357E+005
 0375  0.1429150433066785E+005
 0376  0.1415355230148807E+005
 0377  0.1400327112216098E+005
 0378  0.1385514761425879E+005
 0379  0.1370914199887595E+005
 0380  0.1350776601866397E+005
 0381  0.1330110661916773E+005
 0382  0.1316898543301792E+005
 0383  0.1304267821545054E+005
 0384  0.1294563432110859E+005
 0385  0.1284977429157363E+005
 0386  0.1275507979636830E+005
 0387  0.1264863133535327E+005
 0388  0.1251068029088250E+005
 0389  0.1237469140831351E+005
 0390  0.1224188230253255E+005
 0391  0.1212314812223639E+005
 0392  0.1200600537920451E+005
 0393  0.1189042691961968E+005
 0394  0.1178593555606559E+005
 0395  0.1168479434464437E+005
 0396  0.1158493116094727E+005
 0397  0.1148632600637116E+005
 0398  0.1135273197155482E+005
 0399  0.1119191366899767E+005
 0400  0.1105239032224050E+005
 0401  0.1094785671214496E+005
 0402  0.1084641546870623E+005
 0403  0.1075753762773794E+005
 0404  0.1066974182562471E+005
 0405  0.1058219598614199E+005
 0406  0.1048375811407747E+005
 0407  0.1038657078127502E+005
 0408  0.1029061235877735E+005
 0409  0.1019108239983005E+005
 0410  0.1009241291426589E+005
 0411  0.9995542192939640E+004
 0412  0.9926949843044280E+004
 0413  0.9859128716583578E+004
 0414  0.9792067259804688E+004
 0415  0.9725754056595377E+004
 0416  0.9660177968586589E+004
 0417  0.9594207045401279E+004
 0418  0.9467024492315157E+004
 0419  0.9341669430753149E+004
 0420  0.9218100180558498E+004
 0421  0.9139254182802577E+004
 0422  0.9065581736050073E+004
 0423  0.8992759729333684E+004
 0424  0.8920267308487206E+004
 0425  0.8842774445105484E+004
 0426  0.8766192725412029E+004
 0427  0.8690506271796403E+004
 0428  0.8613040769719360E+004
 0429  0.8519285106900021E+004
 0430  0.8426708443790996E+004
 0431  0.8345067623211198E+004
 0432  0.8273844802841370E+004
 0433  0.8203430907879487E+004
 0434  0.8148050557581453E+004
 0435  0.8096220496907416E+004
 0436  0.8044925973088481E+004
 0437  0.7994159235034796E+004
 0438  0.7943912843063858E+004
 0439  0.7879593908233232E+004
 0440  0.7781383967057305E+004
 0441  0.7684413169091911E+004
 0442  0.7609313056684434E+004
 0443  0.7561389248558516E+004
 0444  0.7513946751889358E+004
 0445  0.7466978992975909E+004
 0446  0.7420479530700028E+004
 0447  0.7374442057187145E+004
 0448  0.7319959228323321E+004
 0449  0.7259377356299908E+004
 0450  0.7199435177446167E+004
 0451  0.7140122941444361E+004
 0452  0.7081431335309222E+004
 0453  0.7023351370142657E+004
 0454  0.6952186939866961E+004
 0455  0.6866368883261327E+004
 0456  0.6781537485110523E+004
 0457  0.6706221715856391E+004
 0458  0.6650952761866193E+004
 0459  0.6596240757864994E+004
 0460  0.6542079683417155E+004
 0461  0.6499800901437460E+004
 0462  0.6458475357977645E+004
 0463  0.6417539718064302E+004
 0464  0.6376990567369799E+004
 0465  0.6336824599142637E+004
 0466  0.6297038649144480E+004
 0467  0.6257629734304517E+004
 0468  0.6178908307368413E+004
 0469  0.6100055166470240E+004
 0470  0.6022053430911822E+004
 0471  0.5953066920523420E+004
 0472  0.5900400178513726E+004
 0473  0.5848254306796318E+004
 0474  0.5796631223302641E+004
 0475  0.5728324169992261E+004
 0476  0.5651667816305110E+004
 0477  0.5594712144608450E+004
 0478  0.5543996492997506E+004
 0479  0.5504148303012989E+004
 0480  0.5466417049263702E+004
 0481  0.5429051053881461E+004
 0482  0.5392048934137266E+004
 0483  0.5343428085336578E+004
 0484  0.5294612023287498E+004
 0485  0.5246296941214950E+004
 0486  0.5198477447200076E+004
 0487  0.5149684729352818E+004
 0488  0.5101243369722338E+004
 0489  0.5053281029747639E+004
 0490  0.5005795038048289E+004
 0491  0.4960663135454129E+004
 0492  0.4915946704515332E+004
 0493  0.4871628180149710E+004
 0494  0.4827688633191434E+004
 0495  0.4761075390105549E+004
 0496  0.4695693491002584E+004
 0497  0.4654072344685584E+004
 0498  0.4613723403826537E+004
 0499  0.4583392267261912E+004
 0500  0.4553275035085646E+004
 0501  0.4523363224346371E+004
 0502  0.4492906718350406E+004
 0503  0.4454500840937564E+004
 0504  0.4416344813076906E+004
 0505  0.4378423755989847E+004
 0506  0.4340722981748972E+004
 0507  0.4304174023028223E+004
 0508  0.4267899932374609E+004
 0509  0.4231838827327490E+004
 0510  0.4195979761120541E+004
 0511  0.4160920159533674E+004
 0512  0.4126355518081657E+004
 0513  0.4091993692228153E+004
 0514  0.4057826904080233E+004
 0515  0.4026252710170909E+004
 0516  0.4001593009722376E+004
 0517  0.3977092597933283E+004
 0518  0.3952748720142740E+004
 0519  0.3928558750092308E+004
 0520  0.3904520189550773E+004
 0521  0.3880630667754273E+004
 0522  0.3856887940659093E+004
 0523  0.3833289890006983E+004
 0524  0.3809834522201386E+004
 0525  0.3775597436291042E+004
 0526  0.3741084091192491E+004
 0527  0.3706797737393343E+004
 0528  0.3672735176202838E+004
 0529  0.3638893570207489E+004
 0530  0.3605270440364917E+004
 0531  0.3571863661934737E+004
 0532  0.3538138499239373E+004
 0533  0.3503889088851038E+004
 0534  0.3469884289408160E+004
 0535  0.3436122949827982E+004
 0536  0.3402604214896725E+004
 0537  0.3369327514289384E+004
 0538  0.3329637224610596E+004
 0539  0.3290191153437312E+004
 0540  0.3254838319059831E+004
 0541  0.3235520319215625E+004
 0542  0.3216354408213756E+004
 0543  0.3197339877505402E+004
 0544  0.3178476036779291E+004
 0545  0.3159762212373309E+004
 0546  0.3140375302822801E+004
 0547  0.3119970298453833E+004
 0548  0.3099733270456662E+004
 0549  0.3079663569184943E+004
 0550  0.3059760558251085E+004
 0551  0.3040023612647362E+004
 0552  0.3020452116936616E+004
 0553  0.3001045463514472E+004
 0554  0.2981803050944040E+004
 0555  0.2959739155603675E+004
 0556  0.2931327906511461E+004
 0557  0.2903179502782143E+004
 0558  0.2875294319048528E+004
 0559  0.2847672737530691E+004
 0560  0.2820315139643053E+004
 0561  0.2793221897960101E+004
 0562  0.2761411995100379E+004
 0563  0.2729910777736810E+004
 0564  0.2698740707665537E+004
 0565  0.2678911800604546E+004
 0566  0.2663558027362536E+004
 0567  0.2648346535967238E+004
 0568  0.2633276522594022E+004
 0569  0.2618347176279374E+004
 0570  0.2603557678867836E+004
 0571  0.2588907204989556E+004
 0572  0.2569923793197441E+004
 0573  0.2550671911720302E+004
 0574  0.2531615119668315E+004
 0575  0.2512752662241811E+004
 0576  0.2494083754969170E+004
 0577  0.2475607583480219E+004
 0578  0.2457323303389300E+004
 0579  0.2439079226189613E+004
 0580  0.2420967793607301E+004
 0581  0.2403047782481363E+004
 0582  0.2385318286826685E+004
 0583  0.2367778368287648E+004
 0584  0.2350427056547402E+004
 0585  0.2333263349818225E+004
 0586  0.2315336564020094E+004
 0587  0.2289857822345608E+004
 0588  0.2264702637749427E+004
 0589  0.2239870822505260E+004
 0590  0.2216919333353126E+004
 0591  0.2204592392135381E+004
 0592  0.2192394601023149E+004
 0593  0.2180324936350210E+004
 0594  0.2168382367986002E+004
 0595  0.2156565859843547E+004
 0596  0.2144874370384442E+004
 0597  0.2133306853119726E+004
 0598  0.2121862257106416E+004
 0599  0.2101342105498344E+004
 0600  0.2078660378751895E+004
 0601  0.2056294625594694E+004
 0602  0.2034243710619786E+004
 0603  0.2015336784933382E+004
 0604  0.2000735820551617E+004
 0605  0.1986313683973096E+004
 0606  0.1972068921175920E+004
 0607  0.1958000050308407E+004
 0608  0.1946881446652838E+004
 0609  0.1936277993098790E+004
 0610  0.1925794975568202E+004
 0611  0.1915431235031795E+004
 0612  0.1905185610085093E+004
 0613  0.1895056937572180E+004
 0614  0.1885044053191212E+004
 0615  0.1875145792080656E+004
 0616  0.1865360989387124E+004
 0617  0.1851083801435498E+004
 0618  0.1831374407728039E+004
 0619  0.1811977196405680E+004
 0620  0.1792889893741478E+004
 0621  0.1774110056266160E+004
 0622  0.1758762765781494E+004
 0623  0.1746333404403375E+004
 0624  0.1734073630556035E+004
 0625  0.1721981615906327E+004
 0626  0.1710055514375940E+004
 0627  0.1699409268420566E+004
 0628  0.1690367103413520E+004
 0629  0.1681437718643159E+004
 0630  0.1672619806706351E+004
 0631  0.1663912063160241E+004
 0632  0.1655313187183736E+004
 0633  0.1646821882206919E+004
 0634  0.1638436856509393E+004
 0635  0.1630156823787950E+004
 0636  0.1621980503694543E+004
 0637  0.1613906622345217E+004
 0638  0.1600890328972622E+004
 0639  0.1584455137700146E+004
 0640  0.1568325033544015E+004
 0641  0.1552496241180785E+004
 0642  0.1536964844710148E+004
 0643  0.1521726802312192E+004
 0644  0.1510279115329450E+004
 0645  0.1499927935924127E+004
 0646  0.1489740496868453E+004
 0647  0.1479714429025953E+004
 0648  0.1469847361146432E+004
 0649  0.1460136922493649E+004
 0650  0.1450619829535796E+004
 0651  0.1441269524384084E+004
 0652  0.1432069890111582E+004
 0653  0.1423018587218200E+004
 0654  0.1414113283096980E+004
 0655  0.1405351654180167E+004
 0656  0.1396731387942211E+004
 0657  0.1388105802055118E+004
 0658  0.1379516158869932E+004
 0659  0.1371070612885610E+004
 0660  0.1362766733530990E+004
 0661  0.1354602104552367E+004
 0662  0.1346574325994301E+004
 0663  0.1338681016027200E+004
 0664  0.1330919812628794E+004
 0665  0.1323288375125962E+004
 0666  0.1314553473137749E+004
 0667  0.1302153439114973E+004
 0668  0.1290056379153827E+004
 0669  0.1278255248438094E+004
 0670  0.1266742972210192E+004
 0671  0.1255512466813762E+004
 0672  0.1246726552716336E+004
 0673  0.1238497580666029E+004
 0674  0.1230440878202456E+004
 0675  0.1222552444936926E+004
 0676  0.1214828330035272E+004
 0677  0.1207123403243818E+004
 0678  0.1199129943820343E+004
 0679  0.1191317309309968E+004
 0680  0.1183680768343276E+004
 0681  0.1176215661583420E+004
 0682  0.1168917406024285E+004
 0683  0.1161533452389628E+004
 0684  0.1153893046447765E+004
 0685  0.1146441536019261E+004
 0686  0.1139173130654285E+004
 0687  0.1132082155719269E+004
 0688  0.1125163057108082E+004
 0689  0.1117494165373427E+004
 0690  0.1106705311178697E+004
 0691  0.1096319598887200E+004
 0692  0.1086377482763729E+004
 0693  0.1079372765611050E+004
 0694  0.1072570588099841E+004
 0695  0.1065962019211810E+004
 0696  0.1059185553318324E+004
 0697  0.1052501777106493E+004
 0698  0.1046018879473927E+004
 0699  0.1039522995964474E+004
 0700  0.1032935198043989E+004
 0701  0.1026556150036269E+004
 0702  0.1020372313750376E+004
 0703  0.1010090846659576E+004
 0704  0.1001601144468618E+004
 0705  0.9954166994115160E+003
 0706  0.9892375032242843E+003
 0707  0.9831540520298012E+003
 0708  0.9770973531114571E+003
 0709  0.9690514415318112E+003
 0710  0.9628067127500344E+003
 0711  0.9583843662411630E+003
 0712  0.9521508513540422E+003
 0713  0.9451424008940344E+003
 0714  0.9405115241986892E+003
 0715  0.9358218742291937E+003
 0716  0.9279518974635141E+003
 0717  0.9223167538651878E+003
 0718  0.9174547390156782E+003
 0719  0.9132792397341645E+003
 0720  0.9080916577132407E+003
 0721  0.9026168463204822E+003
 0722  0.8981154317829397E+003
 0723  0.8936184797352713E+003
 0724  0.8883540177566597E+003
 0725  0.8816450019210439E+003
 0726  0.8762623775877536E+003
 0727  0.8718810122683354E+003
 0728  0.8675282310169481E+003
 0729  0.8611730194077031E+003
 0730  0.8552332838747564E+003
 0731  0.8516641515022665E+003
 0732  0.8481252118458546E+003
 0733  0.8446161384700713E+003
 0734  0.8411366119840815E+003
 0735  0.8363371741362031E+003
 0736  0.8313573837251766E+003
 0737  0.8264265012543328E+003
 0738  0.8215439164048697E+003
 0739  0.8169169667230335E+003
 0740  0.8124771176432521E+003
 0741  0.8080819047400577E+003
 0742  0.8037307938191590E+003
 0743  0.7994232595549130E+003
 0744  0.7941940727159640E+003
 0745  0.7883751953735559E+003
 0746  0.7826212635741116E+003
 0747  0.7775203655888231E+003
 0748  0.7737255690195780E+003
 0749  0.7699688769641559E+003
 0750  0.7662498505620364E+003
 0751  0.7625680570401207E+003
 0752  0.7589850776551446E+003
 0753  0.7554795143112500E+003
 0754  0.7520088066607153E+003
 0755  0.7485725600217899E+003
 0756  0.7451703849641449E+003
 0757  0.7418018972198322E+003
 0758  0.7384667175963863E+003
 0759  0.7351644718921453E+003
 0760  0.7291813077897776E+003
 0761  0.7230144869677640E+003
 0762  0.7169208803136510E+003
 0763  0.7111248178416481E+003
 0764  0.7081088597395865E+003
 0765  0.7051223611209236E+003
 0766  0.7021649970649818E+003
 0767  0.6992364467587408E+003
 0768  0.6963363934354441E+003
 0769  0.6934645243144359E+003
 0770  0.6906205305420675E+003
 0771  0.6871072221952790E+003
 0772  0.6833091303592342E+003
 0773  0.6795505631938893E+003
 0774  0.6758310550492290E+003
 0775  0.6721501465261009E+003
 0776  0.6685073843762276E+003
 0777  0.6649023214037677E+003
 0778  0.6605650461164734E+003
 0779  0.6549377707912809E+003
 0780  0.6493773926488896E+003
 0781  0.6438830262046871E+003
 0782  0.6414257597526731E+003
 0783  0.6390586028640830E+003
 0784  0.6367138918016237E+003
 0785  0.6343913880840717E+003
 0786  0.6320908561017001E+003
 0787  0.6298120630769747E+003
 0788  0.6275547790259515E+003
 0789  0.6253187767201825E+003
 0790  0.6228781581900240E+003
 0791  0.6200351592220161E+003
 0792  0.6172203160883645E+003
 0793  0.6144333146420108E+003
 0794  0.6116738446967381E+003
 0795  0.6089415999703726E+003
 0796  0.6062362780290450E+003
 0797  0.6035575802322271E+003
 0798  0.6009052116790624E+003
 0799  0.5982788811551416E+003
 0800  0.5956783010806711E+003
 0801  0.5931031874591436E+003
 0802  0.5894650097062499E+003
 0803  0.5851636396516346E+003
 0804  0.5809105109191745E+003
 0805  0.5767050173119002E+003
 0806  0.5725465610798611E+003
 0807  0.5684345527839951E+003
 0808  0.5645886909829642E+003
 0809  0.5612862823301507E+003
 0810  0.5580185360381095E+003
 0811  0.5547850423265054E+003
 0812  0.5515853968194222E+003
 0813  0.5490153834252444E+003
 0814  0.5467567117114046E+003
 0815  0.5445198408712093E+003
 0816  0.5423045348250374E+003
 0817  0.5401105603713514E+003
 0818  0.5379376871474644E+003
 0819  0.5357856875912570E+003
 0820  0.5332330060188211E+003
 0821  0.5306960065056676E+003
 0822  0.5281843212489123E+003
 0823  0.5256976660901078E+003
 0824  0.5232357604437868E+003
 0825  0.5207983272480320E+003
 0826  0.5183855018542482E+003
 0827  0.5159980779529978E+003
 0828  0.5136343538187813E+003
 0829  0.5112940649634776E+003
 0830  0.5089769502030380E+003
 0831  0.5066827516120944E+003
 0832  0.5044112144793044E+003
 0833  0.5021362894024845E+003
 0834  0.4997713702598664E+003
 0835  0.4974300894586157E+003
 0836  0.4951121813709839E+003
 0837  0.4928173837030483E+003
 0838  0.4905454374488677E+003
 0839  0.4882960868456107E+003
 0840  0.4862101723083167E+003
 0841  0.4842927645140321E+003
 0842  0.4823937816982192E+003
 0843  0.4805130255567408E+003
 0844  0.4786503001800866E+003
 0845  0.4768054120216260E+003
 0846  0.4749781698661842E+003
 0847  0.4731683847991364E+003
 0848  0.4713758701759371E+003
 0849  0.4697205595398135E+003
 0850  0.4681463476693016E+003
 0851  0.4665867531778836E+003
 0852  0.4650416249759309E+003
 0853  0.4635108137293734E+003
 0854  0.4619941718371242E+003
 0855  0.4604915534087627E+003
 0856  0.4590028142425554E+003
 0857  0.4575278118037779E+003
 0858  0.4560664052033176E+003
 0859  0.4546184551765842E+003
 0860  0.4531838240626912E+003
 0861  0.4517623757840648E+003
 0862  0.4503539758261017E+003
 0863  0.4489584912171927E+003
 0864  0.4475757905092307E+003
 0865  0.4462057437580173E+003
 0866  0.4433376051006873E+003
 0867  0.4403564468770753E+003
 0868  0.4374072940360767E+003
 0869  0.4344897613232822E+003
 0870  0.4316034685776435E+003
 0871  0.4287480406596401E+003
 0872  0.4259231073804278E+003
 0873  0.4235379796479413E+003
 0874  0.4218628665710925E+003
 0875  0.4202034803354183E+003
 0876  0.4185596562365060E+003
 0877  0.4169312315072285E+003
 0878  0.4153180452926604E+003
 0879  0.4137199386251658E+003
 0880  0.4121367544000609E+003
 0881  0.4107929456881056E+003
 0882  0.4095525429259425E+003
 0883  0.4083232043402688E+003
 0884  0.4071048212957329E+003
 0885  0.4058972863539802E+003
 0886  0.4047004932587836E+003
 0887  0.4035143369215730E+003
 0888  0.4023387134070937E+003
 0889  0.4011735199192233E+003
 0890  0.4000186547870023E+003
 0891  0.3988740174508920E+003
 0892  0.3977395084491306E+003
 0893  0.3966150294044211E+003
 0894  0.3954982261181180E+003
 0895  0.3942710026549442E+003
 0896  0.3930546460882414E+003
 0897  0.3918490507653991E+003
 0898  0.3906541121854877E+003
 0899  0.3894697269850225E+003
 0900  0.3882957929242406E+003
 0901  0.3871322088733107E+003
 0902  0.3859788747988928E+003
 0903  0.3848356917508652E+003
 0904  0.3837025618491380E+003
 0905  0.3825793882706703E+003
 0906  0.3814660752367260E+003
 0907  0.3803625280002700E+003
 0908  0.3792686528334618E+003
 0909  0.3781843570153827E+003
 0910  0.3771095488199734E+003
 0911  0.3760441375039280E+003
 0912  0.3749880332950674E+003
 0913  0.3739411473805480E+003
 0914  0.3729033918953896E+003
 0915  0.3716997509096894E+003
 0916  0.3701341099312243E+003
 0917  0.3685827064236961E+003
 0918  0.3670453970348569E+003
 0919  0.3655220400341427E+003
 0920  0.3640124952922526E+003
 0921  0.3625166242609953E+003
 0922  0.3610342899533107E+003
 0923  0.3595653569239938E+003
 0924  0.3581096912499664E+003
 0925  0.3566671605115393E+003
 0926  0.3552376337733934E+003
 0927  0.3538209815662177E+003
 0928  0.3524170758683259E+003
 0929  0.3510257900875127E+003
 0930  0.3500514066882619E+003
 0931  0.3491358837388689E+003
 0932  0.3482281120964899E+003
 0933  0.3473280210892452E+003
 0934  0.3464355407592765E+003
 0935  0.3455506018544912E+003
 0936  0.3446731358205982E+003
 0937  0.3438030747932401E+003
 0938  0.3429403515901624E+003
 0939  0.3420848997035351E+003
 0940  0.3412366532923292E+003
 0941  0.3403955471748035E+003
 0942  0.3395615168211214E+003
 0943  0.3387344983459991E+003
 0944  0.3379144285014810E+003
 0945  0.3371012446697452E+003
 0946  0.3362948848562070E+003
 0947  0.3354952876823415E+003
 0948  0.3347023923789764E+003
 0949  0.3339161387794755E+003
 0950  0.3331364673129651E+003
 0951  0.3323633189976823E+003
 0952  0.3314547690927316E+003
 0953  0.3303446334991696E+003
 0954  0.3292440205638916E+003
 0955  0.3281528417600694E+003
 0956  0.3270710094768791E+003
 0957  0.3259984370090766E+003
 0958  0.3249350385462614E+003
 0959  0.3238807291626927E+003
 0960  0.3228354248069042E+003
 0961  0.3217990422916729E+003
 0962  0.3207714992840047E+003
 0963  0.3197527142953044E+003
 0964  0.3187426066715884E+003
 0965  0.3177410965839049E+003
 0966  0.3167481050189059E+003
 0967  0.3157635537694561E+003
 0968  0.3147873654253088E+003
 0969  0.3138194633640653E+003
 0970  0.3128126258105455E+003
 0971  0.3118125680905670E+003
 0972  0.3108209675909947E+003
 0973  0.3098377473394377E+003
 0974  0.3088628311393832E+003
 0975  0.3078961435612804E+003
 0976  0.3069376099340279E+003
 0977  0.3059871563362245E+003
 0978  0.3050447095879081E+003
 0979  0.3041101972419987E+003
 0980  0.3031835475761677E+003
 0981  0.3022646895848424E+003
 0982  0.3013252643263844E+003
 0983  0.3003852884698224E+003
 0984  0.2994531998934058E+003
 0985  0.2985289276657310E+003
 0986  0.2976124015595325E+003
 0987  0.2967035520436017E+003
 0988  0.2958023102751647E+003
 0989  0.2949086080921239E+003
 0990  0.2939549804453700E+003
 0991  0.2930075688800945E+003
 0992  0.2920681033770131E+003
 0993  0.2911365125265535E+003
 0994  0.2902515177813117E+003
 0995  0.2893949129367325E+003
 0996  0.2885454203084973E+003
 0997  0.2877026643485280E+003
 0998  0.2868503622810828E+003
 0999  0.2859796018700592E+003
 1000  0.0000000000000000E+000
