 0033   0.100073E+00   0.281407E+09   0.281203E+10   0.123313E+10   0.590467E+14
 0034   0.104485E+00   0.295646E+09   0.322696E+10   0.130150E+10   0.528125E+14
 0035   0.115647E+00   0.316765E+09   0.189195E+10   0.129911E+10   0.471582E+14
 0036   0.127851E+00   0.339771E+09   0.188523E+10   0.129764E+10   0.421179E+14
 0037   0.140713E+00   0.364715E+09   0.193931E+10   0.134279E+10   0.376405E+14
 0038   0.160165E+00   0.399132E+09   0.176937E+10   0.129954E+10   0.337033E+14
 0039   0.177333E+00   0.432366E+09   0.193575E+10   0.128358E+10   0.302959E+14
 0040   0.197179E+00   0.467997E+09   0.179545E+10   0.125959E+10   0.273149E+14
 0041   0.217197E+00   0.504222E+09   0.180955E+10   0.124173E+10   0.246989E+14
 0042   0.238474E+00   0.541898E+09   0.177080E+10   0.122450E+10   0.223860E+14
 0043   0.261409E+00   0.581300E+09   0.171797E+10   0.120622E+10   0.203300E+14
 0044   0.284887E+00   0.621812E+09   0.172554E+10   0.119001E+10   0.184965E+14
 0045   0.309746E+00   0.663794E+09   0.168882E+10   0.117360E+10   0.168528E+14
 0046   0.337897E+00   0.708380E+09   0.158381E+10   0.115129E+10   0.153710E+14
 0047   0.364937E+00   0.752861E+09   0.164501E+10   0.113828E+10   0.140351E+14
 0048   0.394137E+00   0.799168E+09   0.158581E+10   0.112345E+10   0.128228E+14
 0049   0.424471E+00   0.846932E+09   0.157463E+10   0.111004E+10   0.117201E+14
 0050   0.456323E+00   0.896211E+09   0.154708E+10   0.109712E+10   0.107138E+14
 0051   0.490804E+00   0.947871E+09   0.149827E+10   0.108105E+10   0.979237E+13
 0052   0.527764E+00   0.100161E+10   0.145387E+10   0.106426E+10   0.894665E+13
 0053   0.563476E+00   0.105524E+10   0.150176E+10   0.105511E+10   0.817052E+13
 0054   0.601649E+00   0.111108E+10   0.146281E+10   0.104546E+10   0.745483E+13
 0055   0.643830E+00   0.117019E+10   0.140135E+10   0.103147E+10   0.679324E+13
 0056   0.685485E+00   0.122984E+10   0.143207E+10   0.102337E+10   0.618229E+13
 0057   0.731260E+00   0.129288E+10   0.137720E+10   0.101069E+10   0.561585E+13
 0058   0.780618E+00   0.135869E+10   0.133320E+10   0.997390E+09   0.509013E+13
 0059   0.831504E+00   0.142637E+10   0.133019E+10   0.986681E+09   0.460209E+13
 0060   0.880967E+00   0.149471E+10   0.138156E+10   0.982403E+09   0.414916E+13
 0061   0.937777E+00   0.156823E+10   0.129409E+10   0.972541E+09   0.372691E+13
 0062   0.998476E+00   0.164559E+10   0.127446E+10   0.961375E+09   0.333380E+13
 0063   0.106156E+01   0.172568E+10   0.126969E+10   0.952731E+09   0.296794E+13
 0064   0.112473E+01   0.180771E+10   0.129861E+10   0.969052E+09   0.262769E+13
 0065   0.120295E+01   0.190619E+10   0.125883E+10   0.951107E+09   0.231115E+13
 0066   0.127993E+01   0.200430E+10   0.127456E+10   0.940677E+09   0.201913E+13
 0067   0.136301E+01   0.210642E+10   0.122926E+10   0.929974E+09   0.174867E+13
 0068   0.144984E+01   0.221190E+10   0.121475E+10   0.919939E+09   0.163155E+13
 0069   0.154475E+01   0.232267E+10   0.116708E+10   0.907707E+09   0.139882E+13
 0070   0.163966E+01   0.243524E+10   0.118611E+10   0.898894E+09   0.130517E+13
 0071   0.174043E+01   0.255219E+10   0.116046E+10   0.890312E+09   0.121654E+13
 0072   0.185022E+01   0.267523E+10   0.112076E+10   0.880727E+09   0.113233E+13
 0073   0.196639E+01   0.280399E+10   0.110837E+10   0.870522E+09   0.105240E+13
 0074   0.207779E+01   0.293258E+10   0.115433E+10   0.867959E+09   0.932259E+12
 0075   0.220762E+01   0.307255E+10   0.107812E+10   0.858557E+09   0.863429E+12
 0076   0.234253E+01   0.321750E+10   0.107439E+10   0.850551E+09   0.798063E+12
 0077   0.248509E+01   0.336858E+10   0.105973E+10   0.844736E+09   0.735818E+12
 0078   0.263483E+01   0.352709E+10   0.105857E+10   0.839366E+09   0.676599E+12
 0079   0.280563E+01   0.369887E+10   0.100578E+10   0.830056E+09   0.619775E+12
 0080   0.297243E+01   0.387353E+10   0.104713E+10   0.827159E+09   0.566300E+12
 0081   0.316499E+01   0.406487E+10   0.993642E+09   0.819742E+09   0.515001E+12
 0082   0.336698E+01   0.426640E+10   0.997754E+09   0.815032E+09   0.466423E+12
 0083   0.356663E+01   0.447434E+10   0.104150E+10   0.816901E+09   0.420755E+12
 0084   0.379790E+01   0.470526E+10   0.998465E+09   0.814622E+09   0.377093E+12
 0085   0.406458E+01   0.496116E+10   0.959588E+09   0.808969E+09   0.335535E+12
 0086   0.433290E+01   0.522971E+10   0.100085E+10   0.811568E+09   0.296724E+12
 0087   0.464251E+01   0.553202E+10   0.976413E+09   0.815524E+09   0.259985E+12
 0088   0.497440E+01   0.586860E+10   0.101414E+10   0.828784E+09   0.225705E+12
 0089   0.531482E+01   0.625122E+10   0.112396E+10   0.948611E+09   0.195375E+12
 0090   0.613611E+01   0.712546E+10   0.106447E+10   0.903628E+09   0.167436E+12
 0091   0.684460E+01   0.795656E+10   0.117307E+10   0.884539E+09   0.145079E+12
 0092   0.772003E+01   0.885112E+10   0.102184E+10   0.863256E+09   0.126091E+12
 0093   0.864318E+01   0.977350E+10   0.999166E+09   0.847525E+09   0.109991E+12
 0094   0.965286E+01   0.107505E+11   0.967649E+09   0.831178E+09   0.961451E+11
 0095   0.107077E+02   0.117634E+11   0.960302E+09   0.818517E+09   0.842334E+11
 0096   0.119048E+02   0.128549E+11   0.911692E+09   0.802851E+09   0.738488E+11
 0097   0.131059E+02   0.139737E+11   0.931521E+09   0.793769E+09   0.648654E+11
 0098   0.144834E+02   0.151888E+11   0.882064E+09   0.780639E+09   0.569322E+11
 0099   0.159202E+02   0.164569E+11   0.882593E+09   0.770797E+09   0.499455E+11
 0100   0.175611E+02   0.178366E+11   0.840867E+09   0.756143E+09   0.437028E+11
 0101   0.191490E+02   0.192082E+11   0.863749E+09   0.749102E+09   0.382912E+11
 0102   0.209147E+02   0.206519E+11   0.817635E+09   0.739377E+09   0.335325E+11
 0103   0.227380E+02   0.221274E+11   0.809290E+09   0.732648E+09   0.293509E+11
 0104   0.247142E+02   0.236772E+11   0.784190E+09   0.725252E+09   0.256438E+11
 0105   0.267703E+02   0.252838E+11   0.781385E+09   0.718845E+09   0.223531E+11
 0106   0.289292E+02   0.269552E+11   0.774165E+09   0.713548E+09   0.194145E+11
 0107   0.311214E+02   0.286752E+11   0.784595E+09   0.712732E+09   0.167812E+11
 0108   0.335360E+02   0.305234E+11   0.765456E+09   0.709018E+09   0.143991E+11
 0109   0.360916E+02   0.324687E+11   0.761225E+09   0.708544E+09   0.122528E+11
 0110   0.388058E+02   0.345469E+11   0.765653E+09   0.710553E+09   0.103190E+11
 0111   0.417995E+02   0.368226E+11   0.760165E+09   0.713065E+09   0.857541E+10
 0112   0.450704E+02   0.393235E+11   0.764588E+09   0.718163E+09   0.701146E+10
 0113   0.486552E+02   0.421115E+11   0.777729E+09   0.729346E+09   0.560667E+10
 0114   0.527297E+02   0.453445E+11   0.793486E+09   0.739863E+09   0.435462E+10
 0115   0.573564E+02   0.490946E+11   0.810516E+09   0.756309E+09   0.325726E+10
 0116   0.628282E+02   0.536329E+11   0.829408E+09   0.780406E+09   0.230529E+10
 0117   0.693750E+02   0.593643E+11   0.875443E+09   0.818844E+09   0.149743E+10
 0118   0.779755E+02   0.673213E+11   0.925186E+09   0.885214E+09   0.838703E+09
 0119   0.894064E+02   0.798334E+11   0.109458E+10   0.110424E+10   0.356264E+09
 0120   0.115267E+03   0.116685E+12   0.142497E+10   0.287897E+10   0.296938E+08
 0121   0.354697E+03   0.831886E+12   0.298711E+10   0.155903E+10   0.142730E+08
 0122   0.133906E+04   0.221365E+13   0.140372E+10   0.107324E+10   0.105366E+08
 0123   0.239381E+04   0.332811E+13   0.105661E+10   0.940684E+09   0.913712E+07
 0124   0.356735E+04   0.432280E+13   0.847608E+09   0.866435E+09   0.804132E+07
 0125   0.477661E+04   0.522852E+13   0.748981E+09   0.819598E+09   0.713239E+07
 0126   0.598142E+04   0.608045E+13   0.707107E+09   0.783413E+09   0.638794E+07
 0127   0.712569E+04   0.687871E+13   0.697617E+09   0.756232E+09   0.580068E+07
 0128   0.826027E+04   0.764657E+13   0.676780E+09   0.730338E+09   0.533018E+07
 0129   0.934570E+04   0.837023E+13   0.666702E+09   0.710085E+09   0.495992E+07
 0130   0.103967E+05   0.906299E+13   0.659149E+09   0.692414E+09   0.466415E+07
 0131   0.114082E+05   0.972662E+13   0.656109E+09   0.677967E+09   0.442970E+07
 0132   0.124010E+05   0.103703E+14   0.648291E+09   0.664524E+09   0.423677E+07
 0133   0.133819E+05   0.109952E+14   0.637076E+09   0.650364E+09   0.407527E+07
 0134   0.143323E+05   0.115916E+14   0.627591E+09   0.639720E+09   0.394333E+07
 0135   0.152867E+05   0.121749E+14   0.611075E+09   0.629740E+09   0.382537E+07
 0136   0.162296E+05   0.127436E+14   0.603206E+09   0.618506E+09   0.372252E+07
 0137   0.171397E+05   0.132875E+14   0.597619E+09   0.611505E+09   0.363696E+07
 0138   0.180781E+05   0.138296E+14   0.577627E+09   0.601668E+09   0.354913E+07
 0139   0.189800E+05   0.143505E+14   0.577595E+09   0.593482E+09   0.347546E+07
 0140   0.198602E+05   0.148536E+14   0.571575E+09   0.587477E+09   0.340987E+07
 0141   0.207554E+05   0.153522E+14   0.557015E+09   0.579215E+09   0.334335E+07
 0142   0.216270E+05   0.158336E+14   0.552250E+09   0.574039E+09   0.328455E+07
 0143   0.225017E+05   0.163102E+14   0.544858E+09   0.567384E+09   0.322686E+07
 0144   0.233605E+05   0.167749E+14   0.541081E+09   0.561883E+09   0.317434E+07
 0145   0.242057E+05   0.172291E+14   0.537456E+09   0.556725E+09   0.312607E+07
 0146   0.250542E+05   0.176765E+14   0.527253E+09   0.551247E+09   0.307862E+07
 0147   0.258971E+05   0.181156E+14   0.521014E+09   0.545553E+09   0.303332E+07
 0148   0.267120E+05   0.185408E+14   0.521748E+09   0.541682E+09   0.299277E+07
 0149   0.275347E+05   0.189618E+14   0.511751E+09   0.538071E+09   0.295224E+07
 0150   0.283616E+05   0.193804E+14   0.506145E+09   0.533421E+09   0.291262E+07
 0151   0.291789E+05   0.197913E+14   0.502816E+09   0.528220E+09   0.287491E+07
 0152   0.299711E+05   0.201892E+14   0.502195E+09   0.525495E+09   0.284002E+07
 0153   0.307919E+05   0.205893E+14   0.487546E+09   0.519867E+09   0.280418E+07
 0154   0.315669E+05   0.209730E+14   0.495108E+09   0.517299E+09   0.277182E+07
 0155   0.323522E+05   0.213546E+14   0.485839E+09   0.513785E+09   0.273959E+07
 0156   0.331414E+05   0.217322E+14   0.478452E+09   0.509945E+09   0.270812E+07
 0157   0.339197E+05   0.221031E+14   0.476638E+09   0.506507E+09   0.267781E+07
 0158   0.346771E+05   0.224657E+14   0.478676E+09   0.504004E+09   0.264867E+07
 0159   0.354459E+05   0.228267E+14   0.469538E+09   0.500808E+09   0.262011E+07
 0160   0.362138E+05   0.231837E+14   0.464943E+09   0.497735E+09   0.259242E+07
 0161   0.369609E+05   0.235333E+14   0.467916E+09   0.495227E+09   0.256561E+07
 0162   0.377217E+05   0.238817E+14   0.458025E+09   0.491540E+09   0.253956E+07
 0163   0.384622E+05   0.242219E+14   0.459359E+09   0.488864E+09   0.251409E+07
 0164   0.391918E+05   0.245562E+14   0.458163E+09   0.487155E+09   0.248910E+07
 0165   0.399354E+05   0.248909E+14   0.450157E+09   0.484428E+09   0.246503E+07
 0166   0.406572E+05   0.252187E+14   0.454157E+09   0.482409E+09   0.244129E+07
 0167   0.413926E+05   0.255460E+14   0.445034E+09   0.479129E+09   0.241853E+07
 0168   0.421165E+05   0.258672E+14   0.443780E+09   0.476185E+09   0.239611E+07
 0169   0.428225E+05   0.261813E+14   0.444921E+09   0.474428E+09   0.237379E+07
 0170   0.435298E+05   0.264932E+14   0.440938E+09   0.472927E+09   0.235201E+07
 0171   0.442285E+05   0.268020E+14   0.441961E+09   0.471366E+09   0.233046E+07
 0172   0.449456E+05   0.271120E+14   0.432179E+09   0.468670E+09   0.231015E+07
 0173   0.456411E+05   0.274154E+14   0.436299E+09   0.466689E+09   0.228967E+07
 0174   0.463427E+05   0.277172E+14   0.430126E+09   0.463991E+09   0.226995E+07
 0175   0.470191E+05   0.280111E+14   0.434538E+09   0.462510E+09   0.224990E+07
 0176   0.477129E+05   0.283055E+14   0.424317E+09   0.460059E+09   0.223089E+07
 0177   0.483794E+05   0.285923E+14   0.430390E+09   0.459203E+09   0.221138E+07
 0178   0.490511E+05   0.288784E+14   0.425789E+09   0.457843E+09   0.219253E+07
 0179   0.497401E+05   0.291656E+14   0.416967E+09   0.455145E+09   0.217469E+07
 0180   0.504037E+05   0.294459E+14   0.422318E+09   0.453456E+09   0.215649E+07
 0181   0.510713E+05   0.297244E+14   0.417160E+09   0.451325E+09   0.213881E+07
 0182   0.517308E+05   0.299989E+14   0.416348E+09   0.449620E+09   0.212121E+07
 0183   0.523832E+05   0.302702E+14   0.415761E+09   0.448362E+09   0.210368E+07
 0184   0.530249E+05   0.305380E+14   0.417342E+09   0.447701E+09   0.208617E+07
 0185   0.536749E+05   0.308061E+14   0.412505E+09   0.446257E+09   0.206921E+07
 0186   0.543304E+05   0.310738E+14   0.408248E+09   0.444088E+09   0.205270E+07
 0187   0.549642E+05   0.313353E+14   0.412707E+09   0.442874E+09   0.203594E+07
 0188   0.555971E+05   0.315944E+14   0.409450E+09   0.441616E+09   0.201942E+07
 0189   0.562333E+05   0.318521E+14   0.405045E+09   0.440090E+09   0.200321E+07
 0190   0.568568E+05   0.321059E+14   0.406949E+09   0.439164E+09   0.198693E+07
 0191   0.574943E+05   0.323606E+14   0.399533E+09   0.437320E+09   0.197117E+07
 0192   0.581210E+05   0.326121E+14   0.401309E+09   0.436012E+09   0.195539E+07
 0193   0.587318E+05   0.328596E+14   0.405235E+09   0.435303E+09   0.193950E+07
 0194   0.593474E+05   0.331065E+14   0.401035E+09   0.434054E+09   0.192397E+07
 0195   0.599655E+05   0.333520E+14   0.397290E+09   0.432355E+09   0.190870E+07
 0196   0.605599E+05   0.335915E+14   0.402896E+09   0.431929E+09   0.189320E+07
 0197   0.611800E+05   0.338338E+14   0.390696E+09   0.429906E+09   0.187832E+07
 0198   0.617787E+05   0.340709E+14   0.395993E+09   0.428940E+09   0.186328E+07
 0199   0.623848E+05   0.343079E+14   0.390972E+09   0.427318E+09   0.184853E+07
 0200   0.629761E+05   0.345408E+14   0.393962E+09   0.426399E+09   0.183370E+07
 0201   0.635522E+05   0.347697E+14   0.397364E+09   0.426232E+09   0.181884E+07
 0202   0.641372E+05   0.349988E+14   0.391699E+09   0.425405E+09   0.180424E+07
 0203   0.647286E+05   0.352279E+14   0.387270E+09   0.424097E+09   0.178977E+07
 0204   0.653239E+05   0.354565E+14   0.384120E+09   0.422424E+09   0.177542E+07
 0205   0.658941E+05   0.356799E+14   0.391641E+09   0.422294E+09   0.176092E+07
 0206   0.664658E+05   0.359027E+14   0.389810E+09   0.421593E+09   0.174657E+07
 0207   0.670397E+05   0.361245E+14   0.386532E+09   0.420810E+09   0.173233E+07
 0208   0.676176E+05   0.363460E+14   0.383215E+09   0.419467E+09   0.171823E+07
 0209   0.681740E+05   0.365625E+14   0.389163E+09   0.419174E+09   0.170413E+07
 0210   0.687381E+05   0.367790E+14   0.383656E+09   0.418377E+09   0.169015E+07
 0211   0.693108E+05   0.369956E+14   0.378290E+09   0.416926E+09   0.167626E+07
 0212   0.698629E+05   0.372077E+14   0.384145E+09   0.416528E+09   0.166242E+07
 0213   0.704218E+05   0.374197E+14   0.379345E+09   0.415527E+09   0.164868E+07
 0214   0.709862E+05   0.376314E+14   0.375105E+09   0.413983E+09   0.163502E+07
 0215   0.715248E+05   0.378377E+14   0.382885E+09   0.413843E+09   0.162141E+07
 0216   0.720962E+05   0.380482E+14   0.368497E+09   0.411603E+09   0.160789E+07
 0217   0.726392E+05   0.382530E+14   0.377223E+09   0.410905E+09   0.159438E+07
 0218   0.731534E+05   0.384521E+14   0.387133E+09   0.411806E+09   0.158093E+07
 0219   0.736999E+05   0.386555E+14   0.372147E+09   0.410629E+09   0.156752E+07
 0220   0.742499E+05   0.388586E+14   0.369254E+09   0.409039E+09   0.155416E+07
 0221   0.747744E+05   0.390566E+14   0.377458E+09   0.408921E+09   0.154087E+07
 0222   0.753055E+05   0.392548E+14   0.373261E+09   0.408090E+09   0.152762E+07
 0223   0.758441E+05   0.394531E+14   0.368265E+09   0.406725E+09   0.151443E+07
 0224   0.763582E+05   0.396465E+14   0.376081E+09   0.406797E+09   0.150132E+07
 0225   0.768789E+05   0.398400E+14   0.371686E+09   0.406377E+09   0.148827E+07
 0226   0.774054E+05   0.400337E+14   0.367855E+09   0.405256E+09   0.147526E+07
 0227   0.779369E+05   0.402271E+14   0.363957E+09   0.403680E+09   0.146232E+07
 0228   0.784387E+05   0.404147E+14   0.373717E+09   0.403990E+09   0.144952E+07
 0229   0.789432E+05   0.406019E+14   0.371123E+09   0.403851E+09   0.143680E+07
 0230   0.794496E+05   0.407885E+14   0.368435E+09   0.403459E+09   0.142414E+07
 0231   0.799574E+05   0.409744E+14   0.366100E+09   0.402813E+09   0.141152E+07
 0232   0.804665E+05   0.411596E+14   0.363930E+09   0.402109E+09   0.139896E+07
 0233   0.809770E+05   0.413446E+14   0.362306E+09   0.401142E+09   0.138645E+07
 0234   0.814896E+05   0.415294E+14   0.360389E+09   0.399600E+09   0.137400E+07
 0235   0.819710E+05   0.417080E+14   0.371207E+09   0.400217E+09   0.136175E+07
 0236   0.824562E+05   0.418868E+14   0.368445E+09   0.400267E+09   0.134956E+07
 0237   0.829461E+05   0.420655E+14   0.364752E+09   0.399931E+09   0.133742E+07
 0238   0.834415E+05   0.422444E+14   0.361075E+09   0.399195E+09   0.132532E+07
 0239   0.839427E+05   0.424236E+14   0.357646E+09   0.397615E+09   0.131327E+07
 0240   0.844132E+05   0.425970E+14   0.368364E+09   0.398224E+09   0.130144E+07
 0241   0.848885E+05   0.427705E+14   0.365180E+09   0.398441E+09   0.128968E+07
 0242   0.853680E+05   0.429442E+14   0.362294E+09   0.398180E+09   0.127799E+07
 0243   0.858513E+05   0.431179E+14   0.359350E+09   0.397426E+09   0.126637E+07
 0244   0.863378E+05   0.432912E+14   0.356283E+09   0.396333E+09   0.125484E+07
 0245   0.868271E+05   0.434642E+14   0.353587E+09   0.394966E+09   0.124340E+07
 0246   0.872808E+05   0.436310E+14   0.367441E+09   0.395870E+09   0.123226E+07
 0247   0.877743E+05   0.438033E+14   0.349172E+09   0.393889E+09   0.122102E+07
 0248   0.882315E+05   0.439691E+14   0.362782E+09   0.394247E+09   0.121008E+07
 0249   0.886904E+05   0.441346E+14   0.360596E+09   0.394331E+09   0.119926E+07
 0250   0.891513E+05   0.442997E+14   0.358291E+09   0.394214E+09   0.118854E+07
 0251   0.896145E+05   0.444647E+14   0.356090E+09   0.393938E+09   0.117794E+07
 0252   0.900805E+05   0.446297E+14   0.354118E+09   0.393371E+09   0.116746E+07
 0253   0.905500E+05   0.447950E+14   0.352001E+09   0.392240E+09   0.115710E+07
 0254   0.909838E+05   0.449541E+14   0.366723E+09   0.393477E+09   0.114705E+07
 0255   0.914614E+05   0.451194E+14   0.346135E+09   0.391718E+09   0.113693E+07
 0256   0.919034E+05   0.452788E+14   0.360729E+09   0.392115E+09   0.112712E+07
 0257   0.923497E+05   0.454383E+14   0.357445E+09   0.392048E+09   0.111743E+07
 0258   0.928002E+05   0.455979E+14   0.354061E+09   0.391572E+09   0.110787E+07
 0259   0.932550E+05   0.457574E+14   0.350890E+09   0.390638E+09   0.109843E+07
 0260   0.937139E+05   0.459171E+14   0.347902E+09   0.389332E+09   0.108913E+07
 0261   0.941344E+05   0.460702E+14   0.364231E+09   0.390680E+09   0.108012E+07
 0262   0.946004E+05   0.462301E+14   0.342943E+09   0.388659E+09   0.107109E+07
 0263   0.950270E+05   0.463833E+14   0.359197E+09   0.389374E+09   0.106235E+07
 0264   0.954561E+05   0.465365E+14   0.357078E+09   0.389807E+09   0.105375E+07
 0265   0.958875E+05   0.466897E+14   0.355056E+09   0.389991E+09   0.104530E+07
 0266   0.963211E+05   0.468428E+14   0.353156E+09   0.389935E+09   0.103698E+07
 0267   0.967567E+05   0.469959E+14   0.351343E+09   0.389643E+09   0.102879E+07
 0268   0.971942E+05   0.471488E+14   0.349581E+09   0.389109E+09   0.102075E+07
 0269   0.976337E+05   0.473017E+14   0.347834E+09   0.388324E+09   0.101284E+07
 0270   0.980752E+05   0.474545E+14   0.346092E+09   0.387317E+09   0.100508E+07
 0271   0.984744E+05   0.476004E+14   0.365536E+09   0.389338E+09   0.997599E+06
 0272   0.989204E+05   0.477532E+14   0.342593E+09   0.387915E+09   0.990084E+06
 0273   0.993241E+05   0.478993E+14   0.361943E+09   0.389299E+09   0.982861E+06
 0274   0.997755E+05   0.480522E+14   0.338626E+09   0.386999E+09   0.975588E+06
 0275   0.100185E+06   0.481980E+14   0.356425E+09   0.387857E+09   0.968583E+06
 0276   0.100597E+06   0.483439E+14   0.354216E+09   0.388310E+09   0.961702E+06
 0277   0.101012E+06   0.484899E+14   0.351670E+09   0.388318E+09   0.954931E+06
 0278   0.101429E+06   0.486356E+14   0.349138E+09   0.388158E+09   0.948269E+06
 0279   0.101845E+06   0.487806E+14   0.348920E+09   0.388109E+09   0.941726E+06
 0280   0.102259E+06   0.489251E+14   0.348936E+09   0.387898E+09   0.935302E+06
 0281   0.102671E+06   0.490687E+14   0.348611E+09   0.387780E+09   0.928999E+06
 0282   0.103081E+06   0.492117E+14   0.348675E+09   0.387721E+09   0.922820E+06
 0283   0.103489E+06   0.493541E+14   0.348671E+09   0.387763E+09   0.916762E+06
 0284   0.103896E+06   0.494960E+14   0.348801E+09   0.387818E+09   0.910825E+06
 0285   0.104301E+06   0.496374E+14   0.349183E+09   0.387955E+09   0.905008E+06
 0286   0.104705E+06   0.497785E+14   0.349443E+09   0.388082E+09   0.899295E+06
 0287   0.105152E+06   0.499258E+14   0.329580E+09   0.384486E+09   0.893571E+06
 0288   0.105553E+06   0.500655E+14   0.348336E+09   0.384299E+09   0.888070E+06
 0289   0.105953E+06   0.502046E+14   0.347655E+09   0.384349E+09   0.882675E+06
 0290   0.106352E+06   0.503433E+14   0.347811E+09   0.384243E+09   0.877382E+06
 0291   0.106749E+06   0.504813E+14   0.347634E+09   0.384098E+09   0.872190E+06
 0292   0.107143E+06   0.506186E+14   0.347736E+09   0.384042E+09   0.867093E+06
 0293   0.107537E+06   0.507553E+14   0.347660E+09   0.383844E+09   0.862093E+06
 0294   0.107929E+06   0.508913E+14   0.346759E+09   0.383681E+09   0.857191E+06
 0295   0.108319E+06   0.510267E+14   0.346536E+09   0.383626E+09   0.852385E+06
 0296   0.108708E+06   0.511615E+14   0.346704E+09   0.383570E+09   0.847671E+06
 0297   0.109096E+06   0.512957E+14   0.346690E+09   0.383420E+09   0.843043E+06
 0298   0.109481E+06   0.514293E+14   0.346523E+09   0.383200E+09   0.838502E+06
 0299   0.109865E+06   0.515621E+14   0.345919E+09   0.383067E+09   0.834047E+06
 0300   0.110247E+06   0.516942E+14   0.345554E+09   0.382898E+09   0.829673E+06
 0301   0.110628E+06   0.518258E+14   0.345241E+09   0.382605E+09   0.825376E+06
 0302   0.110965E+06   0.519503E+14   0.369419E+09   0.385612E+09   0.821193E+06
 0303   0.111343E+06   0.520802E+14   0.344325E+09   0.385315E+09   0.817044E+06
 0304   0.111718E+06   0.522093E+14   0.343837E+09   0.385124E+09   0.812975E+06
 0305   0.112092E+06   0.523378E+14   0.343760E+09   0.384979E+09   0.808979E+06
 0306   0.112463E+06   0.524656E+14   0.344012E+09   0.384685E+09   0.805056E+06
 0307   0.112833E+06   0.525926E+14   0.343722E+09   0.384454E+09   0.801209E+06
 0308   0.113200E+06   0.527188E+14   0.343549E+09   0.384352E+09   0.797435E+06
 0309   0.113566E+06   0.528444E+14   0.343516E+09   0.384246E+09   0.793733E+06
 0310   0.113930E+06   0.529695E+14   0.343261E+09   0.384098E+09   0.790100E+06
 0311   0.114292E+06   0.530939E+14   0.343436E+09   0.384022E+09   0.786539E+06
 0312   0.114653E+06   0.532176E+14   0.343601E+09   0.383969E+09   0.783047E+06
 0313   0.115011E+06   0.533408E+14   0.343425E+09   0.383878E+09   0.779625E+06
 0314   0.115368E+06   0.534634E+14   0.343177E+09   0.383816E+09   0.776277E+06
 0315   0.115724E+06   0.535854E+14   0.343208E+09   0.383911E+09   0.773002E+06
 0316   0.116078E+06   0.537070E+14   0.343579E+09   0.384012E+09   0.769793E+06
 0317   0.116430E+06   0.538282E+14   0.343817E+09   0.383864E+09   0.766645E+06
 0318   0.116781E+06   0.539486E+14   0.343282E+09   0.383590E+09   0.763560E+06
 0319   0.117130E+06   0.540682E+14   0.342464E+09   0.383458E+09   0.760541E+06
 0320   0.117478E+06   0.541872E+14   0.342026E+09   0.383474E+09   0.757587E+06
 0321   0.117825E+06   0.543058E+14   0.342116E+09   0.383419E+09   0.754692E+06
 0322   0.118170E+06   0.544239E+14   0.342450E+09   0.383281E+09   0.751853E+06
 0323   0.118512E+06   0.545411E+14   0.342735E+09   0.383175E+09   0.749068E+06
 0324   0.118852E+06   0.546577E+14   0.342550E+09   0.383078E+09   0.746335E+06
 0325   0.119191E+06   0.547737E+14   0.341991E+09   0.382907E+09   0.743651E+06
 0326   0.119529E+06   0.548891E+14   0.341393E+09   0.382673E+09   0.741017E+06
 0327   0.119865E+06   0.550037E+14   0.341081E+09   0.382443E+09   0.738429E+06
 0328   0.120200E+06   0.551176E+14   0.340939E+09   0.382249E+09   0.735885E+06
 0329   0.120532E+06   0.552309E+14   0.340866E+09   0.382046E+09   0.733383E+06
 0330   0.120862E+06   0.553434E+14   0.340738E+09   0.381808E+09   0.730919E+06
 0331   0.121190E+06   0.554552E+14   0.340499E+09   0.381541E+09   0.728491E+06
 0332   0.121517E+06   0.555663E+14   0.340186E+09   0.381289E+09   0.726098E+06
 0333   0.121842E+06   0.556766E+14   0.339894E+09   0.381025E+09   0.723736E+06
 0334   0.122164E+06   0.557862E+14   0.339601E+09   0.380712E+09   0.721405E+06
 0335   0.122485E+06   0.558951E+14   0.339262E+09   0.380391E+09   0.719102E+06
 0336   0.122804E+06   0.560032E+14   0.339016E+09   0.380102E+09   0.716825E+06
 0337   0.123121E+06   0.561106E+14   0.338838E+09   0.379830E+09   0.714571E+06
 0338   0.123436E+06   0.562173E+14   0.338669E+09   0.379559E+09   0.712341E+06
 0339   0.123749E+06   0.563232E+14   0.338564E+09   0.379377E+09   0.710133E+06
 0340   0.124060E+06   0.564286E+14   0.338720E+09   0.379297E+09   0.707942E+06
 0341   0.124369E+06   0.565334E+14   0.339016E+09   0.379081E+09   0.705764E+06
 0342   0.124677E+06   0.566375E+14   0.338701E+09   0.378664E+09   0.703595E+06
 0343   0.124982E+06   0.567408E+14   0.337817E+09   0.378099E+09   0.701437E+06
 0344   0.125286E+06   0.568431E+14   0.336665E+09   0.377710E+09   0.699292E+06
 0345   0.125588E+06   0.569447E+14   0.336161E+09   0.377468E+09   0.697161E+06
 0346   0.125856E+06   0.570412E+14   0.361146E+09   0.380462E+09   0.694928E+06
 0347   0.126154E+06   0.571419E+14   0.336919E+09   0.380365E+09   0.692821E+06
 0348   0.126450E+06   0.572419E+14   0.337851E+09   0.380227E+09   0.690718E+06
 0349   0.126744E+06   0.573412E+14   0.338032E+09   0.379992E+09   0.688620E+06
 0350   0.127037E+06   0.574399E+14   0.337320E+09   0.379631E+09   0.686530E+06
 0351   0.127328E+06   0.575378E+14   0.336107E+09   0.379265E+09   0.684450E+06
 0352   0.127618E+06   0.576350E+14   0.335145E+09   0.378921E+09   0.682381E+06
 0353   0.127907E+06   0.577316E+14   0.334782E+09   0.378621E+09   0.680319E+06
 0354   0.128193E+06   0.578276E+14   0.334947E+09   0.378325E+09   0.678263E+06
 0355   0.128478E+06   0.579229E+14   0.335267E+09   0.378070E+09   0.676215E+06
 0356   0.128760E+06   0.580175E+14   0.335503E+09   0.377828E+09   0.674174E+06
 0357   0.129040E+06   0.581115E+14   0.335422E+09   0.377566E+09   0.672140E+06
 0358   0.129319E+06   0.582049E+14   0.335046E+09   0.377267E+09   0.670112E+06
 0359   0.129596E+06   0.582976E+14   0.334561E+09   0.376935E+09   0.668090E+06
 0360   0.129871E+06   0.583897E+14   0.334172E+09   0.376593E+09   0.666069E+06
 0361   0.130145E+06   0.584811E+14   0.333879E+09   0.376253E+09   0.664047E+06
 0362   0.130417E+06   0.585719E+14   0.333698E+09   0.375919E+09   0.662021E+06
 0363   0.130687E+06   0.586620E+14   0.333581E+09   0.375601E+09   0.659989E+06
 0364   0.130955E+06   0.587514E+14   0.333511E+09   0.375316E+09   0.657953E+06
 0365   0.131222E+06   0.588403E+14   0.333507E+09   0.375076E+09   0.655912E+06
 0366   0.131457E+06   0.589247E+14   0.358563E+09   0.377831E+09   0.654009E+06
 0367   0.131720E+06   0.590124E+14   0.333349E+09   0.377512E+09   0.652016E+06
 0368   0.131982E+06   0.590995E+14   0.333007E+09   0.377137E+09   0.650018E+06
 0369   0.132242E+06   0.591859E+14   0.332521E+09   0.376720E+09   0.648013E+06
 0370   0.132500E+06   0.592716E+14   0.331982E+09   0.376294E+09   0.645998E+06
 0371   0.132756E+06   0.593566E+14   0.331476E+09   0.375957E+09   0.643971E+06
 0372   0.133011E+06   0.594411E+14   0.331345E+09   0.375652E+09   0.641931E+06
 0373   0.133264E+06   0.595250E+14   0.331575E+09   0.375403E+09   0.639884E+06
 0374   0.133515E+06   0.596083E+14   0.331908E+09   0.375180E+09   0.637834E+06
 0375   0.133765E+06   0.596911E+14   0.332202E+09   0.374949E+09   0.635783E+06
 0376   0.134012E+06   0.597733E+14   0.332319E+09   0.374731E+09   0.633733E+06
 0377   0.134258E+06   0.598550E+14   0.332079E+09   0.374491E+09   0.631678E+06
 0378   0.134502E+06   0.599362E+14   0.331785E+09   0.374188E+09   0.629615E+06
 0379   0.134746E+06   0.600167E+14   0.331310E+09   0.373757E+09   0.627545E+06
 0380   0.134987E+06   0.600966E+14   0.330582E+09   0.373277E+09   0.625464E+06
 0381   0.135201E+06   0.601724E+14   0.355165E+09   0.375688E+09   0.623704E+06
 0382   0.135439E+06   0.602510E+14   0.329382E+09   0.375206E+09   0.621582E+06
 0383   0.135676E+06   0.603290E+14   0.329024E+09   0.374858E+09   0.619457E+06
 0384   0.135912E+06   0.604064E+14   0.329169E+09   0.374587E+09   0.617331E+06
 0385   0.136145E+06   0.604834E+14   0.329767E+09   0.374382E+09   0.615207E+06
 0386   0.136376E+06   0.605598E+14   0.330292E+09   0.374161E+09   0.613078E+06
 0387   0.136606E+06   0.606358E+14   0.330490E+09   0.373886E+09   0.610941E+06
 0388   0.136834E+06   0.607111E+14   0.330482E+09   0.373592E+09   0.608797E+06
 0389   0.137061E+06   0.607859E+14   0.330000E+09   0.373223E+09   0.606639E+06
 0390   0.137286E+06   0.608602E+14   0.329285E+09   0.372812E+09   0.604466E+06
 0391   0.137511E+06   0.609339E+14   0.328594E+09   0.372374E+09   0.602274E+06
 0392   0.137733E+06   0.610070E+14   0.328138E+09   0.371950E+09   0.600061E+06
 0393   0.137930E+06   0.610765E+14   0.353166E+09   0.374389E+09   0.598075E+06
 0394   0.138150E+06   0.611485E+14   0.327915E+09   0.374070E+09   0.595838E+06
 0395   0.138368E+06   0.612201E+14   0.328225E+09   0.373820E+09   0.593589E+06
 0396   0.138584E+06   0.612912E+14   0.328605E+09   0.373578E+09   0.591322E+06
 0397   0.138799E+06   0.613618E+14   0.328802E+09   0.373258E+09   0.589033E+06
 0398   0.139013E+06   0.614320E+14   0.328563E+09   0.372869E+09   0.586719E+06
 0399   0.139225E+06   0.615015E+14   0.328038E+09   0.372438E+09   0.584379E+06
 0400   0.139435E+06   0.615705E+14   0.327458E+09   0.371964E+09   0.582014E+06
 0401   0.139645E+06   0.616389E+14   0.326841E+09   0.371503E+09   0.579621E+06
 0402   0.139853E+06   0.617068E+14   0.326396E+09   0.371116E+09   0.577200E+06
 0403   0.140059E+06   0.617743E+14   0.326458E+09   0.370795E+09   0.574755E+06
 0404   0.140242E+06   0.618385E+14   0.352074E+09   0.373233E+09   0.572697E+06
 0405   0.140445E+06   0.619051E+14   0.327006E+09   0.372941E+09   0.570246E+06
 0406   0.140647E+06   0.619712E+14   0.327263E+09   0.372648E+09   0.567779E+06
 0407   0.140848E+06   0.620368E+14   0.327369E+09   0.372331E+09   0.565295E+06
 0408   0.141047E+06   0.621020E+14   0.327170E+09   0.371963E+09   0.562792E+06
 0409   0.141245E+06   0.621666E+14   0.326619E+09   0.371550E+09   0.560267E+06
 0410   0.141442E+06   0.622308E+14   0.325997E+09   0.371132E+09   0.557722E+06
 0411   0.141638E+06   0.622945E+14   0.325616E+09   0.370718E+09   0.555164E+06
 0412   0.141832E+06   0.623578E+14   0.325451E+09   0.370339E+09   0.552599E+06
 0413   0.142025E+06   0.624206E+14   0.325499E+09   0.370035E+09   0.550037E+06
 0414   0.142195E+06   0.624805E+14   0.351147E+09   0.372511E+09   0.547926E+06
 0415   0.142386E+06   0.625425E+14   0.326276E+09   0.372388E+09   0.545340E+06
 0416   0.142575E+06   0.626043E+14   0.326924E+09   0.372188E+09   0.542748E+06
 0417   0.142762E+06   0.626657E+14   0.327020E+09   0.371904E+09   0.540149E+06
 0418   0.142949E+06   0.627266E+14   0.326708E+09   0.371545E+09   0.537548E+06
 0419   0.143134E+06   0.627871E+14   0.326173E+09   0.371187E+09   0.534947E+06
 0420   0.143318E+06   0.628471E+14   0.325689E+09   0.370778E+09   0.532344E+06
 0421   0.143502E+06   0.629067E+14   0.324956E+09   0.370397E+09   0.529735E+06
 0422   0.143684E+06   0.629659E+14   0.324437E+09   0.370068E+09   0.527124E+06
 0423   0.143866E+06   0.630248E+14   0.324612E+09   0.369842E+09   0.524519E+06
 0424   0.144026E+06   0.630810E+14   0.350786E+09   0.372273E+09   0.522163E+06
 0425   0.144205E+06   0.631392E+14   0.325893E+09   0.372146E+09   0.519544E+06
 0426   0.144382E+06   0.631972E+14   0.326430E+09   0.372009E+09   0.516933E+06
 0427   0.144558E+06   0.632548E+14   0.326891E+09   0.371846E+09   0.514330E+06
 0428   0.144734E+06   0.633120E+14   0.326926E+09   0.371669E+09   0.511737E+06
 0429   0.144908E+06   0.633690E+14   0.326664E+09   0.371468E+09   0.509156E+06
 0430   0.145081E+06   0.634255E+14   0.326192E+09   0.371217E+09   0.506586E+06
 0431   0.145254E+06   0.634817E+14   0.325659E+09   0.370910E+09   0.504031E+06
 0432   0.145426E+06   0.635376E+14   0.325192E+09   0.370611E+09   0.501486E+06
 0433   0.145597E+06   0.635932E+14   0.325016E+09   0.370349E+09   0.498946E+06
 0434   0.145766E+06   0.636484E+14   0.325220E+09   0.370180E+09   0.496408E+06
 0435   0.145916E+06   0.637012E+14   0.351440E+09   0.372602E+09   0.493876E+06
 0436   0.146084E+06   0.637559E+14   0.326139E+09   0.372593E+09   0.491353E+06
 0437   0.146251E+06   0.638104E+14   0.326859E+09   0.372553E+09   0.488834E+06
 0438   0.146417E+06   0.638647E+14   0.327335E+09   0.372403E+09   0.486313E+06
 0439   0.146582E+06   0.639186E+14   0.327259E+09   0.372174E+09   0.483792E+06
 0440   0.146746E+06   0.639722E+14   0.326830E+09   0.371902E+09   0.481272E+06
 0441   0.146909E+06   0.640254E+14   0.326257E+09   0.371619E+09   0.478751E+06
 0442   0.147071E+06   0.640783E+14   0.325709E+09   0.371285E+09   0.476221E+06
 0443   0.147233E+06   0.641309E+14   0.325078E+09   0.370979E+09   0.473678E+06
 0444   0.147394E+06   0.641831E+14   0.324688E+09   0.370752E+09   0.471128E+06
 0445   0.147554E+06   0.642352E+14   0.324968E+09   0.370628E+09   0.468581E+06
 0446   0.147695E+06   0.642849E+14   0.351619E+09   0.372959E+09   0.466286E+06
 0447   0.147853E+06   0.643365E+14   0.326421E+09   0.372828E+09   0.463764E+06
 0448   0.148010E+06   0.643878E+14   0.326879E+09   0.372675E+09   0.461244E+06
 0449   0.148166E+06   0.644388E+14   0.327106E+09   0.372555E+09   0.458730E+06
 0450   0.148321E+06   0.644896E+14   0.327388E+09   0.372503E+09   0.456222E+06
 0451   0.148476E+06   0.645401E+14   0.327637E+09   0.372467E+09   0.453715E+06
 0452   0.148629E+06   0.645904E+14   0.327663E+09   0.372376E+09   0.451199E+06
 0453   0.148782E+06   0.646405E+14   0.327253E+09   0.372193E+09   0.448667E+06
 0454   0.148935E+06   0.646903E+14   0.326815E+09   0.371919E+09   0.446118E+06
 0455   0.149086E+06   0.647398E+14   0.326507E+09   0.371611E+09   0.443551E+06
 0456   0.149237E+06   0.647891E+14   0.326335E+09   0.371283E+09   0.440960E+06
 0457   0.149370E+06   0.648360E+14   0.352068E+09   0.373255E+09   0.438755E+06
 0458   0.149520E+06   0.648846E+14   0.325425E+09   0.372913E+09   0.436189E+06
 0459   0.149668E+06   0.649328E+14   0.325139E+09   0.372622E+09   0.433601E+06
 0460   0.149816E+06   0.649809E+14   0.325234E+09   0.372389E+09   0.430983E+06
 0461   0.149963E+06   0.650287E+14   0.325648E+09   0.372217E+09   0.428331E+06
 0462   0.150108E+06   0.650762E+14   0.326290E+09   0.372046E+09   0.425652E+06
 0463   0.150253E+06   0.651236E+14   0.326781E+09   0.371964E+09   0.422974E+06
 0464   0.150381E+06   0.651689E+14   0.353619E+09   0.374297E+09   0.421031E+06
 0465   0.150525E+06   0.652159E+14   0.328322E+09   0.374312E+09   0.418358E+06
 0466   0.150667E+06   0.652627E+14   0.328937E+09   0.374238E+09   0.415633E+06
 0467   0.150808E+06   0.653093E+14   0.328924E+09   0.374098E+09   0.412874E+06
 0468   0.150950E+06   0.653556E+14   0.328510E+09   0.373728E+09   0.410095E+06
 0469   0.151090E+06   0.654016E+14   0.327402E+09   0.373353E+09   0.407326E+06
 0470   0.151230E+06   0.654473E+14   0.326690E+09   0.372958E+09   0.404578E+06
 0471   0.151369E+06   0.654926E+14   0.326105E+09   0.372540E+09   0.401838E+06
 0472   0.151507E+06   0.655377E+14   0.325435E+09   0.372148E+09   0.399077E+06
 0473   0.151645E+06   0.655825E+14   0.324986E+09   0.371689E+09   0.396299E+06
 0474   0.151767E+06   0.656253E+14   0.350480E+09   0.373515E+09   0.393598E+06
 0475   0.151904E+06   0.656696E+14   0.324541E+09   0.372977E+09   0.390747E+06
 0476   0.152039E+06   0.657136E+14   0.324764E+09   0.372365E+09   0.387912E+06
 0477   0.152174E+06   0.657572E+14   0.324644E+09   0.371819E+09   0.385076E+06
 0478   0.152307E+06   0.658005E+14   0.324614E+09   0.371290E+09   0.382214E+06
 0479   0.152425E+06   0.658418E+14   0.350367E+09   0.373120E+09   0.379320E+06
 0480   0.152556E+06   0.658845E+14   0.324671E+09   0.372850E+09   0.376387E+06
 0481   0.152687E+06   0.659270E+14   0.325196E+09   0.372601E+09   0.373402E+06
 0482   0.152817E+06   0.659693E+14   0.325647E+09   0.372314E+09   0.370359E+06
 0483   0.152946E+06   0.660114E+14   0.325800E+09   0.371868E+09   0.367243E+06
 0484   0.153075E+06   0.660532E+14   0.325805E+09   0.371366E+09   0.364051E+06
 0485   0.153188E+06   0.660930E+14   0.351508E+09   0.373006E+09   0.360999E+06
 0486   0.153314E+06   0.661342E+14   0.325166E+09   0.372447E+09   0.357720E+06
 0487   0.153440E+06   0.661750E+14   0.324810E+09   0.371888E+09   0.354374E+06
 0488   0.153565E+06   0.662155E+14   0.324265E+09   0.371352E+09   0.350959E+06
 0489   0.153689E+06   0.662557E+14   0.323689E+09   0.370833E+09   0.347458E+06
 0490   0.153799E+06   0.662941E+14   0.348900E+09   0.372483E+09   0.344227E+06
 0491   0.153922E+06   0.663338E+14   0.322881E+09   0.371989E+09   0.340568E+06
 0492   0.154045E+06   0.663734E+14   0.323253E+09   0.371338E+09   0.336769E+06
 0493   0.154166E+06   0.664126E+14   0.323210E+09   0.370642E+09   0.332844E+06
 0494   0.154286E+06   0.664515E+14   0.323029E+09   0.369956E+09   0.328797E+06
 0495   0.154393E+06   0.664885E+14   0.348304E+09   0.371190E+09   0.325482E+06
 0496   0.154511E+06   0.665266E+14   0.321977E+09   0.370355E+09   0.321388E+06
 0497   0.154629E+06   0.665644E+14   0.321462E+09   0.369720E+09   0.317243E+06
 0498   0.154745E+06   0.666019E+14   0.321503E+09   0.369111E+09   0.313072E+06
 0499   0.154848E+06   0.666377E+14   0.346587E+09   0.370643E+09   0.309721E+06
 0500   0.154964E+06   0.666747E+14   0.321193E+09   0.370240E+09   0.305479E+06
 0501   0.155078E+06   0.667116E+14   0.322066E+09   0.369884E+09   0.301119E+06
 0502   0.155179E+06   0.667469E+14   0.348604E+09   0.371527E+09   0.297794E+06
 0503   0.155292E+06   0.667834E+14   0.323312E+09   0.371047E+09   0.293400E+06
 0504   0.155404E+06   0.668197E+14   0.324074E+09   0.370558E+09   0.289230E+06
 0505   0.155515E+06   0.668556E+14   0.324628E+09   0.370104E+09   0.285261E+06
 0506   0.155625E+06   0.668914E+14   0.324482E+09   0.369610E+09   0.281351E+06
 0507   0.155735E+06   0.669268E+14   0.324219E+09   0.369140E+09   0.277484E+06
 0508   0.155831E+06   0.669606E+14   0.349498E+09   0.370686E+09   0.273636E+06
 0509   0.155939E+06   0.669956E+14   0.323559E+09   0.370229E+09   0.269773E+06
 0510   0.156047E+06   0.670303E+14   0.323025E+09   0.369696E+09   0.265920E+06
 0511   0.156154E+06   0.670649E+14   0.322332E+09   0.369088E+09   0.262058E+06
 0512   0.156249E+06   0.670979E+14   0.347099E+09   0.370430E+09   0.258265E+06
 0513   0.156355E+06   0.671320E+14   0.321528E+09   0.369822E+09   0.254423E+06
 0514   0.156461E+06   0.671659E+14   0.321707E+09   0.369205E+09   0.250558E+06
 0515   0.156565E+06   0.671996E+14   0.321909E+09   0.368645E+09   0.246688E+06
 0516   0.156658E+06   0.672316E+14   0.347397E+09   0.370092E+09   0.243033E+06
 0517   0.156761E+06   0.672648E+14   0.322340E+09   0.369644E+09   0.239199E+06
 0518   0.156863E+06   0.672979E+14   0.322677E+09   0.369205E+09   0.235342E+06
 0519   0.156965E+06   0.673308E+14   0.322998E+09   0.368843E+09   0.231402E+06
 0520   0.157055E+06   0.673621E+14   0.348844E+09   0.370446E+09   0.227962E+06
 0521   0.157155E+06   0.673947E+14   0.324006E+09   0.370123E+09   0.224037E+06
 0522   0.157255E+06   0.674271E+14   0.324476E+09   0.369754E+09   0.219936E+06
 0523   0.157354E+06   0.674593E+14   0.324697E+09   0.369423E+09   0.215727E+06
 0524   0.157442E+06   0.674900E+14   0.350596E+09   0.370914E+09   0.212624E+06
 0525   0.157540E+06   0.675218E+14   0.324911E+09   0.370534E+09   0.208440E+06
 0526   0.157637E+06   0.675535E+14   0.324839E+09   0.370097E+09   0.204323E+06
 0527   0.157734E+06   0.675850E+14   0.324618E+09   0.369690E+09   0.200276E+06
 0528   0.157831E+06   0.676163E+14   0.324604E+09   0.369254E+09   0.196382E+06
 0529   0.157916E+06   0.676461E+14   0.349725E+09   0.370591E+09   0.193146E+06
 0530   0.158012E+06   0.676771E+14   0.323758E+09   0.370128E+09   0.189424E+06
 0531   0.158107E+06   0.677079E+14   0.323487E+09   0.369705E+09   0.185936E+06
 0532   0.158201E+06   0.677385E+14   0.323690E+09   0.369338E+09   0.182546E+06
 0533   0.158285E+06   0.677677E+14   0.349263E+09   0.370790E+09   0.179181E+06
 0534   0.158379E+06   0.677981E+14   0.324205E+09   0.370357E+09   0.175862E+06
 0535   0.158472E+06   0.678283E+14   0.324392E+09   0.369806E+09   0.172563E+06
 0536   0.158564E+06   0.678583E+14   0.324291E+09   0.369223E+09   0.169272E+06
 0537   0.158646E+06   0.678868E+14   0.349126E+09   0.370435E+09   0.166075E+06
 0538   0.158738E+06   0.679164E+14   0.323586E+09   0.369850E+09   0.162852E+06
 0539   0.158828E+06   0.679458E+14   0.323524E+09   0.369202E+09   0.159663E+06
 0540   0.158909E+06   0.679737E+14   0.348424E+09   0.370438E+09   0.156594E+06
 0541   0.158998E+06   0.680027E+14   0.323333E+09   0.370046E+09   0.153478E+06
 0542   0.159087E+06   0.680316E+14   0.323768E+09   0.369697E+09   0.150333E+06
 0543   0.159176E+06   0.680604E+14   0.324102E+09   0.369303E+09   0.147036E+06
 0544   0.159255E+06   0.680878E+14   0.349158E+09   0.370683E+09   0.144278E+06
 0545   0.159343E+06   0.681163E+14   0.324316E+09   0.370409E+09   0.140830E+06
 0546   0.159430E+06   0.681448E+14   0.325286E+09   0.370085E+09   0.137133E+06
 0547   0.159507E+06   0.681719E+14   0.351237E+09   0.371377E+09   0.134663E+06
 0548   0.159594E+06   0.682001E+14   0.325998E+09   0.370956E+09   0.131191E+06
 0549   0.159680E+06   0.682281E+14   0.326228E+09   0.370590E+09   0.127905E+06
 0550   0.159765E+06   0.682559E+14   0.326882E+09   0.370301E+09   0.125049E+06
 0551   0.159840E+06   0.682824E+14   0.352559E+09   0.371673E+09   0.122449E+06
 0552   0.159924E+06   0.683100E+14   0.327199E+09   0.371365E+09   0.119767E+06
 0553   0.160008E+06   0.683374E+14   0.327191E+09   0.371073E+09   0.117197E+06
 0554   0.160092E+06   0.683648E+14   0.327282E+09   0.370782E+09   0.114678E+06
 0555   0.160175E+06   0.683920E+14   0.327454E+09   0.370457E+09   0.112177E+06
 0556   0.160248E+06   0.684179E+14   0.352459E+09   0.371722E+09   0.109714E+06
 0557   0.160331E+06   0.684449E+14   0.326752E+09   0.371267E+09   0.107288E+06
 0558   0.160413E+06   0.684718E+14   0.326409E+09   0.370703E+09   0.104925E+06
 0559   0.160486E+06   0.684974E+14   0.351131E+09   0.371660E+09   0.102571E+06
 0560   0.160568E+06   0.685238E+14   0.325526E+09   0.370923E+09   0.100293E+06
 0561   0.160648E+06   0.685501E+14   0.324898E+09   0.370227E+09   0.978985E+05
 0562   0.160720E+06   0.685751E+14   0.349038E+09   0.371107E+09   0.957272E+05
 0563   0.160800E+06   0.686011E+14   0.323638E+09   0.370376E+09   0.929621E+05
 0564   0.160880E+06   0.686268E+14   0.323428E+09   0.369692E+09   0.898726E+05
 0565   0.160950E+06   0.686513E+14   0.347719E+09   0.370747E+09   0.879001E+05
 0566   0.161029E+06   0.686768E+14   0.323411E+09   0.370292E+09   0.851825E+05
 0567   0.161099E+06   0.687011E+14   0.348535E+09   0.371420E+09   0.832195E+05
 0568   0.161177E+06   0.687264E+14   0.324337E+09   0.370961E+09   0.810253E+05
 0569   0.161254E+06   0.687516E+14   0.324914E+09   0.370592E+09   0.790715E+05
 0570   0.161323E+06   0.687756E+14   0.350325E+09   0.371823E+09   0.771339E+05
 0571   0.161399E+06   0.688006E+14   0.326652E+09   0.371467E+09   0.752725E+05
 0572   0.161475E+06   0.688255E+14   0.327752E+09   0.371008E+09   0.734315E+05
 0573   0.161543E+06   0.688492E+14   0.352869E+09   0.372024E+09   0.716005E+05
 0574   0.161618E+06   0.688738E+14   0.328004E+09   0.371508E+09   0.698515E+05
 0575   0.161692E+06   0.688983E+14   0.328184E+09   0.371027E+09   0.681812E+05
 0576   0.161758E+06   0.689215E+14   0.353103E+09   0.372026E+09   0.664362E+05
 0577   0.161831E+06   0.689456E+14   0.327966E+09   0.371522E+09   0.648179E+05
 0578   0.161905E+06   0.689696E+14   0.327682E+09   0.371040E+09   0.628272E+05
 0579   0.161970E+06   0.689925E+14   0.352004E+09   0.372073E+09   0.612997E+05
 0580   0.162042E+06   0.690162E+14   0.327048E+09   0.371698E+09   0.587176E+05
 0581   0.162115E+06   0.690399E+14   0.327364E+09   0.371350E+09   0.565704E+05
 0582   0.162179E+06   0.690625E+14   0.352127E+09   0.372376E+09   0.550587E+05
 0583   0.162251E+06   0.690860E+14   0.327228E+09   0.371835E+09   0.535007E+05
 0584   0.162322E+06   0.691094E+14   0.326741E+09   0.371193E+09   0.520915E+05
 0585   0.162386E+06   0.691317E+14   0.350634E+09   0.371903E+09   0.506643E+05
 0586   0.162457E+06   0.691548E+14   0.325937E+09   0.371207E+09   0.493094E+05
 0587   0.162519E+06   0.691767E+14   0.350135E+09   0.371826E+09   0.479407E+05
 0588   0.162589E+06   0.691995E+14   0.325254E+09   0.370962E+09   0.467030E+05
 0589   0.162659E+06   0.692221E+14   0.324926E+09   0.370120E+09   0.455578E+05
 0590   0.162720E+06   0.692436E+14   0.348586E+09   0.370779E+09   0.442802E+05
 0591   0.162781E+06   0.692648E+14   0.348546E+09   0.371646E+09   0.430315E+05
 0592   0.162850E+06   0.692870E+14   0.324871E+09   0.371170E+09   0.415458E+05
 0593   0.162910E+06   0.693081E+14   0.349681E+09   0.372212E+09   0.403101E+05
 0594   0.162978E+06   0.693302E+14   0.326094E+09   0.371831E+09   0.381226E+05
 0595   0.163045E+06   0.693521E+14   0.326671E+09   0.371454E+09   0.367075E+05
 0596   0.163105E+06   0.693731E+14   0.351274E+09   0.372504E+09   0.355931E+05
 0597   0.163171E+06   0.693949E+14   0.327828E+09   0.372048E+09   0.345584E+05
 0598   0.163230E+06   0.694157E+14   0.352518E+09   0.372872E+09   0.335005E+05
 0599   0.163296E+06   0.694374E+14   0.328357E+09   0.372117E+09   0.325291E+05
 0600   0.163362E+06   0.694589E+14   0.327945E+09   0.371263E+09   0.316840E+05
 0601   0.163419E+06   0.694792E+14   0.351461E+09   0.371685E+09   0.307246E+05
 0602   0.163484E+06   0.695003E+14   0.326898E+09   0.370806E+09   0.299215E+05
 0603   0.163541E+06   0.695202E+14   0.350357E+09   0.371347E+09   0.289427E+05
 0604   0.163605E+06   0.695410E+14   0.326206E+09   0.370575E+09   0.270465E+05
 0605   0.163661E+06   0.695606E+14   0.349431E+09   0.371088E+09   0.260655E+05
 0606   0.163724E+06   0.695811E+14   0.325042E+09   0.370385E+09   0.248453E+05
 0607   0.163779E+06   0.696004E+14   0.348442E+09   0.371037E+09   0.239914E+05
 0608   0.163842E+06   0.696207E+14   0.324534E+09   0.370503E+09   0.232187E+05
 0609   0.163897E+06   0.696399E+14   0.348265E+09   0.371355E+09   0.224268E+05
 0610   0.163952E+06   0.696591E+14   0.348794E+09   0.372261E+09   0.216577E+05
 0611   0.164014E+06   0.696792E+14   0.325630E+09   0.371852E+09   0.210063E+05
 0612   0.164068E+06   0.696984E+14   0.349633E+09   0.372579E+09   0.203161E+05
 0613   0.164130E+06   0.697184E+14   0.326086E+09   0.372001E+09   0.199051E+05
 0614   0.164184E+06   0.697374E+14   0.350553E+09   0.372692E+09   0.192601E+05
 0615   0.164244E+06   0.697571E+14   0.327779E+09   0.372068E+09   0.176290E+05
 0616   0.164297E+06   0.697759E+14   0.352151E+09   0.372652E+09   0.167473E+05
 0617   0.164357E+06   0.697954E+14   0.328455E+09   0.371916E+09   0.159827E+05
 0618   0.164409E+06   0.698139E+14   0.352029E+09   0.372267E+09   0.153783E+05
 0619   0.164468E+06   0.698331E+14   0.327662E+09   0.371344E+09   0.148588E+05
 0620   0.164520E+06   0.698512E+14   0.350642E+09   0.371602E+09   0.142975E+05
 0621   0.164577E+06   0.698700E+14   0.326208E+09   0.370666E+09   0.139433E+05
 0622   0.164628E+06   0.698878E+14   0.348816E+09   0.371001E+09   0.134645E+05
 0623   0.164686E+06   0.699064E+14   0.324814E+09   0.370123E+09   0.129933E+05
 0624   0.164736E+06   0.699239E+14   0.347284E+09   0.370420E+09   0.121298E+05
 0625   0.164786E+06   0.699413E+14   0.346357E+09   0.370771E+09   0.112848E+05
 0626   0.164843E+06   0.699595E+14   0.322691E+09   0.369994E+09   0.104096E+05
 0627   0.164893E+06   0.699768E+14   0.345134E+09   0.370431E+09   0.994963E+04
 0628   0.164942E+06   0.699940E+14   0.344847E+09   0.370930E+09   0.952181E+04
 0629   0.164992E+06   0.700111E+14   0.345076E+09   0.371487E+09   0.911557E+04
 0630   0.165048E+06   0.700290E+14   0.322666E+09   0.370925E+09   0.884623E+04
 0631   0.165097E+06   0.700460E+14   0.346251E+09   0.371508E+09   0.855385E+04
 0632   0.165146E+06   0.700630E+14   0.346951E+09   0.372014E+09   0.831487E+04
 0633   0.165194E+06   0.700799E+14   0.347572E+09   0.372498E+09   0.809415E+04
 0634   0.165249E+06   0.700975E+14   0.325314E+09   0.371889E+09   0.689298E+04
 0635   0.165296E+06   0.701142E+14   0.349542E+09   0.372356E+09   0.635556E+04
 0636   0.165350E+06   0.701317E+14   0.327010E+09   0.371650E+09   0.605840E+04
 0637   0.165397E+06   0.701481E+14   0.350578E+09   0.371989E+09   0.577118E+04
 0638   0.165449E+06   0.701653E+14   0.327277E+09   0.371149E+09   0.567461E+04
 0639   0.165495E+06   0.701815E+14   0.350069E+09   0.371303E+09   0.552387E+04
 0640   0.165547E+06   0.701984E+14   0.326478E+09   0.370321E+09   0.522619E+04
 0641   0.165593E+06   0.702143E+14   0.348570E+09   0.370419E+09   0.444785E+04
 0642   0.165638E+06   0.702301E+14   0.347662E+09   0.370486E+09   0.395768E+04
 0643   0.165689E+06   0.702465E+14   0.324054E+09   0.369530E+09   0.372983E+04
 0644   0.165734E+06   0.702620E+14   0.345894E+09   0.369642E+09   0.352470E+04
 0645   0.165778E+06   0.702774E+14   0.345042E+09   0.369740E+09   0.334701E+04
 0646   0.165823E+06   0.702927E+14   0.344222E+09   0.369845E+09   0.322251E+04
 0647   0.165867E+06   0.703079E+14   0.343384E+09   0.370010E+09   0.317275E+04
 0648   0.165911E+06   0.703230E+14   0.342811E+09   0.370213E+09   0.317293E+04
 0649   0.165960E+06   0.703388E+14   0.320173E+09   0.369364E+09   0.222649E+04
 0650   0.166004E+06   0.703538E+14   0.342083E+09   0.369554E+09   0.193533E+04
 0651   0.166048E+06   0.703687E+14   0.341921E+09   0.369741E+09   0.178344E+04
 0652   0.166091E+06   0.703835E+14   0.341795E+09   0.369889E+09   0.166488E+04
 0653   0.166134E+06   0.703983E+14   0.341593E+09   0.369980E+09   0.158651E+04
 0654   0.166177E+06   0.704129E+14   0.341409E+09   0.370034E+09   0.161355E+04
 0655   0.166220E+06   0.704275E+14   0.341354E+09   0.370087E+09   0.174708E+04
 0656   0.166262E+06   0.704419E+14   0.341569E+09   0.370176E+09   0.153549E+04
 0657   0.166304E+06   0.704563E+14   0.342064E+09   0.370322E+09   0.778533E+03
 0658   0.166346E+06   0.704706E+14   0.342693E+09   0.370500E+09   0.609560E+03
 0659   0.166392E+06   0.704855E+14   0.321296E+09   0.369692E+09   0.617127E+03
 0660   0.166433E+06   0.704996E+14   0.344033E+09   0.369842E+09   0.649782E+03
 0661   0.166474E+06   0.705135E+14   0.344313E+09   0.369982E+09   0.809644E+03
 0662   0.166514E+06   0.705274E+14   0.344500E+09   0.370093E+09   0.105511E+04
 0663   0.166554E+06   0.705412E+14   0.344562E+09   0.370157E+09   0.102662E+04
 0664   0.166599E+06   0.705556E+14   0.322325E+09   0.369256E+09   0.359746E+03
 0665   0.166638E+06   0.705691E+14   0.344194E+09   0.369261E+09   0.372783E+03
 0666   0.166677E+06   0.705826E+14   0.343669E+09   0.369207E+09   0.400690E+03
 0667   0.166716E+06   0.705960E+14   0.342860E+09   0.369093E+09   0.485137E+03
 0668   0.166755E+06   0.706092E+14   0.341928E+09   0.368942E+09   0.727546E+03
 0669   0.166794E+06   0.706224E+14   0.340959E+09   0.368751E+09   0.109852E+04
 0670   0.166837E+06   0.706361E+14   0.318505E+09   0.367638E+09   0.341737E+03
 0671   0.166875E+06   0.706491E+14   0.339225E+09   0.367448E+09   0.365685E+03
 0672   0.166913E+06   0.706619E+14   0.338591E+09   0.367309E+09   0.441767E+03
 0673   0.166951E+06   0.706747E+14   0.338378E+09   0.367252E+09   0.741315E+03
 0674   0.166983E+06   0.706867E+14   0.365780E+09   0.368234E+09   0.858237E+03
 0675   0.167016E+06   0.706986E+14   0.366650E+09   0.369555E+09   0.989358E+03
 0676   0.167048E+06   0.707106E+14   0.368570E+09   0.371650E+09   0.109581E+04
 0677   0.167076E+06   0.707220E+14   0.411858E+09   0.375410E+09   0.911090E+03
 0678   0.167117E+06   0.707354E+14   0.326200E+09   0.376370E+09   0.335257E+03
 0679   0.167163E+06   0.707497E+14   0.311818E+09   0.375245E+09   0.727034E+03
 0680   0.167208E+06   0.707638E+14   0.312996E+09   0.373125E+09   0.350868E+03
 0681   0.167253E+06   0.707779E+14   0.311695E+09   0.370447E+09   0.107862E+04
 0682   0.167294E+06   0.707911E+14   0.326323E+09   0.368339E+09   0.359578E+03
 0683   0.167329E+06   0.708033E+14   0.343416E+09   0.366994E+09   0.519258E+03
 0684   0.167365E+06   0.708153E+14   0.338917E+09   0.365641E+09   0.106116E+04
 0685   0.167400E+06   0.708272E+14   0.334835E+09   0.364319E+09   0.345748E+03
 0686   0.167431E+06   0.708381E+14   0.356868E+09   0.363923E+09   0.374082E+03
 0687   0.167466E+06   0.708495E+14   0.328226E+09   0.362711E+09   0.720634E+03
 0688   0.167496E+06   0.708601E+14   0.350791E+09   0.362410E+09   0.105766E+04
 0689   0.167530E+06   0.708712E+14   0.323671E+09   0.361314E+09   0.344557E+03
 0690   0.167560E+06   0.708815E+14   0.346717E+09   0.361089E+09   0.376344E+03
 0691   0.167593E+06   0.708922E+14   0.320669E+09   0.360040E+09   0.771801E+03
 0692   0.167622E+06   0.709022E+14   0.343920E+09   0.359802E+09   0.976772E+03
 0693   0.167655E+06   0.709126E+14   0.318380E+09   0.358706E+09   0.349370E+03
 0694   0.167683E+06   0.709223E+14   0.341251E+09   0.358395E+09   0.391313E+03
 0695   0.167711E+06   0.709318E+14   0.339714E+09   0.358126E+09   0.542746E+03
 0696   0.167743E+06   0.709418E+14   0.314253E+09   0.357100E+09   0.632538E+03
 0697   0.167771E+06   0.709511E+14   0.336504E+09   0.356752E+09   0.338886E+03
 0698   0.167802E+06   0.709609E+14   0.311013E+09   0.355481E+09   0.448541E+03
 0699   0.167829E+06   0.709699E+14   0.331995E+09   0.354962E+09   0.774213E+03
 0700   0.167857E+06   0.709789E+14   0.329535E+09   0.354368E+09   0.672812E+03
 0701   0.167884E+06   0.709877E+14   0.326929E+09   0.353807E+09   0.336925E+03
 0702   0.167914E+06   0.709970E+14   0.302430E+09   0.352328E+09   0.522411E+03
 0703   0.167937E+06   0.710051E+14   0.351030E+09   0.352482E+09   0.646037E+03
 0704   0.167964E+06   0.710137E+14   0.319581E+09   0.351981E+09   0.724722E+03
 0705   0.167987E+06   0.710216E+14   0.347023E+09   0.352260E+09   0.406133E+03
 0706   0.168013E+06   0.710300E+14   0.318741E+09   0.351836E+09   0.351943E+03
 0707   0.168035E+06   0.710377E+14   0.348430E+09   0.352434E+09   0.368244E+03
 0708   0.168061E+06   0.710458E+14   0.320323E+09   0.352225E+09   0.588737E+03
 0709   0.168086E+06   0.710539E+14   0.321197E+09   0.351964E+09   0.851052E+03
 0710   0.168111E+06   0.710619E+14   0.321789E+09   0.351865E+09   0.331475E+03
 0711   0.168135E+06   0.710697E+14   0.322626E+09   0.351740E+09   0.380075E+03
 0712   0.168159E+06   0.710775E+14   0.323201E+09   0.351712E+09   0.641933E+03
 0713   0.168183E+06   0.710853E+14   0.323939E+09   0.351620E+09   0.671230E+03
 0714   0.168207E+06   0.710929E+14   0.324398E+09   0.351506E+09   0.329785E+03
 0715   0.168230E+06   0.711005E+14   0.324756E+09   0.351448E+09   0.391757E+03
 0716   0.168256E+06   0.711085E+14   0.302737E+09   0.350644E+09   0.847068E+03
 0717   0.168279E+06   0.711159E+14   0.325816E+09   0.350574E+09   0.328109E+03
 0718   0.168302E+06   0.711232E+14   0.326026E+09   0.350535E+09   0.368459E+03
 0719   0.168324E+06   0.711305E+14   0.326226E+09   0.350535E+09   0.592099E+03
 0720   0.168346E+06   0.711377E+14   0.326444E+09   0.350403E+09   0.710440E+03
 0721   0.168371E+06   0.711452E+14   0.303824E+09   0.349482E+09   0.354719E+03
 0722   0.168392E+06   0.711523E+14   0.326420E+09   0.349372E+09   0.518701E+03
 0723   0.168414E+06   0.711592E+14   0.326602E+09   0.349335E+09   0.829515E+03
 0724   0.168438E+06   0.711665E+14   0.304292E+09   0.348449E+09   0.341220E+03
 0725   0.168458E+06   0.711733E+14   0.326872E+09   0.348178E+09   0.449704E+03
 0726   0.168482E+06   0.711804E+14   0.304024E+09   0.347345E+09   0.462463E+03
 0727   0.168502E+06   0.711870E+14   0.326431E+09   0.347161E+09   0.325332E+03
 0728   0.168522E+06   0.711935E+14   0.325979E+09   0.346959E+09   0.397336E+03
 0729   0.168545E+06   0.712004E+14   0.303179E+09   0.346122E+09   0.705619E+03
 0730   0.168564E+06   0.712068E+14   0.325046E+09   0.345924E+09   0.318800E+03
 0731   0.168581E+06   0.712127E+14   0.354119E+09   0.346413E+09   0.320266E+03
 0732   0.168600E+06   0.712190E+14   0.323871E+09   0.346334E+09   0.390268E+03
 0733   0.168620E+06   0.712252E+14   0.323499E+09   0.346285E+09   0.646566E+03
 0734   0.168639E+06   0.712313E+14   0.323110E+09   0.346237E+09   0.442219E+03
 0735   0.168657E+06   0.712374E+14   0.322766E+09   0.346225E+09   0.318782E+03
 0736   0.168676E+06   0.712435E+14   0.322551E+09   0.346236E+09   0.401999E+03
 0737   0.168695E+06   0.712495E+14   0.322435E+09   0.346265E+09   0.684442E+03
 0738   0.168713E+06   0.712554E+14   0.322301E+09   0.346290E+09   0.347374E+03
 0739   0.168732E+06   0.712614E+14   0.322164E+09   0.346325E+09   0.327442E+03
 0740   0.168750E+06   0.712672E+14   0.322058E+09   0.346374E+09   0.451597E+03
 0741   0.168768E+06   0.712731E+14   0.321968E+09   0.346431E+09   0.720900E+03
 0742   0.168786E+06   0.712789E+14   0.321944E+09   0.346518E+09   0.308307E+03
 0743   0.168804E+06   0.712846E+14   0.322053E+09   0.346626E+09   0.358093E+03
 0744   0.168822E+06   0.712904E+14   0.322220E+09   0.346764E+09   0.596127E+03
 0745   0.168840E+06   0.712961E+14   0.322490E+09   0.346926E+09   0.373097E+03
 0746   0.168857E+06   0.713017E+14   0.322804E+09   0.347078E+09   0.321089E+03
 0747   0.168877E+06   0.713077E+14   0.300745E+09   0.346661E+09   0.663414E+03
 0748   0.168894E+06   0.713133E+14   0.323364E+09   0.346752E+09   0.310171E+03
 0749   0.168911E+06   0.713189E+14   0.323447E+09   0.346857E+09   0.342704E+03
 0750   0.168929E+06   0.713244E+14   0.323732E+09   0.346982E+09   0.565661E+03
 0751   0.168945E+06   0.713299E+14   0.324055E+09   0.347130E+09   0.350395E+03
 0752   0.168962E+06   0.713353E+14   0.324415E+09   0.347294E+09   0.323202E+03
 0753   0.168979E+06   0.713408E+14   0.324870E+09   0.347445E+09   0.495652E+03
 0754   0.168996E+06   0.713462E+14   0.325447E+09   0.347637E+09   0.420147E+03
 0755   0.169012E+06   0.713515E+14   0.326104E+09   0.347841E+09   0.309823E+03
 0756   0.169028E+06   0.713568E+14   0.326763E+09   0.348053E+09   0.449201E+03
 0757   0.169044E+06   0.713621E+14   0.327433E+09   0.348285E+09   0.495600E+03
 0758   0.169063E+06   0.713677E+14   0.305308E+09   0.348009E+09   0.349990E+03
 0759   0.169078E+06   0.713729E+14   0.328969E+09   0.348260E+09   0.585882E+03
 0760   0.169094E+06   0.713781E+14   0.329635E+09   0.348519E+09   0.303733E+03
 0761   0.169110E+06   0.713832E+14   0.330204E+09   0.348818E+09   0.337422E+03
 0762   0.169125E+06   0.713884E+14   0.330836E+09   0.349132E+09   0.557540E+03
 0763   0.169141E+06   0.713935E+14   0.331445E+09   0.349429E+09   0.305343E+03
 0764   0.169158E+06   0.713988E+14   0.308592E+09   0.349223E+09   0.430756E+03
 0765   0.169175E+06   0.714042E+14   0.309130E+09   0.348978E+09   0.295586E+03
 0766   0.169191E+06   0.714092E+14   0.332685E+09   0.349209E+09   0.357355E+03
 0767   0.169205E+06   0.714142E+14   0.332818E+09   0.349456E+09   0.590127E+03
 0768   0.169222E+06   0.714195E+14   0.309699E+09   0.349228E+09   0.318697E+03
 0769   0.169237E+06   0.714244E+14   0.333179E+09   0.349471E+09   0.517287E+03
 0770   0.169254E+06   0.714296E+14   0.310046E+09   0.349244E+09   0.297452E+03
 0771   0.169269E+06   0.714345E+14   0.333404E+09   0.349477E+09   0.452549E+03
 0772   0.169283E+06   0.714393E+14   0.333444E+09   0.349720E+09   0.343567E+03
 0773   0.169298E+06   0.714441E+14   0.333511E+09   0.349959E+09   0.323130E+03
 0774   0.169314E+06   0.714492E+14   0.310319E+09   0.349759E+09   0.381440E+03
 0775   0.169328E+06   0.714540E+14   0.333676E+09   0.349976E+09   0.313940E+03
 0776   0.169343E+06   0.714587E+14   0.333628E+09   0.350195E+09   0.524674E+03
 0777   0.169359E+06   0.714637E+14   0.310406E+09   0.349980E+09   0.312193E+03
 0778   0.169371E+06   0.714681E+14   0.364496E+09   0.350652E+09   0.395635E+03
 0779   0.169385E+06   0.714728E+14   0.333460E+09   0.350917E+09   0.363576E+03
 0780   0.169399E+06   0.714775E+14   0.333488E+09   0.351184E+09   0.322028E+03
 0781   0.169415E+06   0.714824E+14   0.310264E+09   0.351031E+09   0.314952E+03
 0782   0.169428E+06   0.714870E+14   0.333638E+09   0.351279E+09   0.345454E+03
 0783   0.169442E+06   0.714916E+14   0.333626E+09   0.351522E+09   0.443958E+03
 0784   0.169458E+06   0.714964E+14   0.310461E+09   0.351350E+09   0.395115E+03
 0785   0.169471E+06   0.715010E+14   0.333742E+09   0.351574E+09   0.312686E+03
 0786   0.169485E+06   0.715055E+14   0.333720E+09   0.351793E+09   0.355616E+03
 0787   0.169500E+06   0.715103E+14   0.310615E+09   0.351573E+09   0.283536E+03
 0788   0.169514E+06   0.715148E+14   0.333669E+09   0.351770E+09   0.441952E+03
 0789   0.169527E+06   0.715193E+14   0.333573E+09   0.351958E+09   0.283680E+03
 0790   0.169541E+06   0.715237E+14   0.333458E+09   0.352128E+09   0.431404E+03
 0791   0.169554E+06   0.715281E+14   0.333282E+09   0.352310E+09   0.282705E+03
 0792   0.169569E+06   0.715328E+14   0.310236E+09   0.352087E+09   0.450505E+03
 0793   0.169582E+06   0.715372E+14   0.333105E+09   0.352246E+09   0.318549E+03
 0794   0.169595E+06   0.715415E+14   0.332917E+09   0.352406E+09   0.370462E+03
 0795   0.169608E+06   0.715459E+14   0.332740E+09   0.352554E+09   0.342201E+03
 0796   0.169621E+06   0.715502E+14   0.332538E+09   0.352691E+09   0.304398E+03
 0797   0.169634E+06   0.715545E+14   0.332318E+09   0.352827E+09   0.391608E+03
 0798   0.169647E+06   0.715588E+14   0.332108E+09   0.352985E+09   0.280397E+03
 0799   0.169660E+06   0.715630E+14   0.331955E+09   0.353167E+09   0.455332E+03
 0800   0.169671E+06   0.715670E+14   0.362168E+09   0.353732E+09   0.283924E+03
 0801   0.169685E+06   0.715715E+14   0.308969E+09   0.353509E+09   0.374249E+03
 0802   0.169698E+06   0.715757E+14   0.331632E+09   0.353639E+09   0.358119E+03
 0803   0.169712E+06   0.715801E+14   0.308907E+09   0.353370E+09   0.303769E+03
 0804   0.169725E+06   0.715843E+14   0.331294E+09   0.353468E+09   0.308465E+03
 0805   0.169738E+06   0.715885E+14   0.331053E+09   0.353557E+09   0.412011E+03
 0806   0.169750E+06   0.715926E+14   0.330822E+09   0.353640E+09   0.284574E+03
 0807   0.169762E+06   0.715967E+14   0.330618E+09   0.353717E+09   0.325345E+03
 0808   0.169775E+06   0.716008E+14   0.330431E+09   0.353789E+09   0.404576E+03
 0809   0.169787E+06   0.716048E+14   0.330247E+09   0.353853E+09   0.288095E+03
 0810   0.169799E+06   0.716089E+14   0.330063E+09   0.353920E+09   0.295175E+03
 0811   0.169811E+06   0.716129E+14   0.329900E+09   0.353989E+09   0.428456E+03
 0812   0.169822E+06   0.716166E+14   0.359237E+09   0.354424E+09   0.275155E+03
 0813   0.169834E+06   0.716206E+14   0.329485E+09   0.354492E+09   0.331515E+03
 0814   0.169846E+06   0.716246E+14   0.329357E+09   0.354555E+09   0.407467E+03
 0815   0.169858E+06   0.716285E+14   0.329230E+09   0.354619E+09   0.312264E+03
 0816   0.169870E+06   0.716325E+14   0.329118E+09   0.354673E+09   0.274394E+03
 0817   0.169882E+06   0.716364E+14   0.328994E+09   0.354725E+09   0.309046E+03
 0818   0.169894E+06   0.716403E+14   0.328873E+09   0.354771E+09   0.416130E+03
 0819   0.169905E+06   0.716441E+14   0.328741E+09   0.354819E+09   0.357594E+03
 0820   0.169917E+06   0.716480E+14   0.328620E+09   0.354861E+09   0.294936E+03
 0821   0.169929E+06   0.716518E+14   0.328491E+09   0.354894E+09   0.273333E+03
 0822   0.169940E+06   0.716556E+14   0.328338E+09   0.354920E+09   0.281142E+03
 0823   0.169950E+06   0.716592E+14   0.357026E+09   0.355293E+09   0.381076E+03
 0824   0.169962E+06   0.716630E+14   0.327860E+09   0.355328E+09   0.331950E+03
 0825   0.169972E+06   0.716665E+14   0.356552E+09   0.355709E+09   0.273477E+03
 0826   0.169983E+06   0.716702E+14   0.327446E+09   0.355749E+09   0.283572E+03
 0827   0.169995E+06   0.716739E+14   0.327336E+09   0.355787E+09   0.307842E+03
 0828   0.170004E+06   0.716774E+14   0.355939E+09   0.356167E+09   0.351999E+03
 0829   0.170016E+06   0.716811E+14   0.326986E+09   0.356207E+09   0.330243E+03
 0830   0.170027E+06   0.716848E+14   0.326910E+09   0.356241E+09   0.315918E+03
 0831   0.170038E+06   0.716884E+14   0.326831E+09   0.356264E+09   0.307349E+03
 0832   0.170049E+06   0.716921E+14   0.326748E+09   0.356282E+09   0.303940E+03
 0833   0.170059E+06   0.716955E+14   0.355079E+09   0.356623E+09   0.270100E+03
 0834   0.170070E+06   0.716991E+14   0.326429E+09   0.356636E+09   0.269687E+03
 0835   0.170081E+06   0.717027E+14   0.326374E+09   0.356642E+09   0.269665E+03
 0836   0.170092E+06   0.717063E+14   0.326319E+09   0.356641E+09   0.271887E+03
 0837   0.170101E+06   0.717096E+14   0.354433E+09   0.356958E+09   0.272414E+03
 0838   0.170111E+06   0.717129E+14   0.354226E+09   0.357278E+09   0.317597E+03
 0839   0.170120E+06   0.717162E+14   0.354048E+09   0.357607E+09   0.355528E+03
 0840   0.170129E+06   0.717195E+14   0.353912E+09   0.357952E+09   0.307891E+03
 0841   0.170138E+06   0.717228E+14   0.353828E+09   0.358313E+09   0.272825E+03
 0842   0.170149E+06   0.717263E+14   0.325459E+09   0.358364E+09   0.304951E+03
 0843   0.170160E+06   0.717297E+14   0.325586E+09   0.358402E+09   0.346630E+03
 0844   0.170171E+06   0.717332E+14   0.325681E+09   0.358423E+09   0.306167E+03
 0845   0.170180E+06   0.717364E+14   0.353859E+09   0.358751E+09   0.346146E+03
 0846   0.170190E+06   0.717399E+14   0.325586E+09   0.358770E+09   0.273313E+03
 0847   0.170201E+06   0.717433E+14   0.325628E+09   0.358767E+09   0.266079E+03
 0848   0.170213E+06   0.717469E+14   0.304727E+09   0.358434E+09   0.295096E+03
 0849   0.170222E+06   0.717501E+14   0.353484E+09   0.358712E+09   0.299479E+03
 0850   0.170230E+06   0.717532E+14   0.353238E+09   0.358992E+09   0.298706E+03
 0851   0.170241E+06   0.717566E+14   0.325236E+09   0.358963E+09   0.263290E+03
 0852   0.170250E+06   0.717597E+14   0.352857E+09   0.359232E+09   0.262795E+03
 0853   0.170260E+06   0.717630E+14   0.324941E+09   0.359192E+09   0.316108E+03
 0854   0.170270E+06   0.717663E+14   0.324880E+09   0.359141E+09   0.264691E+03
 0855   0.170279E+06   0.717694E+14   0.352271E+09   0.359393E+09   0.260639E+03
 0856   0.170289E+06   0.717727E+14   0.324589E+09   0.359332E+09   0.283414E+03
 0857   0.170298E+06   0.717757E+14   0.351878E+09   0.359567E+09   0.289546E+03
 0858   0.170308E+06   0.717790E+14   0.324305E+09   0.359512E+09   0.263716E+03
 0859   0.170316E+06   0.717820E+14   0.351528E+09   0.359741E+09   0.258955E+03
 0860   0.170325E+06   0.717850E+14   0.351308E+09   0.359971E+09   0.255764E+03
 0861   0.170335E+06   0.717882E+14   0.323877E+09   0.359909E+09   0.253929E+03
 0862   0.170343E+06   0.717912E+14   0.350985E+09   0.360136E+09   0.250523E+03
 0863   0.170353E+06   0.717944E+14   0.323686E+09   0.360072E+09   0.264253E+03
 0864   0.170361E+06   0.717973E+14   0.350689E+09   0.360296E+09   0.252729E+03
 0865   0.170370E+06   0.718002E+14   0.350495E+09   0.360512E+09   0.243415E+03
 0866   0.170378E+06   0.718032E+14   0.350293E+09   0.360734E+09   0.240182E+03
 0867   0.170388E+06   0.718063E+14   0.323159E+09   0.360667E+09   0.237353E+03
 0868   0.170396E+06   0.718092E+14   0.350029E+09   0.360882E+09   0.244936E+03
 0869   0.170406E+06   0.718123E+14   0.323011E+09   0.360812E+09   0.234431E+03
 0870   0.170414E+06   0.718151E+14   0.349758E+09   0.361013E+09   0.229313E+03
 0871   0.170423E+06   0.718182E+14   0.322857E+09   0.360939E+09   0.222809E+03
 0872   0.170431E+06   0.718211E+14   0.349480E+09   0.361134E+09   0.217967E+03
 0873   0.170439E+06   0.718239E+14   0.349278E+09   0.361330E+09   0.213680E+03
 0874   0.170449E+06   0.718269E+14   0.322550E+09   0.361248E+09   0.209232E+03
 0875   0.170457E+06   0.718297E+14   0.349019E+09   0.361434E+09   0.205341E+03
 0876   0.170465E+06   0.718325E+14   0.348832E+09   0.361622E+09   0.201555E+03
 0877   0.170474E+06   0.718355E+14   0.322276E+09   0.361534E+09   0.197556E+03
 0878   0.170482E+06   0.718383E+14   0.348583E+09   0.361714E+09   0.193968E+03
 0879   0.170490E+06   0.718410E+14   0.348405E+09   0.361894E+09   0.190432E+03
 0880   0.170499E+06   0.718440E+14   0.322028E+09   0.361804E+09   0.186661E+03
 0881   0.170507E+06   0.718467E+14   0.348173E+09   0.361978E+09   0.183258E+03
 0882   0.170513E+06   0.718492E+14   0.384623E+09   0.362417E+09   0.180190E+03
 0883   0.170521E+06   0.718519E+14   0.347727E+09   0.362595E+09   0.176886E+03
 0884   0.170529E+06   0.718546E+14   0.347574E+09   0.362778E+09   0.173628E+03
 0885   0.170535E+06   0.718571E+14   0.384052E+09   0.363229E+09   0.170678E+03
 0886   0.170543E+06   0.718597E+14   0.347227E+09   0.363430E+09   0.167499E+03
 0887   0.170552E+06   0.718626E+14   0.321071E+09   0.363364E+09   0.164106E+03
 0888   0.170561E+06   0.718655E+14   0.321207E+09   0.363292E+09   0.160761E+03
 0889   0.170567E+06   0.718679E+14   0.383530E+09   0.363727E+09   0.157955E+03
 0890   0.170575E+06   0.718705E+14   0.346956E+09   0.363915E+09   0.154938E+03
 0891   0.170584E+06   0.718734E+14   0.320996E+09   0.363853E+09   0.151720E+03
 0892   0.170592E+06   0.718762E+14   0.321154E+09   0.363779E+09   0.148548E+03
 0893   0.170601E+06   0.718790E+14   0.321290E+09   0.363694E+09   0.145424E+03
 0894   0.170607E+06   0.718813E+14   0.382833E+09   0.364100E+09   0.142793E+03
 0895   0.170614E+06   0.718837E+14   0.382612E+09   0.364510E+09   0.140194E+03
 0896   0.170620E+06   0.718861E+14   0.382426E+09   0.364929E+09   0.137627E+03
 0897   0.170626E+06   0.718884E+14   0.382274E+09   0.365353E+09   0.135090E+03
 0898   0.170633E+06   0.718910E+14   0.346049E+09   0.365534E+09   0.132374E+03
 0899   0.170641E+06   0.718935E+14   0.346010E+09   0.365716E+09   0.129692E+03
 0900   0.170647E+06   0.718958E+14   0.381969E+09   0.366146E+09   0.127245E+03
 0901   0.170654E+06   0.718984E+14   0.345817E+09   0.366345E+09   0.124634E+03
 0902   0.170661E+06   0.719009E+14   0.345832E+09   0.366544E+09   0.122063E+03
 0903   0.170670E+06   0.719036E+14   0.320239E+09   0.366500E+09   0.119340E+03
 0904   0.170679E+06   0.719065E+14   0.301439E+09   0.366212E+09   0.116537E+03
 0905   0.170688E+06   0.719092E+14   0.320918E+09   0.366151E+09   0.113262E+03
 0906   0.170696E+06   0.719118E+14   0.321126E+09   0.366078E+09   0.110539E+03
 0999   0.170701E+06   0.722183E+14   0.645966E+11   0.697093E+09   0.213442E-01
