  0.0000000000E+000  0.0000000000E+000
  1.7006040213E+003  9.1357929713E+037
  3.4005484799E+003  1.5070267764E+038
  5.1003807592E+003  2.1726750527E+038
  6.8004177459E+003  2.0667037612E+038
  8.5005851972E+003  1.9671133466E+038
  1.0200538338E+004  1.9229072869E+038
  1.1900335521E+004  1.9179933391E+038
  1.3600377451E+004  1.9316166236E+038
  1.5300611522E+004  1.9341026201E+038
  1.7000514302E+004  1.9356884448E+038
  1.8700578602E+004  1.9647287000E+038
  2.0400535587E+004  1.9933369868E+038
  2.2100467157E+004  2.0209850743E+038
  2.3800584530E+004  2.0468499550E+038
  2.5500377595E+004  2.0704525608E+038
  2.7200552627E+004  2.0916046482E+038
  2.8900494220E+004  2.1105894211E+038
  3.0600560649E+004  2.1274212802E+038
  3.2300561821E+004  2.1422068982E+038
  3.4000403317E+004  2.1550918624E+038
  3.5700504455E+004  2.1656082027E+038
  3.7400470125E+004  2.1749248838E+038
  3.9100639139E+004  2.1829549884E+038
  4.0800533273E+004  2.1897574717E+038
  4.2500482263E+004  2.1954378478E+038
  4.4200652970E+004  2.2000719946E+038
  4.5900613213E+004  2.2031572436E+038
  4.7600583659E+004  2.2057600345E+038
  4.9300391686E+004  2.2077549184E+038
  5.1000430520E+004  2.2091427903E+038
  5.2700375444E+004  2.2099628277E+038
  5.4400506425E+004  2.2098386503E+038
  5.6100590543E+004  2.2094900665E+038
  5.7800620687E+004  2.2087698323E+038
  5.9500354228E+004  2.2075986453E+038
  6.1200560705E+004  2.2058604669E+038
  6.2900449508E+004  2.2038424532E+038
  6.4600614086E+004  2.2014327092E+038
  6.6300626298E+004  2.1986440648E+038
  6.8000472986E+004  2.1955272431E+038
  6.9700649079E+004  2.1919677584E+038
  7.1400606750E+004  2.1876659202E+038
  7.3100524786E+004  2.1832224939E+038
  7.4800653499E+004  2.1791042155E+038
  7.6500382867E+004  2.1751293420E+038
  7.8200579507E+004  2.1712272356E+038
  7.9900354572E+004  2.1673676842E+038
  8.1600465258E+004  2.1635325385E+038
  8.3300636807E+004  2.1597139890E+038
  8.5000405561E+004  2.1559089637E+038
  8.6700634836E+004  2.1521136331E+038
  8.8400438187E+004  2.1483293860E+038
  9.0100645472E+004  2.1445548104E+038
  9.1800481108E+004  2.1407927796E+038
  9.3500369608E+004  2.1370438937E+038
  9.5200637669E+004  2.1333091278E+038
  9.6900646030E+004  2.1295913657E+038
  9.8600486481E+004  2.1258916431E+038
  1.0030038752E+005  2.1222107248E+038
  1.0200048632E+005  2.1185496477E+038
  1.0370060908E+005  2.1149100956E+038
  1.0540050584E+005  2.1112938118E+038
  1.0710043560E+005  2.1077011837E+038
  1.0880041347E+005  2.1041327330E+038
  1.1050049161E+005  2.1005887703E+038
  1.1220055680E+005  2.0970699942E+038
  1.1390037152E+005  2.0935773860E+038
  1.1560057293E+005  2.0901101325E+038
  1.1730035940E+005  2.0866702968E+038
  1.1900061578E+005  2.0832562945E+038
  1.2070044692E+005  2.0798698421E+038
  1.2240035566E+005  2.0765097936E+038
  1.2410059957E+005  2.0731755985E+038
  1.2580050899E+005  2.0698686009E+038
  1.2750041649E+005  2.0665882064E+038
  1.2920063956E+005  2.0633338377E+038
  1.3090047168E+005  2.0601066780E+038
  1.3260034825E+005  2.0569055119E+038
  1.3430046122E+005  2.0537296210E+038
  1.3600065001E+005  2.0505790668E+038
  1.3770043158E+005  2.0474545823E+038
  1.3940053242E+005  2.0443547186E+038
  1.4110064258E+005  2.0412799290E+038
  1.4280068035E+005  2.0382300692E+038
  1.4450040060E+005  2.0352051021E+038
  1.4620042582E+005  2.0322034677E+038
  1.4790043724E+005  2.0292253749E+038
  1.4960047691E+005  2.0262704446E+038
  1.5130045843E+005  2.0233385303E+038
  1.5300050015E+005  2.0204290923E+038
  1.5470052745E+005  2.0175418268E+038
  1.5640054716E+005  2.0146761090E+038
  1.5810062497E+005  2.0118311913E+038
  1.5980034809E+005  2.0090072495E+038
  1.6150040572E+005  2.0062027855E+038
  1.6320053408E+005  2.0034179900E+038
  1.6490057169E+005  2.0006529627E+038
  1.6660065439E+005  1.9979073469E+038
  1.6830038076E+005  1.9951815513E+038
  1.7000041099E+005  1.9924741894E+038
  1.7170050476E+005  1.9897853937E+038
  1.7340052997E+005  1.9871152289E+038
  1.7510054687E+005  1.9844635727E+038
  1.7680055704E+005  1.9818304641E+038
  1.7850049277E+005  1.9792160785E+038
  1.8020044881E+005  1.9766203017E+038
  1.8190038707E+005  1.9740430702E+038
  1.8360056401E+005  1.9714837721E+038
  1.8530043477E+005  1.9689430478E+038
  1.8700059195E+005  1.9664199067E+038
  1.8870068845E+005  1.9639148138E+038
  1.9040047419E+005  1.9614280996E+038
  1.9210049067E+005  1.9589589286E+038
  1.9380046085E+005  1.9565075598E+038
  1.9550042111E+005  1.9540736353E+038
  1.9720063085E+005  1.9516564290E+038
  1.9890046597E+005  1.9492565216E+038
  2.0060062913E+005  1.9468726925E+038
  2.0230069280E+005  1.9445053674E+038
  2.0400036853E+005  1.9421547797E+038
  2.0570036378E+005  1.9398197801E+038
  2.0740058378E+005  1.9375002368E+038
  2.0910045016E+005  1.9351964799E+038
  2.1080059821E+005  1.9329070959E+038
  2.1250063560E+005  1.9306320781E+038
  2.1420068089E+005  1.9283707967E+038
  2.1590064615E+005  1.9261229870E+038
  2.1760050667E+005  1.9238883873E+038
  2.1930037693E+005  1.9216666372E+038
  2.2100048923E+005  1.9194572503E+038
  2.2270052078E+005  1.9172603969E+038
  2.2440053185E+005  1.9150757657E+038
  2.2610045145E+005  1.9129033091E+038
  2.2780064525E+005  1.9107425104E+038
  2.2950047270E+005  1.9109613773E+038
  2.3120057384E+005  1.3682833056E+045
  2.3290058144E+005  1.7826601050E+044
  2.3460057380E+005  6.3354577628E+043
  2.3630047563E+005  3.6987532143E+043
  2.3800062353E+005  2.6294117467E+043
  2.3970042764E+005  2.0590944799E+043
  2.4140047515E+005  1.7059592379E+043
  2.4310042017E+005  1.4660364804E+043
  2.4480037047E+005  1.2917798245E+043
  2.4650055753E+005  1.1593215772E+043
  2.4820064212E+005  1.0551619065E+043
  2.4990035992E+005  9.7087532499E+042
  2.5160066949E+005  9.0130486969E+042
  2.5330052078E+005  8.4301160664E+042
  2.5500068391E+005  7.9331441789E+042
  2.5670039292E+005  7.5044813771E+042
  2.5840070169E+005  7.1302005888E+042
  2.6010061817E+005  6.8002198513E+042
  2.6180043543E+005  6.5071807842E+042
  2.6350048301E+005  6.2449231060E+042
  2.6520048045E+005  6.0090450781E+042
  2.6690038718E+005  5.7957335886E+042
  2.6860050379E+005  5.6018937793E+042
  2.7030056484E+005  5.4248796722E+042
  2.7200054145E+005  5.2630000393E+042
  2.7370037197E+005  5.1143211916E+042
  2.7540048834E+005  4.9769235373E+042
  2.7710051516E+005  4.8494705871E+042
  2.7880040984E+005  4.7310074884E+042
  2.8050058350E+005  4.6206241120E+042
  2.8220066235E+005  4.5176009935E+042
  2.8390060732E+005  4.4212498572E+042
  2.8560043850E+005  4.3310077538E+042
  2.8730054540E+005  4.2463023244E+042
  2.8900054179E+005  4.1667291408E+042
  2.9070038645E+005  4.0917489443E+042
  2.9240051281E+005  4.0209133784E+042
  2.9410053984E+005  3.9539594878E+042
  2.9580040744E+005  3.8907488254E+042
  2.9750054731E+005  3.8309048004E+042
  2.9920058350E+005  3.7740986171E+042
  3.0090047609E+005  3.7201461681E+042
  3.0260060319E+005  3.6688091752E+042
  3.0430063594E+005  3.6200152343E+042
  3.0600053043E+005  3.5735993948E+042
  3.0770061914E+005  3.5293661880E+042
  3.0940064056E+005  3.4871516279E+042
  3.1110052844E+005  3.4468825558E+042
  3.1280062102E+005  3.4084033885E+042
  3.1450060795E+005  3.3715793660E+042
  3.1620047032E+005  3.3363120927E+042
  3.1790054691E+005  3.3025400363E+042
  3.1960047782E+005  3.2701731581E+042
  3.2130067857E+005  3.2390859720E+042
  3.2300036182E+005  3.2091926627E+042
  3.2470060734E+005  3.1804701811E+042
  3.2640036816E+005  3.1528529318E+042
  3.2810037668E+005  3.1262584521E+042
  3.2980058090E+005  3.1006541033E+042
  3.3150064253E+005  3.0759862311E+042
  3.3320060466E+005  3.0522047671E+042
  3.3490040121E+005  3.0292776712E+042
  3.3660039837E+005  3.0071658188E+042
  3.3830062645E+005  2.9858065694E+042
  3.4000038881E+005  2.9651785454E+042
  3.4170066889E+005  2.9452425347E+042
  3.4340046336E+005  2.9259800575E+042
  3.4510048769E+005  2.9073502739E+042
  3.4680069979E+005  2.8893262420E+042
  3.4850038576E+005  2.8718855982E+042
  3.5020068612E+005  2.8550046176E+042
  3.5190046359E+005  2.8386581290E+042
  3.5360042812E+005  2.8228103130E+042
  3.5530060951E+005  2.8074358783E+042
  3.5700066273E+005  2.7925146045E+042
  3.5870052782E+005  2.7780206511E+042
  3.6040059041E+005  2.7639332242E+042
  3.6210050725E+005  2.7502469773E+042
  3.6380064829E+005  2.7369329560E+042
  3.6550058866E+005  2.7239811412E+042
  3.6720036518E+005  2.7113819093E+042
  3.6890038725E+005  2.6991149032E+042
  3.7060059015E+005  2.6871644629E+042
  3.7230059659E+005  2.6755107801E+042
  3.7400046170E+005  2.6641493097E+042
  3.7570055610E+005  2.6530563729E+042
  3.7740044052E+005  2.6422259089E+042
  3.7910052178E+005  2.6316591237E+042
  3.8080044568E+005  2.6213503305E+042
  3.8250058480E+005  2.6112894986E+042
  3.8420051357E+005  2.6014678345E+042
  3.8590061593E+005  2.5918757635E+042
  3.8760058606E+005  2.5825106221E+042
  3.8930037066E+005  2.5733630196E+042
  3.9100067876E+005  2.5644213124E+042
  3.9270046364E+005  2.5556771288E+042
  3.9440045550E+005  2.5471207694E+042
  3.9610061610E+005  2.5387511699E+042
  3.9780058323E+005  2.5305633758E+042
  3.9950039553E+005  2.5225416547E+042
  4.0120040504E+005  2.5146721169E+042
  4.0290057105E+005  2.5069630905E+042
  4.0460052931E+005  2.4994136208E+042
  4.0630070607E+005  2.4920130615E+042
  4.0800070831E+005  2.4847582790E+042
  4.0970048046E+005  2.4776458476E+042
