  0.0000000000E+000  0.0000000000E+000
  1.7006040213E+003  2.4434224988E+034
  3.4005484799E+003  2.4421235824E+034
  5.1003807592E+003  2.4420949304E+034
  6.8004177459E+003  2.4411605896E+034
  8.5005851972E+003  2.4411605896E+034
  1.0200538338E+004  2.4410881514E+034
  1.1900335521E+004  2.4392789768E+034
  1.3600377451E+004  2.4392789768E+034
  1.5300611522E+004  2.4392789768E+034
  1.7000514302E+004  2.4392789768E+034
  1.8700578602E+004  2.4392789768E+034
  2.0400535587E+004  2.4392789768E+034
  2.2100467157E+004  2.4392789768E+034
  2.3800584530E+004  2.4392789768E+034
  2.5500377595E+004  2.4392789768E+034
  2.7200552627E+004  2.4392789768E+034
  2.8900494220E+004  2.4392789768E+034
  3.0600560649E+004  2.4392789768E+034
  3.2300561821E+004  2.4392789768E+034
  3.4000403317E+004  2.4392789768E+034
  3.5700504455E+004  2.4392789768E+034
  3.7400470125E+004  2.4392789768E+034
  3.9100639139E+004  2.4392789768E+034
  4.0800533273E+004  2.4392789768E+034
  4.2500482263E+004  2.4393291831E+034
  4.4200652970E+004  2.4393291831E+034
  4.5900613213E+004  2.4393291831E+034
  4.7600583659E+004  2.4393291831E+034
  4.9300391686E+004  2.4393291831E+034
  5.1000430520E+004  2.4393291831E+034
  5.2700375444E+004  2.4393291831E+034
  5.4400506425E+004  2.4393291831E+034
  5.6100590543E+004  2.4393291831E+034
  5.7800620687E+004  2.4393291831E+034
  5.9500354228E+004  2.4392789768E+034
  6.1200560705E+004  2.4392789768E+034
  6.2900449508E+004  2.4392789768E+034
  6.4600614086E+004  2.4380709594E+034
  6.6300626298E+004  2.4380709594E+034
  6.8000472986E+004  2.4380709594E+034
  6.9700649079E+004  2.4380709594E+034
  7.1400606750E+004  2.4380709594E+034
  7.3100524786E+004  2.4380709594E+034
  7.4800653499E+004  2.4380709594E+034
  7.6500382867E+004  2.4380709594E+034
  7.8200579507E+004  2.4380709594E+034
  7.9900354572E+004  2.4380709594E+034
  8.1600465258E+004  2.4380709594E+034
  8.3300636807E+004  2.4380709594E+034
  8.5000405561E+004  2.4380709594E+034
  8.6700634836E+004  2.4380709594E+034
  8.8400438187E+004  2.4381304123E+034
  9.0100645472E+004  2.4381304123E+034
  9.1800481108E+004  2.4381304123E+034
  9.3500369608E+004  2.4381304123E+034
  9.5200637669E+004  2.4381304123E+034
  9.6900646030E+004  2.4381304123E+034
  9.8600486481E+004  2.4381894102E+034
  1.0030038752E+005  2.4381894102E+034
  1.0200048632E+005  2.4381894102E+034
  1.0370060908E+005  2.4382479565E+034
  1.0540050584E+005  2.4383060547E+034
  1.0710043560E+005  2.4383060547E+034
  1.0880041347E+005  2.4383637082E+034
  1.1050049161E+005  2.4383637082E+034
  1.1220055680E+005  2.4384209203E+034
  1.1390037152E+005  2.4384209203E+034
  1.1560057293E+005  2.4384776945E+034
  1.1730035940E+005  2.4384776945E+034
  1.1900061578E+005  2.4384776945E+034
  1.2070044692E+005  2.4384776945E+034
  1.2240035566E+005  2.4384776945E+034
  1.2410059957E+005  2.4385340342E+034
  1.2580050899E+005  2.4385340342E+034
  1.2750041649E+005  2.4385340342E+034
  1.2920063956E+005  2.4385340342E+034
  1.3090047168E+005  2.4385340342E+034
  1.3260034825E+005  2.4385899426E+034
  1.3430046122E+005  2.4385899426E+034
  1.3600065001E+005  2.4385899426E+034
  1.3770043158E+005  2.4385899426E+034
  1.3940053242E+005  2.4385899426E+034
  1.4110064258E+005  2.4385899426E+034
  1.4280068035E+005  2.4386454231E+034
  1.4450040060E+005  2.4386454231E+034
  1.4620042582E+005  2.4386454231E+034
  1.4790043724E+005  2.4386454231E+034
  1.4960047691E+005  2.4386454231E+034
  1.5130045843E+005  2.4386454231E+034
  1.5300050015E+005  2.4386454231E+034
  1.5470052745E+005  2.4387004789E+034
  1.5640054716E+005  2.4387004789E+034
  1.5810062497E+005  2.4387004789E+034
  1.5980034809E+005  2.4387004789E+034
  1.6150040572E+005  2.4387004789E+034
  1.6320053408E+005  2.4387004789E+034
  1.6490057169E+005  2.4387004789E+034
  1.6660065439E+005  2.4387004789E+034
  1.6830038076E+005  2.4387551133E+034
  1.7000041099E+005  2.4387551133E+034
  1.7170050476E+005  2.4387551133E+034
  1.7340052997E+005  2.4387551133E+034
  1.7510054687E+005  2.4387551133E+034
  1.7680055704E+005  2.4387551133E+034
  1.7850049277E+005  2.4387551133E+034
  1.8020044881E+005  2.4387551133E+034
  1.8190038707E+005  2.4387551133E+034
  1.8360056401E+005  2.4387551133E+034
  1.8530043477E+005  2.4387551133E+034
  1.8700059195E+005  2.4387551133E+034
  1.8870068845E+005  2.4387551133E+034
  1.9040047419E+005  2.4388093295E+034
  1.9210049067E+005  2.4388093295E+034
  1.9380046085E+005  2.4388093295E+034
  1.9550042111E+005  2.4388093295E+034
  1.9720063085E+005  2.4388093295E+034
  1.9890046597E+005  2.4388093295E+034
  2.0060062913E+005  2.4388093295E+034
  2.0230069280E+005  2.4388093295E+034
  2.0400036853E+005  2.4388093295E+034
  2.0570036378E+005  2.4388093295E+034
  2.0740058378E+005  2.4388093295E+034
  2.0910045016E+005  2.4388631307E+034
  2.1080059821E+005  2.4388631307E+034
  2.1250063560E+005  2.4388631307E+034
  2.1420068089E+005  2.4388631307E+034
  2.1590064615E+005  2.4388631307E+034
  2.1760050667E+005  2.4388631307E+034
  2.1930037693E+005  2.4388631307E+034
  2.2100048923E+005  2.4388631307E+034
  2.2270052078E+005  2.4388631307E+034
  2.2440053185E+005  2.4389165201E+034
  2.2610045145E+005  2.4389165201E+034
  2.2780064525E+005  2.4389165201E+034
  2.2950047270E+005  2.4396224531E+034
  2.3120057384E+005  2.4418880820E+034
  2.3290058144E+005  2.4433850893E+034
  2.3460057380E+005  2.4435135456E+034
  2.3630047563E+005  2.4434224988E+034
  2.3800062353E+005  2.4433471004E+034
  2.3970042764E+005  2.4432890112E+034
  2.4140047515E+005  2.4432495345E+034
  2.4310042017E+005  2.4432094464E+034
  2.4480037047E+005  2.4431687375E+034
  2.4650055753E+005  2.4431273981E+034
  2.4820064212E+005  2.4431064890E+034
  2.4990035992E+005  2.4430854186E+034
  2.5160066949E+005  2.4430641857E+034
  2.5330052078E+005  2.4430427890E+034
  2.5500068391E+005  2.4429994991E+034
  2.5670039292E+005  2.4429776035E+034
  2.5840070169E+005  2.4429555389E+034
  2.6010061817E+005  2.4429333042E+034
  2.6180043543E+005  2.4429108979E+034
  2.6350048301E+005  2.4428883188E+034
  2.6520048045E+005  2.4428655656E+034
  2.6690038718E+005  2.4428195312E+034
  2.6860050379E+005  2.4427962474E+034
  2.7030056484E+005  2.4427727839E+034
  2.7200054145E+005  2.4427491395E+034
  2.7370037197E+005  2.4427253127E+034
  2.7540048834E+005  2.4427013021E+034
  2.7710051516E+005  2.4426771064E+034
  2.7880040984E+005  2.4426527239E+034
  2.8050058350E+005  2.4426033934E+034
  2.8220066235E+005  2.4425784424E+034
  2.8390060732E+005  2.4425532990E+034
  2.8560043850E+005  2.4425279616E+034
  2.8730054540E+005  2.4425024288E+034
  2.8900054179E+005  2.4424766990E+034
  2.9070038645E+005  2.4424507707E+034
  2.9240051281E+005  2.4424246425E+034
  2.9410053984E+005  2.4423717799E+034
  2.9580040744E+005  2.4423450423E+034
  2.9750054731E+005  2.4423180986E+034
  2.9920058350E+005  2.4422909470E+034
  3.0090047609E+005  2.4422635859E+034
  3.0260060319E+005  2.4422360139E+034
  3.0430063594E+005  2.4421802301E+034
  3.0600053043E+005  2.4421520150E+034
  3.0770061914E+005  2.4421235824E+034
  3.0940064056E+005  2.4420949304E+034
  3.1110052844E+005  2.4420660574E+034
  3.1280062102E+005  2.4420369617E+034
  3.1450060795E+005  2.4420076416E+034
  3.1620047032E+005  2.4419483211E+034
  3.1790054691E+005  2.4419183173E+034
  3.1960047782E+005  2.4418880820E+034
  3.2130067857E+005  2.4418576135E+034
  3.2300036182E+005  2.4418269100E+034
  3.2470060734E+005  2.4417647907E+034
  3.2640036816E+005  2.4417333712E+034
  3.2810037668E+005  2.4417017094E+034
  3.2980058090E+005  2.4416698033E+034
  3.3150064253E+005  2.4416376511E+034
  3.3320060466E+005  2.4416052510E+034
  3.3490040121E+005  2.4415396990E+034
  3.3660039837E+005  2.4415065432E+034
  3.3830062645E+005  2.4414731318E+034
  3.4000038881E+005  2.4414394626E+034
  3.4170066889E+005  2.4414055337E+034
  3.4340046336E+005  2.4413713431E+034
  3.4510048769E+005  2.4413021687E+034
  3.4680069979E+005  2.4412671809E+034
  3.4850038576E+005  2.4412319231E+034
  3.5020068612E+005  2.4411963934E+034
  3.5190046359E+005  2.4411605896E+034
  3.5360042812E+005  2.4411245097E+034
  3.5530060951E+005  2.4410515127E+034
  3.5700066273E+005  2.4410145914E+034
  3.5870052782E+005  2.4409773853E+034
  3.6040059041E+005  2.4409398923E+034
  3.6210050725E+005  2.4409021100E+034
  3.6380064829E+005  2.4408640363E+034
  3.6550058866E+005  2.4408256689E+034
  3.6720036518E+005  2.4407480440E+034
  3.6890038725E+005  2.4407087819E+034
  3.7060059015E+005  2.4406692170E+034
  3.7230059659E+005  2.4406293469E+034
  3.7400046170E+005  2.4405891693E+034
  3.7570055610E+005  2.4405486817E+034
  3.7740044052E+005  2.4405078819E+034
  3.7910052178E+005  2.4404667673E+034
  3.8080044568E+005  2.4403835844E+034
  3.8250058480E+005  2.4403415111E+034
  3.8420051357E+005  2.4402991132E+034
  3.8590061593E+005  2.4402563884E+034
  3.8760058606E+005  2.4402133339E+034
  3.8930037066E+005  2.4401699474E+034
  3.9100067876E+005  2.4401262262E+034
  3.9270046364E+005  2.4400821678E+034
  3.9440045550E+005  2.4400377696E+034
  3.9610061610E+005  2.4399479430E+034
  3.9780058323E+005  2.4399025094E+034
  3.9950039553E+005  2.4398567254E+034
  4.0120040504E+005  2.4398105882E+034
  4.0290057105E+005  2.4397640951E+034
  4.0460052931E+005  2.4397172434E+034
  4.0630070607E+005  2.4396700303E+034
  4.0800070831E+005  2.4396224531E+034
  4.0970048046E+005  2.4395745089E+034
