 0032   0.100646E+00   0.260278E+09   0.258606E+10   0.105024E+10   0.664572E+14
 0033   0.106210E+00   0.274312E+09   0.252246E+10   0.109556E+10   0.593974E+14
 0034   0.117993E+00   0.293563E+09   0.163380E+10   0.109330E+10   0.530370E+14
 0035   0.131257E+00   0.314760E+09   0.159812E+10   0.108923E+10   0.473506E+14
 0036   0.146058E+00   0.338037E+09   0.157265E+10   0.108367E+10   0.422814E+14
 0037   0.161625E+00   0.363134E+09   0.161222E+10   0.111961E+10   0.377768E+14
 0038   0.183718E+00   0.397012E+09   0.153346E+10   0.108635E+10   0.338247E+14
 0039   0.203974E+00   0.430124E+09   0.163462E+10   0.107307E+10   0.303985E+14
 0040   0.225740E+00   0.464717E+09   0.158931E+10   0.105935E+10   0.274052E+14
 0041   0.251215E+00   0.501929E+09   0.146071E+10   0.103809E+10   0.247716E+14
 0042   0.276481E+00   0.539526E+09   0.148810E+10   0.102416E+10   0.224471E+14
 0043   0.304122E+00   0.579125E+09   0.143260E+10   0.100760E+10   0.203814E+14
 0044   0.330816E+00   0.618936E+09   0.149138E+10   0.997702E+09   0.185415E+14
 0045   0.363090E+00   0.662179E+09   0.133988E+10   0.977979E+09   0.168886E+14
 0046   0.395500E+00   0.706202E+09   0.135829E+10   0.962009E+09   0.154030E+14
 0047   0.426236E+00   0.749679E+09   0.141452E+10   0.955334E+09   0.140637E+14
 0048   0.464063E+00   0.797491E+09   0.126399E+10   0.936778E+09   0.128456E+14
 0049   0.499169E+00   0.844377E+09   0.133553E+10   0.929287E+09   0.117405E+14
 0050   0.538021E+00   0.893991E+09   0.127699E+10   0.916996E+09   0.107312E+14
 0051   0.578645E+00   0.944984E+09   0.125526E+10   0.905892E+09   0.980801E+13
 0052   0.623577E+00   0.998635E+09   0.119406E+10   0.892246E+09   0.896025E+13
 0053   0.669069E+00   0.105336E+10   0.120305E+10   0.881287E+09   0.818143E+13
 0054   0.717912E+00   0.111027E+10   0.116504E+10   0.869720E+09   0.746354E+13
 0055   0.767492E+00   0.116848E+10   0.117403E+10   0.860939E+09   0.680131E+13
 0056   0.820375E+00   0.122901E+10   0.114474E+10   0.851811E+09   0.618873E+13
 0057   0.875455E+00   0.129163E+10   0.113688E+10   0.842706E+09   0.562155E+13
 0058   0.933750E+00   0.135660E+10   0.111444E+10   0.833708E+09   0.509543E+13
 0059   0.995520E+00   0.142399E+10   0.109107E+10   0.825722E+09   0.460675E+13
 0060   0.106020E+01   0.149428E+10   0.108663E+10   0.817932E+09   0.415254E+13
 0061   0.113020E+01   0.156792E+10   0.105207E+10   0.809385E+09   0.372984E+13
 0062   0.120293E+01   0.164452E+10   0.105312E+10   0.801642E+09   0.333660E+13
 0063   0.127240E+01   0.172107E+10   0.110204E+10   0.801233E+09   0.297117E+13
 0064   0.135549E+01   0.180559E+10   0.101722E+10   0.810123E+09   0.262997E+13
 0065   0.145445E+01   0.190499E+10   0.100435E+10   0.793258E+09   0.231295E+13
 0066   0.155032E+01   0.200361E+10   0.102868E+10   0.783434E+09   0.202058E+13
 0067   0.165291E+01   0.210567E+10   0.994800E+09   0.774554E+09   0.174982E+13
 0068   0.175260E+01   0.220817E+10   0.102823E+10   0.770367E+09   0.163297E+13
 0069   0.187337E+01   0.232040E+10   0.929333E+09   0.757892E+09   0.139979E+13
 0070   0.199096E+01   0.243294E+10   0.957083E+09   0.750412E+09   0.130603E+13
 0071   0.211389E+01   0.254916E+10   0.945335E+09   0.744475E+09   0.121731E+13
 0072   0.224626E+01   0.267092E+10   0.919853E+09   0.737923E+09   0.113310E+13
 0073   0.238413E+01   0.279751E+10   0.918218E+09   0.731522E+09   0.100542E+13
 0074   0.252923E+01   0.292872E+10   0.904240E+09   0.726597E+09   0.933352E+12
 0075   0.270277E+01   0.307316E+10   0.832288E+09   0.714485E+09   0.863970E+12
 0076   0.286463E+01   0.321636E+10   0.884811E+09   0.709818E+09   0.798764E+12
 0077   0.303603E+01   0.336586E+10   0.872220E+09   0.706298E+09   0.736647E+12
 0078   0.324116E+01   0.353090E+10   0.804540E+09   0.696609E+09   0.676784E+12
 0079   0.343595E+01   0.369682E+10   0.851782E+09   0.693682E+09   0.620485E+12
 0080   0.364185E+01   0.387122E+10   0.846999E+09   0.691475E+09   0.566964E+12
 0081   0.389204E+01   0.406551E+10   0.776587E+09   0.683353E+09   0.515441E+12
 0082   0.412853E+01   0.426203E+10   0.831000E+09   0.682983E+09   0.467128E+12
 0083   0.440999E+01   0.448117E+10   0.778575E+09   0.678035E+09   0.420800E+12
 0084   0.467894E+01   0.470520E+10   0.832992E+09   0.680296E+09   0.377427E+12
 0085   0.500302E+01   0.495828E+10   0.780902E+09   0.677545E+09   0.336002E+12
 0086   0.534979E+01   0.523148E+10   0.787849E+09   0.678132E+09   0.297011E+12
 0087   0.572512E+01   0.553122E+10   0.798600E+09   0.684249E+09   0.260352E+12
 0088   0.617373E+01   0.588118E+10   0.780086E+09   0.690509E+09   0.225799E+12
 0089   0.660502E+01   0.626583E+10   0.891873E+09   0.788724E+09   0.195342E+12
 0090   0.762287E+01   0.712936E+10   0.848389E+09   0.752726E+09   0.167665E+12
 0091   0.851038E+01   0.795419E+10   0.929368E+09   0.737863E+09   0.145283E+12
 0092   0.959714E+01   0.884175E+10   0.816711E+09   0.721330E+09   0.126288E+12
 0093   0.107911E+02   0.977528E+10   0.781861E+09   0.706364E+09   0.110116E+12
 0094   0.120527E+02   0.107479E+11   0.770901E+09   0.693044E+09   0.962698E+11
 0095   0.133644E+02   0.117539E+11   0.766948E+09   0.683388E+09   0.843555E+11
 0096   0.148309E+02   0.128303E+11   0.734038E+09   0.672615E+09   0.739856E+11
 0097   0.164025E+02   0.139680E+11   0.723885E+09   0.662618E+09   0.649472E+11
 0098   0.181294E+02   0.151760E+11   0.699544E+09   0.652075E+09   0.570094E+11
 0099   0.200560E+02   0.164680E+11   0.670624E+09   0.641199E+09   0.499841E+11
 0100   0.221069E+02   0.178329E+11   0.665499E+09   0.630564E+09   0.437498E+11
 0101   0.241953E+02   0.192221E+11   0.665224E+09   0.623269E+09   0.383164E+11
 0102   0.264676E+02   0.206733E+11   0.638615E+09   0.614432E+09   0.335511E+11
 0103   0.287579E+02   0.221372E+11   0.639152E+09   0.609814E+09   0.293713E+11
 0104   0.311722E+02   0.236562E+11   0.629204E+09   0.606296E+09   0.256732E+11
 0105   0.338644E+02   0.252789E+11   0.602742E+09   0.599803E+09   0.223724E+11
 0106   0.366819E+02   0.269643E+11   0.598169E+09   0.594557E+09   0.194263E+11
 0107   0.394658E+02   0.286776E+11   0.615419E+09   0.594721E+09   0.167907E+11
 0108   0.425675E+02   0.305275E+11   0.596432E+09   0.591848E+09   0.144057E+11
 0109   0.457961E+02   0.324627E+11   0.599408E+09   0.592511E+09   0.122600E+11
 0110   0.493874E+02   0.345692E+11   0.586553E+09   0.593109E+09   0.103209E+11
 0111   0.533436E+02   0.368750E+11   0.582843E+09   0.593733E+09   0.857422E+10
 0112   0.574433E+02   0.393457E+11   0.602636E+09   0.599311E+09   0.701444E+10
 0113   0.621746E+02   0.421534E+11   0.593421E+09   0.608438E+09   0.560744E+10
 0114   0.676028E+02   0.454350E+11   0.604556E+09   0.615697E+09   0.435298E+10
 0115   0.735102E+02   0.491700E+11   0.632263E+09   0.630359E+09   0.325777E+10
 0116   0.804634E+02   0.536797E+11   0.648567E+09   0.651279E+09   0.230788E+10
 0117   0.891442E+02   0.594564E+11   0.665467E+09   0.682288E+09   0.149899E+10
 0118   0.100054E+03   0.673443E+11   0.722977E+09   0.738717E+09   0.842064E+09
 0119   0.115069E+03   0.798790E+11   0.834856E+09   0.920316E+09   0.358006E+09
 0120   0.149122E+03   0.116724E+12   0.108198E+10   0.240037E+10   0.301513E+08
 0121   0.462303E+03   0.831547E+12   0.228246E+10   0.130042E+10   0.143694E+08
 0122   0.175455E+04   0.221210E+13   0.106833E+10   0.895451E+09   0.105648E+08
 0123   0.314589E+04   0.332712E+13   0.801407E+09   0.784682E+09   0.915920E+07
 0124   0.469600E+04   0.432222E+13   0.641948E+09   0.722667E+09   0.806917E+07
 0125   0.629487E+04   0.522803E+13   0.566536E+09   0.683585E+09   0.716746E+07
 0126   0.788929E+04   0.607978E+13   0.534207E+09   0.653442E+09   0.642430E+07
 0127   0.940559E+04   0.687783E+13   0.526313E+09   0.630808E+09   0.583934E+07
 0128   0.109107E+05   0.764524E+13   0.509856E+09   0.609300E+09   0.536684E+07
 0129   0.123603E+05   0.837000E+13   0.499980E+09   0.592218E+09   0.499501E+07
 0130   0.137614E+05   0.906280E+13   0.494459E+09   0.577480E+09   0.469740E+07
 0131   0.151067E+05   0.972562E+13   0.492702E+09   0.565576E+09   0.446278E+07
 0132   0.164334E+05   0.103697E+14   0.485494E+09   0.554290E+09   0.426783E+07
 0133   0.177451E+05   0.109951E+14   0.476765E+09   0.542402E+09   0.410388E+07
 0134   0.190120E+05   0.115913E+14   0.470568E+09   0.533594E+09   0.397410E+07
 0135   0.202775E+05   0.121727E+14   0.459447E+09   0.525583E+09   0.385689E+07
 0136   0.215460E+05   0.127432E+14   0.449744E+09   0.515942E+09   0.374950E+07
 0137   0.227604E+05   0.132867E+14   0.447578E+09   0.510150E+09   0.366310E+07
 0138   0.240022E+05   0.138265E+14   0.434692E+09   0.502365E+09   0.357532E+07
 0139   0.252131E+05   0.143483E+14   0.430947E+09   0.495395E+09   0.349836E+07
 0140   0.263996E+05   0.148537E+14   0.425913E+09   0.489941E+09   0.342848E+07
 0141   0.275944E+05   0.153517E+14   0.416825E+09   0.483210E+09   0.336042E+07
 0142   0.287504E+05   0.158315E+14   0.414993E+09   0.479171E+09   0.330006E+07
 0143   0.299229E+05   0.163085E+14   0.406862E+09   0.473557E+09   0.324066E+07
 0144   0.310655E+05   0.167719E+14   0.405595E+09   0.469199E+09   0.318650E+07
 0145   0.322094E+05   0.172286E+14   0.399213E+09   0.464442E+09   0.313485E+07
 0146   0.333424E+05   0.176756E+14   0.394550E+09   0.459925E+09   0.308634E+07
 0147   0.344655E+05   0.181136E+14   0.389969E+09   0.455435E+09   0.304045E+07
 0148   0.355706E+05   0.185411E+14   0.386870E+09   0.451766E+09   0.299698E+07
 0149   0.366669E+05   0.189614E+14   0.383371E+09   0.448863E+09   0.295543E+07
 0150   0.377703E+05   0.193790E+14   0.378478E+09   0.445135E+09   0.291576E+07
 0151   0.388658E+05   0.197898E+14   0.374968E+09   0.440926E+09   0.287769E+07
 0152   0.399371E+05   0.201894E+14   0.373024E+09   0.438192E+09   0.284116E+07
 0153   0.410178E+05   0.205862E+14   0.367131E+09   0.434289E+09   0.280611E+07
 0154   0.420738E+05   0.209726E+14   0.365966E+09   0.431541E+09   0.277210E+07
 0155   0.431317E+05   0.213548E+14   0.361197E+09   0.428499E+09   0.273942E+07
 0156   0.441803E+05   0.217307E+14   0.358522E+09   0.425649E+09   0.270778E+07
 0157   0.452210E+05   0.221010E+14   0.355836E+09   0.422915E+09   0.267714E+07
 0158   0.462533E+05   0.224659E+14   0.353461E+09   0.420343E+09   0.264741E+07
 0159   0.472782E+05   0.228257E+14   0.351107E+09   0.417952E+09   0.261854E+07
 0160   0.482984E+05   0.231812E+14   0.348424E+09   0.415687E+09   0.259063E+07
 0161   0.493171E+05   0.235331E+14   0.345396E+09   0.413085E+09   0.256377E+07
 0162   0.503269E+05   0.238795E+14   0.343101E+09   0.410471E+09   0.253758E+07
 0163   0.513256E+05   0.242201E+14   0.341012E+09   0.408223E+09   0.251190E+07
 0164   0.523152E+05   0.245558E+14   0.339262E+09   0.406435E+09   0.248681E+07
 0165   0.533029E+05   0.248888E+14   0.337095E+09   0.404536E+09   0.246258E+07
 0166   0.542876E+05   0.252187E+14   0.335029E+09   0.402345E+09   0.243910E+07
 0167   0.552661E+05   0.255443E+14   0.332779E+09   0.399999E+09   0.241619E+07
 0168   0.562342E+05   0.258645E+14   0.330782E+09   0.397846E+09   0.239366E+07
 0169   0.571915E+05   0.261797E+14   0.329230E+09   0.396224E+09   0.237147E+07
 0170   0.581447E+05   0.264919E+14   0.327569E+09   0.394761E+09   0.234976E+07
 0171   0.590948E+05   0.268019E+14   0.326252E+09   0.393249E+09   0.232857E+07
 0172   0.600430E+05   0.271096E+14   0.324476E+09   0.391454E+09   0.230790E+07
 0173   0.609853E+05   0.274137E+14   0.322768E+09   0.389642E+09   0.228762E+07
 0174   0.619221E+05   0.277142E+14   0.320723E+09   0.387730E+09   0.226775E+07
 0175   0.628495E+05   0.280103E+14   0.319266E+09   0.386001E+09   0.224815E+07
 0176   0.637679E+05   0.283023E+14   0.318013E+09   0.384599E+09   0.222884E+07
 0177   0.646832E+05   0.285918E+14   0.316250E+09   0.383192E+09   0.220987E+07
 0178   0.655941E+05   0.288786E+14   0.314829E+09   0.381845E+09   0.219124E+07
 0179   0.665031E+05   0.291631E+14   0.312983E+09   0.380237E+09   0.217298E+07
 0180   0.674043E+05   0.294441E+14   0.311897E+09   0.378652E+09   0.215498E+07
 0181   0.682971E+05   0.297216E+14   0.310808E+09   0.377184E+09   0.213721E+07
 0182   0.691818E+05   0.299958E+14   0.309855E+09   0.375938E+09   0.211964E+07
 0183   0.700620E+05   0.302673E+14   0.308540E+09   0.374824E+09   0.210226E+07
 0184   0.709393E+05   0.305369E+14   0.307192E+09   0.373823E+09   0.208510E+07
 0185   0.718171E+05   0.308050E+14   0.305445E+09   0.372495E+09   0.206816E+07
 0186   0.726878E+05   0.310702E+14   0.304659E+09   0.371318E+09   0.205143E+07
 0187   0.735550E+05   0.313333E+14   0.303328E+09   0.369969E+09   0.203491E+07
 0188   0.744144E+05   0.315932E+14   0.302509E+09   0.368712E+09   0.201855E+07
 0189   0.752674E+05   0.318504E+14   0.301413E+09   0.367609E+09   0.200235E+07
 0190   0.761163E+05   0.321052E+14   0.300189E+09   0.366565E+09   0.198629E+07
 0191   0.769606E+05   0.323579E+14   0.299248E+09   0.365627E+09   0.197035E+07
 0192   0.778015E+05   0.326087E+14   0.298361E+09   0.364701E+09   0.195456E+07
 0193   0.786401E+05   0.328580E+14   0.297261E+09   0.363479E+09   0.193891E+07
 0194   0.794698E+05   0.331043E+14   0.296822E+09   0.362620E+09   0.192342E+07
 0195   0.802993E+05   0.333491E+14   0.295122E+09   0.361490E+09   0.190808E+07
 0196   0.811229E+05   0.335914E+14   0.294138E+09   0.360392E+09   0.189288E+07
 0197   0.819410E+05   0.338311E+14   0.293060E+09   0.359393E+09   0.187780E+07
 0198   0.827541E+05   0.340686E+14   0.292094E+09   0.358451E+09   0.186285E+07
 0199   0.835620E+05   0.343040E+14   0.291380E+09   0.357563E+09   0.184800E+07
 0200   0.843656E+05   0.345375E+14   0.290546E+09   0.356672E+09   0.183327E+07
 0201   0.851647E+05   0.347691E+14   0.289789E+09   0.355797E+09   0.181862E+07
 0202   0.859589E+05   0.349987E+14   0.289132E+09   0.354982E+09   0.180405E+07
 0203   0.867486E+05   0.352265E+14   0.288538E+09   0.354267E+09   0.178955E+07
 0204   0.875346E+05   0.354529E+14   0.287966E+09   0.353582E+09   0.177509E+07
 0205   0.883164E+05   0.356777E+14   0.287615E+09   0.353052E+09   0.176073E+07
 0206   0.891003E+05   0.359021E+14   0.286130E+09   0.351846E+09   0.174641E+07
 0207   0.898714E+05   0.361229E+14   0.286428E+09   0.351477E+09   0.173220E+07
 0208   0.906465E+05   0.363435E+14   0.284543E+09   0.350731E+09   0.171806E+07
 0209   0.914180E+05   0.365625E+14   0.283904E+09   0.349758E+09   0.170401E+07
 0210   0.921819E+05   0.367790E+14   0.283462E+09   0.349032E+09   0.169003E+07
 0211   0.929427E+05   0.369939E+14   0.282447E+09   0.348355E+09   0.167614E+07
 0212   0.937001E+05   0.372072E+14   0.281650E+09   0.347628E+09   0.166232E+07
 0213   0.944537E+05   0.374189E+14   0.280927E+09   0.346875E+09   0.164858E+07
 0214   0.952027E+05   0.376289E+14   0.280264E+09   0.346137E+09   0.163491E+07
 0215   0.959467E+05   0.378370E+14   0.279703E+09   0.345484E+09   0.162130E+07
 0216   0.966861E+05   0.380435E+14   0.279256E+09   0.344936E+09   0.160775E+07
 0217   0.974234E+05   0.382488E+14   0.278520E+09   0.344211E+09   0.159426E+07
 0218   0.981557E+05   0.384524E+14   0.278026E+09   0.343489E+09   0.158081E+07
 0219   0.988821E+05   0.386541E+14   0.277658E+09   0.343019E+09   0.156742E+07
 0220   0.996066E+05   0.388547E+14   0.276902E+09   0.342540E+09   0.155407E+07
 0221   0.100328E+06   0.390542E+14   0.276388E+09   0.341995E+09   0.154078E+07
 0222   0.101048E+06   0.392526E+14   0.275628E+09   0.341199E+09   0.152754E+07
 0223   0.101761E+06   0.394488E+14   0.275313E+09   0.340684E+09   0.151436E+07
 0224   0.102471E+06   0.396437E+14   0.274565E+09   0.340302E+09   0.150124E+07
 0225   0.103179E+06   0.398378E+14   0.273855E+09   0.339869E+09   0.148818E+07
 0226   0.103887E+06   0.400309E+14   0.273113E+09   0.339072E+09   0.147519E+07
 0227   0.104587E+06   0.402220E+14   0.272807E+09   0.338442E+09   0.146228E+07
 0228   0.105282E+06   0.404113E+14   0.272217E+09   0.338100E+09   0.144946E+07
 0229   0.105977E+06   0.405998E+14   0.271423E+09   0.337617E+09   0.143670E+07
 0230   0.106668E+06   0.407871E+14   0.271105E+09   0.337114E+09   0.142401E+07
 0231   0.107355E+06   0.409732E+14   0.270697E+09   0.336603E+09   0.141139E+07
 0232   0.108038E+06   0.411578E+14   0.270460E+09   0.336274E+09   0.139885E+07
 0233   0.108719E+06   0.413417E+14   0.269817E+09   0.335779E+09   0.138638E+07
 0234   0.109397E+06   0.415243E+14   0.269356E+09   0.335088E+09   0.137398E+07
 0235   0.110068E+06   0.417049E+14   0.269502E+09   0.334868E+09   0.136168E+07
 0236   0.110738E+06   0.418850E+14   0.268652E+09   0.334545E+09   0.134943E+07
 0237   0.111404E+06   0.420641E+14   0.268707E+09   0.334283E+09   0.133727E+07
 0238   0.112070E+06   0.422426E+14   0.268273E+09   0.333861E+09   0.132519E+07
 0239   0.112733E+06   0.424202E+14   0.267597E+09   0.333086E+09   0.131319E+07
 0240   0.113388E+06   0.425954E+14   0.267678E+09   0.332807E+09   0.130131E+07
 0241   0.114041E+06   0.427698E+14   0.266969E+09   0.332700E+09   0.128951E+07
 0242   0.114694E+06   0.429438E+14   0.266568E+09   0.332424E+09   0.127780E+07
 0243   0.115345E+06   0.431172E+14   0.266291E+09   0.331930E+09   0.126619E+07
 0244   0.115992E+06   0.432891E+14   0.265972E+09   0.331463E+09   0.125470E+07
 0245   0.116634E+06   0.434597E+14   0.265486E+09   0.331135E+09   0.124334E+07
 0246   0.117275E+06   0.436294E+14   0.264905E+09   0.330835E+09   0.123209E+07
 0247   0.117913E+06   0.437981E+14   0.264480E+09   0.330493E+09   0.122096E+07
 0248   0.118547E+06   0.439659E+14   0.264250E+09   0.330151E+09   0.120996E+07
 0249   0.119179E+06   0.441326E+14   0.263866E+09   0.329815E+09   0.119910E+07
 0250   0.119808E+06   0.442983E+14   0.263594E+09   0.329588E+09   0.118836E+07
 0251   0.120434E+06   0.444631E+14   0.263406E+09   0.329476E+09   0.117777E+07
 0252   0.121059E+06   0.446276E+14   0.263005E+09   0.329221E+09   0.116730E+07
 0253   0.121682E+06   0.447913E+14   0.262682E+09   0.328754E+09   0.115698E+07
 0254   0.122301E+06   0.449537E+14   0.262577E+09   0.328458E+09   0.114682E+07
 0255   0.122915E+06   0.451150E+14   0.262398E+09   0.328392E+09   0.113682E+07
 0256   0.123530E+06   0.452759E+14   0.261937E+09   0.328198E+09   0.112695E+07
 0257   0.124142E+06   0.454362E+14   0.261865E+09   0.327919E+09   0.111723E+07
 0258   0.124751E+06   0.455956E+14   0.261684E+09   0.327622E+09   0.110767E+07
 0259   0.125357E+06   0.457541E+14   0.261403E+09   0.327322E+09   0.109827E+07
 0260   0.125960E+06   0.459115E+14   0.261170E+09   0.327088E+09   0.108902E+07
 0261   0.126560E+06   0.460681E+14   0.260913E+09   0.326912E+09   0.107992E+07
 0262   0.127158E+06   0.462240E+14   0.260731E+09   0.326749E+09   0.107098E+07
 0263   0.127754E+06   0.463793E+14   0.260610E+09   0.326596E+09   0.106219E+07
 0264   0.128347E+06   0.465338E+14   0.260404E+09   0.326448E+09   0.105356E+07
 0265   0.128939E+06   0.466878E+14   0.260314E+09   0.326328E+09   0.104508E+07
 0266   0.129528E+06   0.468411E+14   0.260071E+09   0.326198E+09   0.103675E+07
 0267   0.130116E+06   0.469939E+14   0.259917E+09   0.326063E+09   0.102857E+07
 0268   0.130702E+06   0.471460E+14   0.259724E+09   0.325921E+09   0.102054E+07
 0269   0.131286E+06   0.472975E+14   0.259509E+09   0.325801E+09   0.101266E+07
 0270   0.131868E+06   0.474484E+14   0.259345E+09   0.325731E+09   0.100493E+07
 0271   0.132447E+06   0.475988E+14   0.259307E+09   0.325726E+09   0.997350E+06
 0272   0.133027E+06   0.477489E+14   0.258960E+09   0.325610E+09   0.989896E+06
 0273   0.133605E+06   0.478984E+14   0.258758E+09   0.325325E+09   0.982570E+06
 0274   0.134180E+06   0.480470E+14   0.258558E+09   0.325060E+09   0.975384E+06
 0275   0.134751E+06   0.481946E+14   0.258294E+09   0.324960E+09   0.968338E+06
 0276   0.135321E+06   0.483415E+14   0.257976E+09   0.324905E+09   0.961422E+06
 0277   0.135889E+06   0.484880E+14   0.257840E+09   0.324800E+09   0.954635E+06
 0278   0.136454E+06   0.486338E+14   0.257820E+09   0.324744E+09   0.947975E+06
 0279   0.137019E+06   0.487792E+14   0.257581E+09   0.324617E+09   0.941432E+06
 0280   0.137581E+06   0.489240E+14   0.257391E+09   0.324407E+09   0.935001E+06
 0281   0.138141E+06   0.490680E+14   0.257166E+09   0.324152E+09   0.928690E+06
 0282   0.138697E+06   0.492109E+14   0.257055E+09   0.324071E+09   0.922507E+06
 0283   0.139251E+06   0.493532E+14   0.256857E+09   0.324085E+09   0.916449E+06
 0284   0.139804E+06   0.494951E+14   0.256882E+09   0.324185E+09   0.910514E+06
 0285   0.140355E+06   0.496369E+14   0.256976E+09   0.324260E+09   0.904688E+06
 0286   0.140907E+06   0.497785E+14   0.256749E+09   0.324068E+09   0.898956E+06
 0287   0.141456E+06   0.499194E+14   0.256644E+09   0.323720E+09   0.893326E+06
 0288   0.142000E+06   0.500591E+14   0.256532E+09   0.323514E+09   0.887813E+06
 0289   0.142541E+06   0.501978E+14   0.256352E+09   0.323542E+09   0.882416E+06
 0290   0.143081E+06   0.503361E+14   0.256204E+09   0.323636E+09   0.877124E+06
 0291   0.143620E+06   0.504742E+14   0.256249E+09   0.323623E+09   0.871930E+06
 0292   0.144158E+06   0.506119E+14   0.256158E+09   0.323467E+09   0.866831E+06
 0293   0.144692E+06   0.507489E+14   0.256204E+09   0.323311E+09   0.861829E+06
 0294   0.145225E+06   0.508851E+14   0.255923E+09   0.323142E+09   0.856923E+06
 0295   0.145754E+06   0.510205E+14   0.255840E+09   0.323080E+09   0.852111E+06
 0296   0.146281E+06   0.511553E+14   0.255684E+09   0.322991E+09   0.847387E+06
 0297   0.146807E+06   0.512896E+14   0.255397E+09   0.322778E+09   0.842747E+06
 0298   0.147329E+06   0.514229E+14   0.255426E+09   0.322624E+09   0.838195E+06
 0299   0.147848E+06   0.515554E+14   0.255214E+09   0.322525E+09   0.833731E+06
 0300   0.148365E+06   0.516873E+14   0.255048E+09   0.322474E+09   0.829350E+06
 0301   0.148880E+06   0.518185E+14   0.254937E+09   0.322360E+09   0.825048E+06
 0302   0.149392E+06   0.519491E+14   0.254770E+09   0.322189E+09   0.820826E+06
 0303   0.149902E+06   0.520789E+14   0.254678E+09   0.322091E+09   0.816686E+06
 0304   0.150409E+06   0.522080E+14   0.254619E+09   0.322092E+09   0.812624E+06
 0305   0.150915E+06   0.523366E+14   0.254279E+09   0.321956E+09   0.808635E+06
 0306   0.151418E+06   0.524645E+14   0.254307E+09   0.321826E+09   0.804717E+06
 0307   0.151919E+06   0.525917E+14   0.253957E+09   0.321592E+09   0.800870E+06
 0308   0.152416E+06   0.527179E+14   0.253904E+09   0.321471E+09   0.797094E+06
 0309   0.152911E+06   0.528434E+14   0.253619E+09   0.321386E+09   0.793389E+06
 0310   0.153403E+06   0.529683E+14   0.253495E+09   0.321334E+09   0.789754E+06
 0311   0.153893E+06   0.530925E+14   0.253461E+09   0.321289E+09   0.786190E+06
 0312   0.154381E+06   0.532162E+14   0.253347E+09   0.321262E+09   0.782698E+06
 0313   0.154867E+06   0.533393E+14   0.253395E+09   0.321270E+09   0.779280E+06
 0314   0.155351E+06   0.534619E+14   0.253297E+09   0.321334E+09   0.775937E+06
 0315   0.155834E+06   0.535842E+14   0.253371E+09   0.321448E+09   0.772664E+06
 0316   0.156316E+06   0.537062E+14   0.253118E+09   0.321334E+09   0.769455E+06
 0317   0.156796E+06   0.538276E+14   0.253157E+09   0.321150E+09   0.766305E+06
 0318   0.157273E+06   0.539482E+14   0.252758E+09   0.320801E+09   0.763218E+06
 0319   0.157745E+06   0.540676E+14   0.252720E+09   0.320708E+09   0.760194E+06
 0320   0.158215E+06   0.541863E+14   0.252434E+09   0.320706E+09   0.757236E+06
 0321   0.158683E+06   0.543044E+14   0.252338E+09   0.320795E+09   0.754340E+06
 0322   0.159150E+06   0.544222E+14   0.252226E+09   0.320777E+09   0.751501E+06
 0323   0.159616E+06   0.545395E+14   0.252254E+09   0.320677E+09   0.748718E+06
 0324   0.160078E+06   0.546561E+14   0.252377E+09   0.320597E+09   0.745986E+06
 0325   0.160538E+06   0.547721E+14   0.251983E+09   0.320467E+09   0.743305E+06
 0326   0.160995E+06   0.548874E+14   0.251997E+09   0.320368E+09   0.740672E+06
 0327   0.161450E+06   0.550019E+14   0.251788E+09   0.320267E+09   0.738085E+06
 0328   0.161903E+06   0.551158E+14   0.251589E+09   0.320154E+09   0.735541E+06
 0329   0.162353E+06   0.552290E+14   0.251403E+09   0.320011E+09   0.733038E+06
 0330   0.162800E+06   0.553414E+14   0.251379E+09   0.319875E+09   0.730572E+06
 0331   0.163245E+06   0.554531E+14   0.251080E+09   0.319697E+09   0.728141E+06
 0332   0.163687E+06   0.555640E+14   0.250970E+09   0.319535E+09   0.725743E+06
 0333   0.164126E+06   0.556741E+14   0.250730E+09   0.319358E+09   0.723375E+06
 0334   0.164562E+06   0.557834E+14   0.250713E+09   0.319231E+09   0.721036E+06
 0335   0.164995E+06   0.558919E+14   0.250419E+09   0.319114E+09   0.718724E+06
 0336   0.165426E+06   0.559997E+14   0.250330E+09   0.318998E+09   0.716438E+06
 0337   0.165854E+06   0.561068E+14   0.250245E+09   0.318945E+09   0.714178E+06
 0338   0.166279E+06   0.562132E+14   0.250335E+09   0.318968E+09   0.711943E+06
 0339   0.166703E+06   0.563192E+14   0.250216E+09   0.319003E+09   0.709731E+06
 0340   0.167125E+06   0.564248E+14   0.250081E+09   0.318920E+09   0.707536E+06
 0341   0.167545E+06   0.565298E+14   0.250058E+09   0.318661E+09   0.705353E+06
 0342   0.167961E+06   0.566339E+14   0.249757E+09   0.318363E+09   0.703180E+06
 0343   0.168375E+06   0.567370E+14   0.249436E+09   0.318041E+09   0.701016E+06
 0344   0.168784E+06   0.568390E+14   0.249152E+09   0.317850E+09   0.698862E+06
 0345   0.169191E+06   0.569402E+14   0.249078E+09   0.317838E+09   0.696721E+06
 0346   0.169594E+06   0.570408E+14   0.249092E+09   0.317994E+09   0.694593E+06
 0347   0.169997E+06   0.571411E+14   0.249061E+09   0.318078E+09   0.692477E+06
 0348   0.170399E+06   0.572412E+14   0.248945E+09   0.317945E+09   0.690369E+06
 0349   0.170798E+06   0.573405E+14   0.249127E+09   0.317761E+09   0.688267E+06
 0350   0.171194E+06   0.574392E+14   0.248738E+09   0.317518E+09   0.686169E+06
 0351   0.171588E+06   0.575369E+14   0.248636E+09   0.317304E+09   0.684077E+06
 0352   0.171978E+06   0.576338E+14   0.248246E+09   0.317142E+09   0.681991E+06
 0353   0.172365E+06   0.577299E+14   0.248181E+09   0.317102E+09   0.679913E+06
 0354   0.172750E+06   0.578254E+14   0.248016E+09   0.317080E+09   0.677841E+06
 0355   0.173133E+06   0.579204E+14   0.247965E+09   0.317031E+09   0.675776E+06
 0356   0.173515E+06   0.580149E+14   0.247872E+09   0.316941E+09   0.673714E+06
 0357   0.173893E+06   0.581088E+14   0.247816E+09   0.316830E+09   0.671657E+06
 0358   0.174270E+06   0.582020E+14   0.247697E+09   0.316703E+09   0.669603E+06
 0359   0.174643E+06   0.582945E+14   0.247641E+09   0.316578E+09   0.667553E+06
 0360   0.175015E+06   0.583864E+14   0.247274E+09   0.316431E+09   0.665503E+06
 0361   0.175384E+06   0.584776E+14   0.247203E+09   0.316310E+09   0.663455E+06
 0362   0.175750E+06   0.585681E+14   0.247183E+09   0.316223E+09   0.661412E+06
 0363   0.176114E+06   0.586581E+14   0.246904E+09   0.316137E+09   0.659369E+06
 0364   0.176476E+06   0.587474E+14   0.246870E+09   0.316077E+09   0.657329E+06
 0365   0.176836E+06   0.588361E+14   0.246725E+09   0.316003E+09   0.655288E+06
 0366   0.177193E+06   0.589243E+14   0.246575E+09   0.315861E+09   0.653244E+06
 0367   0.177549E+06   0.590118E+14   0.246401E+09   0.315669E+09   0.651201E+06
 0368   0.177901E+06   0.590987E+14   0.246259E+09   0.315488E+09   0.649162E+06
 0369   0.178251E+06   0.591847E+14   0.246082E+09   0.315314E+09   0.647129E+06
 0370   0.178598E+06   0.592701E+14   0.245773E+09   0.315143E+09   0.645100E+06
 0371   0.178943E+06   0.593548E+14   0.245808E+09   0.315058E+09   0.643080E+06
 0372   0.179285E+06   0.594388E+14   0.245567E+09   0.315039E+09   0.641061E+06
 0373   0.179625E+06   0.595224E+14   0.245556E+09   0.315052E+09   0.639042E+06
 0374   0.179964E+06   0.596055E+14   0.245520E+09   0.315047E+09   0.637020E+06
 0375   0.180301E+06   0.596882E+14   0.245614E+09   0.315032E+09   0.634996E+06
 0376   0.180635E+06   0.597704E+14   0.245505E+09   0.314977E+09   0.632968E+06
 0377   0.180969E+06   0.598521E+14   0.245284E+09   0.314847E+09   0.630931E+06
 0378   0.181299E+06   0.599332E+14   0.245236E+09   0.314630E+09   0.628888E+06
 0379   0.181628E+06   0.600136E+14   0.244883E+09   0.314374E+09   0.626836E+06
 0380   0.181953E+06   0.600932E+14   0.244766E+09   0.314172E+09   0.624780E+06
 0381   0.182276E+06   0.601721E+14   0.244401E+09   0.313991E+09   0.622715E+06
 0382   0.182596E+06   0.602504E+14   0.244142E+09   0.313852E+09   0.620642E+06
 0383   0.182914E+06   0.603280E+14   0.244032E+09   0.313758E+09   0.618562E+06
 0384   0.183230E+06   0.604050E+14   0.244231E+09   0.313784E+09   0.616475E+06
 0385   0.183544E+06   0.604816E+14   0.244038E+09   0.313794E+09   0.614372E+06
 0386   0.183856E+06   0.605578E+14   0.244033E+09   0.313764E+09   0.612253E+06
 0387   0.184166E+06   0.606336E+14   0.243954E+09   0.313678E+09   0.610118E+06
 0388   0.184475E+06   0.607089E+14   0.243911E+09   0.313546E+09   0.607968E+06
 0389   0.184781E+06   0.607835E+14   0.243720E+09   0.313383E+09   0.605802E+06
 0390   0.185085E+06   0.608576E+14   0.243613E+09   0.313206E+09   0.603623E+06
 0391   0.185387E+06   0.609311E+14   0.243431E+09   0.313055E+09   0.601429E+06
 0392   0.185686E+06   0.610039E+14   0.243338E+09   0.312965E+09   0.599222E+06
 0393   0.185984E+06   0.610762E+14   0.243025E+09   0.312908E+09   0.596998E+06
 0394   0.186279E+06   0.611480E+14   0.243265E+09   0.312917E+09   0.594760E+06
 0395   0.186573E+06   0.612195E+14   0.242865E+09   0.312849E+09   0.592494E+06
 0396   0.186865E+06   0.612904E+14   0.242962E+09   0.312732E+09   0.590208E+06
 0397   0.187155E+06   0.613609E+14   0.242885E+09   0.312587E+09   0.587901E+06
 0398   0.187443E+06   0.614307E+14   0.242891E+09   0.312447E+09   0.585578E+06
 0399   0.187729E+06   0.615001E+14   0.242480E+09   0.312271E+09   0.583234E+06
 0400   0.188013E+06   0.615688E+14   0.242414E+09   0.312118E+09   0.580877E+06
 0401   0.188294E+06   0.616370E+14   0.242195E+09   0.311977E+09   0.578506E+06
 0402   0.188573E+06   0.617046E+14   0.242240E+09   0.311884E+09   0.576124E+06
 0403   0.188850E+06   0.617717E+14   0.241974E+09   0.311828E+09   0.573727E+06
 0404   0.189126E+06   0.618383E+14   0.242093E+09   0.311824E+09   0.571318E+06
 0405   0.189400E+06   0.619046E+14   0.241925E+09   0.311791E+09   0.568891E+06
 0406   0.189672E+06   0.619705E+14   0.241945E+09   0.311714E+09   0.566453E+06
 0407   0.189942E+06   0.620359E+14   0.241848E+09   0.311587E+09   0.564001E+06
 0408   0.190211E+06   0.621008E+14   0.241812E+09   0.311445E+09   0.561541E+06
 0409   0.190477E+06   0.621652E+14   0.241713E+09   0.311317E+09   0.559075E+06
 0410   0.190742E+06   0.622291E+14   0.241644E+09   0.311219E+09   0.556604E+06
 0411   0.191004E+06   0.622925E+14   0.241425E+09   0.311155E+09   0.554130E+06
 0412   0.191265E+06   0.623554E+14   0.241368E+09   0.311156E+09   0.551656E+06
 0413   0.191524E+06   0.624180E+14   0.241503E+09   0.311219E+09   0.549180E+06
 0414   0.191782E+06   0.624803E+14   0.241600E+09   0.311274E+09   0.546699E+06
 0415   0.192039E+06   0.625423E+14   0.241483E+09   0.311249E+09   0.544212E+06
 0416   0.192294E+06   0.626040E+14   0.241633E+09   0.311194E+09   0.541718E+06
 0417   0.192548E+06   0.626652E+14   0.241412E+09   0.311084E+09   0.539215E+06
 0418   0.192799E+06   0.627260E+14   0.241541E+09   0.310985E+09   0.536704E+06
 0419   0.193050E+06   0.627863E+14   0.241180E+09   0.310847E+09   0.534186E+06
 0420   0.193298E+06   0.628462E+14   0.241210E+09   0.310751E+09   0.531660E+06
 0421   0.193544E+06   0.629056E+14   0.241092E+09   0.310657E+09   0.529124E+06
 0422   0.193789E+06   0.629646E+14   0.241002E+09   0.310601E+09   0.526581E+06
 0423   0.194032E+06   0.630232E+14   0.241041E+09   0.310619E+09   0.524032E+06
 0424   0.194273E+06   0.630814E+14   0.241279E+09   0.310730E+09   0.521477E+06
 0425   0.194514E+06   0.631395E+14   0.241061E+09   0.310812E+09   0.518914E+06
 0426   0.194753E+06   0.631972E+14   0.241353E+09   0.310855E+09   0.516341E+06
 0427   0.194992E+06   0.632547E+14   0.241257E+09   0.310828E+09   0.513755E+06
 0428   0.195229E+06   0.633118E+14   0.241247E+09   0.310756E+09   0.511157E+06
 0429   0.195464E+06   0.633686E+14   0.241343E+09   0.310678E+09   0.508553E+06
 0430   0.195698E+06   0.634250E+14   0.241123E+09   0.310596E+09   0.505945E+06
 0431   0.195930E+06   0.634809E+14   0.241164E+09   0.310565E+09   0.503339E+06
 0432   0.196160E+06   0.635366E+14   0.241092E+09   0.310556E+09   0.500736E+06
 0433   0.196389E+06   0.635918E+14   0.241342E+09   0.310629E+09   0.498144E+06
 0434   0.196617E+06   0.636468E+14   0.241305E+09   0.310755E+09   0.495554E+06
 0435   0.196844E+06   0.637016E+14   0.241462E+09   0.310910E+09   0.492966E+06
 0436   0.197070E+06   0.637563E+14   0.241478E+09   0.310977E+09   0.490370E+06
 0437   0.197296E+06   0.638107E+14   0.241553E+09   0.310967E+09   0.487767E+06
 0438   0.197519E+06   0.638647E+14   0.241652E+09   0.310945E+09   0.485162E+06
 0439   0.197742E+06   0.639185E+14   0.241692E+09   0.310911E+09   0.482553E+06
 0440   0.197963E+06   0.639720E+14   0.241438E+09   0.310835E+09   0.479936E+06
 0441   0.198183E+06   0.640251E+14   0.241317E+09   0.310740E+09   0.477317E+06
 0442   0.198401E+06   0.640778E+14   0.241701E+09   0.310738E+09   0.474716E+06
 0443   0.198619E+06   0.641302E+14   0.241212E+09   0.310705E+09   0.472105E+06
 0444   0.198834E+06   0.641823E+14   0.241522E+09   0.310713E+09   0.469507E+06
 0445   0.199049E+06   0.642341E+14   0.241396E+09   0.310744E+09   0.466908E+06
 0446   0.199262E+06   0.642855E+14   0.241891E+09   0.310901E+09   0.464331E+06
 0447   0.199474E+06   0.643368E+14   0.241870E+09   0.311084E+09   0.461752E+06
 0448   0.199685E+06   0.643880E+14   0.241994E+09   0.311245E+09   0.459178E+06
 0449   0.199896E+06   0.644391E+14   0.242110E+09   0.311357E+09   0.456610E+06
 0450   0.200106E+06   0.644899E+14   0.242136E+09   0.311396E+09   0.454053E+06
 0451   0.200315E+06   0.645406E+14   0.242200E+09   0.311367E+09   0.451514E+06
 0452   0.200523E+06   0.645909E+14   0.242356E+09   0.311306E+09   0.448990E+06
 0453   0.200730E+06   0.646409E+14   0.242094E+09   0.311209E+09   0.446473E+06
 0454   0.200935E+06   0.646906E+14   0.242296E+09   0.311148E+09   0.443967E+06
 0455   0.201138E+06   0.647399E+14   0.241988E+09   0.311045E+09   0.441467E+06
 0456   0.201341E+06   0.647890E+14   0.241608E+09   0.310906E+09   0.438979E+06
 0457   0.201542E+06   0.648376E+14   0.242054E+09   0.310868E+09   0.436504E+06
 0458   0.201742E+06   0.648859E+14   0.241777E+09   0.310808E+09   0.434039E+06
 0459   0.201941E+06   0.649339E+14   0.241545E+09   0.310749E+09   0.431581E+06
 0460   0.202138E+06   0.649815E+14   0.241951E+09   0.310797E+09   0.429128E+06
 0461   0.202333E+06   0.650289E+14   0.242285E+09   0.310979E+09   0.426676E+06
 0462   0.202528E+06   0.650762E+14   0.242703E+09   0.311309E+09   0.424221E+06
 0463   0.202723E+06   0.651234E+14   0.242638E+09   0.311576E+09   0.421755E+06
 0464   0.202917E+06   0.651706E+14   0.242563E+09   0.311666E+09   0.419268E+06
 0465   0.203110E+06   0.652176E+14   0.243203E+09   0.311750E+09   0.416750E+06
 0466   0.203303E+06   0.652644E+14   0.242862E+09   0.311740E+09   0.414191E+06
 0467   0.203495E+06   0.653110E+14   0.243206E+09   0.311684E+09   0.411594E+06
 0468   0.203685E+06   0.653573E+14   0.243048E+09   0.311624E+09   0.408961E+06
 0469   0.203875E+06   0.654034E+14   0.242570E+09   0.311477E+09   0.406290E+06
 0470   0.204063E+06   0.654490E+14   0.242837E+09   0.311353E+09   0.403587E+06
 0471   0.204250E+06   0.654944E+14   0.242476E+09   0.311173E+09   0.400833E+06
 0472   0.204436E+06   0.655394E+14   0.241995E+09   0.310895E+09   0.398018E+06
 0473   0.204620E+06   0.655839E+14   0.242514E+09   0.310731E+09   0.395169E+06
 0474   0.204802E+06   0.656281E+14   0.241971E+09   0.310571E+09   0.392269E+06
 0475   0.204983E+06   0.656719E+14   0.242168E+09   0.310487E+09   0.389340E+06
 0476   0.205163E+06   0.657154E+14   0.241888E+09   0.310435E+09   0.386369E+06
 0477   0.205341E+06   0.657586E+14   0.242097E+09   0.310432E+09   0.383366E+06
 0478   0.205519E+06   0.658015E+14   0.242086E+09   0.310445E+09   0.380316E+06
 0479   0.205696E+06   0.658442E+14   0.241877E+09   0.310395E+09   0.377189E+06
 0480   0.205871E+06   0.658867E+14   0.242186E+09   0.310358E+09   0.373980E+06
 0481   0.206045E+06   0.659289E+14   0.242485E+09   0.310406E+09   0.370720E+06
 0482   0.206218E+06   0.659709E+14   0.242334E+09   0.310460E+09   0.367425E+06
 0483   0.206391E+06   0.660127E+14   0.242280E+09   0.310450E+09   0.364133E+06
 0484   0.206562E+06   0.660542E+14   0.242386E+09   0.310376E+09   0.360855E+06
 0485   0.206733E+06   0.660956E+14   0.241982E+09   0.310201E+09   0.357572E+06
 0486   0.206902E+06   0.661366E+14   0.242355E+09   0.310062E+09   0.354272E+06
 0487   0.207070E+06   0.661772E+14   0.242063E+09   0.309904E+09   0.350943E+06
 0488   0.207236E+06   0.662176E+14   0.242438E+09   0.309821E+09   0.347583E+06
 0489   0.207402E+06   0.662576E+14   0.241891E+09   0.309737E+09   0.344175E+06
 0490   0.207567E+06   0.662974E+14   0.241802E+09   0.309574E+09   0.340691E+06
 0491   0.207731E+06   0.663370E+14   0.241157E+09   0.309294E+09   0.337118E+06
 0492   0.207892E+06   0.663760E+14   0.242035E+09   0.309168E+09   0.333486E+06
 0493   0.208053E+06   0.664149E+14   0.241364E+09   0.308971E+09   0.329792E+06
 0494   0.208212E+06   0.664533E+14   0.241347E+09   0.308754E+09   0.326050E+06
 0495   0.208371E+06   0.664915E+14   0.240876E+09   0.308470E+09   0.322261E+06
 0496   0.208528E+06   0.665293E+14   0.240679E+09   0.308208E+09   0.318433E+06
 0497   0.208682E+06   0.665666E+14   0.241595E+09   0.308173E+09   0.314592E+06
 0498   0.208836E+06   0.666037E+14   0.241151E+09   0.308139E+09   0.310695E+06
 0499   0.208989E+06   0.666406E+14   0.241203E+09   0.308193E+09   0.306746E+06
 0500   0.209141E+06   0.666773E+14   0.240779E+09   0.308120E+09   0.302715E+06
 0501   0.209293E+06   0.667138E+14   0.241273E+09   0.308131E+09   0.298651E+06
 0502   0.209442E+06   0.667500E+14   0.241884E+09   0.308278E+09   0.294560E+06
 0503   0.209592E+06   0.667861E+14   0.241343E+09   0.308322E+09   0.290387E+06
 0504   0.209741E+06   0.668221E+14   0.241766E+09   0.308343E+09   0.286201E+06
 0505   0.209889E+06   0.668579E+14   0.241331E+09   0.308242E+09   0.281986E+06
 0506   0.210036E+06   0.668935E+14   0.241427E+09   0.308115E+09   0.277699E+06
 0507   0.210182E+06   0.669287E+14   0.241760E+09   0.308001E+09   0.273512E+06
 0508   0.210328E+06   0.669638E+14   0.241319E+09   0.307809E+09   0.269488E+06
 0509   0.210472E+06   0.669986E+14   0.241088E+09   0.307604E+09   0.265557E+06
 0510   0.210614E+06   0.670330E+14   0.241622E+09   0.307490E+09   0.261679E+06
 0511   0.210756E+06   0.670672E+14   0.241523E+09   0.307427E+09   0.257842E+06
 0512   0.210897E+06   0.671011E+14   0.241160E+09   0.307346E+09   0.254036E+06
 0513   0.211037E+06   0.671348E+14   0.240858E+09   0.307244E+09   0.250244E+06
 0514   0.211175E+06   0.671683E+14   0.241330E+09   0.307189E+09   0.246463E+06
 0515   0.211313E+06   0.672016E+14   0.241065E+09   0.307133E+09   0.242688E+06
 0516   0.211450E+06   0.672346E+14   0.241684E+09   0.307199E+09   0.238921E+06
 0517   0.211586E+06   0.672674E+14   0.241717E+09   0.307294E+09   0.235158E+06
 0518   0.211721E+06   0.673001E+14   0.241900E+09   0.307431E+09   0.231399E+06
 0519   0.211856E+06   0.673327E+14   0.241786E+09   0.307519E+09   0.227627E+06
 0520   0.211990E+06   0.673652E+14   0.242003E+09   0.307569E+09   0.223830E+06
 0521   0.212123E+06   0.673975E+14   0.242569E+09   0.307693E+09   0.219987E+06
 0522   0.212256E+06   0.674297E+14   0.242007E+09   0.307753E+09   0.216017E+06
 0523   0.212388E+06   0.674618E+14   0.242625E+09   0.307805E+09   0.211986E+06
 0524   0.212520E+06   0.674937E+14   0.242340E+09   0.307816E+09   0.207945E+06
 0525   0.212651E+06   0.675255E+14   0.242378E+09   0.307752E+09   0.203959E+06
 0526   0.212781E+06   0.675570E+14   0.242674E+09   0.307715E+09   0.200058E+06
 0527   0.212911E+06   0.675884E+14   0.242555E+09   0.307663E+09   0.196141E+06
 0528   0.213039E+06   0.676196E+14   0.242408E+09   0.307598E+09   0.192492E+06
 0529   0.213166E+06   0.676505E+14   0.243127E+09   0.307631E+09   0.188985E+06
 0530   0.213293E+06   0.676813E+14   0.242690E+09   0.307624E+09   0.185539E+06
 0531   0.213420E+06   0.677120E+14   0.242222E+09   0.307551E+09   0.182148E+06
 0532   0.213545E+06   0.677424E+14   0.242564E+09   0.307457E+09   0.178785E+06
 0533   0.213671E+06   0.677727E+14   0.241898E+09   0.307275E+09   0.175440E+06
 0534   0.213794E+06   0.678027E+14   0.242824E+09   0.307185E+09   0.172115E+06
 0535   0.213917E+06   0.678325E+14   0.242551E+09   0.307127E+09   0.168812E+06
 0536   0.214039E+06   0.678620E+14   0.242815E+09   0.307104E+09   0.165537E+06
 0537   0.214160E+06   0.678915E+14   0.241832E+09   0.306972E+09   0.162261E+06
 0538   0.214281E+06   0.679207E+14   0.242514E+09   0.306886E+09   0.158970E+06
 0539   0.214400E+06   0.679496E+14   0.242298E+09   0.306778E+09   0.155612E+06
 0540   0.214519E+06   0.679784E+14   0.242536E+09   0.306749E+09   0.152122E+06
 0541   0.214636E+06   0.680069E+14   0.243427E+09   0.306882E+09   0.148628E+06
 0542   0.214753E+06   0.680354E+14   0.243220E+09   0.307028E+09   0.145223E+06
 0543   0.214870E+06   0.680637E+14   0.242689E+09   0.307104E+09   0.141914E+06
 0544   0.214986E+06   0.680919E+14   0.243503E+09   0.307229E+09   0.138651E+06
 0545   0.215102E+06   0.681201E+14   0.242957E+09   0.307284E+09   0.135639E+06
 0546   0.215216E+06   0.681480E+14   0.244217E+09   0.307480E+09   0.132796E+06
 0547   0.215329E+06   0.681758E+14   0.245254E+09   0.307820E+09   0.130028E+06
 0548   0.215444E+06   0.682037E+14   0.244169E+09   0.308058E+09   0.127322E+06
 0549   0.215558E+06   0.682316E+14   0.243526E+09   0.308136E+09   0.124657E+06
 0550   0.215672E+06   0.682593E+14   0.244054E+09   0.308153E+09   0.122018E+06
 0551   0.215784E+06   0.682869E+14   0.244803E+09   0.308213E+09   0.119407E+06
 0552   0.215896E+06   0.683144E+14   0.245081E+09   0.308291E+09   0.116834E+06
 0553   0.216008E+06   0.683417E+14   0.244932E+09   0.308357E+09   0.114294E+06
 0554   0.216119E+06   0.683689E+14   0.245725E+09   0.308488E+09   0.111754E+06
 0555   0.216230E+06   0.683961E+14   0.244619E+09   0.308470E+09   0.109071E+06
 0556   0.216341E+06   0.684231E+14   0.243823E+09   0.308276E+09   0.105935E+06
 0557   0.216451E+06   0.684500E+14   0.244123E+09   0.308035E+09   0.102829E+06
 0558   0.216559E+06   0.684765E+14   0.245185E+09   0.307892E+09   0.100011E+06
 0559   0.216666E+06   0.685028E+14   0.244867E+09   0.307762E+09   0.975440E+05
 0560   0.216773E+06   0.685290E+14   0.244610E+09   0.307645E+09   0.952683E+05
 0561   0.216880E+06   0.685549E+14   0.243892E+09   0.307457E+09   0.930781E+05
 0562   0.216985E+06   0.685807E+14   0.244094E+09   0.307284E+09   0.909315E+05
 0563   0.217090E+06   0.686062E+14   0.243830E+09   0.307093E+09   0.888183E+05
 0564   0.217193E+06   0.686314E+14   0.245579E+09   0.307134E+09   0.867386E+05
 0565   0.217295E+06   0.686565E+14   0.245123E+09   0.307242E+09   0.847047E+05
 0566   0.217397E+06   0.686815E+14   0.245486E+09   0.307439E+09   0.827172E+05
 0567   0.217498E+06   0.687064E+14   0.245029E+09   0.307610E+09   0.807663E+05
 0568   0.217599E+06   0.687312E+14   0.245122E+09   0.307759E+09   0.787808E+05
 0569   0.217700E+06   0.687559E+14   0.245187E+09   0.307888E+09   0.765963E+05
 0570   0.217801E+06   0.687806E+14   0.245797E+09   0.308034E+09   0.740701E+05
 0571   0.217900E+06   0.688051E+14   0.246387E+09   0.308222E+09   0.716979E+05
 0572   0.217999E+06   0.688296E+14   0.246494E+09   0.308422E+09   0.694750E+05
 0573   0.218099E+06   0.688540E+14   0.245610E+09   0.308503E+09   0.675805E+05
 0574   0.218198E+06   0.688784E+14   0.245627E+09   0.308513E+09   0.658424E+05
 0575   0.218297E+06   0.689026E+14   0.245463E+09   0.308455E+09   0.641751E+05
 0576   0.218394E+06   0.689267E+14   0.246751E+09   0.308459E+09   0.625334E+05
 0577   0.218491E+06   0.689506E+14   0.246997E+09   0.308526E+09   0.609308E+05
 0578   0.218587E+06   0.689744E+14   0.247367E+09   0.308639E+09   0.593883E+05
 0579   0.218683E+06   0.689981E+14   0.246697E+09   0.308675E+09   0.579161E+05
 0580   0.218780E+06   0.690217E+14   0.245948E+09   0.308597E+09   0.564118E+05
 0581   0.218875E+06   0.690452E+14   0.246127E+09   0.308493E+09   0.544268E+05
 0582   0.218970E+06   0.690685E+14   0.246199E+09   0.308383E+09   0.521599E+05
 0583   0.219063E+06   0.690916E+14   0.246775E+09   0.308297E+09   0.502884E+05
 0584   0.219156E+06   0.691145E+14   0.247932E+09   0.308346E+09   0.488142E+05
 0585   0.219248E+06   0.691373E+14   0.246451E+09   0.308292E+09   0.474528E+05
 0586   0.219341E+06   0.691600E+14   0.245475E+09   0.308128E+09   0.461478E+05
 0587   0.219432E+06   0.691826E+14   0.246035E+09   0.307979E+09   0.448709E+05
 0588   0.219523E+06   0.692049E+14   0.246029E+09   0.307833E+09   0.436470E+05
 0589   0.219612E+06   0.692270E+14   0.248361E+09   0.307904E+09   0.424728E+05
 0590   0.219700E+06   0.692489E+14   0.248634E+09   0.308097E+09   0.413453E+05
 0591   0.219788E+06   0.692707E+14   0.248589E+09   0.308342E+09   0.402091E+05
 0592   0.219876E+06   0.692925E+14   0.246975E+09   0.308460E+09   0.386889E+05
 0593   0.219964E+06   0.693143E+14   0.247062E+09   0.308575E+09   0.367537E+05
 0594   0.220053E+06   0.693361E+14   0.245969E+09   0.308535E+09   0.352018E+05
 0595   0.220140E+06   0.693576E+14   0.247586E+09   0.308563E+09   0.340843E+05
 0596   0.220226E+06   0.693790E+14   0.249255E+09   0.308734E+09   0.330589E+05
 0597   0.220312E+06   0.694003E+14   0.248053E+09   0.308829E+09   0.320722E+05
 0598   0.220397E+06   0.694215E+14   0.248634E+09   0.308955E+09   0.311234E+05
 0599   0.220483E+06   0.694428E+14   0.246188E+09   0.308839E+09   0.302742E+05
 0600   0.220569E+06   0.694639E+14   0.246456E+09   0.308654E+09   0.294815E+05
 0601   0.220654E+06   0.694849E+14   0.245937E+09   0.308356E+09   0.282612E+05
 0602   0.220738E+06   0.695056E+14   0.246981E+09   0.308121E+09   0.265381E+05
 0603   0.220821E+06   0.695261E+14   0.247436E+09   0.307935E+09   0.253085E+05
 0604   0.220903E+06   0.695464E+14   0.248611E+09   0.307874E+09   0.244218E+05
 0605   0.220983E+06   0.695665E+14   0.249378E+09   0.307918E+09   0.236101E+05
 0606   0.221064E+06   0.695864E+14   0.248394E+09   0.307968E+09   0.228360E+05
 0607   0.221144E+06   0.696063E+14   0.248200E+09   0.308024E+09   0.221023E+05
 0608   0.221222E+06   0.696260E+14   0.250691E+09   0.308289E+09   0.214138E+05
 0609   0.221301E+06   0.696456E+14   0.249529E+09   0.308520E+09   0.208100E+05
 0610   0.221380E+06   0.696653E+14   0.248471E+09   0.308697E+09   0.202453E+05
 0611   0.221458E+06   0.696848E+14   0.250064E+09   0.308965E+09   0.192243E+05
 0612   0.221536E+06   0.697043E+14   0.249075E+09   0.309161E+09   0.177607E+05
 0613   0.221615E+06   0.697238E+14   0.248710E+09   0.309273E+09   0.168444E+05
 0614   0.221693E+06   0.697432E+14   0.248881E+09   0.309354E+09   0.162292E+05
 0615   0.221770E+06   0.697626E+14   0.248941E+09   0.309383E+09   0.156694E+05
 0616   0.221848E+06   0.697819E+14   0.247535E+09   0.309274E+09   0.151910E+05
 0617   0.221926E+06   0.698011E+14   0.247232E+09   0.309056E+09   0.148395E+05
 0618   0.222004E+06   0.698202E+14   0.246058E+09   0.308688E+09   0.141575E+05
 0619   0.222080E+06   0.698391E+14   0.247241E+09   0.308353E+09   0.127303E+05
 0620   0.222155E+06   0.698577E+14   0.248377E+09   0.308079E+09   0.120360E+05
 0621   0.222229E+06   0.698760E+14   0.248854E+09   0.307860E+09   0.115492E+05
 0622   0.222302E+06   0.698942E+14   0.249430E+09   0.307726E+09   0.110985E+05
 0623   0.222374E+06   0.699122E+14   0.249491E+09   0.307638E+09   0.106939E+05
 0624   0.222445E+06   0.699301E+14   0.248954E+09   0.307581E+09   0.103764E+05
 0625   0.222516E+06   0.699477E+14   0.249997E+09   0.307612E+09   0.101090E+05
 0626   0.222587E+06   0.699654E+14   0.249009E+09   0.307621E+09   0.965141E+04
 0627   0.222656E+06   0.699828E+14   0.251005E+09   0.307796E+09   0.856407E+04
 0628   0.222724E+06   0.700000E+14   0.253356E+09   0.308161E+09   0.783051E+04
 0629   0.222793E+06   0.700173E+14   0.250678E+09   0.308430E+09   0.739356E+04
 0630   0.222862E+06   0.700345E+14   0.250335E+09   0.308676E+09   0.706679E+04
 0631   0.222931E+06   0.700517E+14   0.250742E+09   0.308956E+09   0.677981E+04
 0632   0.223000E+06   0.700690E+14   0.249711E+09   0.309151E+09   0.659129E+04
 0633   0.223070E+06   0.700863E+14   0.247910E+09   0.309182E+09   0.655724E+04
 0634   0.223138E+06   0.701034E+14   0.249573E+09   0.309238E+09   0.589733E+04
 0635   0.223206E+06   0.701204E+14   0.249653E+09   0.309264E+09   0.495175E+04
 0636   0.223274E+06   0.701374E+14   0.249641E+09   0.309262E+09   0.466086E+04
 0637   0.223343E+06   0.701543E+14   0.248057E+09   0.309123E+09   0.447684E+04
 0638   0.223411E+06   0.701712E+14   0.247780E+09   0.308903E+09   0.442932E+04
 0639   0.223479E+06   0.701879E+14   0.246601E+09   0.308553E+09   0.448762E+04
 0640   0.223546E+06   0.702045E+14   0.247409E+09   0.308204E+09   0.343963E+04
 0641   0.223611E+06   0.702208E+14   0.248898E+09   0.307924E+09   0.301388E+04
 0642   0.223676E+06   0.702369E+14   0.249659E+09   0.307689E+09   0.284821E+04
 0643   0.223739E+06   0.702528E+14   0.251277E+09   0.307573E+09   0.272565E+04
 0644   0.223802E+06   0.702685E+14   0.249881E+09   0.307425E+09   0.272653E+04
 0645   0.223864E+06   0.702841E+14   0.250947E+09   0.307361E+09   0.278333E+04
 0646   0.223925E+06   0.702995E+14   0.250492E+09   0.307314E+09   0.216729E+04
 0647   0.223987E+06   0.703150E+14   0.248493E+09   0.307191E+09   0.152215E+04
 0648   0.224050E+06   0.703303E+14   0.247314E+09   0.307008E+09   0.137447E+04
 0649   0.224110E+06   0.703454E+14   0.249358E+09   0.306915E+09   0.129341E+04
 0650   0.224169E+06   0.703603E+14   0.251566E+09   0.306969E+09   0.128022E+04
 0651   0.224228E+06   0.703751E+14   0.253180E+09   0.307143E+09   0.135639E+04
 0652   0.224286E+06   0.703898E+14   0.252348E+09   0.307329E+09   0.143623E+04
 0653   0.224343E+06   0.704043E+14   0.253413E+09   0.307600E+09   0.891571E+03
 0654   0.224401E+06   0.704189E+14   0.252826E+09   0.307888E+09   0.517164E+03
 0655   0.224459E+06   0.704335E+14   0.250586E+09   0.308083E+09   0.468031E+03
 0656   0.224518E+06   0.704481E+14   0.247550E+09   0.308103E+09   0.496088E+03
 0657   0.224578E+06   0.704628E+14   0.246943E+09   0.308033E+09   0.587209E+03
 0658   0.224636E+06   0.704773E+14   0.247847E+09   0.307955E+09   0.846264E+03
 0659   0.224694E+06   0.704917E+14   0.248677E+09   0.307877E+09   0.121149E+04
 0660   0.224752E+06   0.705060E+14   0.248566E+09   0.307769E+09   0.580750E+03
 0661   0.224808E+06   0.705200E+14   0.251031E+09   0.307753E+09   0.421102E+03
 0662   0.224864E+06   0.705341E+14   0.250000E+09   0.307699E+09   0.463676E+03
 0663   0.224920E+06   0.705481E+14   0.248095E+09   0.307558E+09   0.634490E+03
 0664   0.224976E+06   0.705620E+14   0.247902E+09   0.307397E+09   0.112805E+04
 0665   0.225033E+06   0.705759E+14   0.245969E+09   0.307150E+09   0.487020E+03
 0666   0.225089E+06   0.705897E+14   0.244908E+09   0.306859E+09   0.441642E+03
 0667   0.225146E+06   0.706035E+14   0.243929E+09   0.306542E+09   0.651945E+03
 0668   0.225201E+06   0.706170E+14   0.247373E+09   0.306411E+09   0.121035E+04
 0669   0.225252E+06   0.706302E+14   0.255094E+09   0.306640E+09   0.476745E+03
 0670   0.225296E+06   0.706425E+14   0.280221E+09   0.307762E+09   0.436100E+03
 0671   0.225326E+06   0.706534E+14   0.359590E+09   0.310555E+09   0.113689E+04
 0672   0.225341E+06   0.706630E+14   0.666777E+09   0.315603E+09   0.408299E+03
 0673   0.225365E+06   0.706739E+14   0.449008E+09   0.320508E+09   0.957391E+03
 0674   0.225444E+06   0.706902E+14   0.206758E+09   0.320345E+09   0.772672E+03
 0675   0.225550E+06   0.707096E+14   0.182780E+09   0.316010E+09   0.446079E+03
 0676   0.225641E+06   0.707277E+14   0.200015E+09   0.311649E+09   0.749402E+03
 0677   0.225712E+06   0.707435E+14   0.221602E+09   0.308395E+09   0.570184E+03
 0678   0.225772E+06   0.707578E+14   0.236786E+09   0.305979E+09   0.436373E+03
 0679   0.225826E+06   0.707710E+14   0.247149E+09   0.304177E+09   0.655183E+03
 0680   0.225875E+06   0.707834E+14   0.253882E+09   0.302827E+09   0.951682E+03
 0681   0.225919E+06   0.707951E+14   0.260474E+09   0.301917E+09   0.435148E+03
 0682   0.225962E+06   0.708064E+14   0.262955E+09   0.301295E+09   0.485711E+03
 0683   0.226005E+06   0.708174E+14   0.261380E+09   0.300807E+09   0.663708E+03
 0684   0.226047E+06   0.708283E+14   0.257799E+09   0.300359E+09   0.109429E+04
 0685   0.226089E+06   0.708391E+14   0.253375E+09   0.299885E+09   0.487038E+03
 0686   0.226132E+06   0.708497E+14   0.250350E+09   0.299411E+09   0.451559E+03
 0687   0.226175E+06   0.708603E+14   0.246394E+09   0.298884E+09   0.626751E+03
 0688   0.226218E+06   0.708707E+14   0.243708E+09   0.298313E+09   0.110731E+04
 0689   0.226261E+06   0.708811E+14   0.241116E+09   0.297688E+09   0.428392E+03
 0690   0.226303E+06   0.708913E+14   0.238585E+09   0.296997E+09   0.535376E+03
 0691   0.226345E+06   0.709013E+14   0.241448E+09   0.296428E+09   0.979205E+03
 0692   0.226384E+06   0.709109E+14   0.245892E+09   0.296064E+09   0.591647E+03
 0693   0.226424E+06   0.709205E+14   0.239929E+09   0.295574E+09   0.440365E+03
 0694   0.226467E+06   0.709304E+14   0.228271E+09   0.294666E+09   0.772015E+03
 0695   0.226509E+06   0.709400E+14   0.229980E+09   0.293796E+09   0.490239E+03
 0696   0.226547E+06   0.709492E+14   0.237270E+09   0.293208E+09   0.448936E+03
 0697   0.226587E+06   0.709584E+14   0.231629E+09   0.292465E+09   0.725180E+03
 0698   0.226625E+06   0.709672E+14   0.237271E+09   0.291934E+09   0.915621E+03
 0699   0.226662E+06   0.709760E+14   0.236254E+09   0.291409E+09   0.421681E+03
 0700   0.226693E+06   0.709840E+14   0.256408E+09   0.291507E+09   0.434070E+03
 0701   0.226724E+06   0.709919E+14   0.257837E+09   0.291763E+09   0.453490E+03
 0702   0.226758E+06   0.710002E+14   0.238295E+09   0.291588E+09   0.625499E+03
 0703   0.226788E+06   0.710079E+14   0.259837E+09   0.292013E+09   0.723344E+03
 0704   0.226820E+06   0.710158E+14   0.248538E+09   0.292289E+09   0.984335E+03
 0705   0.226858E+06   0.710244E+14   0.222948E+09   0.291801E+09   0.418934E+03
 0706   0.226887E+06   0.710319E+14   0.259765E+09   0.292314E+09   0.433934E+03
 0707   0.226919E+06   0.710397E+14   0.245285E+09   0.292587E+09   0.523120E+03
 0708   0.226955E+06   0.710479E+14   0.226978E+09   0.292343E+09   0.953525E+03
 0709   0.226986E+06   0.710555E+14   0.248239E+09   0.292681E+09   0.432766E+03
 0710   0.227020E+06   0.710635E+14   0.231582E+09   0.292593E+09   0.472424E+03
 0711   0.227053E+06   0.710713E+14   0.238946E+09   0.292698E+09   0.778268E+03
 0712   0.227085E+06   0.710790E+14   0.238156E+09   0.292792E+09   0.543486E+03
 0713   0.227119E+06   0.710869E+14   0.230637E+09   0.292662E+09   0.456209E+03
 0714   0.227152E+06   0.710945E+14   0.237991E+09   0.292705E+09   0.766949E+03
 0715   0.227184E+06   0.711022E+14   0.235714E+09   0.292677E+09   0.446407E+03
 0716   0.227213E+06   0.711094E+14   0.250469E+09   0.293033E+09   0.417611E+03
 0717   0.227248E+06   0.711173E+14   0.223878E+09   0.292682E+09   0.840577E+03
 0718   0.227280E+06   0.711248E+14   0.236007E+09   0.292636E+09   0.408593E+03
 0719   0.227312E+06   0.711323E+14   0.232296E+09   0.292473E+09   0.537783E+03
 0720   0.227344E+06   0.711398E+14   0.234095E+09   0.292328E+09   0.727289E+03
 0721   0.227375E+06   0.711471E+14   0.234468E+09   0.292164E+09   0.429883E+03
 0722   0.227404E+06   0.711542E+14   0.244059E+09   0.292234E+09   0.631260E+03
 0723   0.227432E+06   0.711610E+14   0.251700E+09   0.292514E+09   0.877784E+03
 0724   0.227465E+06   0.711685E+14   0.224695E+09   0.292131E+09   0.447356E+03
 0725   0.227501E+06   0.711763E+14   0.212670E+09   0.291232E+09   0.412214E+03
 0726   0.227529E+06   0.711830E+14   0.247604E+09   0.291276E+09   0.441308E+03
 0727   0.227555E+06   0.711897E+14   0.247974E+09   0.291382E+09   0.646408E+03
 0728   0.227589E+06   0.711970E+14   0.217873E+09   0.290689E+09   0.413125E+03
 0729   0.227623E+06   0.712043E+14   0.217947E+09   0.289917E+09   0.747897E+03
 0730   0.227652E+06   0.712111E+14   0.232038E+09   0.289527E+09   0.433605E+03
 0731   0.227680E+06   0.712177E+14   0.238173E+09   0.289296E+09   0.731352E+03
 0732   0.227707E+06   0.712242E+14   0.236598E+09   0.289058E+09   0.401481E+03
 0733   0.227737E+06   0.712309E+14   0.226224E+09   0.288560E+09   0.605533E+03
 0734   0.227765E+06   0.712375E+14   0.229066E+09   0.288121E+09   0.403943E+03
 0735   0.227791E+06   0.712437E+14   0.240335E+09   0.287952E+09   0.464403E+03
 0736   0.227815E+06   0.712496E+14   0.252315E+09   0.288050E+09   0.643367E+03
 0737   0.227837E+06   0.712553E+14   0.259885E+09   0.288327E+09   0.792626E+03
 0738   0.227860E+06   0.712611E+14   0.251709E+09   0.288522E+09   0.413353E+03
 0739   0.227884E+06   0.712670E+14   0.244272E+09   0.288622E+09   0.426050E+03
 0740   0.227908E+06   0.712728E+14   0.241215E+09   0.288691E+09   0.653382E+03
 0741   0.227934E+06   0.712789E+14   0.232973E+09   0.288609E+09   0.393412E+03
 0742   0.227960E+06   0.712849E+14   0.230355E+09   0.288464E+09   0.530130E+03
 0743   0.227985E+06   0.712908E+14   0.234500E+09   0.288404E+09   0.518740E+03
 0744   0.228009E+06   0.712965E+14   0.240948E+09   0.288487E+09   0.408115E+03
 0745   0.228033E+06   0.713022E+14   0.239995E+09   0.288567E+09   0.624078E+03
 0746   0.228056E+06   0.713078E+14   0.241066E+09   0.288679E+09   0.441420E+03
 0747   0.228079E+06   0.713134E+14   0.242226E+09   0.288827E+09   0.421667E+03
 0748   0.228103E+06   0.713190E+14   0.237444E+09   0.288897E+09   0.697200E+03
 0749   0.228125E+06   0.713245E+14   0.242665E+09   0.289073E+09   0.385027E+03
 0750   0.228148E+06   0.713301E+14   0.239850E+09   0.289212E+09   0.477516E+03
 0751   0.228172E+06   0.713356E+14   0.235231E+09   0.289266E+09   0.554814E+03
 0752   0.228194E+06   0.713410E+14   0.244692E+09   0.289497E+09   0.392408E+03
 0753   0.228218E+06   0.713466E+14   0.233883E+09   0.289534E+09   0.666886E+03
 0754   0.228241E+06   0.713520E+14   0.239071E+09   0.289668E+09   0.377762E+03
 0755   0.228262E+06   0.713573E+14   0.244782E+09   0.289905E+09   0.494444E+03
 0756   0.228286E+06   0.713628E+14   0.231971E+09   0.289917E+09   0.402251E+03
 0757   0.228308E+06   0.713681E+14   0.239155E+09   0.290064E+09   0.463817E+03
 0758   0.228334E+06   0.713738E+14   0.222317E+09   0.289856E+09   0.375910E+03
 0759   0.228357E+06   0.713792E+14   0.230180E+09   0.289789E+09   0.611768E+03
 0760   0.228380E+06   0.713845E+14   0.237121E+09   0.289842E+09   0.374774E+03
 0761   0.228400E+06   0.713896E+14   0.247296E+09   0.290076E+09   0.512634E+03
 0762   0.228422E+06   0.713948E+14   0.242031E+09   0.290235E+09   0.426028E+03
 0763   0.228444E+06   0.714001E+14   0.233134E+09   0.290238E+09   0.508961E+03
 0764   0.228467E+06   0.714053E+14   0.234454E+09   0.290257E+09   0.374104E+03
 0765   0.228488E+06   0.714104E+14   0.242181E+09   0.290404E+09   0.514650E+03
 0766   0.228508E+06   0.714154E+14   0.243758E+09   0.290584E+09   0.398465E+03
 0767   0.228529E+06   0.714204E+14   0.243094E+09   0.290757E+09   0.468658E+03
 0768   0.228550E+06   0.714254E+14   0.240204E+09   0.290890E+09   0.412651E+03
 0769   0.228570E+06   0.714303E+14   0.246513E+09   0.291129E+09   0.447116E+03
 0770   0.228593E+06   0.714355E+14   0.227104E+09   0.291027E+09   0.368124E+03
 0771   0.228613E+06   0.714405E+14   0.242866E+09   0.291197E+09   0.563259E+03
 0772   0.228634E+06   0.714454E+14   0.237783E+09   0.291287E+09   0.373529E+03
 0773   0.228656E+06   0.714505E+14   0.231076E+09   0.291244E+09   0.489371E+03
 0774   0.228675E+06   0.714553E+14   0.248168E+09   0.291476E+09   0.414608E+03
 0775   0.228695E+06   0.714601E+14   0.242647E+09   0.291632E+09   0.456534E+03
 0776   0.228714E+06   0.714649E+14   0.244406E+09   0.291816E+09   0.447752E+03
 0777   0.228734E+06   0.714697E+14   0.241419E+09   0.291953E+09   0.376409E+03
 0778   0.228753E+06   0.714744E+14   0.248153E+09   0.292198E+09   0.490334E+03
 0779   0.228774E+06   0.714793E+14   0.231634E+09   0.292181E+09   0.376966E+03
 0780   0.228795E+06   0.714841E+14   0.237421E+09   0.292252E+09   0.442759E+03
 0781   0.228816E+06   0.714890E+14   0.232609E+09   0.292235E+09   0.543920E+03
 0782   0.228836E+06   0.714937E+14   0.236276E+09   0.292270E+09   0.399504E+03
 0783   0.228857E+06   0.714986E+14   0.231509E+09   0.292209E+09   0.361956E+03
 0784   0.228874E+06   0.715031E+14   0.252185E+09   0.292452E+09   0.533171E+03
 0785   0.228892E+06   0.715076E+14   0.251493E+09   0.292693E+09   0.362475E+03
 0786   0.228909E+06   0.715119E+14   0.256587E+09   0.293009E+09   0.541634E+03
 0787   0.228929E+06   0.715166E+14   0.237643E+09   0.293074E+09   0.416004E+03
 0788   0.228949E+06   0.715213E+14   0.232694E+09   0.293054E+09   0.363824E+03
 0789   0.228968E+06   0.715259E+14   0.238795E+09   0.293123E+09   0.406981E+03
 0790   0.228989E+06   0.715306E+14   0.229555E+09   0.293031E+09   0.502029E+03
 0791   0.229008E+06   0.715351E+14   0.239928E+09   0.293098E+09   0.490731E+03
 0792   0.229027E+06   0.715396E+14   0.239289E+09   0.293152E+09   0.391279E+03
 0793   0.229045E+06   0.715441E+14   0.238649E+09   0.293191E+09   0.357635E+03
 0794   0.229064E+06   0.715485E+14   0.242864E+09   0.293287E+09   0.442575E+03
 0795   0.229082E+06   0.715530E+14   0.239730E+09   0.293336E+09   0.516525E+03
 0796   0.229100E+06   0.715574E+14   0.241521E+09   0.293406E+09   0.428648E+03
 0797   0.229117E+06   0.715616E+14   0.248752E+09   0.293576E+09   0.356383E+03
 0798   0.229134E+06   0.715658E+14   0.250906E+09   0.293774E+09   0.459778E+03
 0799   0.229152E+06   0.715702E+14   0.239578E+09   0.293827E+09   0.508750E+03
 0800   0.229169E+06   0.715743E+14   0.249543E+09   0.294012E+09   0.405754E+03
 0801   0.229186E+06   0.715785E+14   0.246084E+09   0.294159E+09   0.356360E+03
 0802   0.229204E+06   0.715829E+14   0.237751E+09   0.294193E+09   0.354110E+03
 0803   0.229222E+06   0.715872E+14   0.237171E+09   0.294208E+09   0.358642E+03
 0804   0.229239E+06   0.715913E+14   0.246910E+09   0.294348E+09   0.431116E+03
 0805   0.229253E+06   0.715951E+14   0.269133E+09   0.294727E+09   0.399778E+03
 0806   0.229268E+06   0.715990E+14   0.264735E+09   0.295075E+09   0.357714E+03
 0807   0.229284E+06   0.716030E+14   0.250802E+09   0.295290E+09   0.444915E+03
 0808   0.229303E+06   0.716073E+14   0.231885E+09   0.295258E+09   0.390507E+03
 0809   0.229321E+06   0.716117E+14   0.229204E+09   0.295175E+09   0.352438E+03
 0810   0.229340E+06   0.716160E+14   0.228748E+09   0.295070E+09   0.360287E+03
 0811   0.229359E+06   0.716203E+14   0.228276E+09   0.294943E+09   0.416646E+03
 0812   0.229377E+06   0.716244E+14   0.236878E+09   0.294933E+09   0.444304E+03
 0813   0.229393E+06   0.716284E+14   0.241350E+09   0.294977E+09   0.451376E+03
 0814   0.229410E+06   0.716324E+14   0.243379E+09   0.295044E+09   0.453094E+03
 0815   0.229426E+06   0.716365E+14   0.240034E+09   0.295064E+09   0.464939E+03
 0816   0.229443E+06   0.716404E+14   0.244801E+09   0.295141E+09   0.460826E+03
 0817   0.229459E+06   0.716444E+14   0.238732E+09   0.295139E+09   0.389211E+03
 0818   0.229475E+06   0.716482E+14   0.249270E+09   0.295265E+09   0.391169E+03
 0819   0.229490E+06   0.716521E+14   0.245601E+09   0.295351E+09   0.371000E+03
 0820   0.229506E+06   0.716559E+14   0.244925E+09   0.295429E+09   0.351285E+03
 0821   0.229521E+06   0.716597E+14   0.247191E+09   0.295535E+09   0.346537E+03
 0822   0.229537E+06   0.716635E+14   0.246519E+09   0.295636E+09   0.347722E+03
 0823   0.229552E+06   0.716673E+14   0.242966E+09   0.295697E+09   0.368507E+03
 0824   0.229569E+06   0.716712E+14   0.239590E+09   0.295717E+09   0.425762E+03
 0825   0.229584E+06   0.716749E+14   0.244588E+09   0.295796E+09   0.420075E+03
 0826   0.229599E+06   0.716786E+14   0.246929E+09   0.295904E+09   0.360247E+03
 0827   0.229613E+06   0.716822E+14   0.252646E+09   0.296075E+09   0.345123E+03
 0828   0.229628E+06   0.716859E+14   0.245674E+09   0.296173E+09   0.350624E+03
 0829   0.229642E+06   0.716895E+14   0.254731E+09   0.296365E+09   0.362865E+03
 0830   0.229655E+06   0.716929E+14   0.265287E+09   0.296653E+09   0.355627E+03
 0831   0.229666E+06   0.716961E+14   0.293531E+09   0.297144E+09   0.349092E+03
 0832   0.229675E+06   0.716991E+14   0.319474E+09   0.297777E+09   0.373513E+03
 0833   0.229686E+06   0.717023E+14   0.286966E+09   0.298255E+09   0.338897E+03
 0834   0.229701E+06   0.717058E+14   0.248402E+09   0.298440E+09   0.371913E+03
 0835   0.229717E+06   0.717096E+14   0.230780E+09   0.298420E+09   0.335301E+03
 0836   0.229734E+06   0.717134E+14   0.228022E+09   0.298355E+09   0.371698E+03
 0837   0.229749E+06   0.717171E+14   0.240795E+09   0.298443E+09   0.340330E+03
 0838   0.229765E+06   0.717207E+14   0.234769E+09   0.298455E+09   0.348101E+03
 0839   0.229782E+06   0.717246E+14   0.222527E+09   0.298282E+09   0.364807E+03
 0840   0.229799E+06   0.717285E+14   0.224417E+09   0.298119E+09   0.373671E+03
 0841   0.229813E+06   0.717319E+14   0.251436E+09   0.298272E+09   0.332932E+03
 0842   0.229825E+06   0.717351E+14   0.266114E+09   0.298553E+09   0.326788E+03
 0843   0.229840E+06   0.717387E+14   0.237827E+09   0.298561E+09   0.347389E+03
 0844   0.229856E+06   0.717424E+14   0.229524E+09   0.298455E+09   0.321745E+03
 0845   0.229871E+06   0.717460E+14   0.234145E+09   0.298401E+09   0.342083E+03
 0846   0.229887E+06   0.717496E+14   0.233661E+09   0.298333E+09   0.319380E+03
 0847   0.229901E+06   0.717530E+14   0.244568E+09   0.298386E+09   0.331477E+03
 0848   0.229914E+06   0.717564E+14   0.247158E+09   0.298463E+09   0.327570E+03
 0849   0.229929E+06   0.717598E+14   0.237459E+09   0.298429E+09   0.307225E+03
 0850   0.229942E+06   0.717631E+14   0.252727E+09   0.298553E+09   0.304246E+03
 0851   0.229955E+06   0.717664E+14   0.248575E+09   0.298636E+09   0.301091E+03
 0852   0.229969E+06   0.717697E+14   0.244649E+09   0.298677E+09   0.297883E+03
 0853   0.229980E+06   0.717728E+14   0.266568E+09   0.298912E+09   0.300434E+03
 0854   0.229993E+06   0.717760E+14   0.250061E+09   0.299009E+09   0.290425E+03
 0855   0.230005E+06   0.717792E+14   0.256812E+09   0.299169E+09   0.289970E+03
 0856   0.230018E+06   0.717823E+14   0.252356E+09   0.299292E+09   0.281157E+03
 0857   0.230031E+06   0.717855E+14   0.251711E+09   0.299411E+09   0.275254E+03
 0858   0.230043E+06   0.717887E+14   0.251079E+09   0.299526E+09   0.270206E+03
 0859   0.230056E+06   0.717918E+14   0.246936E+09   0.299603E+09   0.265346E+03
 0860   0.230069E+06   0.717951E+14   0.243039E+09   0.299641E+09   0.260601E+03
 0861   0.230082E+06   0.717982E+14   0.245768E+09   0.299705E+09   0.256070E+03
 0862   0.230095E+06   0.718014E+14   0.248639E+09   0.299796E+09   0.251728E+03
 0863   0.230107E+06   0.718044E+14   0.251665E+09   0.299914E+09   0.247544E+03
 0864   0.230120E+06   0.718075E+14   0.247451E+09   0.299995E+09   0.243368E+03
 0865   0.230132E+06   0.718107E+14   0.243486E+09   0.300038E+09   0.239204E+03
 0866   0.230145E+06   0.718138E+14   0.242946E+09   0.300074E+09   0.235109E+03
 0867   0.230157E+06   0.718168E+14   0.253028E+09   0.300201E+09   0.231241E+03
 0868   0.230169E+06   0.718199E+14   0.248701E+09   0.300291E+09   0.227367E+03
 0869   0.230181E+06   0.718228E+14   0.259931E+09   0.300474E+09   0.223711E+03
 0870   0.230192E+06   0.718257E+14   0.255149E+09   0.300619E+09   0.220045E+03
 0871   0.230203E+06   0.718285E+14   0.267781E+09   0.300858E+09   0.216584E+03
 0872   0.230213E+06   0.718313E+14   0.267142E+09   0.301094E+09   0.213158E+03
 0873   0.230223E+06   0.718340E+14   0.282595E+09   0.301424E+09   0.209926E+03
 0874   0.230232E+06   0.718366E+14   0.281954E+09   0.301754E+09   0.206722E+03
 0875   0.230242E+06   0.718394E+14   0.265295E+09   0.301989E+09   0.203391E+03
 0876   0.230253E+06   0.718422E+14   0.260068E+09   0.302192E+09   0.200040E+03
 0877   0.230266E+06   0.718453E+14   0.237102E+09   0.302199E+09   0.196416E+03
 0878   0.230280E+06   0.718484E+14   0.230837E+09   0.302136E+09   0.192732E+03
 0879   0.230292E+06   0.718514E+14   0.239512E+09   0.302161E+09   0.189235E+03
 0880   0.230305E+06   0.718544E+14   0.242412E+09   0.302209E+09   0.185823E+03
 0881   0.230316E+06   0.718572E+14   0.253092E+09   0.302347E+09   0.182588E+03
 0882   0.230327E+06   0.718601E+14   0.248639E+09   0.302448E+09   0.179335E+03
 0883   0.230340E+06   0.718631E+14   0.234690E+09   0.302413E+09   0.175924E+03
 0884   0.230353E+06   0.718661E+14   0.234334E+09   0.302372E+09   0.172553E+03
 0885   0.230365E+06   0.718691E+14   0.240217E+09   0.302389E+09   0.169322E+03
 0886   0.230379E+06   0.718722E+14   0.225515E+09   0.302237E+09   0.165912E+03
 0887   0.230393E+06   0.718753E+14   0.227848E+09   0.302108E+09   0.162574E+03
 0888   0.230405E+06   0.718782E+14   0.239100E+09   0.302098E+09   0.159455E+03
 0889   0.230417E+06   0.718811E+14   0.245452E+09   0.302143E+09   0.156463E+03
 0999   0.230424E+06   0.722998E+14   0.545349E+11   0.604561E+09   0.678493E+00
