 0001  0.3590960252599878E-001
 0002  0.3660463983093161E-001
 0003  0.3660463983093161E-001
 0004  0.3660463983093160E-001
 0005  0.3739730071215781E-001
 0006  0.3739730071215781E-001
 0007  0.3827882779292831E-001
 0008  0.3827882779292831E-001
 0009  0.3913988414887602E-001
 0010  0.3913988414887602E-001
 0011  0.3913988414887602E-001
 0012  0.4010848910874776E-001
 0013  0.4010848910874776E-001
 0014  0.4105460123087463E-001
 0015  0.4105460123087463E-001
 0016  0.4210287222075139E-001
 0017  0.4210287222075139E-001
 0018  0.4325639082099587E-001
 0019  0.4325639082099588E-001
 0020  0.4438312253929579E-001
 0021  0.4438312253929579E-001
 0022  0.4562849548526205E-001
 0023  0.4562849548526205E-001
 0024  0.4698307114069526E-001
 0025  0.4698307114069527E-001
 0026  0.4845126175531371E-001
 0027  0.4984486969620647E-001
 0028  0.4984486969620647E-001
 0029  0.5136562913973133E-001
 0030  0.5136562913973132E-001
 0031  0.5301607433098020E-001
 0032  0.5301607433098020E-001
 0033  0.5462819306569458E-001
 0034  0.5631703183822435E-001
 0035  0.5631703183822435E-001
 0036  0.5813752070644793E-001
 0037  0.5813752070644794E-001
 0038  0.5991573438259030E-001
 0039  0.6177114513133649E-001
 0040  0.6177114513133649E-001
 0041  0.6376591927114229E-001
 0042  0.6581010379795894E-001
 0043  0.6581010379795896E-001
 0044  0.6780681849673709E-001
 0045  0.6780681849673707E-001
 0046  0.6994083613764142E-001
 0047  0.7210498172286679E-001
 0048  0.7210498172286678E-001
 0049  0.7438885573771675E-001
 0050  0.7651167161564162E-001
 0051  0.7865284086855230E-001
 0052  0.7865284086855230E-001
 0053  0.8090443697795262E-001
 0054  0.8313418328872989E-001
 0055  0.8313418328872987E-001
 0056  0.8531215067614990E-001
 0057  0.8746773031578366E-001
 0058  0.8746773031578364E-001
 0059  0.8971087141987907E-001
 0060  0.9188904133446073E-001
 0061  0.9399126260605821E-001
 0062  0.9399126260605820E-001
 0063  0.9604466632671912E-001
 0064  0.9802560779067394E-001
 0065  0.9992206265434177E-001
 0066  0.9992206265434175E-001
 0067  0.1018529814750049E+000
 0068  0.1036633751718841E+000
 0069  0.1053026544300942E+000
 0070  0.1053026544300942E+000
 0071  0.1069598308258373E+000
 0072  0.1084879726003557E+000
 0073  0.1098953710911347E+000
 0074  0.1111799632108003E+000
 0075  0.1111799632108003E+000
 0076  0.1124347246736832E+000
 0077  0.1135608154831694E+000
 0078  0.1145605207048093E+000
 0079  0.1154381331959835E+000
 0080  0.1154381331959835E+000
 0081  0.1162730724424419E+000
 0082  0.1169713981769724E+000
 0083  0.1175846428324078E+000
 0084  0.1180598025492489E+000
 0085  0.1180598025492489E+000
 0086  0.1184087154360718E+000
 0087  0.1185333181484812E+000
 0088  0.1183964776499658E+000
 0089  0.1179663957752449E+000
 0090  0.1172199141577016E+000
 0091  0.1172199141577016E+000
 0092  0.1160036305580243E+000
 0093  0.1144309944612408E+000
 0094  0.1125475682383088E+000
 0095  0.1103722602638623E+000
 0096  0.1079186781935418E+000
 0097  0.1052058793501784E+000
 0098  0.1022559049569864E+000
 0099  0.9909207624856442E-001
 0100  0.9573781434608900E-001
 0101  0.9216680798724601E-001
 0102  0.8844768669203507E-001
 0103  0.8463816644267608E-001
 0104  0.8078662757583262E-001
 0105  0.7693343730643151E-001
 0106  0.7311206607279676E-001
 0107  0.6896356724875882E-001
 0108  0.6502633144811563E-001
 0109  0.6128967810511116E-001
 0110  0.5774367116613502E-001
 0111  0.5437990233265785E-001
 0112  0.5119104405027974E-001
 0113  0.4567918614959245E-001
 0114  0.4327958430461866E-001
 0115  0.4097470817221934E-001
 0116  0.3875827120870202E-001
 0117  0.3663524399319225E-001
 0118  0.3460872583254483E-001
 0119  0.3268027556557235E-001
 0120  0.3085019303849205E-001
 0121  0.2911775820222524E-001
 0122  0.2748143381510470E-001
 0123  0.2585348255881648E-001
 0124  0.2434402820746268E-001
 0125  0.2294423017080792E-001
 0126  0.2164599887875499E-001
 0127  0.2044191411690887E-001
 0128  0.1932515453912542E-001
 0129  0.1828943665873821E-001
 0130  0.1653680076076215E-001
 0131  0.1579225955248499E-001
 0132  0.1509204716142402E-001
 0133  0.1443429652407579E-001
 0134  0.1381710974907900E-001
 0135  0.1323857953683826E-001
 0136  0.1269680692288861E-001
 0137  0.1217058213605108E-001
 0138  0.1168307637342817E-001
 0139  0.1123139386589503E-001
 0140  0.1081286684856532E-001
 0141  0.1042471683503837E-001
 0142  0.1006479738755199E-001
 0143  0.9731104309657752E-002
 0144  0.9421770686387151E-002
 0145  0.8896846945802648E-002
 0146  0.8673458541792162E-002
 0147  0.8464087685916603E-002
 0148  0.8267959372082526E-002
 0149  0.8078941925608088E-002
 0150  0.7903156027697936E-002
 0151  0.7739580762030260E-002
 0152  0.7587376048046534E-002
 0153  0.7445758885732749E-002
 0154  0.7313999541517666E-002
 0155  0.7191417983136848E-002
 0156  0.7077380547764834E-002
 0157  0.6971296828653971E-002
 0158  0.6789496635885372E-002
 0159  0.6711426250856415E-002
 0160  0.6636347931454298E-002
 0161  0.6566179016792696E-002
 0162  0.6500599851111972E-002
 0163  0.6439311485338849E-002
 0164  0.6382034344112435E-002
 0165  0.6328506977926378E-002
 0166  0.6278484895051398E-002
 0167  0.6231739371556762E-002
 0168  0.6188056561221307E-002
 0169  0.6147224480599483E-002
 0170  0.6075832056296380E-002
 0171  0.6044639416235197E-002
 0172  0.6015357515393002E-002
 0173  0.5987869458860384E-002
 0174  0.5962065500808926E-002
 0175  0.5937842606579646E-002
 0176  0.5915104041725800E-002
 0177  0.5893754341849602E-002
 0178  0.5873709572329684E-002
 0179  0.5854565967101285E-002
 0180  0.5836644986831968E-002
 0181  0.5805421121446877E-002
 0182  0.5791800670967185E-002
 0183  0.5778956051890775E-002
 0184  0.5766843483620131E-002
 0185  0.5755421616870902E-002
 0186  0.5744651402169900E-002
 0187  0.5734495965157240E-002
 0188  0.5724775448156204E-002
 0189  0.5715631434491792E-002
 0190  0.5699539741225221E-002
 0191  0.5692451973674524E-002
 0192  0.5685743277216709E-002
 0193  0.5679393513220790E-002
 0194  0.5673383597713855E-002
 0195  0.5667618570190928E-002
 0196  0.5662172154803535E-002
 0197  0.5657026461847256E-002
 0198  0.5652164620460557E-002
 0199  0.5647570721731895E-002
 0200  0.5639416026267089E-002
 0201  0.5635793313224069E-002
 0202  0.5632310216257616E-002
 0203  0.5629007132271524E-002
 0204  0.5625874621376857E-002
 0205  0.5622903746125317E-002
 0206  0.5620086044361046E-002
 0207  0.5617413282749975E-002
 0208  0.5612607030040722E-002
 0209  0.5610446246661674E-002
 0210  0.5608390161252006E-002
 0211  0.5606433498366457E-002
 0212  0.5604571400874065E-002
 0213  0.5602799250763759E-002
 0214  0.5601112657652736E-002
 0215  0.5599491184957094E-002
 0216  0.5596575679136848E-002
 0217  0.5595264217324812E-002
 0218  0.5594012407712722E-002
 0219  0.5592817510794096E-002
 0220  0.5591676913976628E-002
 0221  0.5590577839514980E-002
 0222  0.5589529715026945E-002
 0223  0.5587633275121659E-002
 0224  0.5586774888455340E-002
 0225  0.5585953307076223E-002
 0226  0.5585160116357193E-002
 0227  0.5584401613685272E-002
 0228  0.5583676221207283E-002
 0229  0.5582982466957195E-002
 0230  0.5581720076247611E-002
 0231  0.5581140836714125E-002
 0232  0.5580585527376440E-002
 0233  0.5580053142402252E-002
 0234  0.5579542718874694E-002
 0235  0.5579053317806568E-002
 0236  0.5578584059531834E-002
 0237  0.5577719606064760E-002
 0238  0.5577324596575008E-002
 0239  0.5576945018748100E-002
 0240  0.5576580260578752E-002
 0241  0.5576227235334632E-002
 0242  0.5575888189136468E-002
 0243  0.5575265857523967E-002
 0244  0.5574980158963591E-002
 0245  0.5574703201735288E-002
 0246  0.5574436659691298E-002
 0247  0.5574180126339218E-002
 0248  0.5573933217909154E-002
 0249  0.5573476688657346E-002
 0250  0.5573265637844414E-002
 0251  0.5573062127690160E-002
 0252  0.5572865879183215E-002
 0253  0.5572675493549234E-002
 0254  0.5572491981212561E-002
 0255  0.5572152615542775E-002
 0256  0.5571995670945090E-002
 0257  0.5571843187832027E-002
 0258  0.5571695946096778E-002
 0259  0.5571553761158295E-002
 0260  0.5571289187143543E-002
 0261  0.5571166096895457E-002
 0262  0.5571047041863407E-002
 0263  0.5570931886713245E-002
 0264  0.5570819920211752E-002
 0265  0.5570611549595469E-002
 0266  0.5570514578829870E-002
 0267  0.5570420175186890E-002
 0268  0.5570328754594774E-002
 0269  0.5570240220312338E-002
 0270  0.5570074566428057E-002
 0271  0.5569997072020267E-002
 0272  0.5569921919575676E-002
 0273  0.5569848703580326E-002
 0274  0.5569711702430441E-002
 0275  0.5569647599591384E-002
 0276  0.5569585078253021E-002
 0277  0.5569524381802410E-002
 0278  0.5569465454928670E-002
 0279  0.5569354443132264E-002
 0280  0.5569302382306134E-002
 0281  0.5569251777764836E-002
 0282  0.5569202387072628E-002
 0283  0.5569109525374839E-002
 0284  0.5569065697552046E-002
 0285  0.5569023056276230E-002
 0286  0.5568981568196386E-002
 0287  0.5568903096208330E-002
 0288  0.5568866131917137E-002
 0289  0.5568829997176545E-002
 0290  0.5568794808456254E-002
 0291  0.5568728258307976E-002
 0292  0.5568696790663163E-002
 0293  0.5568666115772855E-002
 0294  0.5568636110511167E-002
 0295  0.5568579269329850E-002
 0296  0.5568552347930437E-002
 0297  0.5568526083694444E-002
 0298  0.5568476158874985E-002
 0299  0.5568452510639508E-002
 0300  0.5568429346741397E-002
 0301  0.5568406730991565E-002
 0302  0.5568363681305367E-002
 0303  0.5568343257086454E-002
 0304  0.5568323240276562E-002
 0305  0.5568285140832754E-002
 0306  0.5568267010412134E-002
 0307  0.5568249232762017E-002
 0308  0.5568231851040389E-002
 0309  0.5568198721713821E-002
 0310  0.5568182934771805E-002
 0311  0.5568167446718172E-002
 0312  0.5568137888900325E-002
 0313  0.5568123785883401E-002
 0314  0.5568109943183370E-002
 0315  0.5568083492468491E-002
 0316  0.5568070855142900E-002
 0317  0.5568058440535960E-002
 0318  0.5568034675776155E-002
 0319  0.5568023300097822E-002
 0320  0.5568012112046409E-002
 0321  0.5567990657424633E-002
 0322  0.5567980369414444E-002
 0323  0.5567970240561710E-002
 0324  0.5567950785530002E-002
 0325  0.5567941412449201E-002
 0326  0.5567923384568452E-002
 0327  0.5567914714384524E-002
 0328  0.5567906164449321E-002
 0329  0.5567889671341890E-002
 0330  0.5567881716288877E-002
 0331  0.5567873892160244E-002
 0332  0.5567858755548353E-002
 0333  0.5567851457937758E-002
 0334  0.5567837324478062E-002
 0335  0.5567830503331051E-002
 0336  0.5567823764936317E-002
 0337  0.5567810723577812E-002
 0338  0.5567804413040988E-002
 0339  0.5567792169228689E-002
 0340  0.5567786249208674E-002
 0341  0.5567774753303487E-002
 0342  0.5567769172573564E-002
 0343  0.5567763670811608E-002
 0344  0.5567752979790373E-002
 0345  0.5567747786212128E-002
 0346  0.5567737688596580E-002
 0347  0.5567732795324357E-002
 0348  0.5567723274825049E-002
 0349  0.5567718644148954E-002
 0350  0.5567709630265602E-002
 0351  0.5567705243912387E-002
 0352  0.5567696701700477E-002
 0353  0.5567692542994196E-002
 0354  0.5567684441400596E-002
 0355  0.5567680496265450E-002
 0356  0.5567672809110085E-002
 0357  0.5567669064940191E-002
 0358  0.5567661767659661E-002
 0359  0.5567658212505259E-002
 0360  0.5567651274408375E-002
 0361  0.5567647889941281E-002
 0362  0.5567641291234404E-002
 0363  0.5567638075127153E-002
 0364  0.5567631790785899E-002
 0365  0.5567625751081618E-002
 0366  0.5567622803231597E-002
 0367  0.5567617046646735E-002
 0368  0.5567614236566219E-002
 0369  0.5567608743682167E-002
 0370  0.5567603454874151E-002
 0371  0.5567600870252161E-002
 0372  0.5567595820412257E-002
 0373  0.5567593350563448E-002
 0374  0.5567588524358597E-002
 0375  0.5567583867381752E-002
 0376  0.5567581589274158E-002
 0377  0.5567577130916333E-002
 0378  0.5567572827389606E-002
 0379  0.5567570721795852E-002
 0380  0.5567566600173097E-002
 0381  0.5567562617948921E-002
 0382  0.5567560668177176E-002
 0383  0.5567556849056598E-002
 0384  0.5567553154634393E-002
 0385  0.5567549580290810E-002
 0386  0.5567547828478796E-002
 0387  0.5567544393869593E-002
 0388  0.5567541069153895E-002
 0389  0.5567537849240304E-002
 0390  0.5567536269572683E-002
 0391  0.5567533171339647E-002
 0392  0.5567530167407734E-002
 0393  0.5567527254133864E-002
 0394  0.5567524428721801E-002
 0395  0.5567521686267563E-002
 0396  0.5567520339818261E-002
 0397  0.5567517695222626E-002
 0398  0.5567515126952033E-002
 0399  0.5567512632234793E-002
 0400  0.5567510208096516E-002
 0401  0.5567507851712393E-002
 0402  0.5567505560530163E-002
 0403  0.5567503332102325E-002
 0404  0.5567501164033482E-002
 0405  0.5567499055075079E-002
 0406  0.5567497009321662E-002
 0407  0.5567495025290563E-002
 0408  0.5567493100449871E-002
 0409  0.5567491232398429E-002
 0410  0.5567489418857732E-002
 0411  0.5567487657664427E-002
 0412  0.5567485946763318E-002
 0413  0.5567484284200900E-002
 0414  0.5567482668119303E-002
 0415  0.5567481096750697E-002
 0416  0.5567478827812389E-002
 0417  0.5567477371220562E-002
 0418  0.5567475953325588E-002
 0419  0.5567474572728729E-002
 0420  0.5567473228095083E-002
 0421  0.5567471282365173E-002
 0422  0.5567470030628770E-002
 0423  0.5567468810277367E-002
 0424  0.5567467042096890E-002
 0425  0.5567465903135113E-002
 0426  0.5567464791701658E-002
 0427  0.5567463179399283E-002
 0428  0.5567462139621239E-002
 0429  0.5567460629993542E-002
 0430  0.5567459655624405E-002
 0431  0.5567458239832522E-002
 0432  0.5567457325311705E-002
 0433  0.5567455995475624E-002
 0434  0.5567455135838464E-002
 0435  0.5567453884912671E-002
 0436  0.5567452681191633E-002
 0437  0.5567451902177618E-002
 0438  0.5567450767304629E-002
 0439  0.5567449673767256E-002
 0440  0.5567448619517541E-002
 0441  0.5567447602637485E-002
 0442  0.5567446621329029E-002
 0443  0.5567445673904966E-002
 0444  0.5567444758780638E-002
 0445  0.5567443874466348E-002
 0446  0.5567443019560472E-002
 0447  0.5567442192743120E-002
 0448  0.5567441392770342E-002
 0449  0.5567440618468802E-002
 0450  0.5567439625879414E-002
 0451  0.5567438909856306E-002
 0452  0.5567438215923655E-002
 0453  0.5567437325041937E-002
 0454  0.5567436472711851E-002
 0455  0.5567435856626943E-002
 0456  0.5567435064479998E-002
 0457  0.5567434305307073E-002
 0458  0.5567433577299466E-002
 0459  0.5567432878775417E-002
 0460  0.5567432208169263E-002
 0461  0.5567431564021663E-002
 0462  0.5567430944970772E-002
 0463  0.5567430349744315E-002
 0464  0.5567429638270005E-002
 0465  0.5567428961604774E-002
 0466  0.5567428443367652E-002
 0467  0.5567427822785852E-002
 0468  0.5567427231400982E-002
 0469  0.5567426558457819E-002
 0470  0.5567426026347533E-002
 0471  0.5567425419934251E-002
 0472  0.5567424939734398E-002
 0473  0.5567424391728423E-002
 0474  0.5567423789746500E-002
 0475  0.5567423303552664E-002
 0476  0.5567422768554541E-002
 0477  0.5567422266158297E-002
 0478  0.5567421793963755E-002
 0479  0.5567421288814257E-002
 0480  0.5567420761560429E-002
 0481  0.5567420326323471E-002
 0482  0.5567419822853290E-002
 0483  0.5567419360864934E-002
 0484  0.5567418936412574E-002
 0485  0.5567418472098857E-002
 0486  0.5567418019172379E-002
 0487  0.5567417583186514E-002
 0488  0.5567417168623027E-002
 0489  0.5567416733859883E-002
 0490  0.5567416338897893E-002
 0491  0.5567415919084469E-002
 0492  0.5567415521056181E-002
 0493  0.5567415123516399E-002
 0494  0.5567414914262472E-002
 0495  0.5567414914262472E-002
 0496  0.5567414914262472E-002
 0497  0.5567414914262472E-002
 0498  0.5567414914262472E-002
 0499  0.5567414914262472E-002
 0500  0.5567414914262472E-002
 0501  0.5567414914262472E-002
 0502  0.5567414914262472E-002
 0503  0.5567414914262472E-002
 0504  0.5567414914262472E-002
 0505  0.5567414914262472E-002
 0506  0.5567414914262472E-002
 0507  0.5567414914262472E-002
 0508  0.5567414914262472E-002
 0509  0.5567414914262472E-002
 0510  0.5567414914262472E-002
 0511  0.5567414914262472E-002
 0512  0.5567414914262472E-002
 0513  0.5567414914262472E-002
 0514  0.5567414914262472E-002
 0515  0.5567414914262472E-002
 0516  0.5567414914262472E-002
 0517  0.5567414914262472E-002
 0518  0.5567414914262472E-002
 0519  0.5567414914262472E-002
 0520  0.5567414914262472E-002
 0521  0.5567414914262472E-002
 0522  0.5567414914262472E-002
 0523  0.5567414914262472E-002
 0524  0.5567414914262472E-002
 0525  0.5567414914262472E-002
 0526  0.5567414914262472E-002
 0527  0.5567414914262472E-002
 0528  0.5567414914262472E-002
 0529  0.5567414914262472E-002
 0530  0.5567414914262472E-002
 0531  0.5567414914262472E-002
 0532  0.5567414914262472E-002
 0533  0.5567414914262472E-002
 0534  0.5567414914262472E-002
 0535  0.5567414914262472E-002
 0536  0.5567414914262472E-002
 0537  0.5567414914262472E-002
 0538  0.5567414914262472E-002
 0539  0.5567414914262472E-002
 0540  0.5567414914262472E-002
 0541  0.5567414914262472E-002
 0542  0.5567414914262472E-002
 0543  0.5567414914262472E-002
 0544  0.5567414914262472E-002
 0545  0.5567414914262472E-002
 0546  0.5567414914262472E-002
 0547  0.5567414914262472E-002
 0548  0.5567414914262472E-002
 0549  0.5567414914262472E-002
 0550  0.5567414914262472E-002
 0551  0.5567414914262472E-002
 0552  0.5567414914262472E-002
 0553  0.5567414914262472E-002
 0554  0.5567414914262472E-002
 0555  0.5567414914262472E-002
 0556  0.5567414914262472E-002
 0557  0.5567414914262472E-002
 0558  0.5567414914262472E-002
 0559  0.5567414914262472E-002
 0560  0.5567414914262472E-002
 0561  0.5567414914262472E-002
 0562  0.5567414914262472E-002
 0563  0.5567414914262472E-002
 0564  0.5567414914262472E-002
 0565  0.5567414914262472E-002
 0566  0.5567414914262472E-002
 0567  0.5567414914262472E-002
 0568  0.5567414914262472E-002
 0569  0.5567414914262472E-002
 0570  0.5567414914262472E-002
 0571  0.5567414914262472E-002
 0572  0.5567414914262472E-002
 0573  0.5567414914262472E-002
 0574  0.5567414914262472E-002
 0575  0.5567414914262472E-002
 0576  0.5567414914262472E-002
 0577  0.5567414914262472E-002
 0578  0.5567414914262472E-002
 0579  0.5567414914262472E-002
 0580  0.5567414914262472E-002
 0581  0.5567414914262472E-002
 0582  0.5567414914262472E-002
 0583  0.5567414914262472E-002
 0584  0.5567414914262472E-002
 0585  0.5567414914262472E-002
 0586  0.5567414914262472E-002
 0587  0.5567414914262472E-002
 0588  0.5567414914262472E-002
 0589  0.5567414914262472E-002
 0590  0.5567414914262472E-002
 0591  0.5567414914262472E-002
 0592  0.5567414914262472E-002
 0593  0.5567414914262472E-002
 0594  0.5567414914262472E-002
 0595  0.5567414914262472E-002
 0596  0.5567414914262472E-002
 0597  0.5567414914262472E-002
 0598  0.5567414914262472E-002
 0599  0.5567414914262472E-002
 0600  0.5567414914262472E-002
 0601  0.5567414914262472E-002
 0602  0.5567414914262472E-002
 0603  0.5567414914262472E-002
 0604  0.5567414914262472E-002
 0605  0.5567414914262472E-002
 0606  0.5567414914262472E-002
 0607  0.5567414914262472E-002
 0608  0.5567414914262472E-002
 0609  0.5567414914262472E-002
 0610  0.5567414914262472E-002
 0611  0.5567414914262472E-002
 0612  0.5567414914262472E-002
 0613  0.5567414914262472E-002
 0614  0.5567414914262472E-002
 0615  0.5567414914262472E-002
 0616  0.5567414914262472E-002
 0617  0.5567414914262472E-002
 0618  0.5567414914262472E-002
 0619  0.5567414914262472E-002
 0620  0.5567414914262472E-002
 0621  0.5567414914262472E-002
 0622  0.5567414914262472E-002
 0623  0.5567414914262472E-002
 0624  0.5567414914262472E-002
 0625  0.5567414914262472E-002
 0626  0.5567414914262472E-002
 0627  0.5567414914262472E-002
 0628  0.5567414914262472E-002
 0629  0.5567414914262472E-002
 0630  0.5567414914262472E-002
 0631  0.5567414914262472E-002
 0632  0.5567414914262472E-002
 0633  0.5567414914262472E-002
 0634  0.5567414914262472E-002
 0635  0.5567414914262472E-002
 0636  0.5567414914262472E-002
 0637  0.5567414914262472E-002
 0638  0.5567414914262472E-002
 0639  0.5567414914262472E-002
 0640  0.5567414914262472E-002
 0641  0.5567414914262472E-002
 0642  0.5567414914262472E-002
 0643  0.5567414914262472E-002
 0644  0.5567414914262472E-002
 0645  0.5567414914262472E-002
 0646  0.5567414914262472E-002
 0647  0.5567414914262472E-002
 0648  0.5567414914262472E-002
 0649  0.5567414914262472E-002
 0650  0.5567414914262472E-002
 0651  0.5567414914262472E-002
 0652  0.5567414914262472E-002
 0653  0.5567414914262472E-002
 0654  0.5567414914262472E-002
 0655  0.5567414914262472E-002
 0656  0.5567414914262472E-002
 0657  0.5567414914262472E-002
 0658  0.5567414914262472E-002
 0659  0.5567414914262472E-002
 0660  0.5567414914262472E-002
 0661  0.5567414914262472E-002
 0662  0.5567414914262472E-002
 0663  0.5567414914262472E-002
 0664  0.5567414914262472E-002
 0665  0.5567414914262472E-002
 0666  0.5567414914262472E-002
 0667  0.5567414914262472E-002
 0668  0.5567414914262472E-002
 0669  0.5567414914262472E-002
 0670  0.5567414914262472E-002
 0671  0.5567414914262472E-002
 0672  0.5567414914262472E-002
 0673  0.5567414914262472E-002
 0674  0.5567414914262472E-002
 0675  0.5567414914262472E-002
 0676  0.5567414914262472E-002
 0677  0.5567414914262472E-002
 0678  0.5567414914262472E-002
 0679  0.5567414914262472E-002
 0680  0.5567414914262472E-002
 0681  0.5567414914262472E-002
 0682  0.5567414914262472E-002
 0683  0.5567414914262472E-002
 0684  0.5567414914262472E-002
 0685  0.5567414914262472E-002
 0686  0.5567414914262472E-002
 0687  0.5567414914262472E-002
 0688  0.5567414914262472E-002
 0689  0.5567414914262472E-002
 0690  0.5567414914262472E-002
 0691  0.5567414914262472E-002
 0692  0.5567414914262472E-002
 0693  0.5567414914262472E-002
 0694  0.5567414914262472E-002
 0695  0.5567414914262472E-002
 0696  0.5567414914262472E-002
 0697  0.5567414914262472E-002
 0698  0.5567414914262472E-002
 0699  0.5567414914262472E-002
 0700  0.5567414914262472E-002
 0701  0.5567414914262472E-002
 0702  0.5567414914262472E-002
 0703  0.5567414914262472E-002
 0704  0.5567414914262472E-002
 0705  0.5567414914262472E-002
 0706  0.5567414914262472E-002
 0707  0.5567414914262472E-002
 0708  0.5567414914262472E-002
 0709  0.5567414914262472E-002
 0710  0.5567414914262472E-002
 0711  0.5567414914262472E-002
 0712  0.5567414914262472E-002
 0713  0.5567414914262472E-002
 0714  0.5567414914262472E-002
 0715  0.5567414914262472E-002
 0716  0.5567414914262472E-002
 0717  0.5567414914262472E-002
 0718  0.5567414914262472E-002
 0719  0.5567414914262472E-002
 0720  0.5567414914262472E-002
 0721  0.5567414914262472E-002
 0722  0.5567414914262472E-002
 0723  0.5567414914262472E-002
 0724  0.5567414914262472E-002
 0725  0.5567414914262472E-002
 0726  0.5567414914262472E-002
 0727  0.5567414914262472E-002
 0728  0.5567414914262472E-002
 0729  0.5567414914262472E-002
 0730  0.5567414914262472E-002
 0731  0.5567414914262472E-002
 0732  0.5567414914262472E-002
 0733  0.5567414914262472E-002
 0734  0.5567414914262472E-002
 0735  0.5567414914262472E-002
 0736  0.5567414914262472E-002
 0737  0.5567414914262472E-002
 0738  0.5567414914262472E-002
 0739  0.5567414914262472E-002
 0740  0.5567414914262472E-002
 0741  0.5567414914262472E-002
 0742  0.5567414914262472E-002
 0743  0.5567414914262472E-002
 0744  0.5567414914262472E-002
 0745  0.5567414914262472E-002
 0746  0.5567414914262472E-002
 0747  0.5567414914262472E-002
 0748  0.5567414914262472E-002
 0749  0.5567414914262472E-002
 0750  0.5567414914262472E-002
 0751  0.5567414914262472E-002
 0752  0.5567414914262472E-002
 0753  0.5567414914262472E-002
 0754  0.5567414914262472E-002
 0755  0.5567414914262472E-002
 0756  0.5567414914262472E-002
 0757  0.5567414914262472E-002
 0758  0.5567414914262472E-002
 0759  0.5567414914262472E-002
 0760  0.5567414914262472E-002
 0761  0.5567414914262472E-002
 0762  0.5567414914262472E-002
 0763  0.5567414914262472E-002
 0764  0.5567414914262472E-002
 0765  0.5567414914262472E-002
 0766  0.5567414914262472E-002
 0767  0.5567414914262472E-002
 0768  0.5567414914262472E-002
 0769  0.5567414914262472E-002
 0770  0.5567414914262472E-002
 0771  0.5567414914262472E-002
 0772  0.5567414914262472E-002
 0773  0.5567414914262472E-002
 0774  0.5567414914262472E-002
 0775  0.5567414914262472E-002
 0776  0.5567414914262472E-002
 0777  0.5567414914262472E-002
 0778  0.5567414914262472E-002
 0779  0.5567414914262472E-002
 0780  0.5567414914262472E-002
 0781  0.5567414914262472E-002
 0782  0.5567414914262472E-002
 0783  0.5567414914262472E-002
 0784  0.5567414914262472E-002
 0785  0.5567414914262472E-002
 0786  0.5567414914262472E-002
 0787  0.5567414914262472E-002
 0788  0.5567414914262472E-002
 0789  0.5567414914262472E-002
 0790  0.5567414914262472E-002
 0791  0.5567414914262472E-002
 0792  0.5567414914262472E-002
 0793  0.5567414914262472E-002
 0794  0.5567414914262472E-002
 0795  0.5567414914262472E-002
 0796  0.5567414914262472E-002
 0797  0.5567414914262472E-002
 0798  0.5567414914262472E-002
 0799  0.5567414914262472E-002
 0800  0.5567414914262472E-002
 0801  0.5567414914262472E-002
 0802  0.5567414914262472E-002
 0803  0.5567414914262472E-002
 0804  0.5567414914262472E-002
 0805  0.5567414914262472E-002
 0806  0.5567414914262472E-002
 0807  0.5567414914262472E-002
 0808  0.5567414914262472E-002
 0809  0.5567414914262472E-002
 0810  0.5567414914262472E-002
 0811  0.5567414914262472E-002
 0812  0.5567414914262472E-002
 0813  0.5567414914262472E-002
 0814  0.5567414914262472E-002
 0815  0.5567414914262472E-002
 0816  0.5567414914262472E-002
 0817  0.5567414914262472E-002
 0818  0.5567414914262472E-002
 0819  0.5567414914262472E-002
 0820  0.5567414914262472E-002
 0821  0.5567414914262472E-002
 0822  0.5567414914262472E-002
 0823  0.5567414914262472E-002
 0824  0.5567414914262472E-002
 0825  0.5567414914262472E-002
 0826  0.5567414914262472E-002
 0827  0.5567414914262472E-002
 0828  0.5567414914262472E-002
 0829  0.5567414914262472E-002
 0830  0.5567414914262472E-002
 0831  0.5567414914262472E-002
 0832  0.5567414914262472E-002
 0833  0.5567414914262472E-002
 0834  0.5567414914262472E-002
 0835  0.5567414914262472E-002
 0836  0.5567414914262472E-002
 0837  0.5567414914262472E-002
 0838  0.5567414914262472E-002
 0839  0.5567414914262472E-002
 0840  0.5567414914262472E-002
 0841  0.5567414914262472E-002
 0842  0.5567414914262472E-002
 0843  0.5567414914262472E-002
 0844  0.5567414914262472E-002
 0845  0.5567414914262472E-002
 0846  0.5567414914262472E-002
 0847  0.5567414914262472E-002
 0848  0.5567414914262472E-002
 0849  0.5567414914262472E-002
 0850  0.5567414914262472E-002
 0851  0.5567414914262472E-002
 0852  0.5567414914262472E-002
 0853  0.5567414914262472E-002
 0854  0.5567414914262472E-002
 0855  0.5567414914262472E-002
 0856  0.5567414914262472E-002
 0857  0.5567414914262472E-002
 0858  0.5567414914262472E-002
 0859  0.5567414914262472E-002
 0860  0.5567414914262472E-002
 0861  0.5567414914262472E-002
 0862  0.5567414914262472E-002
 0863  0.5567414914262472E-002
 0864  0.5567414914262472E-002
 0865  0.5567414914262472E-002
 0866  0.5567414914262472E-002
 0867  0.5567414914262472E-002
 0868  0.5567414914262472E-002
 0869  0.5567414914262472E-002
 0870  0.5567414914262472E-002
 0871  0.5567414914262472E-002
 0872  0.5567414914262472E-002
 0873  0.5567414914262472E-002
 0874  0.5567414914262472E-002
 0875  0.5567414914262472E-002
 0876  0.5567414914262472E-002
 0877  0.5567414914262472E-002
 0878  0.5567414914262472E-002
 0879  0.5567414914262472E-002
 0880  0.5567414914262472E-002
 0881  0.5567414914262472E-002
 0882  0.5567414914262472E-002
 0883  0.5567414914262472E-002
 0884  0.5567414914262472E-002
 0885  0.5567414914262472E-002
 0886  0.5567414914262472E-002
 0887  0.5567414914262472E-002
 0888  0.5567414914262472E-002
 0889  0.5567414914262472E-002
 0890  0.5567414914262472E-002
 0891  0.5567414914262472E-002
 0892  0.5567414914262472E-002
 0893  0.5567414914262472E-002
 0894  0.5567414914262472E-002
 0895  0.5567414914262472E-002
 0896  0.5567414914262472E-002
 0897  0.5567414914262472E-002
 0898  0.5567414914262472E-002
 0899  0.5567414914262472E-002
 0900  0.5567414914262472E-002
 0901  0.5567414914262472E-002
 0902  0.5567414914262472E-002
 0903  0.5567414914262472E-002
 0904  0.5567414914262472E-002
 0905  0.5567414914262472E-002
 0906  0.5567414914262472E-002
 0907  0.5567414914262472E-002
 0908  0.5567414914262472E-002
 0909  0.5567414914262472E-002
 0910  0.5567414914262472E-002
 0911  0.5567414914262472E-002
 0912  0.5567414914262472E-002
 0913  0.5567414914262472E-002
 0914  0.5567414914262472E-002
 0915  0.5567414914262472E-002
 0916  0.5567414914262472E-002
 0917  0.5567414914262472E-002
 0918  0.5567414914262472E-002
 0919  0.5567414914262472E-002
 0920  0.5567414914262472E-002
 0921  0.5567414914262472E-002
 0922  0.5567414914262472E-002
 0923  0.5567414914262472E-002
 0924  0.5567414914262472E-002
 0925  0.5567414914262472E-002
 0926  0.5567414914262472E-002
 0927  0.5567414914262472E-002
 0928  0.5567414914262472E-002
 0929  0.5567414914262472E-002
 0930  0.5567414914262472E-002
 0931  0.5567414914262472E-002
 0932  0.5567414914262472E-002
 0933  0.5567414914262472E-002
 0934  0.5567414914262472E-002
 0935  0.5567414914262472E-002
 0936  0.5567414914262472E-002
 0937  0.5567414914262472E-002
 0938  0.5567414914262472E-002
 0939  0.5567414914262472E-002
 0940  0.5567414914262472E-002
 0941  0.5567414914262472E-002
 0942  0.5567414914262472E-002
 0943  0.5567414914262472E-002
 0944  0.5567414914262472E-002
 0945  0.5567414914262472E-002
 0946  0.5567414914262472E-002
 0947  0.5567414914262472E-002
 0948  0.5567414914262472E-002
 0949  0.5567414914262472E-002
 0950  0.5567414914262472E-002
 0951  0.5567414914262472E-002
 0952  0.5567414914262472E-002
 0953  0.5567414914262472E-002
 0954  0.5567414914262472E-002
 0955  0.5567414914262472E-002
 0956  0.5567414914262472E-002
 0957  0.5567414914262472E-002
 0958  0.5567414914262472E-002
 0959  0.5567414914262472E-002
 0960  0.5567414914262472E-002
 0961  0.5567414914262472E-002
 0962  0.5567414914262472E-002
 0963  0.5567414914262472E-002
 0964  0.5567414914262472E-002
 0965  0.5567414914262472E-002
 0966  0.5567414914262472E-002
 0967  0.5567414914262472E-002
 0968  0.5567414914262472E-002
 0969  0.5567414914262472E-002
 0970  0.5567414914262472E-002
 0971  0.5567414914262472E-002
 0972  0.5567414914262472E-002
 0973  0.5567414914262472E-002
 0974  0.5567414914262472E-002
 0975  0.5567414914262472E-002
 0976  0.5567414914262472E-002
 0977  0.5567414914262472E-002
 0978  0.5567414914262472E-002
 0979  0.5567414914262472E-002
 0980  0.5567414914262472E-002
 0981  0.5567414914262472E-002
 0982  0.5567414914262472E-002
 0983  0.5567414914262472E-002
 0984  0.5567414914262472E-002
 0985  0.5567414914262472E-002
 0986  0.5567414914262472E-002
 0987  0.5567414914262472E-002
 0988  0.5567414914262472E-002
 0989  0.5567414914262472E-002
 0990  0.5567414914262472E-002
 0991  0.5567414914262472E-002
 0992  0.5567414914262472E-002
 0993  0.5567414914262472E-002
 0994  0.5567414914262472E-002
 0995  0.5567414914262472E-002
 0996  0.5567414914262472E-002
 0997  0.5567414914262472E-002
 0998  0.5567414914262472E-002
 0999  0.5567414914262472E-002
 1000  0.5567414914262472E-002
