 0001  0.1196104965544439E-001
 0002  0.1225035195763151E-001
 0003  0.1225035195763151E-001
 0004  0.1225035195763151E-001
 0005  0.1258508718790964E-001
 0006  0.1258508718790964E-001
 0007  0.1296301371581163E-001
 0008  0.1296301371581163E-001
 0009  0.1333216407548842E-001
 0010  0.1333216407548841E-001
 0011  0.1333216407548841E-001
 0012  0.1375256375664255E-001
 0013  0.1375256375664254E-001
 0014  0.1416320096268251E-001
 0015  0.1416320096268251E-001
 0016  0.1462464755631470E-001
 0017  0.1462464755631470E-001
 0018  0.1513993357034623E-001
 0019  0.1513993357034622E-001
 0020  0.1564325366928750E-001
 0021  0.1564325366928750E-001
 0022  0.1620888759478642E-001
 0023  0.1620888759478642E-001
 0024  0.1683197278625585E-001
 0025  0.1683197278625584E-001
 0026  0.1751701284623774E-001
 0027  0.1816725352882686E-001
 0028  0.1816725352882686E-001
 0029  0.1888905883277611E-001
 0030  0.1888905883277611E-001
 0031  0.1968599314639840E-001
 0032  0.1968599314639841E-001
 0033  0.2046442113912385E-001
 0034  0.2129221559062894E-001
 0035  0.2129221559062894E-001
 0036  0.2223948189077254E-001
 0037  0.2223948189077254E-001
 0038  0.2316475087717825E-001
 0039  0.2426380392258502E-001
 0040  0.2426380392258502E-001
 0041  0.2567357166269186E-001
 0042  0.2744171980500420E-001
 0043  0.2744171980500420E-001
 0044  0.2916880820581029E-001
 0045  0.2916880820581029E-001
 0046  0.3132909635260758E-001
 0047  0.3393076615998455E-001
 0048  0.3393076615998455E-001
 0049  0.3721729687310320E-001
 0050  0.4027206238807158E-001
 0051  0.4405286724894551E-001
 0052  0.4405286724894551E-001
 0053  0.4887521075231292E-001
 0054  0.5436277277074224E-001
 0055  0.5436277277074224E-001
 0056  0.5972290322810248E-001
 0057  0.6601406922965646E-001
 0058  0.6601406922965646E-001
 0059  0.7375342630324030E-001
 0060  0.8255520946950401E-001
 0061  0.9242944625828912E-001
 0062  0.9242944625828912E-001
 0063  0.1020743846074149E+000
 0064  0.1127425461063835E+000
 0065  0.1244793162851073E+000
 0066  0.1244793162851073E+000
 0067  0.1382080810291210E+000
 0068  0.1529820357531670E+000
 0069  0.1663595887034529E+000
 0070  0.1663595887034529E+000
 0071  0.1822590245031837E+000
 0072  0.1993617886635230E+000
 0073  0.2172010726726864E+000
 0074  0.2357502701360126E+000
 0075  0.2357502701360126E+000
 0076  0.2538687201779169E+000
 0077  0.2730460625449478E+000
 0078  0.2930846857590523E+000
 0079  0.3137792698245552E+000
 0080  0.3137792698245552E+000
 0081  0.3370160972310954E+000
 0082  0.3603004789361667E+000
 0083  0.3807479892163868E+000
 0084  0.4018064406072627E+000
 0085  0.4018064406072627E+000
 0086  0.4256321262246286E+000
 0087  0.4492818540024207E+000
 0088  0.4726134284973486E+000
 0089  0.4955462127897347E+000
 0090  0.5180367567992532E+000
 0091  0.5180367567992532E+000
 0092  0.5429246674898424E+000
 0093  0.5668397267314058E+000
 0094  0.5894008841178354E+000
 0095  0.6104612016856386E+000
 0096  0.6299195297123418E+000
 0097  0.6476047958548931E+000
 0098  0.6633334011986177E+000
 0099  0.6769395633988455E+000
 0100  0.6882894592334081E+000
 0101  0.6968038907229008E+000
 0102  0.7025958572504957E+000
 0103  0.7058033951507233E+000
 0104  0.7065868321267488E+000
 0105  0.7051247321430859E+000
 0106  0.7016092409191983E+000
 0107  0.6941525226986571E+000
 0108  0.6855890199734889E+000
 0109  0.6760405313320381E+000
 0110  0.6656217849923647E+000
 0111  0.6544576689669044E+000
 0112  0.6426770345826657E+000
 0113  0.6193964906708880E+000
 0114  0.6079721673016920E+000
 0115  0.5962501000704656E+000
 0116  0.5842270171031416E+000
 0117  0.5720484691484704E+000
 0118  0.5598367287272297E+000
 0119  0.5476938191503338E+000
 0120  0.5357041654759455E+000
 0121  0.5239369170591966E+000
 0122  0.5124479841090689E+000
 0123  0.5003918738888945E+000
 0124  0.4889629551483081E+000
 0125  0.4781326354775955E+000
 0126  0.4678744052665190E+000
 0127  0.4581634143083030E+000
 0128  0.4489761447201048E+000
 0129  0.4402901615591205E+000
 0130  0.4251713514822179E+000
 0131  0.4185681538069705E+000
 0132  0.4122550655591077E+000
 0133  0.4062319000510085E+000
 0134  0.4004963221290738E+000
 0135  0.3950442173129166E+000
 0136  0.3898700140363912E+000
 0137  0.3847296430303664E+000
 0138  0.3799209728081188E+000
 0139  0.3754226955169063E+000
 0140  0.3712149871099145E+000
 0141  0.3672744744725679E+000
 0142  0.3635858041403119E+000
 0143  0.3601342655951179E+000
 0144  0.3569058592537236E+000
 0145  0.3513578890641757E+000
 0146  0.3489663491014506E+000
 0147  0.3467070644779389E+000
 0148  0.3445744315094997E+000
 0149  0.3424916058310272E+000
 0150  0.3405432124307982E+000
 0151  0.3387192246845913E+000
 0152  0.3370119749092519E+000
 0153  0.3354142430619394E+000
 0154  0.3339192329500613E+000
 0155  0.3325205494721219E+000
 0156  0.3312121768717604E+000
 0157  0.3299884579831120E+000
 0158  0.3278750849704821E+000
 0159  0.3269603159321940E+000
 0160  0.3260725208714667E+000
 0161  0.3252393474240840E+000
 0162  0.3244574931249830E+000
 0163  0.3237238505626076E+000
 0164  0.3230354962328429E+000
 0165  0.3223896799981715E+000
 0166  0.3217838151222155E+000
 0167  0.3212154670583880E+000
 0168  0.3206823470229106E+000
 0169  0.3201821076877052E+000
 0170  0.3193014023088824E+000
 0171  0.3189140416463575E+000
 0172  0.3185493145108145E+000
 0173  0.3182059099521781E+000
 0174  0.3178825922811701E+000
 0175  0.3175781967796336E+000
 0176  0.3172916256549742E+000
 0177  0.3170217680538828E+000
 0178  0.3167676706109946E+000
 0179  0.3165237165053134E+000
 0180  0.3162947928644087E+000
 0181  0.3158945334437350E+000
 0182  0.3157192907982690E+000
 0183  0.3155536317044333E+000
 0184  0.3153970416927764E+000
 0185  0.3152490330546855E+000
 0186  0.3151091435250387E+000
 0187  0.3149769350230905E+000
 0188  0.3148498527944290E+000
 0189  0.3147300746618261E+000
 0190  0.3145186763131635E+000
 0191  0.3144252828555621E+000
 0192  0.3143367129019717E+000
 0193  0.3142527205898674E+000
 0194  0.3141730722602815E+000
 0195  0.3140963980994235E+000
 0196  0.3140238415186913E+000
 0197  0.3139551779216159E+000
 0198  0.3138901951269348E+000
 0199  0.3138286927102881E+000
 0200  0.3137192562868227E+000
 0201  0.3136705168526660E+000
 0202  0.3136235125763367E+000
 0203  0.3135788742923310E+000
 0204  0.3135364811724219E+000
 0205  0.3134962186530517E+000
 0206  0.3134579781053479E+000
 0207  0.3134216527983418E+000
 0208  0.3133561559845147E+000
 0209  0.3133266320032925E+000
 0210  0.3132985036422063E+000
 0211  0.3132717017718850E+000
 0212  0.3132461632587925E+000
 0213  0.3132218279901981E+000
 0214  0.3131986387363173E+000
 0215  0.3131762925529425E+000
 0216  0.3131360466168836E+000
 0217  0.3131179121267394E+000
 0218  0.3131005832082649E+000
 0219  0.3130840237577680E+000
 0220  0.3130681993018682E+000
 0221  0.3130529186286608E+000
 0222  0.3130383317625297E+000
 0223  0.3130118998603512E+000
 0224  0.3129999175502685E+000
 0225  0.3129884374459783E+000
 0226  0.3129773328987258E+000
 0227  0.3129667043821248E+000
 0228  0.3129565305225180E+000
 0229  0.3129467914916351E+000
 0230  0.3129290459045746E+000
 0231  0.3129208852864948E+000
 0232  0.3129130552768549E+000
 0233  0.3129055422336086E+000
 0234  0.3128983330862588E+000
 0235  0.3128914150129066E+000
 0236  0.3128847760653377E+000
 0237  0.3128725217830135E+000
 0238  0.3128669156062915E+000
 0239  0.3128615242512051E+000
 0240  0.3128563393548171E+000
 0241  0.3128513137319089E+000
 0242  0.3128464836446013E+000
 0243  0.3128376083939365E+000
 0244  0.3128335294464203E+000
 0245  0.3128295697677209E+000
 0246  0.3128257564410116E+000
 0247  0.3128220838147666E+000
 0248  0.3128185465774057E+000
 0249  0.3128119976905996E+000
 0250  0.3128089661765835E+000
 0251  0.3128060411130895E+000
 0252  0.3128032186042109E+000
 0253  0.3128004770186680E+000
 0254  0.3127978328298835E+000
 0255  0.3127929385986067E+000
 0256  0.3127906730925679E+000
 0257  0.3127884693792777E+000
 0258  0.3127863401989088E+000
 0259  0.3127842829616470E+000
 0260  0.3127804506103694E+000
 0261  0.3127786656316663E+000
 0262  0.3127769382194281E+000
 0263  0.3127752664691051E+000
 0264  0.3127736392555673E+000
 0265  0.3127706086425253E+000
 0266  0.3127691971280674E+000
 0267  0.3127678215572752E+000
 0268  0.3127664887810306E+000
 0269  0.3127651974283226E+000
 0270  0.3127627788058082E+000
 0271  0.3127616462120557E+000
 0272  0.3127605473073280E+000
 0273  0.3127594756876531E+000
 0274  0.3127574690844014E+000
 0275  0.3127565295164095E+000
 0276  0.3127556122724680E+000
 0277  0.3127547213962316E+000
 0278  0.3127538560947373E+000
 0279  0.3127522241439530E+000
 0280  0.3127514582968689E+000
 0281  0.3127507135384441E+000
 0282  0.3127499860051060E+000
 0283  0.3127486172581727E+000
 0284  0.3127479705531492E+000
 0285  0.3127473410921343E+000
 0286  0.3127467283938423E+000
 0287  0.3127455683166577E+000
 0288  0.3127450215185210E+000
 0289  0.3127444865551254E+000
 0290  0.3127439653882684E+000
 0291  0.3127429789558152E+000
 0292  0.3127425121544933E+000
 0293  0.3127420569319512E+000
 0294  0.3127416112978142E+000
 0295  0.3127407664589332E+000
 0296  0.3127403660140830E+000
 0297  0.3127399751953191E+000
 0298  0.3127392316066190E+000
 0299  0.3127388791862898E+000
 0300  0.3127385337274767E+000
 0301  0.3127381963201757E+000
 0302  0.3127375534785373E+000
 0303  0.3127372483262534E+000
 0304  0.3127369490467667E+000
 0305  0.3127363790098869E+000
 0306  0.3127361075540053E+000
 0307  0.3127358411967802E+000
 0308  0.3127355806826884E+000
 0309  0.3127350838101559E+000
 0310  0.3127348468747162E+000
 0311  0.3127346142682729E+000
 0312  0.3127341700642647E+000
 0313  0.3127339579777778E+000
 0314  0.3127337496691900E+000
 0315  0.3127333513654335E+000
 0316  0.3127331609164102E+000
 0317  0.3127329736180612E+000
 0318  0.3127326145827793E+000
 0319  0.3127324424432273E+000
 0320  0.3127322728288464E+000
 0321  0.3127319468937747E+000
 0322  0.3127317902406660E+000
 0323  0.3127316356286580E+000
 0324  0.3127313378722363E+000
 0325  0.3127311938070184E+000
 0326  0.3127309158919485E+000
 0327  0.3127307818154588E+000
 0328  0.3127306491705821E+000
 0329  0.3127303922402169E+000
 0330  0.3127302677854130E+000
 0331  0.3127301451651348E+000
 0332  0.3127299066895908E+000
 0333  0.3127297912999499E+000
 0334  0.3127295666030763E+000
 0335  0.3127294577572997E+000
 0336  0.3127293498335844E+000
 0337  0.3127291399986402E+000
 0338  0.3127290379874327E+000
 0339  0.3127288389705004E+000
 0340  0.3127287423854779E+000
 0341  0.3127285537971128E+000
 0342  0.3127284617435134E+000
 0343  0.3127283708278656E+000
 0344  0.3127281932077317E+000
 0345  0.3127281064580975E+000
 0346  0.3127279369175274E+000
 0347  0.3127278544724196E+000
 0348  0.3127276932430693E+000
 0349  0.3127276144239116E+000
 0350  0.3127274602436438E+000
 0351  0.3127273848502535E+000
 0352  0.3127272373334053E+000
 0353  0.3127271651808489E+000
 0354  0.3127270239980475E+000
 0355  0.3127269549520941E+000
 0356  0.3127268198682674E+000
 0357  0.3127267538127061E+000
 0358  0.3127266245897355E+000
 0359  0.3127265614034173E+000
 0360  0.3127264375963138E+000
 0361  0.3127263769669681E+000
 0362  0.3127262583858367E+000
 0363  0.3127262004131129E+000
 0364  0.3127260866944940E+000
 0365  0.3127259769499485E+000
 0366  0.3127259232199878E+000
 0367  0.3127258179892649E+000
 0368  0.3127257664743243E+000
 0369  0.3127256654686765E+000
 0370  0.3127255678596956E+000
 0371  0.3127255200252228E+000
 0372  0.3127254263500047E+000
 0373  0.3127253804016784E+000
 0374  0.3127252904265000E+000
 0375  0.3127252033045007E+000
 0376  0.3127251605806720E+000
 0377  0.3127250767743257E+000
 0378  0.3127249956399715E+000
 0379  0.3127249558595686E+000
 0380  0.3127248778361434E+000
 0381  0.3127248022454944E+000
 0382  0.3127247651607613E+000
 0383  0.3127246923846923E+000
 0384  0.3127246217967868E+000
 0385  0.3127245533341730E+000
 0386  0.3127245197174288E+000
 0387  0.3127244536936925E+000
 0388  0.3127243896424611E+000
 0389  0.3127243274765100E+000
 0390  0.3127242969239747E+000
 0391  0.3127242369152571E+000
 0392  0.3127241786078192E+000
 0393  0.3127241219442099E+000
 0394  0.3127240668872521E+000
 0395  0.3127240133409102E+000
 0396  0.3127239870149935E+000
 0397  0.3127239352395307E+000
 0398  0.3127238848674686E+000
 0399  0.3127238358538376E+000
 0400  0.3127237881465408E+000
 0401  0.3127237416959276E+000
 0402  0.3127236964581995E+000
 0403  0.3127236523910049E+000
 0404  0.3127236094521152E+000
 0405  0.3127235676288958E+000
 0406  0.3127235270510267E+000
 0407  0.3127234876974303E+000
 0408  0.3127234495178857E+000
 0409  0.3127234124647656E+000
 0410  0.3127233764928756E+000
 0411  0.3127233415593051E+000
 0412  0.3127233076232890E+000
 0413  0.3127232746460789E+000
 0414  0.3127232425908240E+000
 0415  0.3127232114224588E+000
 0416  0.3127231664176792E+000
 0417  0.3127231375259310E+000
 0418  0.3127231094017415E+000
 0419  0.3127230820173665E+000
 0420  0.3127230553463279E+000
 0421  0.3127230167524422E+000
 0422  0.3127229919240363E+000
 0423  0.3127229677181574E+000
 0424  0.3127229326459950E+000
 0425  0.3127229100544934E+000
 0426  0.3127228880090205E+000
 0427  0.3127228560287271E+000
 0428  0.3127228354045519E+000
 0429  0.3127228054608282E+000
 0430  0.3127227861340496E+000
 0431  0.3127227580515752E+000
 0432  0.3127227399118983E+000
 0433  0.3127227135343720E+000
 0434  0.3127226964833219E+000
 0435  0.3127226716709947E+000
 0436  0.3127226477949820E+000
 0437  0.3127226323431058E+000
 0438  0.3127226098327058E+000
 0439  0.3127225881422049E+000
 0440  0.3127225672309815E+000
 0441  0.3127225470609914E+000
 0442  0.3127225275965703E+000
 0443  0.3127225088042518E+000
 0444  0.3127224906526040E+000
 0445  0.3127224731120788E+000
 0446  0.3127224561548745E+000
 0447  0.3127224397548108E+000
 0448  0.3127224238872137E+000
 0449  0.3127224085288101E+000
 0450  0.3127223888406297E+000
 0451  0.3127223746381889E+000
 0452  0.3127223608739160E+000
 0453  0.3127223432031248E+000
 0454  0.3127223262970116E+000
 0455  0.3127223140768619E+000
 0456  0.3127222983644915E+000
 0457  0.3127222833061665E+000
 0458  0.3127222688660110E+000
 0459  0.3127222550106669E+000
 0460  0.3127222417090792E+000
 0461  0.3127222289323013E+000
 0462  0.3127222166533214E+000
 0463  0.3127222048469028E+000
 0464  0.3127221907346883E+000
 0465  0.3127221773129174E+000
 0466  0.3127221670335955E+000
 0467  0.3127221547242493E+000
 0468  0.3127221429940293E+000
 0469  0.3127221296460865E+000
 0470  0.3127221190915876E+000
 0471  0.3127221070632764E+000
 0472  0.3127220975384302E+000
 0473  0.3127220866686381E+000
 0474  0.3127220747282239E+000
 0475  0.3127220650844862E+000
 0476  0.3127220544727069E+000
 0477  0.3127220445075912E+000
 0478  0.3127220351415319E+000
 0479  0.3127220251218050E+000
 0480  0.3127220146636350E+000
 0481  0.3127220060306351E+000
 0482  0.3127219960442176E+000
 0483  0.3127219868805997E+000
 0484  0.3127219784615146E+000
 0485  0.3127219692517725E+000
 0486  0.3127219602678983E+000
 0487  0.3127219516200441E+000
 0488  0.3127219433971066E+000
 0489  0.3127219347735050E+000
 0490  0.3127219269393663E+000
 0491  0.3127219186122950E+000
 0492  0.3127219107173361E+000
 0493  0.3127219028320667E+000
 0494  0.3127218986814791E+000
 0495  0.3127218986814791E+000
 0496  0.3127218986814791E+000
 0497  0.3127218986814791E+000
 0498  0.3127218986814791E+000
 0499  0.3127218986814791E+000
 0500  0.3127218986814791E+000
 0501  0.3127218986814791E+000
 0502  0.3127218986814791E+000
 0503  0.3127218986814791E+000
 0504  0.3127218986814791E+000
 0505  0.3127218986814791E+000
 0506  0.3127218986814791E+000
 0507  0.3127218986814791E+000
 0508  0.3127218986814791E+000
 0509  0.3127218986814791E+000
 0510  0.3127218986814791E+000
 0511  0.3127218986814791E+000
 0512  0.3127218986814791E+000
 0513  0.3127218986814791E+000
 0514  0.3127218986814791E+000
 0515  0.3127218986814791E+000
 0516  0.3127218986814791E+000
 0517  0.3127218986814791E+000
 0518  0.3127218986814791E+000
 0519  0.3127218986814791E+000
 0520  0.3127218986814791E+000
 0521  0.3127218986814791E+000
 0522  0.3127218986814791E+000
 0523  0.3127218986814791E+000
 0524  0.3127218986814791E+000
 0525  0.3127218986814791E+000
 0526  0.3127218986814791E+000
 0527  0.3127218986814791E+000
 0528  0.3127218986814791E+000
 0529  0.3127218986814791E+000
 0530  0.3127218986814791E+000
 0531  0.3127218986814791E+000
 0532  0.3127218986814791E+000
 0533  0.3127218986814791E+000
 0534  0.3127218986814791E+000
 0535  0.3127218986814791E+000
 0536  0.3127218986814791E+000
 0537  0.3127218986814791E+000
 0538  0.3127218986814791E+000
 0539  0.3127218986814791E+000
 0540  0.3127218986814791E+000
 0541  0.3127218986814791E+000
 0542  0.3127218986814791E+000
 0543  0.3127218986814791E+000
 0544  0.3127218986814791E+000
 0545  0.3127218986814791E+000
 0546  0.3127218986814791E+000
 0547  0.3127218986814791E+000
 0548  0.3127218986814791E+000
 0549  0.3127218986814791E+000
 0550  0.3127218986814791E+000
 0551  0.3127218986814791E+000
 0552  0.3127218986814791E+000
 0553  0.3127218986814791E+000
 0554  0.3127218986814791E+000
 0555  0.3127218986814791E+000
 0556  0.3127218986814791E+000
 0557  0.3127218986814791E+000
 0558  0.3127218986814791E+000
 0559  0.3127218986814791E+000
 0560  0.3127218986814791E+000
 0561  0.3127218986814791E+000
 0562  0.3127218986814791E+000
 0563  0.3127218986814791E+000
 0564  0.3127218986814791E+000
 0565  0.3127218986814791E+000
 0566  0.3127218986814791E+000
 0567  0.3127218986814791E+000
 0568  0.3127218986814791E+000
 0569  0.3127218986814791E+000
 0570  0.3127218986814791E+000
 0571  0.3127218986814791E+000
 0572  0.3127218986814791E+000
 0573  0.3127218986814791E+000
 0574  0.3127218986814791E+000
 0575  0.3127218986814791E+000
 0576  0.3127218986814791E+000
 0577  0.3127218986814791E+000
 0578  0.3127218986814791E+000
 0579  0.3127218986814791E+000
 0580  0.3127218986814791E+000
 0581  0.3127218986814791E+000
 0582  0.3127218986814791E+000
 0583  0.3127218986814791E+000
 0584  0.3127218986814791E+000
 0585  0.3127218986814791E+000
 0586  0.3127218986814791E+000
 0587  0.3127218986814791E+000
 0588  0.3127218986814791E+000
 0589  0.3127218986814791E+000
 0590  0.3127218986814791E+000
 0591  0.3127218986814791E+000
 0592  0.3127218986814791E+000
 0593  0.3127218986814791E+000
 0594  0.3127218986814791E+000
 0595  0.3127218986814791E+000
 0596  0.3127218986814791E+000
 0597  0.3127218986814791E+000
 0598  0.3127218986814791E+000
 0599  0.3127218986814791E+000
 0600  0.3127218986814791E+000
 0601  0.3127218986814791E+000
 0602  0.3127218986814791E+000
 0603  0.3127218986814791E+000
 0604  0.3127218986814791E+000
 0605  0.3127218986814791E+000
 0606  0.3127218986814791E+000
 0607  0.3127218986814791E+000
 0608  0.3127218986814791E+000
 0609  0.3127218986814791E+000
 0610  0.3127218986814791E+000
 0611  0.3127218986814791E+000
 0612  0.3127218986814791E+000
 0613  0.3127218986814791E+000
 0614  0.3127218986814791E+000
 0615  0.3127218986814791E+000
 0616  0.3127218986814791E+000
 0617  0.3127218986814791E+000
 0618  0.3127218986814791E+000
 0619  0.3127218986814791E+000
 0620  0.3127218986814791E+000
 0621  0.3127218986814791E+000
 0622  0.3127218986814791E+000
 0623  0.3127218986814791E+000
 0624  0.3127218986814791E+000
 0625  0.3127218986814791E+000
 0626  0.3127218986814791E+000
 0627  0.3127218986814791E+000
 0628  0.3127218986814791E+000
 0629  0.3127218986814791E+000
 0630  0.3127218986814791E+000
 0631  0.3127218986814791E+000
 0632  0.3127218986814791E+000
 0633  0.3127218986814791E+000
 0634  0.3127218986814791E+000
 0635  0.3127218986814791E+000
 0636  0.3127218986814791E+000
 0637  0.3127218986814791E+000
 0638  0.3127218986814791E+000
 0639  0.3127218986814791E+000
 0640  0.3127218986814791E+000
 0641  0.3127218986814791E+000
 0642  0.3127218986814791E+000
 0643  0.3127218986814791E+000
 0644  0.3127218986814791E+000
 0645  0.3127218986814791E+000
 0646  0.3127218986814791E+000
 0647  0.3127218986814791E+000
 0648  0.3127218986814791E+000
 0649  0.3127218986814791E+000
 0650  0.3127218986814791E+000
 0651  0.3127218986814791E+000
 0652  0.3127218986814791E+000
 0653  0.3127218986814791E+000
 0654  0.3127218986814791E+000
 0655  0.3127218986814791E+000
 0656  0.3127218986814791E+000
 0657  0.3127218986814791E+000
 0658  0.3127218986814791E+000
 0659  0.3127218986814791E+000
 0660  0.3127218986814791E+000
 0661  0.3127218986814791E+000
 0662  0.3127218986814791E+000
 0663  0.3127218986814791E+000
 0664  0.3127218986814791E+000
 0665  0.3127218986814791E+000
 0666  0.3127218986814791E+000
 0667  0.3127218986814791E+000
 0668  0.3127218986814791E+000
 0669  0.3127218986814791E+000
 0670  0.3127218986814791E+000
 0671  0.3127218986814791E+000
 0672  0.3127218986814791E+000
 0673  0.3127218986814791E+000
 0674  0.3127218986814791E+000
 0675  0.3127218986814791E+000
 0676  0.3127218986814791E+000
 0677  0.3127218986814791E+000
 0678  0.3127218986814791E+000
 0679  0.3127218986814791E+000
 0680  0.3127218986814791E+000
 0681  0.3127218986814791E+000
 0682  0.3127218986814791E+000
 0683  0.3127218986814791E+000
 0684  0.3127218986814791E+000
 0685  0.3127218986814791E+000
 0686  0.3127218986814791E+000
 0687  0.3127218986814791E+000
 0688  0.3127218986814791E+000
 0689  0.3127218986814791E+000
 0690  0.3127218986814791E+000
 0691  0.3127218986814791E+000
 0692  0.3127218986814791E+000
 0693  0.3127218986814791E+000
 0694  0.3127218986814791E+000
 0695  0.3127218986814791E+000
 0696  0.3127218986814791E+000
 0697  0.3127218986814791E+000
 0698  0.3127218986814791E+000
 0699  0.3127218986814791E+000
 0700  0.3127218986814791E+000
 0701  0.3127218986814791E+000
 0702  0.3127218986814791E+000
 0703  0.3127218986814791E+000
 0704  0.3127218986814791E+000
 0705  0.3127218986814791E+000
 0706  0.3127218986814791E+000
 0707  0.3127218986814791E+000
 0708  0.3127218986814791E+000
 0709  0.3127218986814791E+000
 0710  0.3127218986814791E+000
 0711  0.3127218986814791E+000
 0712  0.3127218986814791E+000
 0713  0.3127218986814791E+000
 0714  0.3127218986814791E+000
 0715  0.3127218986814791E+000
 0716  0.3127218986814791E+000
 0717  0.3127218986814791E+000
 0718  0.3127218986814791E+000
 0719  0.3127218986814791E+000
 0720  0.3127218986814791E+000
 0721  0.3127218986814791E+000
 0722  0.3127218986814791E+000
 0723  0.3127218986814791E+000
 0724  0.3127218986814791E+000
 0725  0.3127218986814791E+000
 0726  0.3127218986814791E+000
 0727  0.3127218986814791E+000
 0728  0.3127218986814791E+000
 0729  0.3127218986814791E+000
 0730  0.3127218986814791E+000
 0731  0.3127218986814791E+000
 0732  0.3127218986814791E+000
 0733  0.3127218986814791E+000
 0734  0.3127218986814791E+000
 0735  0.3127218986814791E+000
 0736  0.3127218986814791E+000
 0737  0.3127218986814791E+000
 0738  0.3127218986814791E+000
 0739  0.3127218986814791E+000
 0740  0.3127218986814791E+000
 0741  0.3127218986814791E+000
 0742  0.3127218986814791E+000
 0743  0.3127218986814791E+000
 0744  0.3127218986814791E+000
 0745  0.3127218986814791E+000
 0746  0.3127218986814791E+000
 0747  0.3127218986814791E+000
 0748  0.3127218986814791E+000
 0749  0.3127218986814791E+000
 0750  0.3127218986814791E+000
 0751  0.3127218986814791E+000
 0752  0.3127218986814791E+000
 0753  0.3127218986814791E+000
 0754  0.3127218986814791E+000
 0755  0.3127218986814791E+000
 0756  0.3127218986814791E+000
 0757  0.3127218986814791E+000
 0758  0.3127218986814791E+000
 0759  0.3127218986814791E+000
 0760  0.3127218986814791E+000
 0761  0.3127218986814791E+000
 0762  0.3127218986814791E+000
 0763  0.3127218986814791E+000
 0764  0.3127218986814791E+000
 0765  0.3127218986814791E+000
 0766  0.3127218986814791E+000
 0767  0.3127218986814791E+000
 0768  0.3127218986814791E+000
 0769  0.3127218986814791E+000
 0770  0.3127218986814791E+000
 0771  0.3127218986814791E+000
 0772  0.3127218986814791E+000
 0773  0.3127218986814791E+000
 0774  0.3127218986814791E+000
 0775  0.3127218986814791E+000
 0776  0.3127218986814791E+000
 0777  0.3127218986814791E+000
 0778  0.3127218986814791E+000
 0779  0.3127218986814791E+000
 0780  0.3127218986814791E+000
 0781  0.3127218986814791E+000
 0782  0.3127218986814791E+000
 0783  0.3127218986814791E+000
 0784  0.3127218986814791E+000
 0785  0.3127218986814791E+000
 0786  0.3127218986814791E+000
 0787  0.3127218986814791E+000
 0788  0.3127218986814791E+000
 0789  0.3127218986814791E+000
 0790  0.3127218986814791E+000
 0791  0.3127218986814791E+000
 0792  0.3127218986814791E+000
 0793  0.3127218986814791E+000
 0794  0.3127218986814791E+000
 0795  0.3127218986814791E+000
 0796  0.3127218986814791E+000
 0797  0.3127218986814791E+000
 0798  0.3127218986814791E+000
 0799  0.3127218986814791E+000
 0800  0.3127218986814791E+000
 0801  0.3127218986814791E+000
 0802  0.3127218986814791E+000
 0803  0.3127218986814791E+000
 0804  0.3127218986814791E+000
 0805  0.3127218986814791E+000
 0806  0.3127218986814791E+000
 0807  0.3127218986814791E+000
 0808  0.3127218986814791E+000
 0809  0.3127218986814791E+000
 0810  0.3127218986814791E+000
 0811  0.3127218986814791E+000
 0812  0.3127218986814791E+000
 0813  0.3127218986814791E+000
 0814  0.3127218986814791E+000
 0815  0.3127218986814791E+000
 0816  0.3127218986814791E+000
 0817  0.3127218986814791E+000
 0818  0.3127218986814791E+000
 0819  0.3127218986814791E+000
 0820  0.3127218986814791E+000
 0821  0.3127218986814791E+000
 0822  0.3127218986814791E+000
 0823  0.3127218986814791E+000
 0824  0.3127218986814791E+000
 0825  0.3127218986814791E+000
 0826  0.3127218986814791E+000
 0827  0.3127218986814791E+000
 0828  0.3127218986814791E+000
 0829  0.3127218986814791E+000
 0830  0.3127218986814791E+000
 0831  0.3127218986814791E+000
 0832  0.3127218986814791E+000
 0833  0.3127218986814791E+000
 0834  0.3127218986814791E+000
 0835  0.3127218986814791E+000
 0836  0.3127218986814791E+000
 0837  0.3127218986814791E+000
 0838  0.3127218986814791E+000
 0839  0.3127218986814791E+000
 0840  0.3127218986814791E+000
 0841  0.3127218986814791E+000
 0842  0.3127218986814791E+000
 0843  0.3127218986814791E+000
 0844  0.3127218986814791E+000
 0845  0.3127218986814791E+000
 0846  0.3127218986814791E+000
 0847  0.3127218986814791E+000
 0848  0.3127218986814791E+000
 0849  0.3127218986814791E+000
 0850  0.3127218986814791E+000
 0851  0.3127218986814791E+000
 0852  0.3127218986814791E+000
 0853  0.3127218986814791E+000
 0854  0.3127218986814791E+000
 0855  0.3127218986814791E+000
 0856  0.3127218986814791E+000
 0857  0.3127218986814791E+000
 0858  0.3127218986814791E+000
 0859  0.3127218986814791E+000
 0860  0.3127218986814791E+000
 0861  0.3127218986814791E+000
 0862  0.3127218986814791E+000
 0863  0.3127218986814791E+000
 0864  0.3127218986814791E+000
 0865  0.3127218986814791E+000
 0866  0.3127218986814791E+000
 0867  0.3127218986814791E+000
 0868  0.3127218986814791E+000
 0869  0.3127218986814791E+000
 0870  0.3127218986814791E+000
 0871  0.3127218986814791E+000
 0872  0.3127218986814791E+000
 0873  0.3127218986814791E+000
 0874  0.3127218986814791E+000
 0875  0.3127218986814791E+000
 0876  0.3127218986814791E+000
 0877  0.3127218986814791E+000
 0878  0.3127218986814791E+000
 0879  0.3127218986814791E+000
 0880  0.3127218986814791E+000
 0881  0.3127218986814791E+000
 0882  0.3127218986814791E+000
 0883  0.3127218986814791E+000
 0884  0.3127218986814791E+000
 0885  0.3127218986814791E+000
 0886  0.3127218986814791E+000
 0887  0.3127218986814791E+000
 0888  0.3127218986814791E+000
 0889  0.3127218986814791E+000
 0890  0.3127218986814791E+000
 0891  0.3127218986814791E+000
 0892  0.3127218986814791E+000
 0893  0.3127218986814791E+000
 0894  0.3127218986814791E+000
 0895  0.3127218986814791E+000
 0896  0.3127218986814791E+000
 0897  0.3127218986814791E+000
 0898  0.3127218986814791E+000
 0899  0.3127218986814791E+000
 0900  0.3127218986814791E+000
 0901  0.3127218986814791E+000
 0902  0.3127218986814791E+000
 0903  0.3127218986814791E+000
 0904  0.3127218986814791E+000
 0905  0.3127218986814791E+000
 0906  0.3127218986814791E+000
 0907  0.3127218986814791E+000
 0908  0.3127218986814791E+000
 0909  0.3127218986814791E+000
 0910  0.3127218986814791E+000
 0911  0.3127218986814791E+000
 0912  0.3127218986814791E+000
 0913  0.3127218986814791E+000
 0914  0.3127218986814791E+000
 0915  0.3127218986814791E+000
 0916  0.3127218986814791E+000
 0917  0.3127218986814791E+000
 0918  0.3127218986814791E+000
 0919  0.3127218986814791E+000
 0920  0.3127218986814791E+000
 0921  0.3127218986814791E+000
 0922  0.3127218986814791E+000
 0923  0.3127218986814791E+000
 0924  0.3127218986814791E+000
 0925  0.3127218986814791E+000
 0926  0.3127218986814791E+000
 0927  0.3127218986814791E+000
 0928  0.3127218986814791E+000
 0929  0.3127218986814791E+000
 0930  0.3127218986814791E+000
 0931  0.3127218986814791E+000
 0932  0.3127218986814791E+000
 0933  0.3127218986814791E+000
 0934  0.3127218986814791E+000
 0935  0.3127218986814791E+000
 0936  0.3127218986814791E+000
 0937  0.3127218986814791E+000
 0938  0.3127218986814791E+000
 0939  0.3127218986814791E+000
 0940  0.3127218986814791E+000
 0941  0.3127218986814791E+000
 0942  0.3127218986814791E+000
 0943  0.3127218986814791E+000
 0944  0.3127218986814791E+000
 0945  0.3127218986814791E+000
 0946  0.3127218986814791E+000
 0947  0.3127218986814791E+000
 0948  0.3127218986814791E+000
 0949  0.3127218986814791E+000
 0950  0.3127218986814791E+000
 0951  0.3127218986814791E+000
 0952  0.3127218986814791E+000
 0953  0.3127218986814791E+000
 0954  0.3127218986814791E+000
 0955  0.3127218986814791E+000
 0956  0.3127218986814791E+000
 0957  0.3127218986814791E+000
 0958  0.3127218986814791E+000
 0959  0.3127218986814791E+000
 0960  0.3127218986814791E+000
 0961  0.3127218986814791E+000
 0962  0.3127218986814791E+000
 0963  0.3127218986814791E+000
 0964  0.3127218986814791E+000
 0965  0.3127218986814791E+000
 0966  0.3127218986814791E+000
 0967  0.3127218986814791E+000
 0968  0.3127218986814791E+000
 0969  0.3127218986814791E+000
 0970  0.3127218986814791E+000
 0971  0.3127218986814791E+000
 0972  0.3127218986814791E+000
 0973  0.3127218986814791E+000
 0974  0.3127218986814791E+000
 0975  0.3127218986814791E+000
 0976  0.3127218986814791E+000
 0977  0.3127218986814791E+000
 0978  0.3127218986814791E+000
 0979  0.3127218986814791E+000
 0980  0.3127218986814791E+000
 0981  0.3127218986814791E+000
 0982  0.3127218986814791E+000
 0983  0.3127218986814791E+000
 0984  0.3127218986814791E+000
 0985  0.3127218986814791E+000
 0986  0.3127218986814791E+000
 0987  0.3127218986814791E+000
 0988  0.3127218986814791E+000
 0989  0.3127218986814791E+000
 0990  0.3127218986814791E+000
 0991  0.3127218986814791E+000
 0992  0.3127218986814791E+000
 0993  0.3127218986814791E+000
 0994  0.3127218986814791E+000
 0995  0.3127218986814791E+000
 0996  0.3127218986814791E+000
 0997  0.3127218986814791E+000
 0998  0.3127218986814791E+000
 0999  0.3127218986814791E+000
 1000  0.3127218986814791E+000
