 0001  0.9880389503445556E+000
 0002  0.9877496480423685E+000
 0003  0.9877496480423685E+000
 0004  0.9877496480423685E+000
 0005  0.9874149128120904E+000
 0006  0.9874149128120904E+000
 0007  0.9870369862841883E+000
 0008  0.9870369862841883E+000
 0009  0.9866678359245116E+000
 0010  0.9866678359245116E+000
 0011  0.9866678359245116E+000
 0012  0.9862474362433574E+000
 0013  0.9862474362433574E+000
 0014  0.9858367990373175E+000
 0015  0.9858367990373175E+000
 0016  0.9853753524436853E+000
 0017  0.9853753524436853E+000
 0018  0.9848600664296537E+000
 0019  0.9848600664296537E+000
 0020  0.9843567463307125E+000
 0021  0.9843567463307125E+000
 0022  0.9837911124052136E+000
 0023  0.9837911124052136E+000
 0024  0.9831680272137442E+000
 0025  0.9831680272137442E+000
 0026  0.9824829871537623E+000
 0027  0.9818327464711731E+000
 0028  0.9818327464711731E+000
 0029  0.9811109411672239E+000
 0030  0.9811109411672239E+000
 0031  0.9803140068536016E+000
 0032  0.9803140068536016E+000
 0033  0.9795355788608762E+000
 0034  0.9787077844093710E+000
 0035  0.9787077844093710E+000
 0036  0.9777605181092275E+000
 0037  0.9777605181092275E+000
 0038  0.9768352491228217E+000
 0039  0.9757361960774150E+000
 0040  0.9757361960774150E+000
 0041  0.9743264283373081E+000
 0042  0.9725582801949958E+000
 0043  0.9725582801949958E+000
 0044  0.9708311917941898E+000
 0045  0.9708311917941898E+000
 0046  0.9686709036473924E+000
 0047  0.9660692338400154E+000
 0048  0.9660692338400154E+000
 0049  0.9627827031268968E+000
 0050  0.9597279376119284E+000
 0051  0.9559471327510545E+000
 0052  0.9559471327510545E+000
 0053  0.9511247892476871E+000
 0054  0.9456372272292578E+000
 0055  0.9456372272292578E+000
 0056  0.9402770967718975E+000
 0057  0.9339859307703435E+000
 0058  0.9339859307703435E+000
 0059  0.9262465736967597E+000
 0060  0.9174447905304960E+000
 0061  0.9075705537417109E+000
 0062  0.9075705537417109E+000
 0063  0.8979256153925852E+000
 0064  0.8872574538936165E+000
 0065  0.8755206837148928E+000
 0066  0.8755206837148928E+000
 0067  0.8617919189708789E+000
 0068  0.8470179642468330E+000
 0069  0.8336404112965471E+000
 0070  0.8336404112965471E+000
 0071  0.8177409754968163E+000
 0072  0.8006382113364771E+000
 0073  0.7827989273273136E+000
 0074  0.7642497298639874E+000
 0075  0.7642497298639874E+000
 0076  0.7461312798220832E+000
 0077  0.7269539374550522E+000
 0078  0.7069153142409477E+000
 0079  0.6862207301754448E+000
 0080  0.6862207301754448E+000
 0081  0.6629839027689046E+000
 0082  0.6396995210638333E+000
 0083  0.6192520107836132E+000
 0084  0.5981935593927373E+000
 0085  0.5981935593927372E+000
 0086  0.5743678737753715E+000
 0087  0.5507181459975794E+000
 0088  0.5273865715026514E+000
 0089  0.5044537872102652E+000
 0090  0.4819632432007468E+000
 0091  0.4819632432007468E+000
 0092  0.4570753325101576E+000
 0093  0.4331602732685942E+000
 0094  0.4105991043516277E+000
 0095  0.3892762378701117E+000
 0096  0.3689577980646406E+000
 0097  0.3494783139907471E+000
 0098  0.3307195393416362E+000
 0099  0.3125959676355022E+000
 0100  0.2950448016194257E+000
 0101  0.2779500975505931E+000
 0102  0.2614083425840236E+000
 0103  0.2454899701146006E+000
 0104  0.2302441217943046E+000
 0105  0.2157025967094404E+000
 0106  0.2018831290267440E+000
 0107  0.1878319804829662E+000
 0108  0.1748445047081182E+000
 0109  0.1628320971049730E+000
 0110  0.1517147234322754E+000
 0111  0.1414212959704442E+000
 0112  0.1318882420227219E+000
 0113  0.1159297874940508E+000
 0114  0.1092000543035090E+000
 0115  0.1028564650830275E+000
 0116  0.9687054374112947E-001
 0117  0.9123535931893656E-001
 0118  0.8594158777770344E-001
 0119  0.8097809532821032E-001
 0120  0.7633242302926202E-001
 0121  0.7199118754498457E-001
 0122  0.6794041080844060E-001
 0123  0.6399062957385560E-001
 0124  0.6035939209267371E-001
 0125  0.5702011931188877E-001
 0126  0.5394864998068244E-001
 0127  0.5112298798152437E-001
 0128  0.4852308025546231E-001
 0129  0.4613062121374584E-001
 0130  0.4212842394404215E-001
 0131  0.4044782716265866E-001
 0132  0.3887829478976690E-001
 0133  0.3741374766809619E-001
 0134  0.3604826995118265E-001
 0135  0.3477613221693165E-001
 0136  0.3359180875710971E-001
 0137  0.3245298558819720E-001
 0138  0.3140255058237190E-001
 0139  0.3043350531291306E-001
 0140  0.2953942959667699E-001
 0141  0.2871388548022458E-001
 0142  0.2795167084000327E-001
 0143  0.2724796796521683E-001
 0144  0.2659832157045461E-001
 0145  0.2550232191305429E-001
 0146  0.2503869559891309E-001
 0147  0.2460577486424464E-001
 0148  0.2420169712401771E-001
 0149  0.2381471976345695E-001
 0150  0.2345583342587770E-001
 0151  0.2312282901327811E-001
 0152  0.2281384370002720E-001
 0153  0.2252714841506459E-001
 0154  0.2226113826624748E-001
 0155  0.2201432364770278E-001
 0156  0.2178532198169914E-001
 0157  0.2157285004997223E-001
 0158  0.2121009048243233E-001
 0159  0.2105491318709174E-001
 0160  0.2090635009541947E-001
 0161  0.2076778228389176E-001
 0162  0.2063853716964703E-001
 0163  0.2051798744064021E-001
 0164  0.2040554800725364E-001
 0165  0.2030067315924461E-001
 0166  0.2020285391427018E-001
 0167  0.2011161539462997E-001
 0168  0.2002651472855360E-001
 0169  0.1994711880714062E-001
 0170  0.1980877715766294E-001
 0171  0.1974853400632315E-001
 0172  0.1969206633597359E-001
 0173  0.1963913718289700E-001
 0174  0.1958952449446677E-001
 0175  0.1954302018684373E-001
 0176  0.1949942926262127E-001
 0177  0.1945856127866136E-001
 0178  0.1942024719778723E-001
 0179  0.1938375289923294E-001
 0180  0.1934963095837222E-001
 0181  0.1929028591628618E-001
 0182  0.1926444670642691E-001
 0183  0.1924010909566437E-001
 0184  0.1921718631866504E-001
 0185  0.1919559657183462E-001
 0186  0.1917526273439313E-001
 0187  0.1915611210470486E-001
 0188  0.1913782118911200E-001
 0189  0.1912063220835991E-001
 0190  0.1909042776156511E-001
 0191  0.1907714437948999E-001
 0192  0.1906458391602328E-001
 0193  0.1905270718527896E-001
 0194  0.1904147710495147E-001
 0195  0.1903072424103608E-001
 0196  0.1902057429041504E-001
 0197  0.1901099291056857E-001
 0198  0.1900194774331254E-001
 0199  0.1899340830151841E-001
 0200  0.1897826859817503E-001
 0201  0.1897155153277319E-001
 0202  0.1896510351132658E-001
 0203  0.1895899322017169E-001
 0204  0.1895320271207845E-001
 0205  0.1894771500755427E-001
 0206  0.1894251404189640E-001
 0207  0.1893758425364944E-001
 0208  0.1892873164151487E-001
 0209  0.1892475717181186E-001
 0210  0.1892097771836332E-001
 0211  0.1891738336504278E-001
 0212  0.1891396494985315E-001
 0213  0.1891071376817838E-001
 0214  0.1890762155030262E-001
 0215  0.1890465234294081E-001
 0216  0.1889931808925133E-001
 0217  0.1889692074816546E-001
 0218  0.1889463377542389E-001
 0219  0.1889245203943013E-001
 0220  0.1889037064937132E-001
 0221  0.1888836723589549E-001
 0222  0.1888645768762265E-001
 0223  0.1888300526722314E-001
 0224  0.1888144384689044E-001
 0225  0.1887995015940075E-001
 0226  0.1887850951836112E-001
 0227  0.1887713252764200E-001
 0228  0.1887581627157781E-001
 0229  0.1887455802352389E-001
 0230  0.1887227005905889E-001
 0231  0.1887122145884479E-001
 0232  0.1887021661568949E-001
 0233  0.1886925367293801E-001
 0234  0.1886833085388417E-001
 0235  0.1886744643065608E-001
 0236  0.1886659878080876E-001
 0237  0.1886503886955160E-001
 0238  0.1886432650973913E-001
 0239  0.1886364225574455E-001
 0240  0.1886298498229594E-001
 0241  0.1886234934402131E-001
 0242  0.1886173910299421E-001
 0243  0.1886061960182417E-001
 0244  0.1886010595873805E-001
 0245  0.1885960839142886E-001
 0246  0.1885912970152104E-001
 0247  0.1885866914792689E-001
 0248  0.1885822602964154E-001
 0249  0.1885740726729707E-001
 0250  0.1885702901611741E-001
 0251  0.1885666439927280E-001
 0252  0.1885631290926404E-001
 0253  0.1885597213756596E-001
 0254  0.1885564376940996E-001
 0255  0.1885503680451817E-001
 0256  0.1885475623833738E-001
 0257  0.1885448381349530E-001
 0258  0.1885422082994392E-001
 0259  0.1885396695289454E-001
 0260  0.1885349481633136E-001
 0261  0.1885327528684250E-001
 0262  0.1885306301370976E-001
 0263  0.1885285775185264E-001
 0264  0.1885265828330185E-001
 0265  0.1885228721734378E-001
 0266  0.1885211460277353E-001
 0267  0.1885194664606382E-001
 0268  0.1885178403812937E-001
 0269  0.1885162660441597E-001
 0270  0.1885133218307405E-001
 0271  0.1885119451999712E-001
 0272  0.1885106105023898E-001
 0273  0.1885093108246971E-001
 0274  0.1885068797297673E-001
 0275  0.1885057426325865E-001
 0276  0.1885046341079616E-001
 0277  0.1885035581842853E-001
 0278  0.1885025138692098E-001
 0279  0.1885005475885154E-001
 0280  0.1884996257788996E-001
 0281  0.1884987299552576E-001
 0282  0.1884978560023071E-001
 0283  0.1884962133672746E-001
 0284  0.1884954385103660E-001
 0285  0.1884946847876290E-001
 0286  0.1884939516026302E-001
 0287  0.1884925655374475E-001
 0288  0.1884919128316764E-001
 0289  0.1884912750293155E-001
 0290  0.1884906540468478E-001
 0291  0.1884894800785197E-001
 0292  0.1884889251959487E-001
 0293  0.1884883843971308E-001
 0294  0.1884878556052422E-001
 0295  0.1884868542441070E-001
 0296  0.1884863801511577E-001
 0297  0.1884859177161563E-001
 0298  0.1884850390843529E-001
 0299  0.1884846230101545E-001
 0300  0.1884842156028699E-001
 0301  0.1884838179062731E-001
 0302  0.1884830612063754E-001
 0303  0.1884827022963559E-001
 0304  0.1884823506660410E-001
 0305  0.1884816816049056E-001
 0306  0.1884813633254717E-001
 0307  0.1884810513411100E-001
 0308  0.1884807463544969E-001
 0309  0.1884801652408463E-001
 0310  0.1884798884163641E-001
 0311  0.1884796169194169E-001
 0312  0.1884790989477225E-001
 0313  0.1884788518840969E-001
 0314  0.1884786094555596E-001
 0315  0.1884781463680285E-001
 0316  0.1884779252106183E-001
 0317  0.1884777080996280E-001
 0318  0.1884772928895789E-001
 0319  0.1884770943667807E-001
 0320  0.1884768993887259E-001
 0321  0.1884765260901056E-001
 0322  0.1884763474072892E-001
 0323  0.1884761718378303E-001
 0324  0.1884758353378480E-001
 0325  0.1884756737894344E-001
 0326  0.1884753638508241E-001
 0327  0.1884752151879804E-001
 0328  0.1884750689952430E-001
 0329  0.1884747879954651E-001
 0330  0.1884746529732051E-001
 0331  0.1884745203797838E-001
 0332  0.1884742650791527E-001
 0333  0.1884741423997643E-001
 0334  0.1884739059935825E-001
 0335  0.1884737922912905E-001
 0336  0.1884736803590681E-001
 0337  0.1884734646723252E-001
 0338  0.1884733607719746E-001
 0339  0.1884731602612250E-001
 0340  0.1884730636659032E-001
 0341  0.1884728771128896E-001
 0342  0.1884727870483838E-001
 0343  0.1884726984217006E-001
 0344  0.1884725271491600E-001
 0345  0.1884724444082608E-001
 0346  0.1884722844135445E-001
 0347  0.1884722071660799E-001
 0348  0.1884720576911958E-001
 0349  0.1884719853865419E-001
 0350  0.1884718453955597E-001
 0351  0.1884717776391276E-001
 0352  0.1884716463799169E-001
 0353  0.1884715828134864E-001
 0354  0.1884714596032983E-001
 0355  0.1884713999018256E-001
 0356  0.1884712841208896E-001
 0357  0.1884712279889045E-001
 0358  0.1884711190731864E-001
 0359  0.1884710662416161E-001
 0360  0.1884709636342519E-001
 0361  0.1884709138172125E-001
 0362  0.1884708170617039E-001
 0363  0.1884707700831945E-001
 0364  0.1884706787261309E-001
 0365  0.1884705913794588E-001
 0366  0.1884705489138933E-001
 0367  0.1884704662940950E-001
 0368  0.1884704261100972E-001
 0369  0.1884703478720623E-001
 0370  0.1884702728977694E-001
 0371  0.1884702363917756E-001
 0372  0.1884701652830167E-001
 0373  0.1884701306367825E-001
 0374  0.1884700631268005E-001
 0375  0.1884699982866134E-001
 0376  0.1884699666736250E-001
 0377  0.1884699050000649E-001
 0378  0.1884698457074535E-001
 0379  0.1884698167811505E-001
 0380  0.1884697603141516E-001
 0381  0.1884697059635976E-001
 0382  0.1884696794268864E-001
 0383  0.1884696275846670E-001
 0384  0.1884695776237283E-001
 0385  0.1884695294561389E-001
 0386  0.1884695059117425E-001
 0387  0.1884694598654540E-001
 0388  0.1884694154328376E-001
 0389  0.1884693725349601E-001
 0390  0.1884693515440500E-001
 0391  0.1884693104598434E-001
 0392  0.1884692707516811E-001
 0393  0.1884692323581033E-001
 0394  0.1884691952250089E-001
 0395  0.1884691592884180E-001
 0396  0.1884691416814355E-001
 0397  0.1884691071673639E-001
 0398  0.1884690737405303E-001
 0399  0.1884690413554413E-001
 0400  0.1884690099671238E-001
 0401  0.1884689795330469E-001
 0402  0.1884689500137132E-001
 0403  0.1884689213715979E-001
 0404  0.1884688935707585E-001
 0405  0.1884688665830575E-001
 0406  0.1884688404122753E-001
 0407  0.1884688150310920E-001
 0408  0.1884687904071164E-001
 0409  0.1884687665096363E-001
 0410  0.1884687433094917E-001
 0411  0.1884687207790109E-001
 0412  0.1884686988919060E-001
 0413  0.1884686776231853E-001
 0414  0.1884686569490779E-001
 0415  0.1884686368469762E-001
 0416  0.1884686078210507E-001
 0417  0.1884685891872590E-001
 0418  0.1884685710485029E-001
 0419  0.1884685533868946E-001
 0420  0.1884685361853550E-001
 0421  0.1884685112941475E-001
 0422  0.1884684952810167E-001
 0423  0.1884684796693820E-001
 0424  0.1884684570495188E-001
 0425  0.1884684424790828E-001
 0426  0.1884684282608090E-001
 0427  0.1884684076350535E-001
 0428  0.1884683943334470E-001
 0429  0.1884683750211802E-001
 0430  0.1884683625563333E-001
 0431  0.1884683444444857E-001
 0432  0.1884683327452641E-001
 0433  0.1884683157330236E-001
 0434  0.1884683047359120E-001
 0435  0.1884682887331474E-001
 0436  0.1884682733342646E-001
 0437  0.1884682633685453E-001
 0438  0.1884682488504152E-001
 0439  0.1884682348610839E-001
 0440  0.1884682213743438E-001
 0441  0.1884682083656691E-001
 0442  0.1884681958120460E-001
 0443  0.1884681836918994E-001
 0444  0.1884681719849562E-001
 0445  0.1884681606721555E-001
 0446  0.1884681497355706E-001
 0447  0.1884681391583187E-001
 0448  0.1884681289244833E-001
 0449  0.1884681190190474E-001
 0450  0.1884681063211185E-001
 0451  0.1884680971612235E-001
 0452  0.1884680882839279E-001
 0453  0.1884680768871122E-001
 0454  0.1884680659834814E-001
 0455  0.1884680581020765E-001
 0456  0.1884680479683520E-001
 0457  0.1884680382564535E-001
 0458  0.1884680289432433E-001
 0459  0.1884680200072059E-001
 0460  0.1884680114283172E-001
 0461  0.1884680031879044E-001
 0462  0.1884679952685492E-001
 0463  0.1884679876539774E-001
 0464  0.1884679785522775E-001
 0465  0.1884679698958802E-001
 0466  0.1884679632662128E-001
 0467  0.1884679553272667E-001
 0468  0.1884679477618384E-001
 0469  0.1884679391530553E-001
 0470  0.1884679323459126E-001
 0471  0.1884679245882315E-001
 0472  0.1884679184451604E-001
 0473  0.1884679114346632E-001
 0474  0.1884679037336640E-001
 0475  0.1884678975139220E-001
 0476  0.1884678906698395E-001
 0477  0.1884678842428167E-001
 0478  0.1884678782021521E-001
 0479  0.1884678717399113E-001
 0480  0.1884678649948951E-001
 0481  0.1884678594270356E-001
 0482  0.1884678529862704E-001
 0483  0.1884678470761786E-001
 0484  0.1884678416462676E-001
 0485  0.1884678357064262E-001
 0486  0.1884678299122522E-001
 0487  0.1884678243347981E-001
 0488  0.1884678190313926E-001
 0489  0.1884678134695855E-001
 0490  0.1884678084169494E-001
 0491  0.1884678030463943E-001
 0492  0.1884677979545163E-001
 0493  0.1884677928688860E-001
 0494  0.1884677901919507E-001
 0495  0.1884677901919507E-001
 0496  0.1884677901919507E-001
 0497  0.1884677901919507E-001
 0498  0.1884677901919507E-001
 0499  0.1884677901919507E-001
 0500  0.1884677901919507E-001
 0501  0.1884677901919507E-001
 0502  0.1884677901919507E-001
 0503  0.1884677901919507E-001
 0504  0.1884677901919507E-001
 0505  0.1884677901919507E-001
 0506  0.1884677901919507E-001
 0507  0.1884677901919507E-001
 0508  0.1884677901919507E-001
 0509  0.1884677901919507E-001
 0510  0.1884677901919507E-001
 0511  0.1884677901919507E-001
 0512  0.1884677901919507E-001
 0513  0.1884677901919507E-001
 0514  0.1884677901919507E-001
 0515  0.1884677901919507E-001
 0516  0.1884677901919507E-001
 0517  0.1884677901919507E-001
 0518  0.1884677901919507E-001
 0519  0.1884677901919507E-001
 0520  0.1884677901919507E-001
 0521  0.1884677901919507E-001
 0522  0.1884677901919507E-001
 0523  0.1884677901919507E-001
 0524  0.1884677901919507E-001
 0525  0.1884677901919507E-001
 0526  0.1884677901919507E-001
 0527  0.1884677901919507E-001
 0528  0.1884677901919507E-001
 0529  0.1884677901919507E-001
 0530  0.1884677901919507E-001
 0531  0.1884677901919507E-001
 0532  0.1884677901919507E-001
 0533  0.1884677901919507E-001
 0534  0.1884677901919507E-001
 0535  0.1884677901919507E-001
 0536  0.1884677901919507E-001
 0537  0.1884677901919507E-001
 0538  0.1884677901919507E-001
 0539  0.1884677901919507E-001
 0540  0.1884677901919507E-001
 0541  0.1884677901919507E-001
 0542  0.1884677901919507E-001
 0543  0.1884677901919507E-001
 0544  0.1884677901919507E-001
 0545  0.1884677901919507E-001
 0546  0.1884677901919507E-001
 0547  0.1884677901919507E-001
 0548  0.1884677901919507E-001
 0549  0.1884677901919507E-001
 0550  0.1884677901919507E-001
 0551  0.1884677901919507E-001
 0552  0.1884677901919507E-001
 0553  0.1884677901919507E-001
 0554  0.1884677901919507E-001
 0555  0.1884677901919507E-001
 0556  0.1884677901919507E-001
 0557  0.1884677901919507E-001
 0558  0.1884677901919507E-001
 0559  0.1884677901919507E-001
 0560  0.1884677901919507E-001
 0561  0.1884677901919507E-001
 0562  0.1884677901919507E-001
 0563  0.1884677901919507E-001
 0564  0.1884677901919507E-001
 0565  0.1884677901919507E-001
 0566  0.1884677901919507E-001
 0567  0.1884677901919507E-001
 0568  0.1884677901919507E-001
 0569  0.1884677901919507E-001
 0570  0.1884677901919507E-001
 0571  0.1884677901919507E-001
 0572  0.1884677901919507E-001
 0573  0.1884677901919507E-001
 0574  0.1884677901919507E-001
 0575  0.1884677901919507E-001
 0576  0.1884677901919507E-001
 0577  0.1884677901919507E-001
 0578  0.1884677901919507E-001
 0579  0.1884677901919507E-001
 0580  0.1884677901919507E-001
 0581  0.1884677901919507E-001
 0582  0.1884677901919507E-001
 0583  0.1884677901919507E-001
 0584  0.1884677901919507E-001
 0585  0.1884677901919507E-001
 0586  0.1884677901919507E-001
 0587  0.1884677901919507E-001
 0588  0.1884677901919507E-001
 0589  0.1884677901919507E-001
 0590  0.1884677901919507E-001
 0591  0.1884677901919507E-001
 0592  0.1884677901919507E-001
 0593  0.1884677901919507E-001
 0594  0.1884677901919507E-001
 0595  0.1884677901919507E-001
 0596  0.1884677901919507E-001
 0597  0.1884677901919507E-001
 0598  0.1884677901919507E-001
 0599  0.1884677901919507E-001
 0600  0.1884677901919507E-001
 0601  0.1884677901919507E-001
 0602  0.1884677901919507E-001
 0603  0.1884677901919507E-001
 0604  0.1884677901919507E-001
 0605  0.1884677901919507E-001
 0606  0.1884677901919507E-001
 0607  0.1884677901919507E-001
 0608  0.1884677901919507E-001
 0609  0.1884677901919507E-001
 0610  0.1884677901919507E-001
 0611  0.1884677901919507E-001
 0612  0.1884677901919507E-001
 0613  0.1884677901919507E-001
 0614  0.1884677901919507E-001
 0615  0.1884677901919507E-001
 0616  0.1884677901919507E-001
 0617  0.1884677901919507E-001
 0618  0.1884677901919507E-001
 0619  0.1884677901919507E-001
 0620  0.1884677901919507E-001
 0621  0.1884677901919507E-001
 0622  0.1884677901919507E-001
 0623  0.1884677901919507E-001
 0624  0.1884677901919507E-001
 0625  0.1884677901919507E-001
 0626  0.1884677901919507E-001
 0627  0.1884677901919507E-001
 0628  0.1884677901919507E-001
 0629  0.1884677901919507E-001
 0630  0.1884677901919507E-001
 0631  0.1884677901919507E-001
 0632  0.1884677901919507E-001
 0633  0.1884677901919507E-001
 0634  0.1884677901919507E-001
 0635  0.1884677901919507E-001
 0636  0.1884677901919507E-001
 0637  0.1884677901919507E-001
 0638  0.1884677901919507E-001
 0639  0.1884677901919507E-001
 0640  0.1884677901919507E-001
 0641  0.1884677901919507E-001
 0642  0.1884677901919507E-001
 0643  0.1884677901919507E-001
 0644  0.1884677901919507E-001
 0645  0.1884677901919507E-001
 0646  0.1884677901919507E-001
 0647  0.1884677901919507E-001
 0648  0.1884677901919507E-001
 0649  0.1884677901919507E-001
 0650  0.1884677901919507E-001
 0651  0.1884677901919507E-001
 0652  0.1884677901919507E-001
 0653  0.1884677901919507E-001
 0654  0.1884677901919507E-001
 0655  0.1884677901919507E-001
 0656  0.1884677901919507E-001
 0657  0.1884677901919507E-001
 0658  0.1884677901919507E-001
 0659  0.1884677901919507E-001
 0660  0.1884677901919507E-001
 0661  0.1884677901919507E-001
 0662  0.1884677901919507E-001
 0663  0.1884677901919507E-001
 0664  0.1884677901919507E-001
 0665  0.1884677901919507E-001
 0666  0.1884677901919507E-001
 0667  0.1884677901919507E-001
 0668  0.1884677901919507E-001
 0669  0.1884677901919507E-001
 0670  0.1884677901919507E-001
 0671  0.1884677901919507E-001
 0672  0.1884677901919507E-001
 0673  0.1884677901919507E-001
 0674  0.1884677901919507E-001
 0675  0.1884677901919507E-001
 0676  0.1884677901919507E-001
 0677  0.1884677901919507E-001
 0678  0.1884677901919507E-001
 0679  0.1884677901919507E-001
 0680  0.1884677901919507E-001
 0681  0.1884677901919507E-001
 0682  0.1884677901919507E-001
 0683  0.1884677901919507E-001
 0684  0.1884677901919507E-001
 0685  0.1884677901919507E-001
 0686  0.1884677901919507E-001
 0687  0.1884677901919507E-001
 0688  0.1884677901919507E-001
 0689  0.1884677901919507E-001
 0690  0.1884677901919507E-001
 0691  0.1884677901919507E-001
 0692  0.1884677901919507E-001
 0693  0.1884677901919507E-001
 0694  0.1884677901919507E-001
 0695  0.1884677901919507E-001
 0696  0.1884677901919507E-001
 0697  0.1884677901919507E-001
 0698  0.1884677901919507E-001
 0699  0.1884677901919507E-001
 0700  0.1884677901919507E-001
 0701  0.1884677901919507E-001
 0702  0.1884677901919507E-001
 0703  0.1884677901919507E-001
 0704  0.1884677901919507E-001
 0705  0.1884677901919507E-001
 0706  0.1884677901919507E-001
 0707  0.1884677901919507E-001
 0708  0.1884677901919507E-001
 0709  0.1884677901919507E-001
 0710  0.1884677901919507E-001
 0711  0.1884677901919507E-001
 0712  0.1884677901919507E-001
 0713  0.1884677901919507E-001
 0714  0.1884677901919507E-001
 0715  0.1884677901919507E-001
 0716  0.1884677901919507E-001
 0717  0.1884677901919507E-001
 0718  0.1884677901919507E-001
 0719  0.1884677901919507E-001
 0720  0.1884677901919507E-001
 0721  0.1884677901919507E-001
 0722  0.1884677901919507E-001
 0723  0.1884677901919507E-001
 0724  0.1884677901919507E-001
 0725  0.1884677901919507E-001
 0726  0.1884677901919507E-001
 0727  0.1884677901919507E-001
 0728  0.1884677901919507E-001
 0729  0.1884677901919507E-001
 0730  0.1884677901919507E-001
 0731  0.1884677901919507E-001
 0732  0.1884677901919507E-001
 0733  0.1884677901919507E-001
 0734  0.1884677901919507E-001
 0735  0.1884677901919507E-001
 0736  0.1884677901919507E-001
 0737  0.1884677901919507E-001
 0738  0.1884677901919507E-001
 0739  0.1884677901919507E-001
 0740  0.1884677901919507E-001
 0741  0.1884677901919507E-001
 0742  0.1884677901919507E-001
 0743  0.1884677901919507E-001
 0744  0.1884677901919507E-001
 0745  0.1884677901919507E-001
 0746  0.1884677901919507E-001
 0747  0.1884677901919507E-001
 0748  0.1884677901919507E-001
 0749  0.1884677901919507E-001
 0750  0.1884677901919507E-001
 0751  0.1884677901919507E-001
 0752  0.1884677901919507E-001
 0753  0.1884677901919507E-001
 0754  0.1884677901919507E-001
 0755  0.1884677901919507E-001
 0756  0.1884677901919507E-001
 0757  0.1884677901919507E-001
 0758  0.1884677901919507E-001
 0759  0.1884677901919507E-001
 0760  0.1884677901919507E-001
 0761  0.1884677901919507E-001
 0762  0.1884677901919507E-001
 0763  0.1884677901919507E-001
 0764  0.1884677901919507E-001
 0765  0.1884677901919507E-001
 0766  0.1884677901919507E-001
 0767  0.1884677901919507E-001
 0768  0.1884677901919507E-001
 0769  0.1884677901919507E-001
 0770  0.1884677901919507E-001
 0771  0.1884677901919507E-001
 0772  0.1884677901919507E-001
 0773  0.1884677901919507E-001
 0774  0.1884677901919507E-001
 0775  0.1884677901919507E-001
 0776  0.1884677901919507E-001
 0777  0.1884677901919507E-001
 0778  0.1884677901919507E-001
 0779  0.1884677901919507E-001
 0780  0.1884677901919507E-001
 0781  0.1884677901919507E-001
 0782  0.1884677901919507E-001
 0783  0.1884677901919507E-001
 0784  0.1884677901919507E-001
 0785  0.1884677901919507E-001
 0786  0.1884677901919507E-001
 0787  0.1884677901919507E-001
 0788  0.1884677901919507E-001
 0789  0.1884677901919507E-001
 0790  0.1884677901919507E-001
 0791  0.1884677901919507E-001
 0792  0.1884677901919507E-001
 0793  0.1884677901919507E-001
 0794  0.1884677901919507E-001
 0795  0.1884677901919507E-001
 0796  0.1884677901919507E-001
 0797  0.1884677901919507E-001
 0798  0.1884677901919507E-001
 0799  0.1884677901919507E-001
 0800  0.1884677901919507E-001
 0801  0.1884677901919507E-001
 0802  0.1884677901919507E-001
 0803  0.1884677901919507E-001
 0804  0.1884677901919507E-001
 0805  0.1884677901919507E-001
 0806  0.1884677901919507E-001
 0807  0.1884677901919507E-001
 0808  0.1884677901919507E-001
 0809  0.1884677901919507E-001
 0810  0.1884677901919507E-001
 0811  0.1884677901919507E-001
 0812  0.1884677901919507E-001
 0813  0.1884677901919507E-001
 0814  0.1884677901919507E-001
 0815  0.1884677901919507E-001
 0816  0.1884677901919507E-001
 0817  0.1884677901919507E-001
 0818  0.1884677901919507E-001
 0819  0.1884677901919507E-001
 0820  0.1884677901919507E-001
 0821  0.1884677901919507E-001
 0822  0.1884677901919507E-001
 0823  0.1884677901919507E-001
 0824  0.1884677901919507E-001
 0825  0.1884677901919507E-001
 0826  0.1884677901919507E-001
 0827  0.1884677901919507E-001
 0828  0.1884677901919507E-001
 0829  0.1884677901919507E-001
 0830  0.1884677901919507E-001
 0831  0.1884677901919507E-001
 0832  0.1884677901919507E-001
 0833  0.1884677901919507E-001
 0834  0.1884677901919507E-001
 0835  0.1884677901919507E-001
 0836  0.1884677901919507E-001
 0837  0.1884677901919507E-001
 0838  0.1884677901919507E-001
 0839  0.1884677901919507E-001
 0840  0.1884677901919507E-001
 0841  0.1884677901919507E-001
 0842  0.1884677901919507E-001
 0843  0.1884677901919507E-001
 0844  0.1884677901919507E-001
 0845  0.1884677901919507E-001
 0846  0.1884677901919507E-001
 0847  0.1884677901919507E-001
 0848  0.1884677901919507E-001
 0849  0.1884677901919507E-001
 0850  0.1884677901919507E-001
 0851  0.1884677901919507E-001
 0852  0.1884677901919507E-001
 0853  0.1884677901919507E-001
 0854  0.1884677901919507E-001
 0855  0.1884677901919507E-001
 0856  0.1884677901919507E-001
 0857  0.1884677901919507E-001
 0858  0.1884677901919507E-001
 0859  0.1884677901919507E-001
 0860  0.1884677901919507E-001
 0861  0.1884677901919507E-001
 0862  0.1884677901919507E-001
 0863  0.1884677901919507E-001
 0864  0.1884677901919507E-001
 0865  0.1884677901919507E-001
 0866  0.1884677901919507E-001
 0867  0.1884677901919507E-001
 0868  0.1884677901919507E-001
 0869  0.1884677901919507E-001
 0870  0.1884677901919507E-001
 0871  0.1884677901919507E-001
 0872  0.1884677901919507E-001
 0873  0.1884677901919507E-001
 0874  0.1884677901919507E-001
 0875  0.1884677901919507E-001
 0876  0.1884677901919507E-001
 0877  0.1884677901919507E-001
 0878  0.1884677901919507E-001
 0879  0.1884677901919507E-001
 0880  0.1884677901919507E-001
 0881  0.1884677901919507E-001
 0882  0.1884677901919507E-001
 0883  0.1884677901919507E-001
 0884  0.1884677901919507E-001
 0885  0.1884677901919507E-001
 0886  0.1884677901919507E-001
 0887  0.1884677901919507E-001
 0888  0.1884677901919507E-001
 0889  0.1884677901919507E-001
 0890  0.1884677901919507E-001
 0891  0.1884677901919507E-001
 0892  0.1884677901919507E-001
 0893  0.1884677901919507E-001
 0894  0.1884677901919507E-001
 0895  0.1884677901919507E-001
 0896  0.1884677901919507E-001
 0897  0.1884677901919507E-001
 0898  0.1884677901919507E-001
 0899  0.1884677901919507E-001
 0900  0.1884677901919507E-001
 0901  0.1884677901919507E-001
 0902  0.1884677901919507E-001
 0903  0.1884677901919507E-001
 0904  0.1884677901919507E-001
 0905  0.1884677901919507E-001
 0906  0.1884677901919507E-001
 0907  0.1884677901919507E-001
 0908  0.1884677901919507E-001
 0909  0.1884677901919507E-001
 0910  0.1884677901919507E-001
 0911  0.1884677901919507E-001
 0912  0.1884677901919507E-001
 0913  0.1884677901919507E-001
 0914  0.1884677901919507E-001
 0915  0.1884677901919507E-001
 0916  0.1884677901919507E-001
 0917  0.1884677901919507E-001
 0918  0.1884677901919507E-001
 0919  0.1884677901919507E-001
 0920  0.1884677901919507E-001
 0921  0.1884677901919507E-001
 0922  0.1884677901919507E-001
 0923  0.1884677901919507E-001
 0924  0.1884677901919507E-001
 0925  0.1884677901919507E-001
 0926  0.1884677901919507E-001
 0927  0.1884677901919507E-001
 0928  0.1884677901919507E-001
 0929  0.1884677901919507E-001
 0930  0.1884677901919507E-001
 0931  0.1884677901919507E-001
 0932  0.1884677901919507E-001
 0933  0.1884677901919507E-001
 0934  0.1884677901919507E-001
 0935  0.1884677901919507E-001
 0936  0.1884677901919507E-001
 0937  0.1884677901919507E-001
 0938  0.1884677901919507E-001
 0939  0.1884677901919507E-001
 0940  0.1884677901919507E-001
 0941  0.1884677901919507E-001
 0942  0.1884677901919507E-001
 0943  0.1884677901919507E-001
 0944  0.1884677901919507E-001
 0945  0.1884677901919507E-001
 0946  0.1884677901919507E-001
 0947  0.1884677901919507E-001
 0948  0.1884677901919507E-001
 0949  0.1884677901919507E-001
 0950  0.1884677901919507E-001
 0951  0.1884677901919507E-001
 0952  0.1884677901919507E-001
 0953  0.1884677901919507E-001
 0954  0.1884677901919507E-001
 0955  0.1884677901919507E-001
 0956  0.1884677901919507E-001
 0957  0.1884677901919507E-001
 0958  0.1884677901919507E-001
 0959  0.1884677901919507E-001
 0960  0.1884677901919507E-001
 0961  0.1884677901919507E-001
 0962  0.1884677901919507E-001
 0963  0.1884677901919507E-001
 0964  0.1884677901919507E-001
 0965  0.1884677901919507E-001
 0966  0.1884677901919507E-001
 0967  0.1884677901919507E-001
 0968  0.1884677901919507E-001
 0969  0.1884677901919507E-001
 0970  0.1884677901919507E-001
 0971  0.1884677901919507E-001
 0972  0.1884677901919507E-001
 0973  0.1884677901919507E-001
 0974  0.1884677901919507E-001
 0975  0.1884677901919507E-001
 0976  0.1884677901919507E-001
 0977  0.1884677901919507E-001
 0978  0.1884677901919507E-001
 0979  0.1884677901919507E-001
 0980  0.1884677901919507E-001
 0981  0.1884677901919507E-001
 0982  0.1884677901919507E-001
 0983  0.1884677901919507E-001
 0984  0.1884677901919507E-001
 0985  0.1884677901919507E-001
 0986  0.1884677901919507E-001
 0987  0.1884677901919507E-001
 0988  0.1884677901919507E-001
 0989  0.1884677901919507E-001
 0990  0.1884677901919507E-001
 0991  0.1884677901919507E-001
 0992  0.1884677901919507E-001
 0993  0.1884677901919507E-001
 0994  0.1884677901919507E-001
 0995  0.1884677901919507E-001
 0996  0.1884677901919507E-001
 0997  0.1884677901919507E-001
 0998  0.1884677901919507E-001
 0999  0.1884677901919507E-001
 1000  0.1884677901919507E-001
