 0001  0.3717841749233676E+000
 0002  0.3728082424448370E+000
 0003  0.3728082424448368E+000
 0004  0.3728082424448367E+000
 0005  0.3739570658861249E+000
 0006  0.3739570658861250E+000
 0007  0.3752138368959514E+000
 0008  0.3752138368959514E+000
 0009  0.3764414233077449E+000
 0010  0.3764414233077449E+000
 0011  0.3764414233077450E+000
 0012  0.3778034136411004E+000
 0013  0.3778034136411004E+000
 0014  0.3791337759848755E+000
 0015  0.3791337759848755E+000
 0016  0.3805853554489002E+000
 0017  0.3805853554489002E+000
 0018  0.3821584567468851E+000
 0019  0.3821584567468852E+000
 0020  0.3836950276597103E+000
 0021  0.3836950276597103E+000
 0022  0.3853656623112787E+000
 0023  0.3853656623112787E+000
 0024  0.3871594129629667E+000
 0025  0.3871594129629667E+000
 0026  0.3890776249621780E+000
 0027  0.3908983936333573E+000
 0028  0.3908983936333573E+000
 0029  0.3928556146248571E+000
 0030  0.3928556146248571E+000
 0031  0.3949489233313067E+000
 0032  0.3949489233313067E+000
 0033  0.3969936214534264E+000
 0034  0.3991076549893085E+000
 0035  0.3991076549893086E+000
 0036  0.4013347484581863E+000
 0037  0.4013347484581863E+000
 0038  0.4035101246077092E+000
 0039  0.4056840560287732E+000
 0040  0.4056840560287732E+000
 0041  0.4078746074116336E+000
 0042  0.4099225550801242E+000
 0043  0.4099225550801243E+000
 0044  0.4119229455333148E+000
 0045  0.4119229455333148E+000
 0046  0.4138695197947077E+000
 0047  0.4156008606402161E+000
 0048  0.4156008606402161E+000
 0049  0.4171149960021840E+000
 0050  0.4185223549750581E+000
 0051  0.4195427880183784E+000
 0052  0.4195427880183784E+000
 0053  0.4201378309853616E+000
 0054  0.4203250499030456E+000
 0055  0.4203250499030456E+000
 0056  0.4205079212436341E+000
 0057  0.4201370517765408E+000
 0058  0.4201370517765408E+000
 0059  0.4190877002202646E+000
 0060  0.4173556428134583E+000
 0061  0.4149218047082338E+000
 0062  0.4149218047082337E+000
 0063  0.4125444849235487E+000
 0064  0.4094975993491132E+000
 0065  0.4057414325445483E+000
 0066  0.4057414325445483E+000
 0067  0.4009395368131847E+000
 0068  0.3953939288142321E+000
 0069  0.3903724795115094E+000
 0070  0.3903724795115094E+000
 0071  0.3839947132700048E+000
 0072  0.3767776833316594E+000
 0073  0.3689884403466794E+000
 0074  0.3606400874271993E+000
 0075  0.3606400874271993E+000
 0076  0.3524855990401496E+000
 0077  0.3435744730585431E+000
 0078  0.3340189600801068E+000
 0079  0.3239385363876061E+000
 0080  0.3239385363876061E+000
 0081  0.3124178851584321E+000
 0082  0.3007000048505762E+000
 0083  0.2904097819409814E+000
 0084  0.2796472998528061E+000
 0085  0.2796472998528061E+000
 0086  0.2673325510652446E+000
 0087  0.2550171882368233E+000
 0088  0.2428175965439116E+000
 0089  0.2308120347993273E+000
 0090  0.2190527720855670E+000
 0091  0.2190527720855669E+000
 0092  0.2060832161700483E+000
 0093  0.1936842503385753E+000
 0094  0.1820642620017624E+000
 0095  0.1711719607802092E+000
 0096  0.1608904908491854E+000
 0097  0.1511352880698204E+000
 0098  0.1418439405207665E+000
 0099  0.1329693452809929E+000
 0100  0.1244750362814951E+000
 0101  0.1163150699737305E+000
 0102  0.1085205345250669E+000
 0103  0.1011112751674675E+000
 0104  0.9409807397408861E-001
 0105  0.8748446763354564E-001
 0106  0.8126826035574738E-001
 0107  0.7506577951193558E-001
 0108  0.6938056746145381E-001
 0109  0.6416719438079582E-001
 0110  0.5938464093767762E-001
 0111  0.5499610660136316E-001
 0112  0.5096844387904693E-001
 0113  0.4431427189856533E-001
 0114  0.4154702920301807E-001
 0115  0.3896109807167420E-001
 0116  0.3654313483986985E-001
 0117  0.3428646049338814E-001
 0118  0.3218391291765083E-001
 0119  0.3022802928086138E-001
 0120  0.2841119413485000E-001
 0121  0.2672575863587803E-001
 0122  0.2516413549902638E-001
 0123  0.2365971869926038E-001
 0124  0.2228391649030986E-001
 0125  0.2102544228052143E-001
 0126  0.1987405798991018E-001
 0127  0.1882046742118692E-001
 0128  0.1785622170624947E-001
 0129  0.1697363532370444E-001
 0130  0.1550905794694864E-001
 0131  0.1489914751378425E-001
 0132  0.1433245266924832E-001
 0133  0.1380628386089420E-001
 0134  0.1331806965806795E-001
 0135  0.1286535897955666E-001
 0136  0.1244582178162716E-001
 0137  0.1204560592863989E-001
 0138  0.1167775027770218E-001
 0139  0.1133959242736816E-001
 0140  0.1102869613875182E-001
 0141  0.1074268350244452E-001
 0142  0.1047956921620299E-001
 0143  0.1023752445189486E-001
 0144  0.1001486593329038E-001
 0145  0.9641133190875582E-002
 0146  0.9483875081960772E-002
 0147  0.9337520239802949E-002
 0148  0.9201360948886064E-002
 0149  0.9071714689203314E-002
 0150  0.8951789555977018E-002
 0151  0.8840809718645955E-002
 0152  0.8738107143114935E-002
 0153  0.8643063744898864E-002
 0154  0.8555107649805499E-002
 0155  0.8473709734878069E-002
 0156  0.8398380428568511E-002
 0157  0.8328666750692019E-002
 0158  0.8210080069369657E-002
 0159  0.8159546912856922E-002
 0160  0.8111384625433350E-002
 0161  0.8066554640491665E-002
 0162  0.8024825894362601E-002
 0163  0.7985983384497396E-002
 0164  0.7949827050066310E-002
 0165  0.7916170730794061E-002
 0166  0.7884841198563360E-002
 0167  0.7855677222499694E-002
 0168  0.7828528778330134E-002
 0169  0.7803251050061966E-002
 0170  0.7759367526344560E-002
 0171  0.7740325829256430E-002
 0172  0.7722506540697537E-002
 0173  0.7705830969016155E-002
 0174  0.7690225506482577E-002
 0175  0.7675621299293239E-002
 0176  0.7661953939124794E-002
 0177  0.7649161188875674E-002
 0178  0.7637187256686386E-002
 0179  0.7625815807234146E-002
 0180  0.7615198074096887E-002
 0181  0.7596768643866209E-002
 0182  0.7588761248717756E-002
 0183  0.7581229657121661E-002
 0184  0.7574145683818503E-002
 0185  0.7567482802686603E-002
 0186  0.7561216050109843E-002
 0187  0.7555321933880217E-002
 0188  0.7549706463350804E-002
 0189  0.7544435401136784E-002
 0190  0.7535189108143007E-002
 0191  0.7531130091395530E-002
 0192  0.7527296458937027E-002
 0193  0.7523675721455582E-002
 0194  0.7520256077582875E-002
 0195  0.7516988827219743E-002
 0196  0.7513907898263574E-002
 0197  0.7511002504724960E-002
 0198  0.7508262493696928E-002
 0199  0.7505678308343901E-002
 0200  0.7501103603486662E-002
 0201  0.7499077118419318E-002
 0202  0.7497135522716233E-002
 0203  0.7495297266669004E-002
 0204  0.7493556773991493E-002
 0205  0.7491908773453324E-002
 0206  0.7490348281963698E-002
 0207  0.7488870497793013E-002
 0208  0.7486221327114157E-002
 0209  0.7485033978090765E-002
 0210  0.7483905793572662E-002
 0211  0.7482833733191378E-002
 0212  0.7481814975612179E-002
 0213  0.7480846842610461E-002
 0214  0.7479926791852477E-002
 0215  0.7479044692356920E-002
 0216  0.7477461686558553E-002
 0217  0.7476751044417393E-002
 0218  0.7476073616203181E-002
 0219  0.7475427834515463E-002
 0220  0.7474812206596582E-002
 0221  0.7474220474156403E-002
 0222  0.7473656841005483E-002
 0223  0.7472638807315576E-002
 0224  0.7472178856942287E-002
 0225  0.7471739156155193E-002
 0226  0.7471315614543560E-002
 0227  0.7470911032521098E-002
 0228  0.7470524534161167E-002
 0229  0.7470155297692763E-002
 0230  0.7469484502718934E-002
 0231  0.7469177535854851E-002
 0232  0.7468883545880502E-002
 0233  0.7468601975626541E-002
 0234  0.7468332292187130E-002
 0235  0.7468073979144427E-002
 0236  0.7467826550084686E-002
 0237  0.7467371831460971E-002
 0238  0.7467164345824952E-002
 0239  0.7466965153660274E-002
 0240  0.7466773918904653E-002
 0241  0.7466589170762463E-002
 0242  0.7466411892940140E-002
 0243  0.7466086914056681E-002
 0244  0.7465937924430239E-002
 0245  0.7465793738919193E-002
 0246  0.7465655088868398E-002
 0247  0.7465521755369448E-002
 0248  0.7465393530788894E-002
 0249  0.7465156825481388E-002
 0250  0.7465047574408195E-002
 0251  0.7464942308768445E-002
 0252  0.7464840879096002E-002
 0253  0.7464742628818548E-002
 0254  0.7464647994864489E-002
 0255  0.7464473182279011E-002
 0256  0.7464392429425490E-002
 0257  0.7464314086090705E-002
 0258  0.7464238488759149E-002
 0259  0.7464165539165378E-002
 0260  0.7464029983466056E-002
 0261  0.7463967005280845E-002
 0262  0.7463906132864607E-002
 0263  0.7463847294426957E-002
 0264  0.7463790161059759E-002
 0265  0.7463683936990551E-002
 0266  0.7463634551872817E-002
 0267  0.7463586535348389E-002
 0268  0.7463540064940322E-002
 0269  0.7463495089762732E-002
 0270  0.7463411041200020E-002
 0271  0.7463371771225476E-002
 0272  0.7463333711038981E-002
 0273  0.7463296675447914E-002
 0274  0.7463227434235906E-002
 0275  0.7463195065105588E-002
 0276  0.7463163530913038E-002
 0277  0.7463132934328021E-002
 0278  0.7463103246652027E-002
 0279  0.7463047395234067E-002
 0280  0.7463021224622689E-002
 0281  0.7462995800189285E-002
 0282  0.7462971012582132E-002
 0283  0.7462924445249299E-002
 0284  0.7462902496300798E-002
 0285  0.7462881152655074E-002
 0286  0.7462860397139635E-002
 0287  0.7462821189545311E-002
 0288  0.7462802735080537E-002
 0289  0.7462784712941466E-002
 0290  0.7462767171316203E-002
 0291  0.7462734028467740E-002
 0292  0.7462718372721262E-002
 0293  0.7462703118874940E-002
 0294  0.7462688212427443E-002
 0295  0.7462660000454974E-002
 0296  0.7462646651238223E-002
 0297  0.7462633634000342E-002
 0298  0.7462608918438549E-002
 0299  0.7462597219421202E-002
 0300  0.7462585770501386E-002
 0301  0.7462574597553890E-002
 0302  0.7462553353156498E-002
 0303  0.7462543280901347E-002
 0304  0.7462533418298414E-002
 0305  0.7462514662253797E-002
 0306  0.7462505744610264E-002
 0307  0.7462497007931756E-002
 0308  0.7462488469443403E-002
 0309  0.7462472208848078E-002
 0310  0.7462464466898339E-002
 0311  0.7462456877868930E-002
 0312  0.7462442406540416E-002
 0313  0.7462435507516182E-002
 0314  0.7462428741343385E-002
 0315  0.7462415823388949E-002
 0316  0.7462409658619210E-002
 0317  0.7462403614469575E-002
 0318  0.7462392076913134E-002
 0319  0.7462386573068447E-002
 0320  0.7462381182480956E-002
 0321  0.7462370895279154E-002
 0322  0.7462365989351527E-002
 0323  0.7462361188621197E-002
 0324  0.7462352028633412E-002
 0325  0.7462347663626048E-002
 0326  0.7462339333779946E-002
 0327  0.7462335361167001E-002
 0328  0.7462331478149857E-002
 0329  0.7462324073163852E-002
 0330  0.7462320544807443E-002
 0331  0.7462317092015628E-002
 0332  0.7462310515176910E-002
 0333  0.7462307378716736E-002
 0334  0.7462301405150865E-002
 0335  0.7462298555496708E-002
 0336  0.7462295773557842E-002
 0337  0.7462290469619978E-002
 0338  0.7462287942805395E-002
 0339  0.7462283131819005E-002
 0340  0.7462280835708677E-002
 0341  0.7462276463827920E-002
 0342  0.7462274383828620E-002
 0343  0.7462272347148733E-002
 0344  0.7462268469951238E-002
 0345  0.7462266625677168E-002
 0346  0.7462263114290459E-002
 0347  0.7462261436960172E-002
 0348  0.7462258243252683E-002
 0349  0.7462256723759849E-002
 0350  0.7462253830151275E-002
 0351  0.7462252453222171E-002
 0352  0.7462249830709033E-002
 0353  0.7462248582560661E-002
 0354  0.7462246204134245E-002
 0355  0.7462245071193635E-002
 0356  0.7462242910307222E-002
 0357  0.7462241880042631E-002
 0358  0.7462239913273659E-002
 0359  0.7462238974743321E-002
 0360  0.7462237185412594E-002
 0361  0.7462236332627573E-002
 0362  0.7462234701691290E-002
 0363  0.7462233922001246E-002
 0364  0.7462232435913887E-002
 0365  0.7462231046321346E-002
 0366  0.7462230382259706E-002
 0367  0.7462229111629132E-002
 0368  0.7462228503873765E-002
 0369  0.7462227342266491E-002
 0370  0.7462226254199258E-002
 0371  0.7462225733842372E-002
 0372  0.7462224735614525E-002
 0373  0.7462224258678332E-002
 0374  0.7462223342930947E-002
 0375  0.7462222485048266E-002
 0376  0.7462222074379217E-002
 0377  0.7462221287232508E-002
 0378  0.7462220547774812E-002
 0379  0.7462220193119702E-002
 0380  0.7462219512102726E-002
 0381  0.7462218871707517E-002
 0382  0.7462218564485247E-002
 0383  0.7462217974341920E-002
 0384  0.7462217419518023E-002
 0385  0.7462216897152143E-002
 0386  0.7462216646489596E-002
 0387  0.7462216164822786E-002
 0388  0.7462215710515348E-002
 0389  0.7462215281944471E-002
 0390  0.7462215076328887E-002
 0391  0.7462214680342723E-002
 0392  0.7462214307096035E-002
 0393  0.7462213955004211E-002
 0394  0.7462213622260365E-002
 0395  0.7462213308327541E-002
 0396  0.7462213157315546E-002
 0397  0.7462212866517494E-002
 0398  0.7462212591868709E-002
 0399  0.7462212332271174E-002
 0400  0.7462212086874142E-002
 0401  0.7462211854884518E-002
 0402  0.7462211635495094E-002
 0403  0.7462211427961768E-002
 0404  0.7462211231622710E-002
 0405  0.7462211045332682E-002
 0406  0.7462210865315505E-002
 0407  0.7462210690729616E-002
 0408  0.7462210521352219E-002
 0409  0.7462210356972022E-002
 0410  0.7462210197388527E-002
 0411  0.7462210042411368E-002
 0412  0.7462209891859704E-002
 0413  0.7462209745561624E-002
 0414  0.7462209603353650E-002
 0415  0.7462209465080220E-002
 0416  0.7462209265423769E-002
 0417  0.7462209137250183E-002
 0418  0.7462209012481750E-002
 0419  0.7462208890995384E-002
 0420  0.7462208772673624E-002
 0421  0.7462208601458074E-002
 0422  0.7462208491310852E-002
 0423  0.7462208383925370E-002
 0424  0.7462208228333378E-002
 0425  0.7462208128109821E-002
 0426  0.7462208030308633E-002
 0427  0.7462207888433216E-002
 0428  0.7462207796937386E-002
 0429  0.7462207664096887E-002
 0430  0.7462207578356750E-002
 0431  0.7462207453773377E-002
 0432  0.7462207373299623E-002
 0433  0.7462207256279977E-002
 0434  0.7462207180635738E-002
 0435  0.7462207070559846E-002
 0436  0.7462206964637761E-002
 0437  0.7462206896088005E-002
 0438  0.7462206796224246E-002
 0439  0.7462206699997837E-002
 0440  0.7462206607228569E-002
 0441  0.7462206517747661E-002
 0442  0.7462206431396893E-002
 0443  0.7462206348027801E-002
 0444  0.7462206267500943E-002
 0445  0.7462206189685232E-002
 0446  0.7462206114457325E-002
 0447  0.7462206041701085E-002
 0448  0.7462205971307044E-002
 0449  0.7462205903171959E-002
 0450  0.7462205815828520E-002
 0451  0.7462205752821685E-002
 0452  0.7462205691758707E-002
 0453  0.7462205613365091E-002
 0454  0.7462205538363845E-002
 0455  0.7462205484151120E-002
 0456  0.7462205414445723E-002
 0457  0.7462205347641890E-002
 0458  0.7462205283580462E-002
 0459  0.7462205222113459E-002
 0460  0.7462205163103104E-002
 0461  0.7462205106420989E-002
 0462  0.7462205051947270E-002
 0463  0.7462204999570000E-002
 0464  0.7462204936963431E-002
 0465  0.7462204877419908E-002
 0466  0.7462204831817354E-002
 0467  0.7462204777208915E-002
 0468  0.7462204725169689E-002
 0469  0.7462204665953695E-002
 0470  0.7462204619130359E-002
 0471  0.7462204565768703E-002
 0472  0.7462204523513257E-002
 0473  0.7462204475291165E-002
 0474  0.7462204422319438E-002
 0475  0.7462204379536557E-002
 0476  0.7462204332459112E-002
 0477  0.7462204288250483E-002
 0478  0.7462204246699463E-002
 0479  0.7462204202248568E-002
 0480  0.7462204155852570E-002
 0481  0.7462204117553655E-002
 0482  0.7462204073250522E-002
 0483  0.7462204032597605E-002
 0484  0.7462203995247693E-002
 0485  0.7462203954390162E-002
 0486  0.7462203914534650E-002
 0487  0.7462203876169840E-002
 0488  0.7462203839690100E-002
 0489  0.7462203801432884E-002
 0490  0.7462203766677980E-002
 0491  0.7462203729736266E-002
 0492  0.7462203694711553E-002
 0493  0.7462203659729828E-002
 0494  0.7462203641316426E-002
 0495  0.7462203641316426E-002
 0496  0.7462203641316426E-002
 0497  0.7462203641316426E-002
 0498  0.7462203641316426E-002
 0499  0.7462203641316426E-002
 0500  0.7462203641316426E-002
 0501  0.7462203641316426E-002
 0502  0.7462203641316426E-002
 0503  0.7462203641316426E-002
 0504  0.7462203641316426E-002
 0505  0.7462203641316426E-002
 0506  0.7462203641316426E-002
 0507  0.7462203641316426E-002
 0508  0.7462203641316426E-002
 0509  0.7462203641316426E-002
 0510  0.7462203641316426E-002
 0511  0.7462203641316426E-002
 0512  0.7462203641316426E-002
 0513  0.7462203641316426E-002
 0514  0.7462203641316426E-002
 0515  0.7462203641316426E-002
 0516  0.7462203641316426E-002
 0517  0.7462203641316426E-002
 0518  0.7462203641316426E-002
 0519  0.7462203641316426E-002
 0520  0.7462203641316426E-002
 0521  0.7462203641316426E-002
 0522  0.7462203641316426E-002
 0523  0.7462203641316426E-002
 0524  0.7462203641316426E-002
 0525  0.7462203641316426E-002
 0526  0.7462203641316426E-002
 0527  0.7462203641316426E-002
 0528  0.7462203641316426E-002
 0529  0.7462203641316426E-002
 0530  0.7462203641316426E-002
 0531  0.7462203641316426E-002
 0532  0.7462203641316426E-002
 0533  0.7462203641316426E-002
 0534  0.7462203641316426E-002
 0535  0.7462203641316426E-002
 0536  0.7462203641316426E-002
 0537  0.7462203641316426E-002
 0538  0.7462203641316426E-002
 0539  0.7462203641316426E-002
 0540  0.7462203641316426E-002
 0541  0.7462203641316426E-002
 0542  0.7462203641316426E-002
 0543  0.7462203641316426E-002
 0544  0.7462203641316426E-002
 0545  0.7462203641316426E-002
 0546  0.7462203641316426E-002
 0547  0.7462203641316426E-002
 0548  0.7462203641316426E-002
 0549  0.7462203641316426E-002
 0550  0.7462203641316426E-002
 0551  0.7462203641316426E-002
 0552  0.7462203641316426E-002
 0553  0.7462203641316426E-002
 0554  0.7462203641316426E-002
 0555  0.7462203641316426E-002
 0556  0.7462203641316426E-002
 0557  0.7462203641316426E-002
 0558  0.7462203641316426E-002
 0559  0.7462203641316426E-002
 0560  0.7462203641316426E-002
 0561  0.7462203641316426E-002
 0562  0.7462203641316426E-002
 0563  0.7462203641316426E-002
 0564  0.7462203641316426E-002
 0565  0.7462203641316426E-002
 0566  0.7462203641316426E-002
 0567  0.7462203641316426E-002
 0568  0.7462203641316426E-002
 0569  0.7462203641316426E-002
 0570  0.7462203641316426E-002
 0571  0.7462203641316426E-002
 0572  0.7462203641316426E-002
 0573  0.7462203641316426E-002
 0574  0.7462203641316426E-002
 0575  0.7462203641316426E-002
 0576  0.7462203641316426E-002
 0577  0.7462203641316426E-002
 0578  0.7462203641316426E-002
 0579  0.7462203641316426E-002
 0580  0.7462203641316426E-002
 0581  0.7462203641316426E-002
 0582  0.7462203641316426E-002
 0583  0.7462203641316426E-002
 0584  0.7462203641316426E-002
 0585  0.7462203641316426E-002
 0586  0.7462203641316426E-002
 0587  0.7462203641316426E-002
 0588  0.7462203641316426E-002
 0589  0.7462203641316426E-002
 0590  0.7462203641316426E-002
 0591  0.7462203641316426E-002
 0592  0.7462203641316426E-002
 0593  0.7462203641316426E-002
 0594  0.7462203641316426E-002
 0595  0.7462203641316426E-002
 0596  0.7462203641316426E-002
 0597  0.7462203641316426E-002
 0598  0.7462203641316426E-002
 0599  0.7462203641316426E-002
 0600  0.7462203641316426E-002
 0601  0.7462203641316426E-002
 0602  0.7462203641316426E-002
 0603  0.7462203641316426E-002
 0604  0.7462203641316426E-002
 0605  0.7462203641316426E-002
 0606  0.7462203641316426E-002
 0607  0.7462203641316426E-002
 0608  0.7462203641316426E-002
 0609  0.7462203641316426E-002
 0610  0.7462203641316426E-002
 0611  0.7462203641316426E-002
 0612  0.7462203641316426E-002
 0613  0.7462203641316426E-002
 0614  0.7462203641316426E-002
 0615  0.7462203641316426E-002
 0616  0.7462203641316426E-002
 0617  0.7462203641316426E-002
 0618  0.7462203641316426E-002
 0619  0.7462203641316426E-002
 0620  0.7462203641316426E-002
 0621  0.7462203641316426E-002
 0622  0.7462203641316426E-002
 0623  0.7462203641316426E-002
 0624  0.7462203641316426E-002
 0625  0.7462203641316426E-002
 0626  0.7462203641316426E-002
 0627  0.7462203641316426E-002
 0628  0.7462203641316426E-002
 0629  0.7462203641316426E-002
 0630  0.7462203641316426E-002
 0631  0.7462203641316426E-002
 0632  0.7462203641316426E-002
 0633  0.7462203641316426E-002
 0634  0.7462203641316426E-002
 0635  0.7462203641316426E-002
 0636  0.7462203641316426E-002
 0637  0.7462203641316426E-002
 0638  0.7462203641316426E-002
 0639  0.7462203641316426E-002
 0640  0.7462203641316426E-002
 0641  0.7462203641316426E-002
 0642  0.7462203641316426E-002
 0643  0.7462203641316426E-002
 0644  0.7462203641316426E-002
 0645  0.7462203641316426E-002
 0646  0.7462203641316426E-002
 0647  0.7462203641316426E-002
 0648  0.7462203641316426E-002
 0649  0.7462203641316426E-002
 0650  0.7462203641316426E-002
 0651  0.7462203641316426E-002
 0652  0.7462203641316426E-002
 0653  0.7462203641316426E-002
 0654  0.7462203641316426E-002
 0655  0.7462203641316426E-002
 0656  0.7462203641316426E-002
 0657  0.7462203641316426E-002
 0658  0.7462203641316426E-002
 0659  0.7462203641316426E-002
 0660  0.7462203641316426E-002
 0661  0.7462203641316426E-002
 0662  0.7462203641316426E-002
 0663  0.7462203641316426E-002
 0664  0.7462203641316426E-002
 0665  0.7462203641316426E-002
 0666  0.7462203641316426E-002
 0667  0.7462203641316426E-002
 0668  0.7462203641316426E-002
 0669  0.7462203641316426E-002
 0670  0.7462203641316426E-002
 0671  0.7462203641316426E-002
 0672  0.7462203641316426E-002
 0673  0.7462203641316426E-002
 0674  0.7462203641316426E-002
 0675  0.7462203641316426E-002
 0676  0.7462203641316426E-002
 0677  0.7462203641316426E-002
 0678  0.7462203641316426E-002
 0679  0.7462203641316426E-002
 0680  0.7462203641316426E-002
 0681  0.7462203641316426E-002
 0682  0.7462203641316426E-002
 0683  0.7462203641316426E-002
 0684  0.7462203641316426E-002
 0685  0.7462203641316426E-002
 0686  0.7462203641316426E-002
 0687  0.7462203641316426E-002
 0688  0.7462203641316426E-002
 0689  0.7462203641316426E-002
 0690  0.7462203641316426E-002
 0691  0.7462203641316426E-002
 0692  0.7462203641316426E-002
 0693  0.7462203641316426E-002
 0694  0.7462203641316426E-002
 0695  0.7462203641316426E-002
 0696  0.7462203641316426E-002
 0697  0.7462203641316426E-002
 0698  0.7462203641316426E-002
 0699  0.7462203641316426E-002
 0700  0.7462203641316426E-002
 0701  0.7462203641316426E-002
 0702  0.7462203641316426E-002
 0703  0.7462203641316426E-002
 0704  0.7462203641316426E-002
 0705  0.7462203641316426E-002
 0706  0.7462203641316426E-002
 0707  0.7462203641316426E-002
 0708  0.7462203641316426E-002
 0709  0.7462203641316426E-002
 0710  0.7462203641316426E-002
 0711  0.7462203641316426E-002
 0712  0.7462203641316426E-002
 0713  0.7462203641316426E-002
 0714  0.7462203641316426E-002
 0715  0.7462203641316426E-002
 0716  0.7462203641316426E-002
 0717  0.7462203641316426E-002
 0718  0.7462203641316426E-002
 0719  0.7462203641316426E-002
 0720  0.7462203641316426E-002
 0721  0.7462203641316426E-002
 0722  0.7462203641316426E-002
 0723  0.7462203641316426E-002
 0724  0.7462203641316426E-002
 0725  0.7462203641316426E-002
 0726  0.7462203641316426E-002
 0727  0.7462203641316426E-002
 0728  0.7462203641316426E-002
 0729  0.7462203641316426E-002
 0730  0.7462203641316426E-002
 0731  0.7462203641316426E-002
 0732  0.7462203641316426E-002
 0733  0.7462203641316426E-002
 0734  0.7462203641316426E-002
 0735  0.7462203641316426E-002
 0736  0.7462203641316426E-002
 0737  0.7462203641316426E-002
 0738  0.7462203641316426E-002
 0739  0.7462203641316426E-002
 0740  0.7462203641316426E-002
 0741  0.7462203641316426E-002
 0742  0.7462203641316426E-002
 0743  0.7462203641316426E-002
 0744  0.7462203641316426E-002
 0745  0.7462203641316426E-002
 0746  0.7462203641316426E-002
 0747  0.7462203641316426E-002
 0748  0.7462203641316426E-002
 0749  0.7462203641316426E-002
 0750  0.7462203641316426E-002
 0751  0.7462203641316426E-002
 0752  0.7462203641316426E-002
 0753  0.7462203641316426E-002
 0754  0.7462203641316426E-002
 0755  0.7462203641316426E-002
 0756  0.7462203641316426E-002
 0757  0.7462203641316426E-002
 0758  0.7462203641316426E-002
 0759  0.7462203641316426E-002
 0760  0.7462203641316426E-002
 0761  0.7462203641316426E-002
 0762  0.7462203641316426E-002
 0763  0.7462203641316426E-002
 0764  0.7462203641316426E-002
 0765  0.7462203641316426E-002
 0766  0.7462203641316426E-002
 0767  0.7462203641316426E-002
 0768  0.7462203641316426E-002
 0769  0.7462203641316426E-002
 0770  0.7462203641316426E-002
 0771  0.7462203641316426E-002
 0772  0.7462203641316426E-002
 0773  0.7462203641316426E-002
 0774  0.7462203641316426E-002
 0775  0.7462203641316426E-002
 0776  0.7462203641316426E-002
 0777  0.7462203641316426E-002
 0778  0.7462203641316426E-002
 0779  0.7462203641316426E-002
 0780  0.7462203641316426E-002
 0781  0.7462203641316426E-002
 0782  0.7462203641316426E-002
 0783  0.7462203641316426E-002
 0784  0.7462203641316426E-002
 0785  0.7462203641316426E-002
 0786  0.7462203641316426E-002
 0787  0.7462203641316426E-002
 0788  0.7462203641316426E-002
 0789  0.7462203641316426E-002
 0790  0.7462203641316426E-002
 0791  0.7462203641316426E-002
 0792  0.7462203641316426E-002
 0793  0.7462203641316426E-002
 0794  0.7462203641316426E-002
 0795  0.7462203641316426E-002
 0796  0.7462203641316426E-002
 0797  0.7462203641316426E-002
 0798  0.7462203641316426E-002
 0799  0.7462203641316426E-002
 0800  0.7462203641316426E-002
 0801  0.7462203641316426E-002
 0802  0.7462203641316426E-002
 0803  0.7462203641316426E-002
 0804  0.7462203641316426E-002
 0805  0.7462203641316426E-002
 0806  0.7462203641316426E-002
 0807  0.7462203641316426E-002
 0808  0.7462203641316426E-002
 0809  0.7462203641316426E-002
 0810  0.7462203641316426E-002
 0811  0.7462203641316426E-002
 0812  0.7462203641316426E-002
 0813  0.7462203641316426E-002
 0814  0.7462203641316426E-002
 0815  0.7462203641316426E-002
 0816  0.7462203641316426E-002
 0817  0.7462203641316426E-002
 0818  0.7462203641316426E-002
 0819  0.7462203641316426E-002
 0820  0.7462203641316426E-002
 0821  0.7462203641316426E-002
 0822  0.7462203641316426E-002
 0823  0.7462203641316426E-002
 0824  0.7462203641316426E-002
 0825  0.7462203641316426E-002
 0826  0.7462203641316426E-002
 0827  0.7462203641316426E-002
 0828  0.7462203641316426E-002
 0829  0.7462203641316426E-002
 0830  0.7462203641316426E-002
 0831  0.7462203641316426E-002
 0832  0.7462203641316426E-002
 0833  0.7462203641316426E-002
 0834  0.7462203641316426E-002
 0835  0.7462203641316426E-002
 0836  0.7462203641316426E-002
 0837  0.7462203641316426E-002
 0838  0.7462203641316426E-002
 0839  0.7462203641316426E-002
 0840  0.7462203641316426E-002
 0841  0.7462203641316426E-002
 0842  0.7462203641316426E-002
 0843  0.7462203641316426E-002
 0844  0.7462203641316426E-002
 0845  0.7462203641316426E-002
 0846  0.7462203641316426E-002
 0847  0.7462203641316426E-002
 0848  0.7462203641316426E-002
 0849  0.7462203641316426E-002
 0850  0.7462203641316426E-002
 0851  0.7462203641316426E-002
 0852  0.7462203641316426E-002
 0853  0.7462203641316426E-002
 0854  0.7462203641316426E-002
 0855  0.7462203641316426E-002
 0856  0.7462203641316426E-002
 0857  0.7462203641316426E-002
 0858  0.7462203641316426E-002
 0859  0.7462203641316426E-002
 0860  0.7462203641316426E-002
 0861  0.7462203641316426E-002
 0862  0.7462203641316426E-002
 0863  0.7462203641316426E-002
 0864  0.7462203641316426E-002
 0865  0.7462203641316426E-002
 0866  0.7462203641316426E-002
 0867  0.7462203641316426E-002
 0868  0.7462203641316426E-002
 0869  0.7462203641316426E-002
 0870  0.7462203641316426E-002
 0871  0.7462203641316426E-002
 0872  0.7462203641316426E-002
 0873  0.7462203641316426E-002
 0874  0.7462203641316426E-002
 0875  0.7462203641316426E-002
 0876  0.7462203641316426E-002
 0877  0.7462203641316426E-002
 0878  0.7462203641316426E-002
 0879  0.7462203641316426E-002
 0880  0.7462203641316426E-002
 0881  0.7462203641316426E-002
 0882  0.7462203641316426E-002
 0883  0.7462203641316426E-002
 0884  0.7462203641316426E-002
 0885  0.7462203641316426E-002
 0886  0.7462203641316426E-002
 0887  0.7462203641316426E-002
 0888  0.7462203641316426E-002
 0889  0.7462203641316426E-002
 0890  0.7462203641316426E-002
 0891  0.7462203641316426E-002
 0892  0.7462203641316426E-002
 0893  0.7462203641316426E-002
 0894  0.7462203641316426E-002
 0895  0.7462203641316426E-002
 0896  0.7462203641316426E-002
 0897  0.7462203641316426E-002
 0898  0.7462203641316426E-002
 0899  0.7462203641316426E-002
 0900  0.7462203641316426E-002
 0901  0.7462203641316426E-002
 0902  0.7462203641316426E-002
 0903  0.7462203641316426E-002
 0904  0.7462203641316426E-002
 0905  0.7462203641316426E-002
 0906  0.7462203641316426E-002
 0907  0.7462203641316426E-002
 0908  0.7462203641316426E-002
 0909  0.7462203641316426E-002
 0910  0.7462203641316426E-002
 0911  0.7462203641316426E-002
 0912  0.7462203641316426E-002
 0913  0.7462203641316426E-002
 0914  0.7462203641316426E-002
 0915  0.7462203641316426E-002
 0916  0.7462203641316426E-002
 0917  0.7462203641316426E-002
 0918  0.7462203641316426E-002
 0919  0.7462203641316426E-002
 0920  0.7462203641316426E-002
 0921  0.7462203641316426E-002
 0922  0.7462203641316426E-002
 0923  0.7462203641316426E-002
 0924  0.7462203641316426E-002
 0925  0.7462203641316426E-002
 0926  0.7462203641316426E-002
 0927  0.7462203641316426E-002
 0928  0.7462203641316426E-002
 0929  0.7462203641316426E-002
 0930  0.7462203641316426E-002
 0931  0.7462203641316426E-002
 0932  0.7462203641316426E-002
 0933  0.7462203641316426E-002
 0934  0.7462203641316426E-002
 0935  0.7462203641316426E-002
 0936  0.7462203641316426E-002
 0937  0.7462203641316426E-002
 0938  0.7462203641316426E-002
 0939  0.7462203641316426E-002
 0940  0.7462203641316426E-002
 0941  0.7462203641316426E-002
 0942  0.7462203641316426E-002
 0943  0.7462203641316426E-002
 0944  0.7462203641316426E-002
 0945  0.7462203641316426E-002
 0946  0.7462203641316426E-002
 0947  0.7462203641316426E-002
 0948  0.7462203641316426E-002
 0949  0.7462203641316426E-002
 0950  0.7462203641316426E-002
 0951  0.7462203641316426E-002
 0952  0.7462203641316426E-002
 0953  0.7462203641316426E-002
 0954  0.7462203641316426E-002
 0955  0.7462203641316426E-002
 0956  0.7462203641316426E-002
 0957  0.7462203641316426E-002
 0958  0.7462203641316426E-002
 0959  0.7462203641316426E-002
 0960  0.7462203641316426E-002
 0961  0.7462203641316426E-002
 0962  0.7462203641316426E-002
 0963  0.7462203641316426E-002
 0964  0.7462203641316426E-002
 0965  0.7462203641316426E-002
 0966  0.7462203641316426E-002
 0967  0.7462203641316426E-002
 0968  0.7462203641316426E-002
 0969  0.7462203641316426E-002
 0970  0.7462203641316426E-002
 0971  0.7462203641316426E-002
 0972  0.7462203641316426E-002
 0973  0.7462203641316426E-002
 0974  0.7462203641316426E-002
 0975  0.7462203641316426E-002
 0976  0.7462203641316426E-002
 0977  0.7462203641316426E-002
 0978  0.7462203641316426E-002
 0979  0.7462203641316426E-002
 0980  0.7462203641316426E-002
 0981  0.7462203641316426E-002
 0982  0.7462203641316426E-002
 0983  0.7462203641316426E-002
 0984  0.7462203641316426E-002
 0985  0.7462203641316426E-002
 0986  0.7462203641316426E-002
 0987  0.7462203641316426E-002
 0988  0.7462203641316426E-002
 0989  0.7462203641316426E-002
 0990  0.7462203641316426E-002
 0991  0.7462203641316426E-002
 0992  0.7462203641316426E-002
 0993  0.7462203641316426E-002
 0994  0.7462203641316426E-002
 0995  0.7462203641316426E-002
 0996  0.7462203641316426E-002
 0997  0.7462203641316426E-002
 0998  0.7462203641316426E-002
 0999  0.7462203641316426E-002
 1000  0.7462203641316426E-002
