 0001  0.2371928148767835E+000
 0002  0.2371249173976987E+000
 0003  0.2371249173976987E+000
 0004  0.2371249173976987E+000
 0005  0.2370463570885518E+000
 0006  0.2370463570885518E+000
 0007  0.2369576600462891E+000
 0008  0.2369576600462891E+000
 0009  0.2368710227169772E+000
 0010  0.2368710227169772E+000
 0011  0.2368710227169772E+000
 0012  0.2367723574856859E+000
 0013  0.2367723574856859E+000
 0014  0.2366759834475337E+000
 0015  0.2366759834475337E+000
 0016  0.2365676847571914E+000
 0017  0.2365676847571914E+000
 0018  0.2364467502845106E+000
 0019  0.2364467502845106E+000
 0020  0.2363286241388407E+000
 0021  0.2363286241388407E+000
 0022  0.2361958733195909E+000
 0023  0.2361958733195909E+000
 0024  0.2360496390399603E+000
 0025  0.2360496390399603E+000
 0026  0.2358888643320054E+000
 0027  0.2357362568248672E+000
 0028  0.2357362568248672E+000
 0029  0.2355668535392464E+000
 0030  0.2355668535392464E+000
 0031  0.2353798179350289E+000
 0032  0.2353798179350289E+000
 0033  0.2351971256510219E+000
 0034  0.2350028473613830E+000
 0035  0.2350028473613830E+000
 0036  0.2347805297603289E+000
 0037  0.2347805297603289E+000
 0038  0.2345633747941316E+000
 0039  0.2343054337732709E+000
 0040  0.2343054337732709E+000
 0041  0.2339745699158988E+000
 0042  0.2335595963722949E+000
 0043  0.2335595963722949E+000
 0044  0.2331542592986363E+000
 0045  0.2331542592986363E+000
 0046  0.2326472528968370E+000
 0047  0.2320366569216362E+000
 0048  0.2320366569216362E+000
 0049  0.2312653282848839E+000
 0050  0.2305483935211669E+000
 0051  0.2296610617681046E+000
 0052  0.2296610617681046E+000
 0053  0.2285292872724163E+000
 0054  0.2272413900640095E+000
 0055  0.2272413900640095E+000
 0056  0.2259834002627923E+000
 0057  0.2245069021195704E+000
 0058  0.2245069021195704E+000
 0059  0.2226905223982191E+000
 0060  0.2206247977775654E+000
 0061  0.2183073748577485E+000
 0062  0.2183073748577485E+000
 0063  0.2160437668778516E+000
 0064  0.2135400146893182E+000
 0065  0.2107854665861483E+000
 0066  0.2107854665861483E+000
 0067  0.2075634095543899E+000
 0068  0.2040960528334404E+000
 0069  0.2009564230593937E+000
 0070  0.2009564230593937E+000
 0071  0.1972249228206814E+000
 0072  0.1932110087830507E+000
 0073  0.1890242380462062E+000
 0074  0.1846708549680787E+000
 0075  0.1846708549680787E+000
 0076  0.1804185656725297E+000
 0077  0.1759177608312877E+000
 0078  0.1712148186483857E+000
 0079  0.1663579264697472E+000
 0080  0.1663579264697472E+000
 0081  0.1609043853437225E+000
 0082  0.1554396835149813E+000
 0083  0.1506407780410521E+000
 0084  0.1456984884289077E+000
 0085  0.1456984884289077E+000
 0086  0.1401067458860566E+000
 0087  0.1345562995708605E+000
 0088  0.1290805218832753E+000
 0089  0.1236983378146541E+000
 0090  0.1184199448328283E+000
 0091  0.1184199448328283E+000
 0092  0.1125789045687105E+000
 0093  0.1069661865834456E+000
 0094  0.1016712183682392E+000
 0095  0.9666687215318946E-001
 0096  0.9189825872945646E-001
 0097  0.8732654307946107E-001
 0098  0.8292397351895545E-001
 0099  0.7867048220016888E-001
 0100  0.7455133099231420E-001
 0101  0.7053930860881266E-001
 0102  0.6665705999420961E-001
 0103  0.6292111543505932E-001
 0104  0.5934300817621435E-001
 0105  0.5593020126854212E-001
 0106  0.5268685681239910E-001
 0107  0.4938913827661452E-001
 0108  0.4634105722741549E-001
 0109  0.4352181870831000E-001
 0110  0.4091263917288097E-001
 0111  0.3849683476857363E-001
 0112  0.3625948537267962E-001
 0113  0.3251413379962417E-001
 0114  0.3093470662225211E-001
 0115  0.2944590507050645E-001
 0116  0.2804104598006100E-001
 0117  0.2671850269730144E-001
 0118  0.2547608692742019E-001
 0119  0.2431118563825344E-001
 0120  0.2322087479258190E-001
 0121  0.2220201340341475E-001
 0122  0.2125132090402177E-001
 0123  0.2032433143059876E-001
 0124  0.1947210222583159E-001
 0125  0.1868839534870859E-001
 0126  0.1796754030158873E-001
 0127  0.1730437473035776E-001
 0128  0.1669419230485340E-001
 0129  0.1613269681547096E-001
 0130  0.1519340561952010E-001
 0131  0.1479897984429744E-001
 0132  0.1443062020576162E-001
 0133  0.1408689996292053E-001
 0134  0.1376643070282858E-001
 0135  0.1346786776519824E-001
 0136  0.1318991430013799E-001
 0137  0.1292263947478098E-001
 0138  0.1267610881014851E-001
 0139  0.1244867981833674E-001
 0140  0.1223884572166909E-001
 0141  0.1204509557188944E-001
 0142  0.1186620846244975E-001
 0143  0.1170105370612232E-001
 0144  0.1154858567469853E-001
 0145  0.1129136126530866E-001
 0146  0.1118255100790817E-001
 0147  0.1108094716201660E-001
 0148  0.1098611259033069E-001
 0149  0.1089529137305622E-001
 0150  0.1081106294688967E-001
 0151  0.1073290885005507E-001
 0152  0.1066039188878190E-001
 0153  0.1059310626067842E-001
 0154  0.1053067530738461E-001
 0155  0.1047274942752208E-001
 0156  0.1041900413856204E-001
 0157  0.1036913827703430E-001
 0158  0.1028400082750963E-001
 0159  0.1024758166635827E-001
 0160  0.1021271481831273E-001
 0161  0.1018019380132153E-001
 0162  0.1014986076430491E-001
 0163  0.1012156848096658E-001
 0164  0.1009517963435545E-001
 0165  0.1007056614961863E-001
 0166  0.1004760857171647E-001
 0167  0.1002619544976009E-001
 0168  0.1000622284445646E-001
 0169  0.9987589107798308E-002
 0170  0.9955121169655587E-002
 0171  0.9940982470871761E-002
 0172  0.9927729854361149E-002
 0173  0.9915307706190113E-002
 0174  0.9903663911966691E-002
 0175  0.9892749635687814E-002
 0176  0.9882519112656012E-002
 0177  0.9872927647032768E-002
 0178  0.9863935566827617E-002
 0179  0.9855370578391406E-002
 0180  0.9847362367781236E-002
 0181  0.9833434449740634E-002
 0182  0.9827370145385907E-002
 0183  0.9821658257145720E-002
 0184  0.9816278421727508E-002
 0185  0.9811211440328533E-002
 0186  0.9806439213173897E-002
 0187  0.9801944677634815E-002
 0188  0.9797651911730368E-002
 0189  0.9793617763186510E-002
 0190  0.9786528964448956E-002
 0191  0.9783411436002752E-002
 0192  0.9780463572127914E-002
 0193  0.9777676176136899E-002
 0194  0.9775040545039630E-002
 0195  0.9772516913712549E-002
 0196  0.9770134782444345E-002
 0197  0.9767886091255888E-002
 0198  0.9765763245879475E-002
 0199  0.9763759091172688E-002
 0200  0.9760205895490058E-002
 0201  0.9758629441365137E-002
 0202  0.9757116130209300E-002
 0203  0.9755682082285194E-002
 0204  0.9754323085487801E-002
 0205  0.9753035154834165E-002
 0206  0.9751814520036910E-002
 0207  0.9750657528917727E-002
 0208  0.9748579875049410E-002
 0209  0.9747647091343599E-002
 0210  0.9746760076758738E-002
 0211  0.9745916504040655E-002
 0212  0.9745114222924720E-002
 0213  0.9744351190490844E-002
 0214  0.9743625465887350E-002
 0215  0.9742928611098354E-002
 0216  0.9741676694416128E-002
 0217  0.9741114053140874E-002
 0218  0.9740577314640300E-002
 0219  0.9740065274560134E-002
 0220  0.9739576785056535E-002
 0221  0.9739106596179553E-002
 0222  0.9738658436891031E-002
 0223  0.9737848174960533E-002
 0224  0.9737481719168165E-002
 0225  0.9737131159859360E-002
 0226  0.9736793050227609E-002
 0227  0.9736469878936390E-002
 0228  0.9736160961696832E-002
 0229  0.9735865658582138E-002
 0230  0.9735328687330149E-002
 0231  0.9735082587279901E-002
 0232  0.9734846756743454E-002
 0233  0.9734620759975249E-002
 0234  0.9734404179993226E-002
 0235  0.9734196611276426E-002
 0236  0.9733997673046956E-002
 0237  0.9733631571425377E-002
 0238  0.9733464384938776E-002
 0239  0.9733303794715558E-002
 0240  0.9733149536661292E-002
 0241  0.9733000356249900E-002
 0242  0.9732857136417009E-002
 0243  0.9732594396346489E-002
 0244  0.9732473847458930E-002
 0245  0.9732357071457795E-002
 0246  0.9732244725867183E-002
 0247  0.9732136636758352E-002
 0248  0.9732032639609750E-002
 0249  0.9731840481100332E-002
 0250  0.9731751707864292E-002
 0251  0.9731666134523210E-002
 0252  0.9731583641970132E-002
 0253  0.9731503664938950E-002
 0254  0.9731426598943153E-002
 0255  0.9731284147999163E-002
 0256  0.9731218300834284E-002
 0257  0.9731154364391755E-002
 0258  0.9731092643762349E-002
 0259  0.9731033060373210E-002
 0260  0.9730922252812463E-002
 0261  0.9730870730585485E-002
 0262  0.9730820911380863E-002
 0263  0.9730772737679701E-002
 0264  0.9730725923632066E-002
 0265  0.9730638836723539E-002
 0266  0.9730598325140727E-002
 0267  0.9730558906729265E-002
 0268  0.9730520743642609E-002
 0269  0.9730483794913952E-002
 0270  0.9730414696027584E-002
 0271  0.9730382387346262E-002
 0272  0.9730351062811190E-002
 0273  0.9730320560171464E-002
 0274  0.9730263503861886E-002
 0275  0.9730236816887235E-002
 0276  0.9730210800492977E-002
 0277  0.9730185549223024E-002
 0278  0.9730161039787577E-002
 0279  0.9730114892383526E-002
 0280  0.9730093258076215E-002
 0281  0.9730072233643802E-002
 0282  0.9730051722503127E-002
 0283  0.9730013170864610E-002
 0284  0.9729994985447367E-002
 0285  0.9729977296036191E-002
 0286  0.9729960088633157E-002
 0287  0.9729927558531934E-002
 0288  0.9729912239927099E-002
 0289  0.9729897271096181E-002
 0290  0.9729882697017859E-002
 0291  0.9729855144699954E-002
 0292  0.9729842121945737E-002
 0293  0.9729829429728581E-002
 0294  0.9729817019306704E-002
 0295  0.9729793517973942E-002
 0296  0.9729782391302681E-002
 0297  0.9729771538236322E-002
 0298  0.9729750917285833E-002
 0299  0.9729741152279136E-002
 0300  0.9729731590679599E-002
 0301  0.9729722256983962E-002
 0302  0.9729704497700647E-002
 0303  0.9729696074302231E-002
 0304  0.9729687821754025E-002
 0305  0.9729672119298807E-002
 0306  0.9729664649475358E-002
 0307  0.9729657327393398E-002
 0308  0.9729650169544314E-002
 0309  0.9729636531162721E-002
 0310  0.9729630034261607E-002
 0311  0.9729623662394479E-002
 0312  0.9729611505915937E-002
 0313  0.9729605707483905E-002
 0314  0.9729600017834562E-002
 0315  0.9729589149453731E-002
 0316  0.9729583959024716E-002
 0317  0.9729578863562700E-002
 0318  0.9729569118837057E-002
 0319  0.9729564459628528E-002
 0320  0.9729559883612956E-002
 0321  0.9729551122522885E-002
 0322  0.9729546928946585E-002
 0323  0.9729542808438874E-002
 0324  0.9729534910990309E-002
 0325  0.9729531119547951E-002
 0326  0.9729523845478524E-002
 0327  0.9729520356452602E-002
 0328  0.9729516925398560E-002
 0329  0.9729510330505814E-002
 0330  0.9729507161616038E-002
 0331  0.9729504049729621E-002
 0332  0.9729498057980113E-002
 0333  0.9729495178769981E-002
 0334  0.9729489630461630E-002
 0335  0.9729486961938450E-002
 0336  0.9729484334957721E-002
 0337  0.9729479272921919E-002
 0338  0.9729476834444303E-002
 0339  0.9729472128579770E-002
 0340  0.9729469861546708E-002
 0341  0.9729465483261696E-002
 0342  0.9729463369502886E-002
 0343  0.9729461289488891E-002
 0344  0.9729457269827223E-002
 0345  0.9729455327948980E-002
 0346  0.9729451572970942E-002
 0347  0.9729449760020244E-002
 0348  0.9729446251936228E-002
 0349  0.9729444554990269E-002
 0350  0.9729441269487627E-002
 0351  0.9729439679285648E-002
 0352  0.9729436598712336E-002
 0353  0.9729435106847132E-002
 0354  0.9729432215179449E-002
 0355  0.9729430814022439E-002
 0356  0.9729428096714758E-002
 0357  0.9729426779331432E-002
 0358  0.9729424223146210E-002
 0359  0.9729422983221605E-002
 0360  0.9729420575089584E-002
 0361  0.9729419405914170E-002
 0362  0.9729417135121623E-002
 0363  0.9729416032564770E-002
 0364  0.9729413888470420E-002
 0365  0.9729411838497501E-002
 0366  0.9729410841856679E-002
 0367  0.9729408902820598E-002
 0368  0.9729407959726771E-002
 0369  0.9729406123527993E-002
 0370  0.9729404363927241E-002
 0371  0.9729403507153917E-002
 0372  0.9729401838274884E-002
 0373  0.9729401025148979E-002
 0374  0.9729399440731031E-002
 0375  0.9729397918971538E-002
 0376  0.9729397177034057E-002
 0377  0.9729395729593360E-002
 0378  0.9729394338032073E-002
 0379  0.9729393659149451E-002
 0380  0.9729392333903559E-002
 0381  0.9729391058329331E-002
 0382  0.9729390435528966E-002
 0383  0.9729389218823818E-002
 0384  0.9729388046271175E-002
 0385  0.9729386915807343E-002
 0386  0.9729386363234773E-002
 0387  0.9729385282556574E-002
 0388  0.9729384239750269E-002
 0389  0.9729383232963349E-002
 0390  0.9729382740319540E-002
 0391  0.9729381776098367E-002
 0392  0.9729380844172108E-002
 0393  0.9729379943098342E-002
 0394  0.9729379071607352E-002
 0395  0.9729378228197565E-002
 0396  0.9729377814972465E-002
 0397  0.9729377004948336E-002
 0398  0.9729376220441018E-002
 0399  0.9729375460382807E-002
 0400  0.9729374723718211E-002
 0401  0.9729374009449060E-002
 0402  0.9729373316648372E-002
 0403  0.9729372644435460E-002
 0404  0.9729371991966782E-002
 0405  0.9729371358581963E-002
 0406  0.9729370744369727E-002
 0407  0.9729370148688896E-002
 0408  0.9729369570779262E-002
 0409  0.9729369009920035E-002
 0410  0.9729368465426847E-002
 0411  0.9729367936650255E-002
 0412  0.9729367422973303E-002
 0413  0.9729366923809452E-002
 0414  0.9729366438600808E-002
 0415  0.9729365966816790E-002
 0416  0.9729365285596089E-002
 0417  0.9729364848272404E-002
 0418  0.9729364422566906E-002
 0419  0.9729364008059772E-002
 0420  0.9729363604350168E-002
 0421  0.9729363020168769E-002
 0422  0.9729362644350393E-002
 0423  0.9729362277954885E-002
 0424  0.9729361747080542E-002
 0425  0.9729361405121331E-002
 0426  0.9729361071427151E-002
 0427  0.9729360587353296E-002
 0428  0.9729360275172735E-002
 0429  0.9729359821925658E-002
 0430  0.9729359529383332E-002
 0431  0.9729359104309358E-002
 0432  0.9729358829735791E-002
 0433  0.9729358430468920E-002
 0434  0.9729358172373446E-002
 0435  0.9729357796798356E-002
 0436  0.9729357435396007E-002
 0437  0.9729357201506675E-002
 0438  0.9729356860775052E-002
 0439  0.9729356532454009E-002
 0440  0.9729356215928480E-002
 0441  0.9729355910622847E-002
 0442  0.9729355615996997E-002
 0443  0.9729355331544579E-002
 0444  0.9729355056789790E-002
 0445  0.9729354791285285E-002
 0446  0.9729354534610331E-002
 0447  0.9729354286368706E-002
 0448  0.9729354046186854E-002
 0449  0.9729353813712337E-002
 0450  0.9729353515699720E-002
 0451  0.9729353300722592E-002
 0452  0.9729353092377900E-002
 0453  0.9729352824901614E-002
 0454  0.9729352569000075E-002
 0455  0.9729352384028327E-002
 0456  0.9729352146196017E-002
 0457  0.9729351918263705E-002
 0458  0.9729351699688363E-002
 0459  0.9729351489965036E-002
 0460  0.9729351288623770E-002
 0461  0.9729351095226327E-002
 0462  0.9729350909363908E-002
 0463  0.9729350730654573E-002
 0464  0.9729350517043248E-002
 0465  0.9729350313882904E-002
 0466  0.9729350158288668E-002
 0467  0.9729349971966464E-002
 0468  0.9729349794410494E-002
 0469  0.9729349592367624E-002
 0470  0.9729349432608154E-002
 0471  0.9729349250540127E-002
 0472  0.9729349106366010E-002
 0473  0.9729348941833933E-002
 0474  0.9729348761096195E-002
 0475  0.9729348615122660E-002
 0476  0.9729348454496233E-002
 0477  0.9729348303657943E-002
 0478  0.9729348161887242E-002
 0479  0.9729348010222410E-002
 0480  0.9729347851921009E-002
 0481  0.9729347721246754E-002
 0482  0.9729347570085940E-002
 0483  0.9729347431379702E-002
 0484  0.9729347303943016E-002
 0485  0.9729347164538575E-002
 0486  0.9729347028552857E-002
 0487  0.9729346897653427E-002
 0488  0.9729346773185746E-002
 0489  0.9729346642653538E-002
 0490  0.9729346524071262E-002
 0491  0.9729346398027621E-002
 0492  0.9729346278524361E-002
 0493  0.9729346159167734E-002
 0494  0.9729346096341700E-002
 0495  0.9729346096341700E-002
 0496  0.9729346096341700E-002
 0497  0.9729346096341700E-002
 0498  0.9729346096341700E-002
 0499  0.9729346096341700E-002
 0500  0.9729346096341700E-002
 0501  0.9729346096341700E-002
 0502  0.9729346096341700E-002
 0503  0.9729346096341700E-002
 0504  0.9729346096341700E-002
 0505  0.9729346096341700E-002
 0506  0.9729346096341700E-002
 0507  0.9729346096341700E-002
 0508  0.9729346096341700E-002
 0509  0.9729346096341700E-002
 0510  0.9729346096341700E-002
 0511  0.9729346096341700E-002
 0512  0.9729346096341700E-002
 0513  0.9729346096341700E-002
 0514  0.9729346096341700E-002
 0515  0.9729346096341700E-002
 0516  0.9729346096341700E-002
 0517  0.9729346096341700E-002
 0518  0.9729346096341700E-002
 0519  0.9729346096341700E-002
 0520  0.9729346096341700E-002
 0521  0.9729346096341700E-002
 0522  0.9729346096341700E-002
 0523  0.9729346096341700E-002
 0524  0.9729346096341700E-002
 0525  0.9729346096341700E-002
 0526  0.9729346096341700E-002
 0527  0.9729346096341700E-002
 0528  0.9729346096341700E-002
 0529  0.9729346096341700E-002
 0530  0.9729346096341700E-002
 0531  0.9729346096341700E-002
 0532  0.9729346096341700E-002
 0533  0.9729346096341700E-002
 0534  0.9729346096341700E-002
 0535  0.9729346096341700E-002
 0536  0.9729346096341700E-002
 0537  0.9729346096341700E-002
 0538  0.9729346096341700E-002
 0539  0.9729346096341700E-002
 0540  0.9729346096341700E-002
 0541  0.9729346096341700E-002
 0542  0.9729346096341700E-002
 0543  0.9729346096341700E-002
 0544  0.9729346096341700E-002
 0545  0.9729346096341700E-002
 0546  0.9729346096341700E-002
 0547  0.9729346096341700E-002
 0548  0.9729346096341700E-002
 0549  0.9729346096341700E-002
 0550  0.9729346096341700E-002
 0551  0.9729346096341700E-002
 0552  0.9729346096341700E-002
 0553  0.9729346096341700E-002
 0554  0.9729346096341700E-002
 0555  0.9729346096341700E-002
 0556  0.9729346096341700E-002
 0557  0.9729346096341700E-002
 0558  0.9729346096341700E-002
 0559  0.9729346096341700E-002
 0560  0.9729346096341700E-002
 0561  0.9729346096341700E-002
 0562  0.9729346096341700E-002
 0563  0.9729346096341700E-002
 0564  0.9729346096341700E-002
 0565  0.9729346096341700E-002
 0566  0.9729346096341700E-002
 0567  0.9729346096341700E-002
 0568  0.9729346096341700E-002
 0569  0.9729346096341700E-002
 0570  0.9729346096341700E-002
 0571  0.9729346096341700E-002
 0572  0.9729346096341700E-002
 0573  0.9729346096341700E-002
 0574  0.9729346096341700E-002
 0575  0.9729346096341700E-002
 0576  0.9729346096341700E-002
 0577  0.9729346096341700E-002
 0578  0.9729346096341700E-002
 0579  0.9729346096341700E-002
 0580  0.9729346096341700E-002
 0581  0.9729346096341700E-002
 0582  0.9729346096341700E-002
 0583  0.9729346096341700E-002
 0584  0.9729346096341700E-002
 0585  0.9729346096341700E-002
 0586  0.9729346096341700E-002
 0587  0.9729346096341700E-002
 0588  0.9729346096341700E-002
 0589  0.9729346096341700E-002
 0590  0.9729346096341700E-002
 0591  0.9729346096341700E-002
 0592  0.9729346096341700E-002
 0593  0.9729346096341700E-002
 0594  0.9729346096341700E-002
 0595  0.9729346096341700E-002
 0596  0.9729346096341700E-002
 0597  0.9729346096341700E-002
 0598  0.9729346096341700E-002
 0599  0.9729346096341700E-002
 0600  0.9729346096341700E-002
 0601  0.9729346096341700E-002
 0602  0.9729346096341700E-002
 0603  0.9729346096341700E-002
 0604  0.9729346096341700E-002
 0605  0.9729346096341700E-002
 0606  0.9729346096341700E-002
 0607  0.9729346096341700E-002
 0608  0.9729346096341700E-002
 0609  0.9729346096341700E-002
 0610  0.9729346096341700E-002
 0611  0.9729346096341700E-002
 0612  0.9729346096341700E-002
 0613  0.9729346096341700E-002
 0614  0.9729346096341700E-002
 0615  0.9729346096341700E-002
 0616  0.9729346096341700E-002
 0617  0.9729346096341700E-002
 0618  0.9729346096341700E-002
 0619  0.9729346096341700E-002
 0620  0.9729346096341700E-002
 0621  0.9729346096341700E-002
 0622  0.9729346096341700E-002
 0623  0.9729346096341700E-002
 0624  0.9729346096341700E-002
 0625  0.9729346096341700E-002
 0626  0.9729346096341700E-002
 0627  0.9729346096341700E-002
 0628  0.9729346096341700E-002
 0629  0.9729346096341700E-002
 0630  0.9729346096341700E-002
 0631  0.9729346096341700E-002
 0632  0.9729346096341700E-002
 0633  0.9729346096341700E-002
 0634  0.9729346096341700E-002
 0635  0.9729346096341700E-002
 0636  0.9729346096341700E-002
 0637  0.9729346096341700E-002
 0638  0.9729346096341700E-002
 0639  0.9729346096341700E-002
 0640  0.9729346096341700E-002
 0641  0.9729346096341700E-002
 0642  0.9729346096341700E-002
 0643  0.9729346096341700E-002
 0644  0.9729346096341700E-002
 0645  0.9729346096341700E-002
 0646  0.9729346096341700E-002
 0647  0.9729346096341700E-002
 0648  0.9729346096341700E-002
 0649  0.9729346096341700E-002
 0650  0.9729346096341700E-002
 0651  0.9729346096341700E-002
 0652  0.9729346096341700E-002
 0653  0.9729346096341700E-002
 0654  0.9729346096341700E-002
 0655  0.9729346096341700E-002
 0656  0.9729346096341700E-002
 0657  0.9729346096341700E-002
 0658  0.9729346096341700E-002
 0659  0.9729346096341700E-002
 0660  0.9729346096341700E-002
 0661  0.9729346096341700E-002
 0662  0.9729346096341700E-002
 0663  0.9729346096341700E-002
 0664  0.9729346096341700E-002
 0665  0.9729346096341700E-002
 0666  0.9729346096341700E-002
 0667  0.9729346096341700E-002
 0668  0.9729346096341700E-002
 0669  0.9729346096341700E-002
 0670  0.9729346096341700E-002
 0671  0.9729346096341700E-002
 0672  0.9729346096341700E-002
 0673  0.9729346096341700E-002
 0674  0.9729346096341700E-002
 0675  0.9729346096341700E-002
 0676  0.9729346096341700E-002
 0677  0.9729346096341700E-002
 0678  0.9729346096341700E-002
 0679  0.9729346096341700E-002
 0680  0.9729346096341700E-002
 0681  0.9729346096341700E-002
 0682  0.9729346096341700E-002
 0683  0.9729346096341700E-002
 0684  0.9729346096341700E-002
 0685  0.9729346096341700E-002
 0686  0.9729346096341700E-002
 0687  0.9729346096341700E-002
 0688  0.9729346096341700E-002
 0689  0.9729346096341700E-002
 0690  0.9729346096341700E-002
 0691  0.9729346096341700E-002
 0692  0.9729346096341700E-002
 0693  0.9729346096341700E-002
 0694  0.9729346096341700E-002
 0695  0.9729346096341700E-002
 0696  0.9729346096341700E-002
 0697  0.9729346096341700E-002
 0698  0.9729346096341700E-002
 0699  0.9729346096341700E-002
 0700  0.9729346096341700E-002
 0701  0.9729346096341700E-002
 0702  0.9729346096341700E-002
 0703  0.9729346096341700E-002
 0704  0.9729346096341700E-002
 0705  0.9729346096341700E-002
 0706  0.9729346096341700E-002
 0707  0.9729346096341700E-002
 0708  0.9729346096341700E-002
 0709  0.9729346096341700E-002
 0710  0.9729346096341700E-002
 0711  0.9729346096341700E-002
 0712  0.9729346096341700E-002
 0713  0.9729346096341700E-002
 0714  0.9729346096341700E-002
 0715  0.9729346096341700E-002
 0716  0.9729346096341700E-002
 0717  0.9729346096341700E-002
 0718  0.9729346096341700E-002
 0719  0.9729346096341700E-002
 0720  0.9729346096341700E-002
 0721  0.9729346096341700E-002
 0722  0.9729346096341700E-002
 0723  0.9729346096341700E-002
 0724  0.9729346096341700E-002
 0725  0.9729346096341700E-002
 0726  0.9729346096341700E-002
 0727  0.9729346096341700E-002
 0728  0.9729346096341700E-002
 0729  0.9729346096341700E-002
 0730  0.9729346096341700E-002
 0731  0.9729346096341700E-002
 0732  0.9729346096341700E-002
 0733  0.9729346096341700E-002
 0734  0.9729346096341700E-002
 0735  0.9729346096341700E-002
 0736  0.9729346096341700E-002
 0737  0.9729346096341700E-002
 0738  0.9729346096341700E-002
 0739  0.9729346096341700E-002
 0740  0.9729346096341700E-002
 0741  0.9729346096341700E-002
 0742  0.9729346096341700E-002
 0743  0.9729346096341700E-002
 0744  0.9729346096341700E-002
 0745  0.9729346096341700E-002
 0746  0.9729346096341700E-002
 0747  0.9729346096341700E-002
 0748  0.9729346096341700E-002
 0749  0.9729346096341700E-002
 0750  0.9729346096341700E-002
 0751  0.9729346096341700E-002
 0752  0.9729346096341700E-002
 0753  0.9729346096341700E-002
 0754  0.9729346096341700E-002
 0755  0.9729346096341700E-002
 0756  0.9729346096341700E-002
 0757  0.9729346096341700E-002
 0758  0.9729346096341700E-002
 0759  0.9729346096341700E-002
 0760  0.9729346096341700E-002
 0761  0.9729346096341700E-002
 0762  0.9729346096341700E-002
 0763  0.9729346096341700E-002
 0764  0.9729346096341700E-002
 0765  0.9729346096341700E-002
 0766  0.9729346096341700E-002
 0767  0.9729346096341700E-002
 0768  0.9729346096341700E-002
 0769  0.9729346096341700E-002
 0770  0.9729346096341700E-002
 0771  0.9729346096341700E-002
 0772  0.9729346096341700E-002
 0773  0.9729346096341700E-002
 0774  0.9729346096341700E-002
 0775  0.9729346096341700E-002
 0776  0.9729346096341700E-002
 0777  0.9729346096341700E-002
 0778  0.9729346096341700E-002
 0779  0.9729346096341700E-002
 0780  0.9729346096341700E-002
 0781  0.9729346096341700E-002
 0782  0.9729346096341700E-002
 0783  0.9729346096341700E-002
 0784  0.9729346096341700E-002
 0785  0.9729346096341700E-002
 0786  0.9729346096341700E-002
 0787  0.9729346096341700E-002
 0788  0.9729346096341700E-002
 0789  0.9729346096341700E-002
 0790  0.9729346096341700E-002
 0791  0.9729346096341700E-002
 0792  0.9729346096341700E-002
 0793  0.9729346096341700E-002
 0794  0.9729346096341700E-002
 0795  0.9729346096341700E-002
 0796  0.9729346096341700E-002
 0797  0.9729346096341700E-002
 0798  0.9729346096341700E-002
 0799  0.9729346096341700E-002
 0800  0.9729346096341700E-002
 0801  0.9729346096341700E-002
 0802  0.9729346096341700E-002
 0803  0.9729346096341700E-002
 0804  0.9729346096341700E-002
 0805  0.9729346096341700E-002
 0806  0.9729346096341700E-002
 0807  0.9729346096341700E-002
 0808  0.9729346096341700E-002
 0809  0.9729346096341700E-002
 0810  0.9729346096341700E-002
 0811  0.9729346096341700E-002
 0812  0.9729346096341700E-002
 0813  0.9729346096341700E-002
 0814  0.9729346096341700E-002
 0815  0.9729346096341700E-002
 0816  0.9729346096341700E-002
 0817  0.9729346096341700E-002
 0818  0.9729346096341700E-002
 0819  0.9729346096341700E-002
 0820  0.9729346096341700E-002
 0821  0.9729346096341700E-002
 0822  0.9729346096341700E-002
 0823  0.9729346096341700E-002
 0824  0.9729346096341700E-002
 0825  0.9729346096341700E-002
 0826  0.9729346096341700E-002
 0827  0.9729346096341700E-002
 0828  0.9729346096341700E-002
 0829  0.9729346096341700E-002
 0830  0.9729346096341700E-002
 0831  0.9729346096341700E-002
 0832  0.9729346096341700E-002
 0833  0.9729346096341700E-002
 0834  0.9729346096341700E-002
 0835  0.9729346096341700E-002
 0836  0.9729346096341700E-002
 0837  0.9729346096341700E-002
 0838  0.9729346096341700E-002
 0839  0.9729346096341700E-002
 0840  0.9729346096341700E-002
 0841  0.9729346096341700E-002
 0842  0.9729346096341700E-002
 0843  0.9729346096341700E-002
 0844  0.9729346096341700E-002
 0845  0.9729346096341700E-002
 0846  0.9729346096341700E-002
 0847  0.9729346096341700E-002
 0848  0.9729346096341700E-002
 0849  0.9729346096341700E-002
 0850  0.9729346096341700E-002
 0851  0.9729346096341700E-002
 0852  0.9729346096341700E-002
 0853  0.9729346096341700E-002
 0854  0.9729346096341700E-002
 0855  0.9729346096341700E-002
 0856  0.9729346096341700E-002
 0857  0.9729346096341700E-002
 0858  0.9729346096341700E-002
 0859  0.9729346096341700E-002
 0860  0.9729346096341700E-002
 0861  0.9729346096341700E-002
 0862  0.9729346096341700E-002
 0863  0.9729346096341700E-002
 0864  0.9729346096341700E-002
 0865  0.9729346096341700E-002
 0866  0.9729346096341700E-002
 0867  0.9729346096341700E-002
 0868  0.9729346096341700E-002
 0869  0.9729346096341700E-002
 0870  0.9729346096341700E-002
 0871  0.9729346096341700E-002
 0872  0.9729346096341700E-002
 0873  0.9729346096341700E-002
 0874  0.9729346096341700E-002
 0875  0.9729346096341700E-002
 0876  0.9729346096341700E-002
 0877  0.9729346096341700E-002
 0878  0.9729346096341700E-002
 0879  0.9729346096341700E-002
 0880  0.9729346096341700E-002
 0881  0.9729346096341700E-002
 0882  0.9729346096341700E-002
 0883  0.9729346096341700E-002
 0884  0.9729346096341700E-002
 0885  0.9729346096341700E-002
 0886  0.9729346096341700E-002
 0887  0.9729346096341700E-002
 0888  0.9729346096341700E-002
 0889  0.9729346096341700E-002
 0890  0.9729346096341700E-002
 0891  0.9729346096341700E-002
 0892  0.9729346096341700E-002
 0893  0.9729346096341700E-002
 0894  0.9729346096341700E-002
 0895  0.9729346096341700E-002
 0896  0.9729346096341700E-002
 0897  0.9729346096341700E-002
 0898  0.9729346096341700E-002
 0899  0.9729346096341700E-002
 0900  0.9729346096341700E-002
 0901  0.9729346096341700E-002
 0902  0.9729346096341700E-002
 0903  0.9729346096341700E-002
 0904  0.9729346096341700E-002
 0905  0.9729346096341700E-002
 0906  0.9729346096341700E-002
 0907  0.9729346096341700E-002
 0908  0.9729346096341700E-002
 0909  0.9729346096341700E-002
 0910  0.9729346096341700E-002
 0911  0.9729346096341700E-002
 0912  0.9729346096341700E-002
 0913  0.9729346096341700E-002
 0914  0.9729346096341700E-002
 0915  0.9729346096341700E-002
 0916  0.9729346096341700E-002
 0917  0.9729346096341700E-002
 0918  0.9729346096341700E-002
 0919  0.9729346096341700E-002
 0920  0.9729346096341700E-002
 0921  0.9729346096341700E-002
 0922  0.9729346096341700E-002
 0923  0.9729346096341700E-002
 0924  0.9729346096341700E-002
 0925  0.9729346096341700E-002
 0926  0.9729346096341700E-002
 0927  0.9729346096341700E-002
 0928  0.9729346096341700E-002
 0929  0.9729346096341700E-002
 0930  0.9729346096341700E-002
 0931  0.9729346096341700E-002
 0932  0.9729346096341700E-002
 0933  0.9729346096341700E-002
 0934  0.9729346096341700E-002
 0935  0.9729346096341700E-002
 0936  0.9729346096341700E-002
 0937  0.9729346096341700E-002
 0938  0.9729346096341700E-002
 0939  0.9729346096341700E-002
 0940  0.9729346096341700E-002
 0941  0.9729346096341700E-002
 0942  0.9729346096341700E-002
 0943  0.9729346096341700E-002
 0944  0.9729346096341700E-002
 0945  0.9729346096341700E-002
 0946  0.9729346096341700E-002
 0947  0.9729346096341700E-002
 0948  0.9729346096341700E-002
 0949  0.9729346096341700E-002
 0950  0.9729346096341700E-002
 0951  0.9729346096341700E-002
 0952  0.9729346096341700E-002
 0953  0.9729346096341700E-002
 0954  0.9729346096341700E-002
 0955  0.9729346096341700E-002
 0956  0.9729346096341700E-002
 0957  0.9729346096341700E-002
 0958  0.9729346096341700E-002
 0959  0.9729346096341700E-002
 0960  0.9729346096341700E-002
 0961  0.9729346096341700E-002
 0962  0.9729346096341700E-002
 0963  0.9729346096341700E-002
 0964  0.9729346096341700E-002
 0965  0.9729346096341700E-002
 0966  0.9729346096341700E-002
 0967  0.9729346096341700E-002
 0968  0.9729346096341700E-002
 0969  0.9729346096341700E-002
 0970  0.9729346096341700E-002
 0971  0.9729346096341700E-002
 0972  0.9729346096341700E-002
 0973  0.9729346096341700E-002
 0974  0.9729346096341700E-002
 0975  0.9729346096341700E-002
 0976  0.9729346096341700E-002
 0977  0.9729346096341700E-002
 0978  0.9729346096341700E-002
 0979  0.9729346096341700E-002
 0980  0.9729346096341700E-002
 0981  0.9729346096341700E-002
 0982  0.9729346096341700E-002
 0983  0.9729346096341700E-002
 0984  0.9729346096341700E-002
 0985  0.9729346096341700E-002
 0986  0.9729346096341700E-002
 0987  0.9729346096341700E-002
 0988  0.9729346096341700E-002
 0989  0.9729346096341700E-002
 0990  0.9729346096341700E-002
 0991  0.9729346096341700E-002
 0992  0.9729346096341700E-002
 0993  0.9729346096341700E-002
 0994  0.9729346096341700E-002
 0995  0.9729346096341700E-002
 0996  0.9729346096341700E-002
 0997  0.9729346096341700E-002
 0998  0.9729346096341700E-002
 0999  0.9729346096341700E-002
 1000  0.9729346096341700E-002
