 0001  0.2094519848213500E+026
 0002  0.1972840233464564E+026
 0003  0.1831097583464393E+026
 0004  0.1709099022501819E+026
 0005  0.1583917905162761E+026
 0006  0.1465954062459440E+026
 0007  0.1357296464685745E+026
 0008  0.1251356644759603E+026
 0009  0.1149894275305657E+026
 0010  0.1051974384596241E+026
 0011  0.9605193287527939E+025
 0012  0.8742179808444764E+025
 0013  0.7942250523522132E+025
 0014  0.7171224904921582E+025
 0015  0.6442393339707156E+025
 0016  0.5773218992801032E+025
 0017  0.5154625195909188E+025
 0018  0.4583476726141258E+025
 0019  0.4047412812434173E+025
 0020  0.3571892931838476E+025
 0021  0.3124368366731117E+025
 0022  0.2683270118107606E+025
 0023  0.2307560037447268E+025
 0024  0.1960332185444031E+025
 0025  0.1650572112137885E+025
 0026  0.1371788113504185E+025
 0027  0.1123726931094861E+025
 0028  0.9054250550235537E+024
 0029  0.6408726543079341E+024
 0030  0.5077925039767165E+024
 0031  0.4002034753723097E+024
 0032  0.3135281880159665E+024
 0033  0.2450681503931349E+024
 0034  0.1919247570387990E+024
 0035  0.1499641705990771E+024
 0036  0.1159845471748176E+024
 0037  0.8784553406085369E+023
 0038  0.6938954939369478E+023
 0039  0.5569612516690371E+023
 0040  0.4474954612523458E+023
 0041  0.3619727780883198E+023
 0042  0.2962184269702844E+023
 0043  0.2442710807614747E+023
 0044  0.2013548889629265E+023
 0045  0.1667022524420425E+023
 0046  0.1392685613492636E+023
 0047  0.1166657281097912E+023
 0048  0.9811724069801220E+022
 0049  0.8274444104147001E+022
 0050  0.7029380401684275E+022
 0051  0.5952385960995310E+022
 0052  0.5032164338604272E+022
 0053  0.4308191721642602E+022
 0054  0.3686564625877987E+022
 0055  0.3149099301344305E+022
 0056  0.2684064227115984E+022
 0057  0.2302949733601920E+022
 0058  0.1963683575232276E+022
 0059  0.1682096436635236E+022
 0060  0.1442328739830384E+022
 0061  0.1235287570312787E+022
 0062  0.1053230450348202E+022
 0063  0.8904865868969681E+021
 0064  0.7559167291998593E+021
 0065  0.6461982216111819E+021
 0066  0.5535673961752678E+021
 0067  0.4734378633725451E+021
 0068  0.4063391971814040E+021
 0069  0.3486389344462131E+021
 0070  0.2984660047103268E+021
 0071  0.2557075787377556E+021
 0072  0.2192480362485837E+021
 0073  0.1888355472027783E+021
 0074  0.1608608175698568E+021
 0075  0.1363360649266744E+021
 0076  0.1164541503269630E+021
 0077  0.9799049770516722E+020
 0078  0.8259900781220520E+020
 0079  0.6928412714111785E+020
 0080  0.5766463473241308E+020
 0081  0.4770249728044263E+020
 0082  0.3909820566816082E+020
 0083  0.3177868120367130E+020
 0084  0.2550259850941274E+020
 0085  0.1997569834832639E+020
 0086  0.1539079881106357E+020
 0087  0.1155299523983963E+020
 0088  0.8370153873175230E+019
 0089  0.5150805507944284E+019
 0090  0.3549182144627709E+019
 0091  0.2493362185975405E+019
 0092  0.1794562514197183E+019
 0093  0.1309918282242402E+019
 0094  0.9615825007309082E+018
 0095  0.7254105546519599E+018
 0096  0.5511493559106045E+018
 0097  0.4157913967237350E+018
 0098  0.3125566348046844E+018
 0099  0.2378674946036046E+018
 0100  0.1829282179610877E+018
 0101  0.1418291352776329E+018
 0102  0.1094267299739868E+018
 0103  0.8566198037599936E+017
 0104  0.6759808033860206E+017
 0105  0.5300044989844733E+017
 0106  0.4155113621251881E+017
 0107  0.3280251230935984E+017
 0108  0.2531957277656950E+017
 0109  0.1956541699431356E+017
 0110  0.1478896717997875E+017
 0111  0.1082279351627993E+017
 0112  0.7775073599896360E+016
 0113  0.5538600116010309E+016
 0114  0.3706474618442310E+016
 0115  0.2354352300974540E+016
 0116  0.1353864582131326E+016
 0117  0.6744061631881986E+015
 0118  0.2527749621913451E+015
 0119  0.3597513888585863E+014
 0120  0.2783963756031995E+011
 0121  0.6040343863641183E+009
 0122  0.1223982656207792E+009
 0123  0.4853734242870088E+008
 0124  0.2621570015730374E+008
 0125  0.1643610056050256E+008
 0126  0.1146510320440655E+008
 0127  0.8536087880324097E+007
 0128  0.6760687266598869E+007
 0129  0.5497885948531231E+007
 0130  0.4612016787228443E+007
 0131  0.3897735053676946E+007
 0132  0.3352149585948634E+007
 0133  0.2970488620777357E+007
 0134  0.2627522238059212E+007
 0135  0.2329797120970141E+007
 0136  0.2129644042752891E+007
 0137  0.1913040902386993E+007
 0138  0.1755056016037475E+007
 0139  0.1625357566967461E+007
 0140  0.1495787948906425E+007
 0141  0.1403794073006112E+007
 0142  0.1291708173931202E+007
 0143  0.1210879430498100E+007
 0144  0.1130480865402736E+007
 0145  0.1065820595358936E+007
 0146  0.1005354408867182E+007
 0147  0.9545437733865118E+006
 0148  0.9032001720834388E+006
 0149  0.8463602799525799E+006
 0150  0.8013590049674499E+006
 0151  0.7711474910424859E+006
 0152  0.7282888391212281E+006
 0153  0.7028859646665789E+006
 0154  0.6696387889425479E+006
 0155  0.6417575059693045E+006
 0156  0.6149585980512366E+006
 0157  0.5898239567189817E+006
 0158  0.5667085803891106E+006
 0159  0.5437101996970035E+006
 0160  0.5199453204438850E+006
 0161  0.5015859948187752E+006
 0162  0.4858009598368575E+006
 0163  0.4705301910476184E+006
 0164  0.4505130704760752E+006
 0165  0.4330529292748430E+006
 0166  0.4186827509135597E+006
 0167  0.4071614481223845E+006
 0168  0.3969922711637107E+006
 0169  0.3846075712933764E+006
 0170  0.3675071431927121E+006
 0171  0.3566223216329836E+006
 0172  0.3437501126544570E+006
 0173  0.3346769256143797E+006
 0174  0.3265606471448544E+006
 0175  0.3184666434215097E+006
 0176  0.3100037484608175E+006
 0177  0.2993136979841778E+006
 0178  0.2904309970551364E+006
 0179  0.2826784261942234E+006
 0180  0.2765924680280640E+006
 0181  0.2706599543611063E+006
 0182  0.2638578810464811E+006
 0183  0.2558720777645574E+006
 0184  0.2478953817776841E+006
 0185  0.2399259930143059E+006
 0186  0.2350780928963735E+006
 0187  0.2303216027786738E+006
 0188  0.2249613564401967E+006
 0189  0.2196033482279326E+006
 0190  0.2142813225359642E+006
 0191  0.2089790329862059E+006
 0192  0.2032663868326379E+006
 0193  0.1971621482703677E+006
 0194  0.1937054669728409E+006
 0195  0.1903092697650162E+006
 0196  0.1862911259012246E+006
 0197  0.1820365704859122E+006
 0198  0.1780180962943878E+006
 0199  0.1743942173792488E+006
 0200  0.1708461909711224E+006
 0201  0.1671890832900988E+006
 0202  0.1634650452488493E+006
 0203  0.1598167586125662E+006
 0204  0.1560571735047606E+006
 0205  0.1523737794456853E+006
 0206  0.1476111870632543E+006
 0207  0.1453013913091214E+006
 0208  0.1430958568418933E+006
 0209  0.1400635889767983E+006
 0210  0.1371188729227101E+006
 0211  0.1344226478393999E+006
 0212  0.1318295914704482E+006
 0213  0.1293594264030266E+006
 0214  0.1270577517825197E+006
 0215  0.1249429292259927E+006
 0216  0.1228659450943832E+006
 0217  0.1203074010432138E+006
 0218  0.1176436514661794E+006
 0219  0.1155409113411079E+006
 0220  0.1136206135383559E+006
 0221  0.1115700503105069E+006
 0222  0.1090456884098453E+006
 0223  0.1070140630914522E+006
 0224  0.1054042732666223E+006
 0225  0.1038203418237747E+006
 0226  0.1015825766952526E+006
 0227  0.9951115740464999E+005
 0228  0.9811939267617260E+005
 0229  0.9674903438088587E+005
 0230  0.9531534499278254E+005
 0231  0.9361584757444347E+005
 0232  0.9194603253009971E+005
 0233  0.9007905759721727E+005
 0234  0.8797709720386475E+005
 0235  0.8679165714472535E+005
 0236  0.8574111595253555E+005
 0237  0.8470578308964180E+005
 0238  0.8335254390156110E+005
 0239  0.8125277056968151E+005
 0240  0.7976326663136392E+005
 0241  0.7870273170323779E+005
 0242  0.7765763694888332E+005
 0243  0.7635316177430644E+005
 0244  0.7503049168185671E+005
 0245  0.7389728332333863E+005
 0246  0.7291415195964012E+005
 0247  0.7194511649943866E+005
 0248  0.7097391416646086E+005
 0249  0.6993319740673975E+005
 0250  0.6890778288601720E+005
 0251  0.6789759041539775E+005
 0252  0.6673686838557426E+005
 0253  0.6529426204576564E+005
 0254  0.6408018559998202E+005
 0255  0.6334823347654258E+005
 0256  0.6262567819811375E+005
 0257  0.6191250307700275E+005
 0258  0.6114362002712697E+005
 0259  0.6024974226672720E+005
 0260  0.5936880279103113E+005
 0261  0.5850040795541141E+005
 0262  0.5764009978875098E+005
 0263  0.5678090326231166E+005
 0264  0.5593403615549083E+005
 0265  0.5509936019402438E+005
 0266  0.5426495770291241E+005
 0267  0.5342948187214934E+005
 0268  0.5260606476005784E+005
 0269  0.5180862735762724E+005
 0270  0.5108009395727044E+005
 0271  0.5036153941650288E+005
 0272  0.4965286260402989E+005
 0273  0.4879838103227086E+005
 0274  0.4794468511361928E+005
 0275  0.4738069820556940E+005
 0276  0.4690217309707661E+005
 0277  0.4642937591409432E+005
 0278  0.4596223073737504E+005
 0279  0.4546952295502296E+005
 0280  0.4472337994790108E+005
 0281  0.4398824084397800E+005
 0282  0.4326394476327099E+005
 0283  0.4268410262530644E+005
 0284  0.4213934480828670E+005
 0285  0.4160176988513283E+005
 0286  0.4102197744120329E+005
 0287  0.4023045135292128E+005
 0288  0.3955796793234399E+005
 0289  0.3917528839085759E+005
 0290  0.3879717940837794E+005
 0291  0.3842360122108446E+005
 0292  0.3804132638150566E+005
 0293  0.3750161659818091E+005
 0294  0.3696955108948069E+005
 0295  0.3644505065445359E+005
 0296  0.3591438582750998E+005
 0297  0.3537625617301944E+005
 0298  0.3484611079940994E+005
 0299  0.3446583830435353E+005
 0300  0.3414863483849017E+005
 0301  0.3383529104455175E+005
 0302  0.3352577216754708E+005
 0303  0.3322001572621918E+005
 0304  0.3291798849056477E+005
 0305  0.3261915077321397E+005
 0306  0.3214558467434629E+005
 0307  0.3167933479487361E+005
 0308  0.3122032689916083E+005
 0309  0.3076849304747824E+005
 0310  0.3032374414252046E+005
 0311  0.2993433971861628E+005
 0312  0.2956939740690047E+005
 0313  0.2920989418147106E+005
 0314  0.2885577521037039E+005
 0315  0.2850698369532600E+005
 0316  0.2816344645144644E+005
 0317  0.2763999732556604E+005
 0318  0.2712434360984715E+005
 0319  0.2663857635446880E+005
 0320  0.2631189290542727E+005
 0321  0.2599054768783258E+005
 0322  0.2567793395213913E+005
 0323  0.2538640170481235E+005
 0324  0.2509956164667592E+005
 0325  0.2481733427831389E+005
 0326  0.2452521845045734E+005
 0327  0.2423214829270754E+005
 0328  0.2394405900721625E+005
 0329  0.2365597587157782E+005
 0330  0.2334453386935970E+005
 0331  0.2303879965515978E+005
 0332  0.2274403269206280E+005
 0333  0.2247861040093234E+005
 0334  0.2221777239815841E+005
 0335  0.2197017694334366E+005
 0336  0.2177677551290064E+005
 0337  0.2158625994485771E+005
 0338  0.2139856717267998E+005
 0339  0.2121364358720650E+005
 0340  0.2103142814175818E+005
 0341  0.2083166496099227E+005
 0342  0.2046252780888606E+005
 0343  0.2010158184388031E+005
 0344  0.1979211527376936E+005
 0345  0.1961101324975891E+005
 0346  0.1943260040224443E+005
 0347  0.1925681255709285E+005
 0348  0.1908359386628385E+005
 0349  0.1881632558252631E+005
 0350  0.1852282076085429E+005
 0351  0.1826233725003138E+005
 0352  0.1806557069113154E+005
 0353  0.1787185817598762E+005
 0354  0.1770021664848457E+005
 0355  0.1753498722884272E+005
 0356  0.1737212074048653E+005
 0357  0.1720130202500937E+005
 0358  0.1701997726635512E+005
 0359  0.1684137113281994E+005
 0360  0.1666542673089126E+005
 0361  0.1648911922467478E+005
 0362  0.1631530641615974E+005
 0363  0.1614406299455854E+005
 0364  0.1597595173703852E+005
 0365  0.1581096789162662E+005
 0366  0.1564837933894185E+005
 0367  0.1548814094806793E+005
 0368  0.1527170157577993E+005
 0369  0.1505228541217831E+005
 0370  0.1489164826704074E+005
 0371  0.1474002067776589E+005
 0372  0.1462173316431838E+005
 0373  0.1451026796569372E+005
 0374  0.1440019923318612E+005
 0375  0.1429150433118584E+005
 0376  0.1415355230199627E+005
 0377  0.1400327112265412E+005
 0378  0.1385514761473749E+005
 0379  0.1370914199934540E+005
 0380  0.1350776601911815E+005
 0381  0.1330110661960704E+005
 0382  0.1316898543344913E+005
 0383  0.1304267821586994E+005
 0384  0.1294563432151746E+005
 0385  0.1284977429197238E+005
 0386  0.1275507979676079E+005
 0387  0.1264863133573583E+005
 0388  0.1251068029125462E+005
 0389  0.1237469140867561E+005
 0390  0.1224188230288802E+005
 0391  0.1212314812258274E+005
 0392  0.1200600537954208E+005
 0393  0.1189042691994880E+005
 0394  0.1178593555638679E+005
 0395  0.1168479434495799E+005
 0396  0.1158493116125596E+005
 0397  0.1148632600667266E+005
 0398  0.1135273197184849E+005
 0399  0.1119191366928310E+005
 0400  0.1105239032251843E+005
 0401  0.1094785671241640E+005
 0402  0.1084641546897145E+005
 0403  0.1075753762799738E+005
 0404  0.1066974182587857E+005
 0405  0.1058219598639041E+005
 0406  0.1048375811432037E+005
 0407  0.1038657078151256E+005
 0408  0.1029061235900971E+005
 0409  0.1019108240005728E+005
 0410  0.1009241291448814E+005
 0411  0.9995542193157073E+004
 0412  0.9926949843257613E+004
 0413  0.9859128716792931E+004
 0414  0.9792067260010162E+004
 0415  0.9725754056797095E+004
 0416  0.9660177968783544E+004
 0417  0.9594207045594714E+004
 0418  0.9467024492503895E+004
 0419  0.9341669430937309E+004
 0420  0.9218100180738193E+004
 0421  0.9139254182977909E+004
 0422  0.9065581736222151E+004
 0423  0.8992759729502586E+004
 0424  0.8920267308652206E+004
 0425  0.8842774445267376E+004
 0426  0.8766192725570880E+004
 0427  0.8690506271951581E+004
 0428  0.8613040769871615E+004
 0429  0.8519285107048430E+004
 0430  0.8426708443936306E+004
 0431  0.8345067623353076E+004
 0432  0.8273844802980679E+004
 0433  0.8203430908015736E+004
 0434  0.8148050557715545E+004
 0435  0.8096220497038947E+004
 0436  0.8044925973217534E+004
 0437  0.7994159235161915E+004
 0438  0.7943912843188632E+004
 0439  0.7879593908355454E+004
 0440  0.7781383967176387E+004
 0441  0.7684413169207929E+004
 0442  0.7609313056797868E+004
 0443  0.7561389248669950E+004
 0444  0.7513946751998847E+004
 0445  0.7466978993083506E+004
 0446  0.7420479530805787E+004
 0447  0.7374442057291113E+004
 0448  0.7319959228425376E+004
 0449  0.7259377356399965E+004
 0450  0.7199435177544021E+004
 0451  0.7140122941540323E+004
 0452  0.7081431335403337E+004
 0453  0.7023351370234745E+004
 0454  0.6952186939956816E+004
 0455  0.6866368883348903E+004
 0456  0.6781537485195677E+004
 0457  0.6706221715939348E+004
 0458  0.6650952761947379E+004
 0459  0.6596240757944465E+004
 0460  0.6542079683494956E+004
 0461  0.6499800901513849E+004
 0462  0.6458475358052675E+004
 0463  0.6417539718138010E+004
 0464  0.6376990567442095E+004
 0465  0.6336824599213580E+004
 0466  0.6297038649214217E+004
 0467  0.6257629734372981E+004
 0468  0.6178908307434835E+004
 0469  0.6100055166534577E+004
 0470  0.6022053430974228E+004
 0471  0.5953066920584036E+004
 0472  0.5900400178572968E+004
 0473  0.5848254306854162E+004
 0474  0.5796631223359084E+004
 0475  0.5728324170047080E+004
 0476  0.5651667816358146E+004
 0477  0.5594712144660115E+004
 0478  0.5543996493047963E+004
 0479  0.5504148303062415E+004
 0480  0.5466417049312140E+004
 0481  0.5429051053928993E+004
 0482  0.5392048934183876E+004
 0483  0.5343428085382109E+004
 0484  0.5294612023332003E+004
 0485  0.5246296941258440E+004
 0486  0.5198477447242592E+004
 0487  0.5149684729394376E+004
 0488  0.5101243369762987E+004
 0489  0.5053281029787397E+004
 0490  0.5005795038087218E+004
 0491  0.4960663135492267E+004
 0492  0.4915946704552717E+004
 0493  0.4871628180186366E+004
 0494  0.4827688633227487E+004
 0495  0.4761075390140893E+004
 0496  0.4695693491037260E+004
 0497  0.4654072344719850E+004
 0498  0.4613723403860419E+004
 0499  0.4583392267295510E+004
 0500  0.4553275035118968E+004
 0501  0.4523363224379425E+004
 0502  0.4492906718383189E+004
 0503  0.4454500840970020E+004
 0504  0.4416344813109041E+004
 0505  0.4378423756021669E+004
 0506  0.4340722981780491E+004
 0507  0.4304174023059455E+004
 0508  0.4267899932405559E+004
 0509  0.4231838827358170E+004
 0510  0.4195979761150951E+004
 0511  0.4160920159563826E+004
 0512  0.4126355518111561E+004
 0513  0.4091993692257813E+004
 0514  0.4057826904109654E+004
 0515  0.4026252710200112E+004
 0516  0.4001593009751410E+004
 0517  0.3977092597962152E+004
 0518  0.3952748720171446E+004
 0519  0.3928558750120851E+004
 0520  0.3904520189579159E+004
 0521  0.3880630667782502E+004
 0522  0.3856887940687169E+004
 0523  0.3833289890034908E+004
 0524  0.3809834522229162E+004
 0525  0.3775597436318599E+004
 0526  0.3741084091219830E+004
 0527  0.3706797737420468E+004
 0528  0.3672735176229752E+004
 0529  0.3638893570234195E+004
 0530  0.3605270440391418E+004
 0531  0.3571863661961038E+004
 0532  0.3538138499265471E+004
 0533  0.3503889088876932E+004
 0534  0.3469884289433851E+004
 0535  0.3436122949853475E+004
 0536  0.3402604214922022E+004
 0537  0.3369327514314489E+004
 0538  0.3329637224635469E+004
 0539  0.3290191153461959E+004
 0540  0.3254838319084276E+004
 0541  0.3235520319239960E+004
 0542  0.3216354408237983E+004
 0543  0.3197339877529520E+004
 0544  0.3178476036803304E+004
 0545  0.3159762212397217E+004
 0546  0.3140375302846600E+004
 0547  0.3119970298477517E+004
 0548  0.3099733270480232E+004
 0549  0.3079663569208402E+004
 0550  0.3059760558274433E+004
 0551  0.3040023612670601E+004
 0552  0.3020452116959745E+004
 0553  0.3001045463537494E+004
 0554  0.2981803050966957E+004
 0555  0.2959739155626470E+004
 0556  0.2931327906534100E+004
 0557  0.2903179502804626E+004
 0558  0.2875294319070860E+004
 0559  0.2847672737552873E+004
 0560  0.2820315139665086E+004
 0561  0.2793221897981987E+004
 0562  0.2761411995122092E+004
 0563  0.2729910777758353E+004
 0564  0.2698740707686912E+004
 0565  0.2678911800625815E+004
 0566  0.2663558027383722E+004
 0567  0.2648346535988343E+004
 0568  0.2633276522615045E+004
 0569  0.2618347176300317E+004
 0570  0.2603557678888700E+004
 0571  0.2588907205010342E+004
 0572  0.2569923793218126E+004
 0573  0.2550671911740884E+004
 0574  0.2531615119688796E+004
 0575  0.2512752662262191E+004
 0576  0.2494083754989451E+004
 0577  0.2475607583500401E+004
 0578  0.2457323303409386E+004
 0579  0.2439079226209602E+004
 0580  0.2420967793627195E+004
 0581  0.2403047782501162E+004
 0582  0.2385318286846390E+004
 0583  0.2367778368307261E+004
 0584  0.2350427056566924E+004
 0585  0.2333263349837656E+004
 0586  0.2315336564039431E+004
 0587  0.2289857822364812E+004
 0588  0.2264702637768500E+004
 0589  0.2239870822524204E+004
 0590  0.2216919333371949E+004
 0591  0.2204592392154139E+004
 0592  0.2192394601041844E+004
 0593  0.2180324936368841E+004
 0594  0.2168382368004571E+004
 0595  0.2156565859862054E+004
 0596  0.2144874370402888E+004
 0597  0.2133306853138110E+004
 0598  0.2121862257124741E+004
 0599  0.2101342105516562E+004
 0600  0.2078660378769998E+004
 0601  0.2056294625612682E+004
 0602  0.2034243710637660E+004
 0603  0.2015336784951157E+004
 0604  0.2000735820569318E+004
 0605  0.1986313683990722E+004
 0606  0.1972068921193473E+004
 0607  0.1958000050325887E+004
 0608  0.1946881446670261E+004
 0609  0.1936277993116157E+004
 0610  0.1925794975585516E+004
 0611  0.1915431235049054E+004
 0612  0.1905185610102299E+004
 0613  0.1895056937589334E+004
 0614  0.1885044053208314E+004
 0615  0.1875145792097706E+004
 0616  0.1865360989404124E+004
 0617  0.1851083801452424E+004
 0618  0.1831374407744867E+004
 0619  0.1811977196422410E+004
 0620  0.1792889893758110E+004
 0621  0.1774110056282697E+004
 0622  0.1758762765797953E+004
 0623  0.1746333404419770E+004
 0624  0.1734073630572368E+004
 0625  0.1721981615922598E+004
 0626  0.1710055514392151E+004
 0627  0.1699409268436721E+004
 0628  0.1690367103429629E+004
 0629  0.1681437718659224E+004
 0630  0.1672619806722369E+004
 0631  0.1663912063176215E+004
 0632  0.1655313187199666E+004
 0633  0.1646821882222805E+004
 0634  0.1638436856525235E+004
 0635  0.1630156823803748E+004
 0636  0.1621980503710299E+004
 0637  0.1613906622360931E+004
 0638  0.1600890328988272E+004
 0639  0.1584455137715715E+004
 0640  0.1568325033559505E+004
 0641  0.1552496241196196E+004
 0642  0.1536964844725481E+004
 0643  0.1521726802327448E+004
 0644  0.1510279115344649E+004
 0645  0.1499927935939274E+004
 0646  0.1489740496883549E+004
 0647  0.1479714429040999E+004
 0648  0.1469847361161427E+004
 0649  0.1460136922508595E+004
 0650  0.1450619829550693E+004
 0651  0.1441269524398935E+004
 0652  0.1432069890126387E+004
 0653  0.1423018587232959E+004
 0654  0.1414113283111694E+004
 0655  0.1405351654194835E+004
 0656  0.1396731387956835E+004
 0657  0.1388105802069698E+004
 0658  0.1379516158884470E+004
 0659  0.1371070612900105E+004
 0660  0.1362766733545443E+004
 0661  0.1354602104566779E+004
 0662  0.1346574326008672E+004
 0663  0.1338681016041530E+004
 0664  0.1330919812643083E+004
 0665  0.1323288375140211E+004
 0666  0.1314553473151954E+004
 0667  0.1302153439129119E+004
 0668  0.1290056379167914E+004
 0669  0.1278255248452122E+004
 0670  0.1266742972224163E+004
 0671  0.1255512466827675E+004
 0672  0.1246726552730205E+004
 0673  0.1238497580679856E+004
 0674  0.1230440878216242E+004
 0675  0.1222552444950671E+004
 0676  0.1214828330048976E+004
 0677  0.1207123403257481E+004
 0678  0.1199129943833967E+004
 0679  0.1191317309323551E+004
 0680  0.1183680768356819E+004
 0681  0.1176215661596923E+004
 0682  0.1168917406037749E+004
 0683  0.1161533452403053E+004
 0684  0.1153893046461151E+004
 0685  0.1146441536032607E+004
 0686  0.1139173130667592E+004
 0687  0.1132082155732538E+004
 0688  0.1125163057121312E+004
 0689  0.1117494165386615E+004
 0690  0.1106705311191829E+004
 0691  0.1096319598900276E+004
 0692  0.1086377482776749E+004
 0693  0.1079372765624031E+004
 0694  0.1072570588112783E+004
 0695  0.1065962019224713E+004
 0696  0.1059185553331188E+004
 0697  0.1052501777119318E+004
 0698  0.1046018879486712E+004
 0699  0.1039522995977220E+004
 0700  0.1032935198056695E+004
 0701  0.1026556150048935E+004
 0702  0.1020372313763001E+004
 0703  0.1010090846672138E+004
 0704  0.1001601144481124E+004
 0705  0.9954166994239795E+003
 0706  0.9892375032367055E+003
 0707  0.9831540520421788E+003
 0708  0.9770973531237910E+003
 0709  0.9690514415440846E+003
 0710  0.9628067127622588E+003
 0711  0.9583843662533517E+003
 0712  0.9521508513661776E+003
 0713  0.9451424009061055E+003
 0714  0.9405115242107152E+003
 0715  0.9358218742411711E+003
 0716  0.9279518974754046E+003
 0717  0.9223167538770138E+003
 0718  0.9174547390274465E+003
 0719  0.9132792397458829E+003
 0720  0.9080916577248960E+003
 0721  0.9026168463320705E+003
 0722  0.8981154317944724E+003
 0723  0.8936184797467483E+003
 0724  0.8883540177680712E+003
 0725  0.8816450019323709E+003
 0726  0.8762623775990129E+003
 0727  0.8718810122795396E+003
 0728  0.8675282310280973E+003
 0729  0.8611730194187718E+003
 0730  0.8552332838857496E+003
 0731  0.8516641515132146E+003
 0732  0.8481252118567573E+003
 0733  0.8446161384809296E+003
 0734  0.8411366119948956E+003
 0735  0.8363371741469562E+003
 0736  0.8313573837358659E+003
 0737  0.8264265012649595E+003
 0738  0.8215439164154341E+003
 0739  0.8169169667335387E+003
 0740  0.8124771176537005E+003
 0741  0.8080819047504500E+003
 0742  0.8037307938294956E+003
 0743  0.7994232595651944E+003
 0744  0.7941940727261785E+003
 0745  0.7883751953836959E+003
 0746  0.7826212635841779E+003
 0747  0.7775203655988240E+003
 0748  0.7737255690295302E+003
 0749  0.7699688769740603E+003
 0750  0.7662498505718929E+003
 0751  0.7625680570499301E+003
 0752  0.7589850776649080E+003
 0753  0.7554795143209686E+003
 0754  0.7520088066703894E+003
 0755  0.7485725600314198E+003
 0756  0.7451703849737313E+003
 0757  0.7418018972293754E+003
 0758  0.7384667176058866E+003
 0759  0.7351644719016033E+003
 0760  0.7291813077991590E+003
 0761  0.7230144869770662E+003
 0762  0.7169208803228751E+003
 0763  0.7111248178507977E+003
 0764  0.7081088597486973E+003
 0765  0.7051223611299962E+003
 0766  0.7021649970740165E+003
 0767  0.6992364467677378E+003
 0768  0.6963363934444037E+003
 0769  0.6934645243233589E+003
 0770  0.6906205305509541E+003
 0771  0.6871072222041203E+003
 0772  0.6833091303680268E+003
 0773  0.6795505632026335E+003
 0774  0.6758310550579255E+003
 0775  0.6721501465347503E+003
 0776  0.6685073843848304E+003
 0777  0.6649023214123241E+003
 0778  0.6605650461249738E+003
 0779  0.6549377707997093E+003
 0780  0.6493773926572464E+003
 0781  0.6438830262129735E+003
 0782  0.6414257597609279E+003
 0783  0.6390586028723073E+003
 0784  0.6367138918098179E+003
 0785  0.6343913880922361E+003
 0786  0.6320908561098348E+003
 0787  0.6298120630850802E+003
 0788  0.6275547790340279E+003
 0789  0.6253187767282303E+003
 0790  0.6228781581980405E+003
 0791  0.6200351592299962E+003
 0792  0.6172203160963086E+003
 0793  0.6144333146499190E+003
 0794  0.6116738447046109E+003
 0795  0.6089415999782102E+003
 0796  0.6062362780368480E+003
 0797  0.6035575802399954E+003
 0798  0.6009052116867966E+003
 0799  0.5982788811628421E+003
 0800  0.5956783010883381E+003
 0801  0.5931031874667775E+003
 0802  0.5894650097138373E+003
 0803  0.5851636396591668E+003
 0804  0.5809105109266520E+003
 0805  0.5767050173193237E+003
 0806  0.5725465610872311E+003
 0807  0.5684345527913122E+003
 0808  0.5645886909902321E+003
 0809  0.5612862823373762E+003
 0810  0.5580185360452928E+003
 0811  0.5547850423336472E+003
 0812  0.5515853968265228E+003
 0813  0.5490153834323122E+003
 0814  0.5467567117184433E+003
 0815  0.5445198408782192E+003
 0816  0.5423045348320188E+003
 0817  0.5401105603783045E+003
 0818  0.5379376871543897E+003
 0819  0.5357856875981546E+003
 0820  0.5332330060256861E+003
 0821  0.5306960065124998E+003
 0822  0.5281843212557122E+003
 0823  0.5256976660968757E+003
 0824  0.5232357604505231E+003
 0825  0.5207983272547369E+003
 0826  0.5183855018609222E+003
 0827  0.5159980779596413E+003
 0828  0.5136343538253942E+003
 0829  0.5112940649700605E+003
 0830  0.5089769502095909E+003
 0831  0.5066827516186179E+003
 0832  0.5044112144857988E+003
 0833  0.5021362894089496E+003
 0834  0.4997713702663009E+003
 0835  0.4974300894650202E+003
 0836  0.4951121813773586E+003
 0837  0.4928173837093935E+003
 0838  0.4905454374551838E+003
 0839  0.4882960868518979E+003
 0840  0.4862101723145770E+003
 0841  0.4842927645202677E+003
 0842  0.4823937817044304E+003
 0843  0.4805130255629278E+003
 0844  0.4786503001862496E+003
 0845  0.4768054120277654E+003
 0846  0.4749781698723000E+003
 0847  0.4731683848052290E+003
 0848  0.4713758701820066E+003
 0849  0.4697205595458617E+003
 0850  0.4681463476753295E+003
 0851  0.4665867531838914E+003
 0852  0.4650416249819188E+003
 0853  0.4635108137353416E+003
 0854  0.4619941718430729E+003
 0855  0.4604915534146922E+003
 0856  0.4590028142484655E+003
 0857  0.4575278118096692E+003
 0858  0.4560664052091902E+003
 0859  0.4546184551824380E+003
 0860  0.4531838240685266E+003
 0861  0.4517623757898820E+003
 0862  0.4503539758319006E+003
 0863  0.4489584912229737E+003
 0864  0.4475757905149939E+003
 0865  0.4462057437637629E+003
 0866  0.4433376051063960E+003
 0867  0.4403564468827456E+003
 0868  0.4374072940417091E+003
 0869  0.4344897613288770E+003
 0870  0.4316034685832012E+003
 0871  0.4287480406651611E+003
 0872  0.4259231073859123E+003
 0873  0.4235379796533952E+003
 0874  0.4218628665765248E+003
 0875  0.4202034803408292E+003
 0876  0.4185596562418958E+003
 0877  0.4169312315125973E+003
 0878  0.4153180452980085E+003
 0879  0.4137199386304932E+003
 0880  0.4121367544053680E+003
 0881  0.4107929456933954E+003
 0882  0.4095525429312164E+003
 0883  0.4083232043455267E+003
 0884  0.4071048213009752E+003
 0885  0.4058972863592071E+003
 0886  0.4047004932639950E+003
 0887  0.4035143369267691E+003
 0888  0.4023387134122747E+003
 0889  0.4011735199243892E+003
 0890  0.4000186547921535E+003
 0891  0.3988740174560284E+003
 0892  0.3977395084542523E+003
 0893  0.3966150294095285E+003
 0894  0.3954982261232109E+003
 0895  0.3942710026600213E+003
 0896  0.3930546460933028E+003
 0897  0.3918490507704450E+003
 0898  0.3906541121905181E+003
 0899  0.3894697269900378E+003
 0900  0.3882957929292408E+003
 0901  0.3871322088782960E+003
 0902  0.3859788748038632E+003
 0903  0.3848356917558208E+003
 0904  0.3837025618540791E+003
 0905  0.3825793882755969E+003
 0906  0.3814660752416382E+003
 0907  0.3803625280051679E+003
 0908  0.3792686528383457E+003
 0909  0.3781843570202527E+003
 0910  0.3771095488248295E+003
 0911  0.3760441375087704E+003
 0912  0.3749880332998962E+003
 0913  0.3739411473853633E+003
 0914  0.3729033919001915E+003
 0915  0.3716997509144758E+003
 0916  0.3701341099359906E+003
 0917  0.3685827064284424E+003
 0918  0.3670453970395833E+003
 0919  0.3655220400388495E+003
 0920  0.3640124952969400E+003
 0921  0.3625166242656634E+003
 0922  0.3610342899579599E+003
 0923  0.3595653569286241E+003
 0924  0.3581096912545778E+003
 0925  0.3566671605161322E+003
 0926  0.3552376337779679E+003
 0927  0.3538209815707739E+003
 0928  0.3524170758728640E+003
 0929  0.3510257900920330E+003
 0930  0.3500514066927696E+003
 0931  0.3491358837433647E+003
 0932  0.3482281121009741E+003
 0933  0.3473280210937178E+003
 0934  0.3464355407637375E+003
 0935  0.3455506018589409E+003
 0936  0.3446731358250366E+003
 0937  0.3438030747976673E+003
 0938  0.3429403515945784E+003
 0939  0.3420848997079401E+003
 0940  0.3412366532967233E+003
 0941  0.3403955471791867E+003
 0942  0.3395615168254939E+003
 0943  0.3387344983503609E+003
 0944  0.3379144285058323E+003
 0945  0.3371012446740860E+003
 0946  0.3362948848605375E+003
 0947  0.3354952876866617E+003
 0948  0.3347023923832864E+003
 0949  0.3339161387837752E+003
 0950  0.3331364673172548E+003
 0951  0.3323633190019621E+003
 0952  0.3314547690969997E+003
 0953  0.3303446335034234E+003
 0954  0.3292440205681313E+003
 0955  0.3281528417642949E+003
 0956  0.3270710094810906E+003
 0957  0.3259984370132744E+003
 0958  0.3249350385504455E+003
 0959  0.3238807291668632E+003
 0960  0.3228354248110612E+003
 0961  0.3217990422958167E+003
 0962  0.3207714992881352E+003
 0963  0.3197527142994218E+003
 0964  0.3187426066756927E+003
 0965  0.3177410965879964E+003
 0966  0.3167481050229845E+003
 0967  0.3157635537735220E+003
 0968  0.3147873654293622E+003
 0969  0.3138194633681063E+003
 0970  0.3128126258145734E+003
 0971  0.3118125680945820E+003
 0972  0.3108209675949971E+003
 0973  0.3098377473434275E+003
 0974  0.3088628311433603E+003
 0975  0.3078961435652452E+003
 0976  0.3069376099379802E+003
 0977  0.3059871563401645E+003
 0978  0.3050447095918361E+003
 0979  0.3041101972459145E+003
 0980  0.3031835475800717E+003
 0981  0.3022646895887345E+003
 0982  0.3013252643302644E+003
 0983  0.3003852884736903E+003
 0984  0.2994531998972618E+003
 0985  0.2985289276695749E+003
 0986  0.2976124015633646E+003
 0987  0.2967035520474222E+003
 0988  0.2958023102789734E+003
 0989  0.2949086080959212E+003
 0990  0.2939549804491550E+003
 0991  0.2930075688838673E+003
 0992  0.2920681033807738E+003
 0993  0.2911365125303023E+003
 0994  0.2902515177850490E+003
 0995  0.2893949129404587E+003
 0996  0.2885454203122126E+003
 0997  0.2877026643522325E+003
 0998  0.2868503622847763E+003
 0999  0.2859796018737415E+003
 1000  0.0000000000000000E+000
