 0001  0.1094365470521796E+009
 0002  0.1109448565298388E+009
 0003  0.1125266388204204E+009
 0004  0.1142024282149107E+009
 0005  0.1159665158825268E+009
 0006  0.1178328252681776E+009
 0007  0.1198040563936960E+009
 0008  0.1218843435598357E+009
 0009  0.1240851176251515E+009
 0010  0.1264174585877085E+009
 0011  0.1288925260965240E+009
 0012  0.1315211112066680E+009
 0013  0.1343152289232778E+009
 0014  0.1372741475868014E+009
 0015  0.1404176972876047E+009
 0016  0.1437529366989089E+009
 0017  0.1472832634626754E+009
 0018  0.1510188492110232E+009
 0019  0.1549760271308359E+009
 0020  0.1591801929659397E+009
 0021  0.1636423494657753E+009
 0022  0.1684083201112110E+009
 0023  0.1735675584868856E+009
 0024  0.1791272635670936E+009
 0025  0.1851431975529081E+009
 0026  0.1916528315687633E+009
 0027  0.1987420045710939E+009
 0028  0.2065209212978176E+009
 0029  0.2151185293087910E+009
 0030  0.2295532559411044E+009
 0031  0.2450130263766149E+009
 0032  0.2616794768679712E+009
 0033  0.2797341471382276E+009
 0034  0.2992994531051309E+009
 0035  0.3204371705652221E+009
 0036  0.3432522044979014E+009
 0037  0.3681753508325256E+009
 0038  0.4002394578215800E+009
 0039  0.4335569283142449E+009
 0040  0.4680432295509310E+009
 0041  0.5039158941680579E+009
 0042  0.5412162043764688E+009
 0043  0.5798217049755701E+009
 0044  0.6196922469821414E+009
 0045  0.6610319472574730E+009
 0046  0.7038581723087480E+009
 0047  0.7480741193668964E+009
 0048  0.7937642768621988E+009
 0049  0.8409390708169949E+009
 0050  0.8896944897101562E+009
 0051  0.9399365991515347E+009
 0052  0.9919434590552772E+009
 0053  0.1045889691366409E+010
 0054  0.1101496486556415E+010
 0055  0.1158949717761558E+010
 0056  0.1218421636237492E+010
 0057  0.1280210762531668E+010
 0058  0.1344191536549559E+010
 0059  0.1410732288073150E+010
 0060  0.1479857544698895E+010
 0061  0.1551690879113147E+010
 0062  0.1626466717393193E+010
 0063  0.1704762023932668E+010
 0064  0.1787383904857636E+010
 0065  0.1882266904162519E+010
 0066  0.1980209298286260E+010
 0067  0.2081160277178023E+010
 0068  0.2185683835202126E+010
 0069  0.2293796232651662E+010
 0070  0.2405780595145646E+010
 0071  0.2521882352090961E+010
 0072  0.2642570858977204E+010
 0073  0.2768066878851676E+010
 0074  0.2898269352045271E+010
 0075  0.3034446037339128E+010
 0076  0.3177001742400702E+010
 0077  0.3325828653429296E+010
 0078  0.3482779118344471E+010
 0079  0.3648009679259793E+010
 0080  0.3822433423392107E+010
 0081  0.4006852995445968E+010
 0082  0.4203053352872079E+010
 0083  0.4412772053640317E+010
 0084  0.4637707759218290E+010
 0085  0.4880513122175762E+010
 0086  0.5145336650307236E+010
 0087  0.5437208057128044E+010
 0088  0.5762892542098364E+010
 0089  0.6132767123734806E+010
 0090  0.6902959689338030E+010
 0091  0.7720098156447154E+010
 0092  0.8583364195928665E+010
 0093  0.9492421643541204E+010
 0094  0.1044977801573718E+011
 0095  0.1146283352934735E+011
 0096  0.1252337672216099E+011
 0097  0.1363876008889295E+011
 0098  0.1482287511273340E+011
 0099  0.1608221192024541E+011
 0100  0.1741567862548471E+011
 0101  0.1879358760470760E+011
 0102  0.2021014547723843E+011
 0103  0.2168142754748917E+011
 0104  0.2320350564842053E+011
 0105  0.2477830504714153E+011
 0106  0.2642214314951560E+011
 0107  0.2814330676503868E+011
 0108  0.2994322754424862E+011
 0109  0.3185556373837711E+011
 0110  0.3388841042714953E+011
 0111  0.3608851061881025E+011
 0112  0.3852244716976212E+011
 0113  0.4124882144818116E+011
 0114  0.4435731899964100E+011
 0115  0.4798629099617352E+011
 0116  0.5233833483199110E+011
 0117  0.5786018455725727E+011
 0118  0.6542269969482224E+011
 0119  0.7747819907289742E+011
 0120  0.1117041043711073E+012
 0121  0.7581160371141328E+012
 0122  0.1897273462988895E+013
 0123  0.2965772926065309E+013
 0124  0.3962199054853440E+013
 0125  0.4888563528152382E+013
 0126  0.5761960876303826E+013
 0127  0.6585988117247773E+013
 0128  0.7368259776349721E+013
 0129  0.8107782146888006E+013
 0130  0.8813885127966381E+013
 0131  0.9490542943038432E+013
 0132  0.1014392167593530E+014
 0133  0.1077587727385519E+014
 0134  0.1138237100930712E+014
 0135  0.1197065661492680E+014
 0136  0.1254464175944823E+014
 0137  0.1309781256518754E+014
 0138  0.1364003243357339E+014
 0139  0.1416708384483306E+014
 0140  0.1467881543368629E+014
 0141  0.1517968119511474E+014
 0142  0.1566574636424079E+014
 0143  0.1614476831068485E+014
 0144  0.1661270688126603E+014
 0145  0.1707217896335719E+014
 0146  0.1752213292112906E+014
 0147  0.1796307741382563E+014
 0148  0.1839435137424981E+014
 0149  0.1881788284914346E+014
 0150  0.1923699194914340E+014
 0151  0.1964965168217212E+014
 0152  0.2005254107499089E+014
 0153  0.2045105341054800E+014
 0154  0.2084051581538269E+014
 0155  0.2122467499165096E+014
 0156  0.2160264348519255E+014
 0157  0.2197495644358015E+014
 0158  0.2234186462792834E+014
 0159  0.2270355657704486E+014
 0160  0.2306055975662229E+014
 0161  0.2341391344130966E+014
 0162  0.2376205458723172E+014
 0163  0.2410451439911920E+014
 0164  0.2444168318553294E+014
 0165  0.2477616287753147E+014
 0166  0.2510737269560279E+014
 0167  0.2543438459585686E+014
 0168  0.2575632128465763E+014
 0169  0.2607299058285114E+014
 0170  0.2638587154191464E+014
 0171  0.2669775804642470E+014
 0172  0.2700584132994605E+014
 0173  0.2731154302217633E+014
 0174  0.2761318480035874E+014
 0175  0.2791058262470096E+014
 0176  0.2820403681190618E+014
 0177  0.2849406193657689E+014
 0178  0.2878217858807458E+014
 0179  0.2906765026780665E+014
 0180  0.2935009404020347E+014
 0181  0.2962875863972620E+014
 0182  0.2990383339026562E+014
 0183  0.3017603534573487E+014
 0184  0.3044630421838491E+014
 0185  0.3071488262536283E+014
 0186  0.3098199752209789E+014
 0187  0.3124580153115575E+014
 0188  0.3150644252738382E+014
 0189  0.3176448797749653E+014
 0190  0.3202013080140944E+014
 0191  0.3227352432953863E+014
 0192  0.3252481097644826E+014
 0193  0.3277445457606822E+014
 0194  0.3302291044525926E+014
 0195  0.3326838679195431E+014
 0196  0.3351099622226132E+014
 0197  0.3375132909422842E+014
 0198  0.3398970629733099E+014
 0199  0.3422608770724283E+014
 0200  0.3446028686631923E+014
 0201  0.3469238716966152E+014
 0202  0.3492258065838155E+014
 0203  0.3515103640839753E+014
 0204  0.3537782569336448E+014
 0205  0.3560313484168646E+014
 0206  0.3582703147726766E+014
 0207  0.3605055659773884E+014
 0208  0.3627168907535448E+014
 0209  0.3649044663124066E+014
 0210  0.3670764481072255E+014
 0211  0.3692331188513940E+014
 0212  0.3713731389864671E+014
 0213  0.3734965120257168E+014
 0214  0.3756029823523349E+014
 0215  0.3776918545620966E+014
 0216  0.3797621883468268E+014
 0217  0.3818145113046341E+014
 0218  0.3838541494668182E+014
 0219  0.3858830263572823E+014
 0220  0.3878963972115377E+014
 0221  0.3898932155333174E+014
 0222  0.3918755510811566E+014
 0223  0.3938489949215897E+014
 0224  0.3958092456035663E+014
 0225  0.3977525499094438E+014
 0226  0.3996793295543993E+014
 0227  0.4015972751632944E+014
 0228  0.4035053595411873E+014
 0229  0.4053967152679893E+014
 0230  0.4072717338336643E+014
 0231  0.4091317531987470E+014
 0232  0.4109804170849259E+014
 0233  0.4128180277448673E+014
 0234  0.4146475881719036E+014
 0235  0.4164726865765398E+014
 0236  0.4182827816190672E+014
 0237  0.4200767496875909E+014
 0238  0.4218549306129850E+014
 0239  0.4236218751215478E+014
 0240  0.4253878492825302E+014
 0241  0.4271456048935909E+014
 0242  0.4288899809849284E+014
 0243  0.4306212520311623E+014
 0244  0.4323435668083559E+014
 0245  0.4340577114516145E+014
 0246  0.4357615661943327E+014
 0247  0.4374534902511928E+014
 0248  0.4391337194690952E+014
 0249  0.4408027426489638E+014
 0250  0.4424621485883578E+014
 0251  0.4441121382051822E+014
 0252  0.4457529073359237E+014
 0253  0.4473873022986355E+014
 0254  0.4490204276972455E+014
 0255  0.4506491705685327E+014
 0256  0.4522660649746532E+014
 0257  0.4538713205925603E+014
 0258  0.4554651411745514E+014
 0259  0.4570488603719652E+014
 0260  0.4586250487720612E+014
 0261  0.4601938637571406E+014
 0262  0.4617554594052427E+014
 0263  0.4633100843655488E+014
 0264  0.4648581412227480E+014
 0265  0.4663997739614374E+014
 0266  0.4679351239029978E+014
 0267  0.4694645579915835E+014
 0268  0.4709884728638616E+014
 0269  0.4725070022387602E+014
 0270  0.4740199929500618E+014
 0271  0.4755264004341096E+014
 0272  0.4770263541054220E+014
 0273  0.4785199809257345E+014
 0274  0.4800105583337641E+014
 0275  0.4814984660180883E+014
 0276  0.4829778831553509E+014
 0277  0.4844472579112410E+014
 0278  0.4859067383325673E+014
 0279  0.4873564687724467E+014
 0280  0.4887972358906223E+014
 0281  0.4902346080861971E+014
 0282  0.4916686948265330E+014
 0283  0.4930996047671851E+014
 0284  0.4945242902213536E+014
 0285  0.4959422070450955E+014
 0286  0.4973534609290790E+014
 0287  0.4987592251492805E+014
 0288  0.5001644490370906E+014
 0289  0.5015667346622938E+014
 0290  0.5029594969286223E+014
 0291  0.5043428628010057E+014
 0292  0.5057169562608710E+014
 0293  0.5070821798935688E+014
 0294  0.5084421504388770E+014
 0295  0.5097969543898996E+014
 0296  0.5111466768336605E+014
 0297  0.5124915535357456E+014
 0298  0.5138318384665209E+014
 0299  0.5151676124473907E+014
 0300  0.5164954014478454E+014
 0301  0.5178138472594634E+014
 0302  0.5191230650534672E+014
 0303  0.5204231674360062E+014
 0304  0.5217142645258685E+014
 0305  0.5229964640292531E+014
 0306  0.5242698810718025E+014
 0307  0.5255380941542843E+014
 0308  0.5268011722287463E+014
 0309  0.5280591830800801E+014
 0310  0.5293121933566483E+014
 0311  0.5305602685999643E+014
 0312  0.5318019271396234E+014
 0313  0.5330366432558499E+014
 0314  0.5342644929379573E+014
 0315  0.5354855506697848E+014
 0316  0.5366998894691552E+014
 0317  0.5379075809260269E+014
 0318  0.5391121237764302E+014
 0319  0.5403136252541630E+014
 0320  0.5415116646121115E+014
 0321  0.5427025856371612E+014
 0322  0.5438864617123968E+014
 0323  0.5450632378347066E+014
 0324  0.5462323989837573E+014
 0325  0.5473940233675623E+014
 0326  0.5485481876940020E+014
 0327  0.5496950643738567E+014
 0328  0.5508347656750685E+014
 0329  0.5519673622316784E+014
 0330  0.5530929829250435E+014
 0331  0.5542120438706280E+014
 0332  0.5553246068818250E+014
 0333  0.5564305787956541E+014
 0334  0.5575293281844470E+014
 0335  0.5586209244664679E+014
 0336  0.5597052305678580E+014
 0337  0.5607811391384261E+014
 0338  0.5618487391727040E+014
 0339  0.5629081180664361E+014
 0340  0.5639593616589616E+014
 0341  0.5650025542741965E+014
 0342  0.5660381432609366E+014
 0343  0.5670693522561053E+014
 0344  0.5680962181067495E+014
 0345  0.5691178641422965E+014
 0346  0.5701317559435261E+014
 0347  0.5711379711896273E+014
 0348  0.5721365862568291E+014
 0349  0.5731276762511635E+014
 0350  0.5741130778969084E+014
 0351  0.5750934141243135E+014
 0352  0.5760681523048814E+014
 0353  0.5770360953903512E+014
 0354  0.5779973045795317E+014
 0355  0.5789514014151312E+014
 0356  0.5798983627581123E+014
 0357  0.5808382563026315E+014
 0358  0.5817713052268152E+014
 0359  0.5826977712439140E+014
 0360  0.5836177125906816E+014
 0361  0.5845311866355752E+014
 0362  0.5854382151870476E+014
 0363  0.5863388530299243E+014
 0364  0.5872331556627529E+014
 0365  0.5881211250805278E+014
 0366  0.5890027584057927E+014
 0367  0.5898781107110066E+014
 0368  0.5907472362876784E+014
 0369  0.5916111806709266E+014
 0370  0.5924700946569020E+014
 0371  0.5933229503192616E+014
 0372  0.5941696697724292E+014
 0373  0.5950097083582735E+014
 0374  0.5958430282369448E+014
 0375  0.5966696943276695E+014
 0376  0.5974897706184159E+014
 0377  0.5983038055498990E+014
 0378  0.5991120779788577E+014
 0379  0.5999146354124672E+014
 0380  0.6007115247450791E+014
 0381  0.6015037117835041E+014
 0382  0.6022913674004560E+014
 0383  0.6030732550282034E+014
 0384  0.6038493523931051E+014
 0385  0.6046192186036303E+014
 0386  0.6053829126899753E+014
 0387  0.6061404928825107E+014
 0388  0.6068922153944116E+014
 0389  0.6076386397110526E+014
 0390  0.6083798077950238E+014
 0391  0.6091157374501712E+014
 0392  0.6098462392347905E+014
 0393  0.6105713584003882E+014
 0394  0.6112911396537998E+014
 0395  0.6120054594882808E+014
 0396  0.6127143295296764E+014
 0397  0.6134177969030202E+014
 0398  0.6141159081619708E+014
 0399  0.6148092940064038E+014
 0400  0.6154984620807752E+014
 0401  0.6161831392856209E+014
 0402  0.6168628298699673E+014
 0403  0.6175375490814051E+014
 0404  0.6182071771100010E+014
 0405  0.6188717566504880E+014
 0406  0.6195313481080677E+014
 0407  0.6201862598955599E+014
 0408  0.6208365277287335E+014
 0409  0.6214821869470334E+014
 0410  0.6221234452442057E+014
 0411  0.6227603490998353E+014
 0412  0.6233929209045577E+014
 0413  0.6240207641506416E+014
 0414  0.6246439173472005E+014
 0415  0.6252624185864605E+014
 0416  0.6258763055508165E+014
 0417  0.6264856155197180E+014
 0418  0.6270904136447898E+014
 0419  0.6276923027362731E+014
 0420  0.6282912951173516E+014
 0421  0.6288874030113991E+014
 0422  0.6294797557151788E+014
 0423  0.6300682894877241E+014
 0424  0.6306530287445842E+014
 0425  0.6312340221721529E+014
 0426  0.6318115755611042E+014
 0427  0.6323857080447229E+014
 0428  0.6329564386092032E+014
 0429  0.6335238797692842E+014
 0430  0.6340886572642058E+014
 0431  0.6346507813815648E+014
 0432  0.6352100171223655E+014
 0433  0.6357661398474195E+014
 0434  0.6363191649745038E+014
 0435  0.6368687176926523E+014
 0436  0.6374147376221278E+014
 0437  0.6379572466938259E+014
 0438  0.6384962666677357E+014
 0439  0.6390318191354588E+014
 0440  0.6395644115526638E+014
 0441  0.6400952177245753E+014
 0442  0.6406242419346984E+014
 0443  0.6411508198141137E+014
 0444  0.6416741084007541E+014
 0445  0.6421941269036295E+014
 0446  0.6427108943953809E+014
 0447  0.6432244298142341E+014
 0448  0.6437347519659052E+014
 0449  0.6442421696032350E+014
 0450  0.6447469144455340E+014
 0451  0.6452489979398709E+014
 0452  0.6457484314707685E+014
 0453  0.6462452263612771E+014
 0454  0.6467393938740293E+014
 0455  0.6472313563660407E+014
 0456  0.6477215869069877E+014
 0457  0.6482100891851196E+014
 0458  0.6486965728409877E+014
 0459  0.6491803808715100E+014
 0460  0.6496615254005327E+014
 0461  0.6501400184891141E+014
 0462  0.6506154591677043E+014
 0463  0.6510878453361493E+014
 0464  0.6515571952017627E+014
 0465  0.6520235268514745E+014
 0466  0.6524868582533248E+014
 0467  0.6529472072579262E+014
 0468  0.6534045915998948E+014
 0469  0.6538598536137204E+014
 0470  0.6543130201328984E+014
 0471  0.6547640976315971E+014
 0472  0.6552128337116642E+014
 0473  0.6556587431004168E+014
 0474  0.6561018418392157E+014
 0475  0.6565421458742908E+014
 0476  0.6569798886214802E+014
 0477  0.6574151975309282E+014
 0478  0.6578476556412791E+014
 0479  0.6582771524252707E+014
 0480  0.6587034764672541E+014
 0481  0.6591266131502130E+014
 0482  0.6595465868729620E+014
 0483  0.6599634218226019E+014
 0484  0.6603772186256465E+014
 0485  0.6607880038859842E+014
 0486  0.6611957995296292E+014
 0487  0.6616006273066181E+014
 0488  0.6620024821810263E+014
 0489  0.6624013835869628E+014
 0490  0.6627973533425140E+014
 0491  0.6631904131121716E+014
 0492  0.6635805882205442E+014
 0493  0.6639678998801120E+014
 0494  0.6643523691331270E+014
 0495  0.6647340168534706E+014
 0496  0.6651132920491409E+014
 0497  0.6654902017678440E+014
 0498  0.6658644659033173E+014
 0499  0.6662360909611765E+014
 0500  0.6666049818063387E+014
 0501  0.6669711585411842E+014
 0502  0.6673346411090491E+014
 0503  0.6676954728223216E+014
 0504  0.6680539299334495E+014
 0505  0.6684100265595823E+014
 0506  0.6687637767399781E+014
 0507  0.6691151944366326E+014
 0508  0.6694643885278536E+014
 0509  0.6698113763176057E+014
 0510  0.6701561698454258E+014
 0511  0.6704987810955585E+014
 0512  0.6708392825476618E+014
 0513  0.6711777136257955E+014
 0514  0.6715140847222020E+014
 0515  0.6718484061901752E+014
 0516  0.6721806460551908E+014
 0517  0.6725106976297802E+014
 0518  0.6728385738204024E+014
 0519  0.6731642874661466E+014
 0520  0.6734878513391956E+014
 0521  0.6738092781452830E+014
 0522  0.6741285805241403E+014
 0523  0.6744457710499360E+014
 0524  0.6747608622317084E+014
 0525  0.6750738665137866E+014
 0526  0.6753852468784579E+014
 0527  0.6756950295958784E+014
 0528  0.6760032199461246E+014
 0529  0.6763098232088628E+014
 0530  0.6766148446634038E+014
 0531  0.6769182895887534E+014
 0532  0.6772201632636574E+014
 0533  0.6775205255695713E+014
 0534  0.6778194586813205E+014
 0535  0.6781169663778034E+014
 0536  0.6784130524442434E+014
 0537  0.6787077206722434E+014
 0538  0.6790009748598449E+014
 0539  0.6792930968088702E+014
 0540  0.6795840904441744E+014
 0541  0.6798738286139930E+014
 0542  0.6801617801354888E+014
 0543  0.6804479540485010E+014
 0544  0.6807323593627404E+014
 0545  0.6810150050578759E+014
 0546  0.6812959000836169E+014
 0547  0.6815750905364377E+014
 0548  0.6818526377041838E+014
 0549  0.6821285490370538E+014
 0550  0.6824028319690337E+014
 0551  0.6826754939178962E+014
 0552  0.6829465422851932E+014
 0553  0.6832159844562500E+014
 0554  0.6834838278001511E+014
 0555  0.6837500796697303E+014
 0556  0.6840148584058202E+014
 0557  0.6842784129830833E+014
 0558  0.6845407462048677E+014
 0559  0.6848018608850539E+014
 0560  0.6850617598480722E+014
 0561  0.6853204459289133E+014
 0562  0.6855779219731420E+014
 0563  0.6858343754453568E+014
 0564  0.6860898083302348E+014
 0565  0.6863442218508694E+014
 0566  0.6865972195339171E+014
 0567  0.6868486527226004E+014
 0568  0.6870985292718370E+014
 0569  0.6873468570133905E+014
 0570  0.6875936437558615E+014
 0571  0.6878388972846827E+014
 0572  0.6880826253621059E+014
 0573  0.6883249894683584E+014
 0574  0.6885660107444159E+014
 0575  0.6888056943331814E+014
 0576  0.6890440453767157E+014
 0577  0.6892810690161440E+014
 0578  0.6895167703915652E+014
 0579  0.6897511546419563E+014
 0580  0.6899842248443687E+014
 0581  0.6902159853588204E+014
 0582  0.6904464413605491E+014
 0583  0.6906755980229784E+014
 0584  0.6909034605176160E+014
 0585  0.6911300340139486E+014
 0586  0.6913553236793359E+014
 0587  0.6915793644784468E+014
 0588  0.6918024050319587E+014
 0589  0.6920244472158926E+014
 0590  0.6922454929192666E+014
 0591  0.6924654903489186E+014
 0592  0.6926840854872594E+014
 0593  0.6929012857918934E+014
 0594  0.6931170986955035E+014
 0595  0.6933315316058328E+014
 0596  0.6935445919056620E+014
 0597  0.6937562869527926E+014
 0598  0.6939666240800243E+014
 0599  0.6941756105951348E+014
 0600  0.6943835213147543E+014
 0601  0.6945904306984775E+014
 0602  0.6947963411914857E+014
 0603  0.6950012552505847E+014
 0604  0.6952050804085436E+014
 0605  0.6954076842302508E+014
 0606  0.6956090723105088E+014
 0607  0.6958092502352491E+014
 0608  0.6960082235814196E+014
 0609  0.6962059034222335E+014
 0610  0.6964022837387192E+014
 0611  0.6965973718893340E+014
 0612  0.6967911752035046E+014
 0613  0.6969837009816368E+014
 0614  0.6971749564951241E+014
 0615  0.6973649489863599E+014
 0616  0.6975536856687484E+014
 0617  0.6977411737267123E+014
 0618  0.6979275250276511E+014
 0619  0.6981128734530757E+014
 0620  0.6982972224288914E+014
 0621  0.6984805753868116E+014
 0622  0.6986629357642274E+014
 0623  0.6988442142875080E+014
 0624  0.6990243359224625E+014
 0625  0.6992033067762066E+014
 0626  0.6993811329373307E+014
 0627  0.6995578204758293E+014
 0628  0.6997333412038735E+014
 0629  0.6999076568893433E+014
 0630  0.7000807749930481E+014
 0631  0.7002527029388692E+014
 0632  0.7004234481138559E+014
 0633  0.7005930178683197E+014
 0634  0.7007614195159345E+014
 0635  0.7009286603338315E+014
 0636  0.7010947475626950E+014
 0637  0.7012596884068616E+014
 0638  0.7014234900344155E+014
 0639  0.7015862207716323E+014
 0640  0.7017479308922134E+014
 0641  0.7019086255467863E+014
 0642  0.7020683098735906E+014
 0643  0.7022269889983801E+014
 0644  0.7023846680343187E+014
 0645  0.7025412691855453E+014
 0646  0.7026967775312898E+014
 0647  0.7028512000547678E+014
 0648  0.7030045437022133E+014
 0649  0.7031568153829980E+014
 0650  0.7033080219697485E+014
 0651  0.7034581467707760E+014
 0652  0.7036071887682152E+014
 0653  0.7037551553643983E+014
 0654  0.7039020539159358E+014
 0655  0.7040478917339497E+014
 0656  0.7041926760843077E+014
 0657  0.7043364141878520E+014
 0658  0.7044790932897267E+014
 0659  0.7046207061271894E+014
 0660  0.7047612605209958E+014
 0661  0.7049007642360786E+014
 0662  0.7050392249819408E+014
 0663  0.7051766504130412E+014
 0664  0.7053130481291783E+014
 0665  0.7054484256758727E+014
 0666  0.7055827905447467E+014
 0667  0.7057161350033870E+014
 0668  0.7058484192050839E+014
 0669  0.7059796519053514E+014
 0670  0.7061098417820517E+014
 0671  0.7062389974361755E+014
 0672  0.7063671273926102E+014
 0673  0.7064942151344872E+014
 0674  0.7066202653896175E+014
 0675  0.7067452871523220E+014
 0676  0.7068692893304030E+014
 0677  0.7069922807461191E+014
 0678  0.7071142584932853E+014
 0679  0.7072351938363952E+014
 0680  0.7073550965886111E+014
 0681  0.7074739764555914E+014
 0682  0.7075918430369206E+014
 0683  0.7077087058275180E+014
 0684  0.7078245512854366E+014
 0685  0.7079393492523689E+014
 0686  0.7080531106051256E+014
 0687  0.7081658460829038E+014
 0688  0.7082775662894653E+014
 0689  0.7083882816952734E+014
 0690  0.7084979591187125E+014
 0691  0.7086064493930197E+014
 0692  0.7087137689893786E+014
 0693  0.7088199352058836E+014
 0694  0.7089250118970978E+014
 0695  0.7090290129827108E+014
 0696  0.7091319521501723E+014
 0697  0.7092337850387470E+014
 0698  0.7093345083897111E+014
 0699  0.7094341377584205E+014
 0700  0.7095326467823336E+014
 0701  0.7096299914078797E+014
 0702  0.7097261900732484E+014
 0703  0.7098212608177822E+014
 0704  0.7099147578105906E+014
 0705  0.7100067988941666E+014
 0706  0.7100975470823284E+014
 0707  0.7101869331349827E+014
 0708  0.7102749325939088E+014
 0709  0.7103614790468816E+014
 0710  0.7104461822298503E+014
 0711  0.7105292108604897E+014
 0712  0.7106108000517042E+014
 0713  0.7106905528038934E+014
 0714  0.7107682730553506E+014
 0715  0.7108444585356927E+014
 0716  0.7109191791844784E+014
 0717  0.7109921365176678E+014
 0718  0.7110638369091445E+014
 0719  0.7111344843037781E+014
 0720  0.7112042008525291E+014
 0721  0.7112730126911359E+014
 0722  0.7113409412695302E+014
 0723  0.7114081347995016E+014
 0724  0.7114746034939264E+014
 0725  0.7115403694321400E+014
 0726  0.7116054645157883E+014
 0727  0.7116699506554141E+014
 0728  0.7117338739502867E+014
 0729  0.7117972399022925E+014
 0730  0.7118600945505334E+014
 0731  0.7119224500158789E+014
 0732  0.7119843312479778E+014
 0733  0.7120457418337347E+014
 0734  0.7121066853331736E+014
 0735  0.7121671652796388E+014
 0736  0.7122272345674125E+014
 0737  0.7122869039312286E+014
 0738  0.7123461756497316E+014
 0739  0.7124050519935152E+014
 0740  0.7124635509127334E+014
 0741  0.7125216849619003E+014
 0742  0.7125794559178838E+014
 0743  0.7126368655549097E+014
 0744  0.7126939156444912E+014
 0745  0.7127506461328539E+014
 0746  0.7128070837738834E+014
 0747  0.7128632293756983E+014
 0748  0.7129190713230858E+014
 0749  0.7129745842306856E+014
 0750  0.7130297694771056E+014
 0751  0.7130846284415594E+014
 0752  0.7131391625037875E+014
 0753  0.7131933756218619E+014
 0754  0.7132472708652738E+014
 0755  0.7133008495472453E+014
 0756  0.7133541129818203E+014
 0757  0.7134070624837895E+014
 0758  0.7134596993686138E+014
 0759  0.7135120249523469E+014
 0760  0.7135640405515620E+014
 0761  0.7136158376233566E+014
 0762  0.7136674248429775E+014
 0763  0.7137188023333519E+014
 0764  0.7137699631929300E+014
 0765  0.7138208229388270E+014
 0766  0.7138713828271905E+014
 0767  0.7139216441148216E+014
 0768  0.7139716080591006E+014
 0769  0.7140212759179141E+014
 0770  0.7140706489495836E+014
 0771  0.7141197284127936E+014
 0772  0.7141685385001161E+014
 0773  0.7142170906782266E+014
 0774  0.7142653857172656E+014
 0775  0.7143134243911428E+014
 0776  0.7143612074774706E+014
 0777  0.7144087357575056E+014
 0778  0.7144560100160841E+014
 0779  0.7145030554718623E+014
 0780  0.7145499152176130E+014
 0781  0.7145965893221561E+014
 0782  0.7146430778592959E+014
 0783  0.7146892842128650E+014
 0784  0.7147352075050723E+014
 0785  0.7147808490494428E+014
 0786  0.7148262101584219E+014
 0787  0.7148712921433167E+014
 0788  0.7149160963142344E+014
 0789  0.7149606239800183E+014
 0790  0.7150048764481908E+014
 0791  0.7150488614496622E+014
 0792  0.7150925922822130E+014
 0793  0.7151360699506198E+014
 0794  0.7151792954609134E+014
 0795  0.7152222698203131E+014
 0796  0.7152649940371636E+014
 0797  0.7153074691208709E+014
 0798  0.7153496960818386E+014
 0799  0.7153916759314061E+014
 0800  0.7154334096817853E+014
 0801  0.7154748983459967E+014
 0802  0.7155161429378108E+014
 0803  0.7155571745683044E+014
 0804  0.7155980132797612E+014
 0805  0.7156386594251397E+014
 0806  0.7156791133618122E+014
 0807  0.7157193754515291E+014
 0808  0.7157594460603884E+014
 0809  0.7157993188163614E+014
 0810  0.7158389788222836E+014
 0811  0.7158784267324142E+014
 0812  0.7159176632040083E+014
 0813  0.7159566888972642E+014
 0814  0.7159954872073864E+014
 0815  0.7160340507963331E+014
 0816  0.7160723807164619E+014
 0817  0.7161104780197647E+014
 0818  0.7161483437578139E+014
 0819  0.7161859789817080E+014
 0820  0.7162233847420159E+014
 0821  0.7162605762827848E+014
 0822  0.7162975547573209E+014
 0823  0.7163343209854750E+014
 0824  0.7163708757884398E+014
 0825  0.7164072199886941E+014
 0826  0.7164433544099461E+014
 0827  0.7164792807671284E+014
 0828  0.7165150030031959E+014
 0829  0.7165505218842462E+014
 0830  0.7165858381778841E+014
 0831  0.7166209526531695E+014
 0832  0.7166558660805614E+014
 0833  0.7166905792318689E+014
 0834  0.7167250947388884E+014
 0835  0.7167594214441314E+014
 0836  0.7167935599769375E+014
 0837  0.7168275109688730E+014
 0838  0.7168612750536850E+014
 0839  0.7168948528672488E+014
 0840  0.7169282450475225E+014
 0841  0.7169614499098278E+014
 0842  0.7169944656936009E+014
 0843  0.7170272931126456E+014
 0844  0.7170599328821280E+014
 0845  0.7170923857185266E+014
 0846  0.7171246523395819E+014
 0847  0.7171567334642497E+014
 0848  0.7171886298126492E+014
 0849  0.7172203421060152E+014
 0850  0.7172518699900791E+014
 0851  0.7172832136183352E+014
 0852  0.7173143737407250E+014
 0853  0.7173453511078945E+014
 0854  0.7173761464711445E+014
 0855  0.7174067605823859E+014
 0856  0.7174371941940905E+014
 0857  0.7174674480592459E+014
 0858  0.7174975229313081E+014
 0859  0.7175274195641567E+014
 0860  0.7175571387120478E+014
 0861  0.7175866811295702E+014
 0862  0.7176160475715967E+014
 0863  0.7176452387932447E+014
 0864  0.7176742555498280E+014
 0865  0.7177030985968127E+014
 0866  0.7177317686897759E+014
 0867  0.7177603339124172E+014
 0868  0.7177888006748448E+014
 0869  0.7178171689116239E+014
 0870  0.7178454385599811E+014
 0871  0.7178736095598178E+014
 0872  0.7179016818537170E+014
 0873  0.7179296553869492E+014
 0874  0.7179575139699372E+014
 0875  0.7179852306658389E+014
 0876  0.7180128058405291E+014
 0877  0.7180402398625139E+014
 0878  0.7180675331028992E+014
 0879  0.7180946859353569E+014
 0880  0.7181216987360889E+014
 0881  0.7181485718837964E+014
 0882  0.7181752973207461E+014
 0883  0.7182018721252595E+014
 0884  0.7182282968476302E+014
 0885  0.7182545720394605E+014
 0886  0.7182806982536231E+014
 0887  0.7183066760442194E+014
 0888  0.7183325059665375E+014
 0889  0.7183581885770177E+014
 0890  0.7183837244332067E+014
 0891  0.7184091140937225E+014
 0892  0.7184343581182128E+014
 0893  0.7184594570673158E+014
 0894  0.7184844115026233E+014
 0895  0.7185092221346878E+014
 0896  0.7185338973931408E+014
 0897  0.7185584377239122E+014
 0898  0.7185828435746138E+014
 0899  0.7186071153945045E+014
 0900  0.7186312536344567E+014
 0901  0.7186552587469167E+014
 0902  0.7186791311858708E+014
 0903  0.7187028714068109E+014
 0904  0.7187264798666950E+014
 0905  0.7187499570239159E+014
 0906  0.7187733033382623E+014
 0907  0.7187965192708866E+014
 0908  0.7188196052842655E+014
 0909  0.7188425618421680E+014
 0910  0.7188653894096200E+014
 0911  0.7188880884528669E+014
 0912  0.7189106594393412E+014
 0913  0.7189331028376261E+014
 0914  0.7189554191174223E+014
 0915  0.7189776087495116E+014
 0916  0.7189996810437941E+014
 0917  0.7190216551664255E+014
 0918  0.7190435312440616E+014
 0919  0.7190653094059147E+014
 0920  0.7190869897837411E+014
 0921  0.7191085725118266E+014
 0922  0.7191300577269745E+014
 0923  0.7191514455684889E+014
 0924  0.7191727361781642E+014
 0925  0.7191939297002675E+014
 0926  0.7192150262815255E+014
 0927  0.7192360260711094E+014
 0928  0.7192569292206189E+014
 0929  0.7192777358840680E+014
 0930  0.7192984462178689E+014
 0931  0.7193190427121542E+014
 0932  0.7193395235497517E+014
 0933  0.7193598891476030E+014
 0934  0.7193801399237312E+014
 0935  0.7194002762972088E+014
 0936  0.7194202986881272E+014
 0937  0.7194402075175673E+014
 0938  0.7194600032075634E+014
 0939  0.7194796861810788E+014
 0940  0.7194992568619695E+014
 0941  0.7195187156749564E+014
 0942  0.7195380630455941E+014
 0943  0.7195572994002400E+014
 0944  0.7195764251660236E+014
 0945  0.7195954407708188E+014
 0946  0.7196143466432108E+014
 0947  0.7196331432124677E+014
 0948  0.7196518309085112E+014
 0949  0.7196704101618858E+014
 0950  0.7196888814037297E+014
 0951  0.7197072450657466E+014
 0952  0.7197255015801769E+014
 0953  0.7197436582291430E+014
 0954  0.7197617254315009E+014
 0955  0.7197797033869639E+014
 0956  0.7197975922971528E+014
 0957  0.7198153923655731E+014
 0958  0.7198331037975983E+014
 0959  0.7198507268004505E+014
 0960  0.7198682615831766E+014
 0961  0.7198857083566320E+014
 0962  0.7199030673334586E+014
 0963  0.7199203387280644E+014
 0964  0.7199375227566027E+014
 0965  0.7199546196369544E+014
 0966  0.7199716295887030E+014
 0967  0.7199885528331159E+014
 0968  0.7200053895931252E+014
 0969  0.7200221400933027E+014
 0970  0.7200388045598444E+014
 0971  0.7200553859835639E+014
 0972  0.7200718846608964E+014
 0973  0.7200883007869053E+014
 0974  0.7201046345583512E+014
 0975  0.7201208861736734E+014
 0976  0.7201370558329712E+014
 0977  0.7201531437379836E+014
 0978  0.7201691500920714E+014
 0979  0.7201850751001970E+014
 0980  0.7202009189689059E+014
 0981  0.7202166819063048E+014
 0982  0.7202323641220447E+014
 0983  0.7202479673518150E+014
 0984  0.7202634922428777E+014
 0985  0.7202789389845209E+014
 0986  0.7202943077676080E+014
 0987  0.7203095987845625E+014
 0988  0.7203248122293466E+014
 0989  0.7203399482974447E+014
 0990  0.7203550071858455E+014
 0991  0.7203699922488886E+014
 0992  0.7203849037310514E+014
 0993  0.7203997417938911E+014
 0994  0.7204145066005581E+014
 0995  0.7204291966673081E+014
 0996  0.7204438112895559E+014
 0997  0.7204583506681723E+014
 0998  0.7204728150614216E+014
 0999  0.7204872054105925E+014
 1000  0.7205015230558384E+014
