 0001  0.5556077471945478E+008
 0002  0.5274985532389505E+008
 0003  0.4952013712158054E+008
 0004  0.4673105111651006E+008
 0005  0.4382806722739076E+008
 0006  0.4112071264414542E+008
 0007  0.3856508430642077E+008
 0008  0.3603251420063005E+008
 0009  0.3355977913706312E+008
 0010  0.3116850018834463E+008
 0011  0.2887965491566327E+008
 0012  0.2669137402721259E+008
 0013  0.2472228658468967E+008
 0014  0.2278784992483174E+008
 0015  0.2099748203990836E+008
 0016  0.1936183073162215E+008
 0017  0.1783144997019809E+008
 0018  0.1637746630479414E+008
 0019  0.1497241316877311E+008
 0020  0.1367706187255382E+008
 0021  0.1239102261566963E+008
 0022  0.1104820304707332E+008
 0023  0.9867776990820272E+007
 0024  0.8752232488298995E+007
 0025  0.7739287309508651E+007
 0026  0.6777445386435279E+007
 0027  0.5867800481584459E+007
 0028  0.5021174582012199E+007
 0029  0.2752260124268366E+007
 0030  0.2309847936009589E+007
 0031  0.1924195530592588E+007
 0032  0.1592696690596063E+007
 0033  0.1315487143978966E+007
 0034  0.1088201521242309E+007
 0035  0.8999788685825202E+006
 0036  0.7340344062214372E+006
 0037  0.5006102883946991E+006
 0038  0.4189317924795599E+006
 0039  0.3543922369917053E+006
 0040  0.3001358121240738E+006
 0041  0.2555874459021539E+006
 0042  0.2197461814548803E+006
 0043  0.1902673170138885E+006
 0044  0.1648016587571565E+006
 0045  0.1433994018687524E+006
 0046  0.1256588853241061E+006
 0047  0.1104016854264026E+006
 0048  0.9738650945623222E+005
 0049  0.8607228401942614E+005
 0050  0.7650879241884200E+005
 0051  0.6787246998903362E+005
 0052  0.6020378348701027E+005
 0053  0.5384959399290744E+005
 0054  0.4815433941020782E+005
 0055  0.4305655206145503E+005
 0056  0.3840914195403043E+005
 0057  0.3442291576351750E+005
 0058  0.3075082270442434E+005
 0059  0.2752705054054670E+005
 0060  0.2465584668270084E+005
 0061  0.2206317668414065E+005
 0062  0.1963540221297616E+005
 0063  0.1733435206108306E+005
 0064  0.1399387243237229E+005
 0065  0.1252798500618358E+005
 0066  0.1125474708922339E+005
 0067  0.1008254596030434E+005
 0068  0.9054695710213597E+004
 0069  0.8130848978299901E+004
 0070  0.7302909505917610E+004
 0071  0.6547982014129162E+004
 0072  0.5873547416420026E+004
 0073  0.5284561486739915E+004
 0074  0.4718753924051891E+004
 0075  0.4209891860049003E+004
 0076  0.3766685876759345E+004
 0077  0.3335565470443605E+004
 0078  0.2957239272901175E+004
 0079  0.2613103124358540E+004
 0080  0.2303595309939583E+004
 0081  0.2015965445877446E+004
 0082  0.1753191410566897E+004
 0083  0.1516558258366292E+004
 0084  0.1300439559695379E+004
 0085  0.1100166296464917E+004
 0086  0.9172347095490347E+003
 0087  0.7512822612421271E+003
 0088  0.6003424352169911E+003
 0089  0.2455838076905150E+003
 0090  0.1883453189243865E+003
 0091  0.1468495899127646E+003
 0092  0.1161542644125891E+003
 0093  0.9277643483871549E+002
 0094  0.7434712617642002E+002
 0095  0.6068265153741748E+002
 0096  0.4965574962908791E+002
 0097  0.4046161130267500E+002
 0098  0.3303461086926384E+002
 0099  0.2718748216260069E+002
 0100  0.2251883194796646E+002
 0101  0.1873444365203593E+002
 0102  0.1551720619307315E+002
 0103  0.1296581312306165E+002
 0104  0.1088260432743476E+002
 0105  0.9086035987148259E+001
 0106  0.7582135231643541E+001
 0107  0.6349109752363123E+001
 0108  0.5239095169964413E+001
 0109  0.4321426529967784E+001
 0110  0.3497436330685145E+001
 0111  0.2759557575720466E+001
 0112  0.2138569603959817E+001
 0113  0.1616153802784724E+001
 0114  0.1180527257432510E+001
 0115  0.8275211750548147E+000
 0116  0.5363191869952955E+000
 0117  0.3103626806467730E+000
 0118  0.1436363886168216E+000
 0119  0.2840423879754281E-001
 0120  0.6027265222412642E-004
 0121  0.4062937626025904E-005
 0122  0.1338678672908411E-005
 0123  0.7083074114319260E-006
 0124  0.4647294428049221E-006
 0125  0.3382697100790563E-006
 0126  0.2648969208443128E-006
 0127  0.2169152741461186E-006
 0128  0.1851726018469752E-006
 0129  0.1610033415346533E-006
 0130  0.1425033176588063E-006
 0131  0.1272927729408595E-006
 0132  0.1150526013487873E-006
 0133  0.1060443310086564E-006
 0134  0.9767638088508949E-007
 0135  0.9014976787299425E-007
 0136  0.8484693225916512E-007
 0137  0.7900546636646116E-007
 0138  0.7457460632336575E-007
 0139  0.7082961299017645E-007
 0140  0.6702484589963294E-007
 0141  0.6422212911046417E-007
 0142  0.6080370817740744E-007
 0143  0.5824832323689780E-007
 0144  0.5567104713667439E-007
 0145  0.5348679960321069E-007
 0146  0.5147667501042136E-007
 0147  0.4975245989460055E-007
 0148  0.4799118934588262E-007
 0149  0.4601878651120124E-007
 0150  0.4441749378862869E-007
 0151  0.4331083893973913E-007
 0152  0.4174902788707107E-007
 0153  0.4078975025921351E-007
 0154  0.3954086713831157E-007
 0155  0.3847419293612568E-007
 0156  0.3743654700833409E-007
 0157  0.3645016972044666E-007
 0158  0.3551546918299850E-007
 0159  0.3459385330095868E-007
 0160  0.3363148233027810E-007
 0161  0.3287388514734385E-007
 0162  0.3221345077024773E-007
 0163  0.3156581785305856E-007
 0164  0.3072013652437055E-007
 0165  0.2996979066664989E-007
 0166  0.2934272297828490E-007
 0167  0.2883203063607758E-007
 0168  0.2837490232382459E-007
 0169  0.2781874714910976E-007
 0170  0.2704579436961600E-007
 0171  0.2654641098110381E-007
 0172  0.2595185074861470E-007
 0173  0.2552582180973446E-007
 0174  0.2514053900003271E-007
 0175  0.2475375127020345E-007
 0176  0.2434579121151784E-007
 0177  0.2383099764953383E-007
 0178  0.2339674815544851E-007
 0179  0.2301252203109737E-007
 0180  0.2270776849064009E-007
 0181  0.2240534764840944E-007
 0182  0.2206103510002280E-007
 0183  0.2165592376853171E-007
 0184  0.2124605356240765E-007
 0185  0.2083241869529674E-007
 0186  0.2057676081887922E-007
 0187  0.2032305984400926E-007
 0188  0.2003774033480638E-007
 0189  0.1974926330571371E-007
 0190  0.1946021881267967E-007
 0191  0.1917102757404986E-007
 0192  0.1885682156576379E-007
 0193  0.1851834911488898E-007
 0194  0.1832351899315866E-007
 0195  0.1813018017446216E-007
 0196  0.1790196456893091E-007
 0197  0.1765843689624230E-007
 0198  0.1742611018534495E-007
 0199  0.1721552004607473E-007
 0200  0.1700654184294046E-007
 0201  0.1679091622928810E-007
 0202  0.1657007682766624E-007
 0203  0.1635092781388945E-007
 0204  0.1612497738373922E-007
 0205  0.1590061012488423E-007
 0206  0.1560897309006662E-007
 0207  0.1546515682072395E-007
 0208  0.1532638501500062E-007
 0209  0.1513634321460977E-007
 0210  0.1494978407880411E-007
 0211  0.1477780840899020E-007
 0212  0.1461096091287970E-007
 0213  0.1445087931639557E-007
 0214  0.1430045199364832E-007
 0215  0.1416125239982683E-007
 0216  0.1402311829205406E-007
 0217  0.1385305977739513E-007
 0218  0.1367423191499151E-007
 0219  0.1353157703927090E-007
 0220  0.1340005865691134E-007
 0221  0.1325863187291038E-007
 0222  0.1308368487556359E-007
 0223  0.1294102009083798E-007
 0224  0.1282682400273112E-007
 0225  0.1271350201443557E-007
 0226  0.1255296147262789E-007
 0227  0.1240253072187116E-007
 0228  0.1230008877927426E-007
 0229  0.1219843096583784E-007
 0230  0.1209127652474243E-007
 0231  0.1196348818746962E-007
 0232  0.1183667799019576E-007
 0233  0.1169342059234297E-007
 0234  0.1153020877099229E-007
 0235  0.1143652969667969E-007
 0236  0.1135277006550743E-007
 0237  0.1126965156205696E-007
 0238  0.1116032404574816E-007
 0239  0.1098895517631963E-007
 0240  0.1086544937386088E-007
 0241  0.1077626482370618E-007
 0242  0.1068776292564367E-007
 0243  0.1057594665491143E-007
 0244  0.1046153218030443E-007
 0245  0.1036223113380346E-007
 0246  0.1027504125600683E-007
 0247  0.1018851876232988E-007
 0248  0.1010108009300430E-007
 0249  0.1000601624062372E-007
 0250  0.9911680042725945E-008
 0251  0.9818065929569871E-008
 0252  0.9709310356509144E-008
 0253  0.9572313787948530E-008
 0254  0.9455663153651233E-008
 0255  0.9384215200569905E-008
 0256  0.9313314136995424E-008
 0257  0.9242955776829800E-008
 0258  0.9166535595032949E-008
 0259  0.9076860140748997E-008
 0260  0.8987871096122068E-008
 0261  0.8899563207114455E-008
 0262  0.8811375326846760E-008
 0263  0.8722420314119285E-008
 0264  0.8634146196518170E-008
 0265  0.8546547762216014E-008
 0266  0.8458353592841939E-008
 0267  0.8369398397904993E-008
 0268  0.8281124099489103E-008
 0269  0.8195073001880407E-008
 0270  0.8116022088729502E-008
 0271  0.8037576261001542E-008
 0272  0.7959730887145097E-008
 0273  0.7865756716921117E-008
 0274  0.7771184126571473E-008
 0275  0.7708308191019136E-008
 0276  0.7654706303268044E-008
 0277  0.7601514704527259E-008
 0278  0.7548730254290372E-008
 0279  0.7492979402065152E-008
 0280  0.7409430477772872E-008
 0281  0.7326521068372655E-008
 0282  0.7244246278776979E-008
 0283  0.7178511858545017E-008
 0284  0.7116545297771538E-008
 0285  0.7055053052361911E-008
 0286  0.6988694429652937E-008
 0287  0.6898875453618944E-008
 0288  0.6822012846002703E-008
 0289  0.6778206722309333E-008
 0290  0.6734735907163653E-008
 0291  0.6691597833987920E-008
 0292  0.6647415354954872E-008
 0293  0.6586520564502742E-008
 0294  0.6526091885681300E-008
 0295  0.6466125750696799E-008
 0296  0.6405892431005686E-008
 0297  0.6345304656599569E-008
 0298  0.6285180643807836E-008
 0299  0.6242221923296994E-008
 0300  0.6206458493914490E-008
 0301  0.6170968811272289E-008
 0302  0.6135750780009887E-008
 0303  0.6100802320805453E-008
 0304  0.6066121370253039E-008
 0305  0.6031659538450679E-008
 0306  0.5980985770932520E-008
 0307  0.5930699879491040E-008
 0308  0.5880798895176868E-008
 0309  0.5831279871766043E-008
 0310  0.5782139885586168E-008
 0311  0.5740532046096749E-008
 0312  0.5702008219407975E-008
 0313  0.5663779268578770E-008
 0314  0.5625842936518390E-008
 0315  0.5588196983412738E-008
 0316  0.5550839186592048E-008
 0317  0.5498038272929670E-008
 0318  0.5445407873141127E-008
 0319  0.5395328434844100E-008
 0320  0.5362323481898962E-008
 0321  0.5329571161277938E-008
 0322  0.5297642295741276E-008
 0323  0.5268607744385635E-008
 0324  0.5239795434406937E-008
 0325  0.5211203664686083E-008
 0326  0.5182390740797171E-008
 0327  0.5153618230968543E-008
 0328  0.5125065956752450E-008
 0329  0.5096461997588930E-008
 0330  0.5066493931533440E-008
 0331  0.5036755252327526E-008
 0332  0.5007942174895558E-008
 0333  0.4982495622029967E-008
 0334  0.4957243846651303E-008
 0335  0.4933120787722736E-008
 0336  0.4914564664966557E-008
 0337  0.4896150577753529E-008
 0338  0.4877877438890182E-008
 0339  0.4859744169504831E-008
 0340  0.4841749698983884E-008
 0341  0.4822191969664709E-008
 0342  0.4788091330225313E-008
 0343  0.4754251709906578E-008
 0344  0.4724897069772875E-008
 0345  0.4707722216775286E-008
 0346  0.4690678826562573E-008
 0347  0.4673765892869137E-008
 0348  0.4656982417131706E-008
 0349  0.4632011749808478E-008
 0350  0.4604514397344772E-008
 0351  0.4579915320352535E-008
 0352  0.4561356157253616E-008
 0353  0.4542939052969776E-008
 0354  0.4526746828895363E-008
 0355  0.4511108860762970E-008
 0356  0.4495590591520627E-008
 0357  0.4479438263024821E-008
 0358  0.4462449343644097E-008
 0359  0.4445590463842408E-008
 0360  0.4428860628247913E-008
 0361  0.4412427966743863E-008
 0362  0.4396128456934699E-008
 0363  0.4379953709704402E-008
 0364  0.4364162162485564E-008
 0365  0.4348776562414443E-008
 0366  0.4333508729513301E-008
 0367  0.4318357762347928E-008
 0368  0.4298374345867914E-008
 0369  0.4277978271967193E-008
 0370  0.4263054660546640E-008
 0371  0.4248893248041420E-008
 0372  0.4237855870817191E-008
 0373  0.4227418624607075E-008
 0374  0.4217061269005246E-008
 0375  0.4206783192498940E-008
 0376  0.4194078193661448E-008
 0377  0.4180297231785434E-008
 0378  0.4166621754575100E-008
 0379  0.4153050954611135E-008
 0380  0.4134772779002631E-008
 0381  0.4115904545886723E-008
 0382  0.4103822170836155E-008
 0383  0.4092207644542509E-008
 0384  0.4083285033264128E-008
 0385  0.4074430719008561E-008
 0386  0.4065644179004710E-008
 0387  0.4055850855879967E-008
 0388  0.4043380674595839E-008
 0389  0.4031005944769712E-008
 0390  0.4018855298355377E-008
 0391  0.4008065365784243E-008
 0392  0.3997358023415466E-008
 0393  0.3986732639072561E-008
 0394  0.3977123046050990E-008
 0395  0.3967785084552470E-008
 0396  0.3958518599323578E-008
 0397  0.3949323043258065E-008
 0398  0.3936871502385927E-008
 0399  0.3921817656367539E-008
 0400  0.3908591238651846E-008
 0401  0.3898487998100396E-008
 0402  0.3888604564715889E-008
 0403  0.3879723318468251E-008
 0404  0.3870910052619925E-008
 0405  0.3862057562610750E-008
 0406  0.3851699899664349E-008
 0407  0.3841421518166002E-008
 0408  0.3831221811265686E-008
 0409  0.3820069895164297E-008
 0410  0.3808913603457471E-008
 0411  0.3797893942199866E-008
 0412  0.3789538382531460E-008
 0413  0.3781246779459560E-008
 0414  0.3773018643436319E-008
 0415  0.3764853488661082E-008
 0416  0.3756750833051676E-008
 0417  0.3748534813626751E-008
 0418  0.3730635113517211E-008
 0419  0.3712872424444992E-008
 0420  0.3695245697676062E-008
 0421  0.3683240299769200E-008
 0422  0.3671869798041657E-008
 0423  0.3660586330411165E-008
 0424  0.3649235327624766E-008
 0425  0.3636192120428066E-008
 0426  0.3623248750845234E-008
 0427  0.3610404454681628E-008
 0428  0.3597064039650832E-008
 0429  0.3579962021218869E-008
 0430  0.3562990908068632E-008
 0431  0.3547705978671791E-008
 0432  0.3534046685176487E-008
 0433  0.3520491945051318E-008
 0434  0.3509532723341128E-008
 0435  0.3499177921856378E-008
 0436  0.3488902379916983E-008
 0437  0.3478705490840558E-008
 0438  0.3468586652588518E-008
 0439  0.3455386461934904E-008
 0440  0.3434760840294019E-008
 0441  0.3414293094919164E-008
 0442  0.3398294999549218E-008
 0443  0.3387928516511961E-008
 0444  0.3377641382435051E-008
 0445  0.3367432989951702E-008
 0446  0.3357302736344128E-008
 0447  0.3347250023508000E-008
 0448  0.3335364920497711E-008
 0449  0.3322137996091111E-008
 0450  0.3309012315539004E-008
 0451  0.3295987103882852E-008
 0452  0.3283061592095933E-008
 0453  0.3270235017037941E-008
 0454  0.3254782117328230E-008
 0455  0.3236364685658974E-008
 0456  0.3218088227939113E-008
 0457  0.3201887091884737E-008
 0458  0.3190175346860207E-008
 0459  0.3178553247937271E-008
 0460  0.3167020108930947E-008
 0461  0.3158318194091561E-008
 0462  0.3149816964153012E-008
 0463  0.3141380805826014E-008
 0464  0.3133009221027972E-008
 0465  0.3124701715488806E-008
 0466  0.3116457798721767E-008
 0467  0.3108276983994474E-008
 0468  0.3094538895777113E-008
 0469  0.3080768919857615E-008
 0470  0.3067104344513151E-008
 0471  0.3055306974725718E-008
 0472  0.3046977067300297E-008
 0473  0.3038710920119464E-008
 0474  0.3030508045138332E-008
 0475  0.3020864802413367E-008
 0476  0.3010499245376877E-008
 0477  0.3003182578370010E-008
 0478  0.2996813962397821E-008
 0479  0.2992114512092970E-008
 0480  0.2987722464183606E-008
 0481  0.2983364034660936E-008
 0482  0.2979038966197182E-008
 0483  0.2974195638517462E-008
 0484  0.2969357489665576E-008
 0485  0.2964556373824789E-008
 0486  0.2959792007530508E-008
 0487  0.2955259921043735E-008
 0488  0.2950781110672255E-008
 0489  0.2946336582799991E-008
 0490  0.2941925897531803E-008
 0491  0.2937519897919849E-008
 0492  0.2933147623486171E-008
 0493  0.2928808816085566E-008
 0494  0.2924503219548773E-008
 0495  0.2916930998271242E-008
 0496  0.2909460453730482E-008
 0497  0.2904319092768744E-008
 0498  0.2899305783685743E-008
 0499  0.2895218719620173E-008
 0500  0.2891162939480243E-008
 0501  0.2887138203807018E-008
 0502  0.2882956190711677E-008
 0503  0.2876740242704732E-008
 0504  0.2870571873901867E-008
 0505  0.2864450720113945E-008
 0506  0.2858376419939488E-008
 0507  0.2851572271824734E-008
 0508  0.2844778183954589E-008
 0509  0.2838036100588493E-008
 0510  0.2831345623664395E-008
 0511  0.2824203794470505E-008
 0512  0.2816878971429682E-008
 0513  0.2809610215339522E-008
 0514  0.2802397097042501E-008
 0515  0.2795595158368814E-008
 0516  0.2789839801215940E-008
 0517  0.2784128497731495E-008
 0518  0.2778460910712131E-008
 0519  0.2772836705535589E-008
 0520  0.2767255550140912E-008
 0521  0.2761717115008893E-008
 0522  0.2756221073142558E-008
 0523  0.2750767100047912E-008
 0524  0.2745354873714755E-008
 0525  0.2736017184927171E-008
 0526  0.2726568352439357E-008
 0527  0.2717191844869444E-008
 0528  0.2707887108615278E-008
 0529  0.2698653594312216E-008
 0530  0.2689490756800674E-008
 0531  0.2680398055093885E-008
 0532  0.2670889107189376E-008
 0533  0.2660762252524236E-008
 0534  0.2650712912613746E-008
 0535  0.2640740494130821E-008
 0536  0.2630844408289927E-008
 0537  0.2621024070812307E-008
 0538  0.2608792815384143E-008
 0539  0.2596632227650427E-008
 0540  0.2585711442170718E-008
 0541  0.2579647292405780E-008
 0542  0.2573629559924070E-008
 0543  0.2567657889430255E-008
 0544  0.2561731928348535E-008
 0545  0.2555851326801889E-008
 0546  0.2549676041623815E-008
 0547  0.2543062161342748E-008
 0548  0.2536498906189056E-008
 0549  0.2529985888658968E-008
 0550  0.2523522724214812E-008
 0551  0.2517109031262331E-008
 0552  0.2510744431128111E-008
 0553  0.2504428548037264E-008
 0554  0.2498161009091201E-008
 0555  0.2490896333138300E-008
 0556  0.2481393866520083E-008
 0557  0.2471964135355542E-008
 0558  0.2462606582900180E-008
 0559  0.2453320656670996E-008
 0560  0.2444105808413915E-008
 0561  0.2434961494071408E-008
 0562  0.2424140242212096E-008
 0563  0.2413394566433173E-008
 0564  0.2402731142098476E-008
 0565  0.2395911146975152E-008
 0566  0.2390608938982526E-008
 0567  0.2385347316084214E-008
 0568  0.2380125967626632E-008
 0569  0.2374944585334072E-008
 0570  0.2369802863290469E-008
 0571  0.2364700497921356E-008
 0572  0.2358139849679507E-008
 0573  0.2351475442291489E-008
 0574  0.2344862046784330E-008
 0575  0.2338299272693906E-008
 0576  0.2331786732544839E-008
 0577  0.2325324041827667E-008
 0578  0.2318910818976064E-008
 0579  0.2312567138796925E-008
 0580  0.2306280033334573E-008
 0581  0.2300041051742220E-008
 0582  0.2293849825661664E-008
 0583  0.2287705989554257E-008
 0584  0.2281609180679317E-008
 0585  0.2275559039072721E-008
 0586  0.2269253237423076E-008
 0587  0.2260520477024822E-008
 0588  0.2251854560459341E-008
 0589  0.2243254976078802E-008
 0590  0.2235266821950541E-008
 0591  0.2230973265219893E-008
 0592  0.2226712572987410E-008
 0593  0.2222484493695873E-008
 0594  0.2218288777713553E-008
 0595  0.2214125177319501E-008
 0596  0.2209993446688945E-008
 0597  0.2205893341878707E-008
 0598  0.2201824620812878E-008
 0599  0.2194958144450491E-008
 0600  0.2187391155142199E-008
 0601  0.2179882086416272E-008
 0602  0.2172430494926780E-008
 0603  0.2166044644872055E-008
 0604  0.2161158507159339E-008
 0605  0.2156309769782515E-008
 0606  0.2151498146465342E-008
 0607  0.2146723353122845E-008
 0608  0.2143009307440219E-008
 0609  0.2139467175025434E-008
 0610  0.2135952155424465E-008
 0611  0.2132464041105635E-008
 0612  0.2129002626125804E-008
 0613  0.2125567706118169E-008
 0614  0.2122159078280274E-008
 0615  0.2118776541361944E-008
 0616  0.2115419895653467E-008
 0617  0.2110901830441291E-008
 0618  0.2104956998929216E-008
 0619  0.2099057671393603E-008
 0620  0.2093203499529872E-008
 0621  0.2087394137699541E-008
 0622  0.2082694187678677E-008
 0623  0.2078951449293169E-008
 0624  0.2075237359235028E-008
 0625  0.2071551698219178E-008
 0626  0.2067894248639047E-008
 0627  0.2064667575676283E-008
 0628  0.2061996441363373E-008
 0629  0.2059345752917197E-008
 0630  0.2056715353837400E-008
 0631  0.2054105088821538E-008
 0632  0.2051514803755919E-008
 0633  0.2048944345706483E-008
 0634  0.2046393562909794E-008
 0635  0.2043862304764064E-008
 0636  0.2041350421820267E-008
 0637  0.2038857765773327E-008
 0638  0.2035618236478636E-008
 0639  0.2031846279093914E-008
 0640  0.2028103193689779E-008
 0641  0.2024388759269221E-008
 0642  0.2020702756526842E-008
 0643  0.2017044967835877E-008
 0644  0.2014481210121857E-008
 0645  0.2012215499114985E-008
 0646  0.2009967130712371E-008
 0647  0.2007735972167188E-008
 0648  0.2005521891748731E-008
 0649  0.2003324758734578E-008
 0650  0.2001458131437749E-008
 0651  0.1999717070745921E-008
 0652  0.1997989336787493E-008
 0653  0.1996274827554647E-008
 0654  0.1994573441820355E-008
 0655  0.1992885079132415E-008
 0656  0.1991209639807543E-008
 0657  0.1989825001951429E-008
 0658  0.1988659023928507E-008
 0659  0.1987501970739927E-008
 0660  0.1986353774071663E-008
 0661  0.1985214366132571E-008
 0662  0.1984083679650415E-008
 0663  0.1982961647867884E-008
 0664  0.1981848204538652E-008
 0665  0.1980743283923462E-008
 0666  0.1979872086472234E-008
 0667  0.1979719298255228E-008
 0668  0.1979567679536704E-008
 0669  0.1979417221364880E-008
 0670  0.1979267914856496E-008
 0671  0.1979119751196286E-008
 0672  0.1979361561157741E-008
 0673  0.1979668243964116E-008
 0674  0.1979972579304938E-008
 0675  0.1980274585148590E-008
 0676  0.1980574279325919E-008
 0677  0.1981060803896233E-008
 0678  0.1982161055379541E-008
 0679  0.1983252885124151E-008
 0680  0.1984336357593217E-008
 0681  0.1985411536756479E-008
 0682  0.1986478486094015E-008
 0683  0.1987930799932259E-008
 0684  0.1990066188221023E-008
 0685  0.1992185231444627E-008
 0686  0.1994288054714358E-008
 0687  0.1996374782183849E-008
 0688  0.1998445537056397E-008
 0689  0.2001294379107044E-008
 0690  0.2007089016191040E-008
 0691  0.2012839298943205E-008
 0692  0.2018524055693848E-008
 0693  0.2023240041048838E-008
 0694  0.2027919928478086E-008
 0695  0.2032563994288662E-008
 0696  0.2038329390087447E-008
 0697  0.2044425026001414E-008
 0698  0.2050474003625359E-008
 0699  0.2057345801210253E-008
 0700  0.2065448692644744E-008
 0701  0.2073489561500385E-008
 0702  0.2081468882521392E-008
 0703  0.2099745993423617E-008
 0704  0.2116080259931174E-008
 0705  0.2129251916193674E-008
 0706  0.2144608582446993E-008
 0707  0.2161186671798952E-008
 0708  0.2180114193975976E-008
 0709  0.2209973403461062E-008
 0710  0.2236759687256455E-008
 0711  0.2258275454745899E-008
 0712  0.2292071793817124E-008
 0713  0.2333492598560667E-008
 0714  0.2361768543043609E-008
 0715  0.2389129394396426E-008
 0716  0.2427638959181951E-008
 0717  0.2450790116085446E-008
 0718  0.2467786102510482E-008
 0719  0.2481104306282162E-008
 0720  0.2493998035337005E-008
 0721  0.2506606780456965E-008
 0722  0.2514153221667173E-008
 0723  0.2521641899577876E-008
 0724  0.2528609593604009E-008
 0725  0.2534648254983353E-008
 0726  0.2538536335095799E-008
 0727  0.2540827658961071E-008
 0728  0.2543101444171621E-008
 0729  0.2543713501750535E-008
 0730  0.2544003127901621E-008
 0731  0.2543433481482599E-008
 0732  0.2542868195351529E-008
 0733  0.2542307236133130E-008
 0734  0.2541750570707582E-008
 0735  0.2539108682394664E-008
 0736  0.2536134672765536E-008
 0737  0.2533183427324728E-008
 0738  0.2530254771826573E-008
 0739  0.2526670719100598E-008
 0740  0.2522654531532105E-008
 0741  0.2518669085373875E-008
 0742  0.2514714145319620E-008
 0743  0.2510789477864111E-008
 0744  0.2505207670699631E-008
 0745  0.2498534813683963E-008
 0746  0.2491913033225821E-008
 0747  0.2485895114991269E-008
 0748  0.2481101349734057E-008
 0749  0.2476344277759248E-008
 0750  0.2471623618202612E-008
 0751  0.2466939092349802E-008
 0752  0.2462173330553959E-008
 0753  0.2457365171109470E-008
 0754  0.2452593815125857E-008
 0755  0.2447858980895613E-008
 0756  0.2443160388867488E-008
 0757  0.2438497761630057E-008
 0758  0.2433870823895274E-008
 0759  0.2429279302482252E-008
 0760  0.2420502985856510E-008
 0761  0.2411397192447830E-008
 0762  0.2402361098206886E-008
 0763  0.2393723069331052E-008
 0764  0.2389122597865291E-008
 0765  0.2384557340138485E-008
 0766  0.2380027026611469E-008
 0767  0.2375531389808202E-008
 0768  0.2371070164299985E-008
 0769  0.2366643086689836E-008
 0770  0.2362249895596850E-008
 0771  0.2356782392680839E-008
 0772  0.2350845585459841E-008
 0773  0.2344954220794318E-008
 0774  0.2339107950849959E-008
 0775  0.2333306430454643E-008
 0776  0.2327549317078637E-008
 0777  0.2321836270813839E-008
 0778  0.2314964109612868E-008
 0779  0.2306045624328142E-008
 0780  0.2297195404484260E-008
 0781  0.2288412927552040E-008
 0782  0.2284468653857407E-008
 0783  0.2280661651073694E-008
 0784  0.2276883788521163E-008
 0785  0.2273134843149611E-008
 0786  0.2269414593616072E-008
 0787  0.2265722820271759E-008
 0788  0.2262059305149216E-008
 0789  0.2258423831949384E-008
 0790  0.2254486810783531E-008
 0791  0.2249957152793679E-008
 0792  0.2245462166509835E-008
 0793  0.2241001586541719E-008
 0794  0.2236575149530450E-008
 0795  0.2232182594132977E-008
 0796  0.2227823661006743E-008
 0797  0.2223498092794151E-008
 0798  0.2219205634107714E-008
 0799  0.2214946031514558E-008
 0800  0.2210719033521839E-008
 0801  0.2206524390561668E-008
 0802  0.2200746334287480E-008
 0803  0.2193966543356038E-008
 0804  0.2187238647494556E-008
 0805  0.2180562249478551E-008
 0806  0.2173936955124117E-008
 0807  0.2167362373264750E-008
 0808  0.2161203531436640E-008
 0809  0.2155926013546538E-008
 0810  0.2150688891763427E-008
 0811  0.2145491856880345E-008
 0812  0.2140334602056991E-008
 0813  0.2136167190834894E-008
 0814  0.2132488215015182E-008
 0815  0.2128837399460217E-008
 0816  0.2125214528620689E-008
 0817  0.2121619388597272E-008
 0818  0.2118051767127774E-008
 0819  0.2114511453574948E-008
 0820  0.2110192539888583E-008
 0821  0.2105887901595906E-008
 0822  0.2101616212623868E-008
 0823  0.2097377220765977E-008
 0824  0.2093170675746113E-008
 0825  0.2088996329204079E-008
 0826  0.2084802281534378E-008
 0827  0.2080457986165636E-008
 0828  0.2076146943667758E-008
 0829  0.2071868899510673E-008
 0830  0.2067623601112643E-008
 0831  0.2063410797825319E-008
 0832  0.2059230240919005E-008
 0833  0.2054971010177254E-008
 0834  0.2050260669040130E-008
 0835  0.2045586382625769E-008
 0836  0.2040947874957752E-008
 0837  0.2036344872172154E-008
 0838  0.2031777102501165E-008
 0839  0.2027244296257418E-008
 0840  0.2022887804568493E-008
 0841  0.2018713625484071E-008
 0842  0.2014571397136383E-008
 0843  0.2010460874962520E-008
 0844  0.2006381816271462E-008
 0845  0.2002333980229911E-008
 0846  0.1998317127847956E-008
 0847  0.1994331021964995E-008
 0848  0.1990375427235747E-008
 0849  0.1986517943662296E-008
 0850  0.1982727086192775E-008
 0851  0.1978965245372135E-008
 0852  0.1975232199096094E-008
 0853  0.1971527726960367E-008
 0854  0.1967851610247750E-008
 0855  0.1964203631915163E-008
 0856  0.1960583576580859E-008
 0857  0.1956991230511728E-008
 0858  0.1953426381610634E-008
 0859  0.1949888819403898E-008
 0860  0.1946378335028803E-008
 0861  0.1942894721221552E-008
 0862  0.1939437772304741E-008
 0863  0.1936007284175132E-008
 0864  0.1932603054292037E-008
 0865  0.1929224881664882E-008
 0866  0.1921333116579997E-008
 0867  0.1913069093008304E-008
 0868  0.1904868325381143E-008
 0869  0.1896730329514086E-008
 0870  0.1888654624928530E-008
 0871  0.1880640734823491E-008
 0872  0.1872688186047387E-008
 0873  0.1865876765305729E-008
 0874  0.1860929255687758E-008
 0875  0.1856019616169224E-008
 0876  0.1851147556878284E-008
 0877  0.1846312790161713E-008
 0878  0.1841515030568177E-008
 0879  0.1836753994831083E-008
 0880  0.1832029401852259E-008
 0881  0.1827918000402078E-008
 0882  0.1824072822589897E-008
 0883  0.1820257077215054E-008
 0884  0.1816470538990482E-008
 0885  0.1812712984353775E-008
 0886  0.1808984191453586E-008
 0887  0.1805283940136747E-008
 0888  0.1801612011935288E-008
 0889  0.1797968190053442E-008
 0890  0.1794352259354833E-008
 0891  0.1790764006349880E-008
 0892  0.1787203219183034E-008
 0893  0.1783669687620578E-008
 0894  0.1780152580171694E-008
 0895  0.1776095826713010E-008
 0896  0.1772070125171297E-008
 0897  0.1768075237863269E-008
 0898  0.1764110928925342E-008
 0899  0.1760176964299078E-008
 0900  0.1756273111717818E-008
 0901  0.1752399140692586E-008
 0902  0.1748554822498656E-008
 0903  0.1744739930162176E-008
 0904  0.1740954238446603E-008
 0905  0.1737197523839332E-008
 0906  0.1733469564538650E-008
 0907  0.1729770140440691E-008
 0908  0.1726099033126267E-008
 0909  0.1722456025848015E-008
 0910  0.1718840903517815E-008
 0911  0.1715253452693615E-008
 0912  0.1711693461567433E-008
 0913  0.1708160719952385E-008
 0914  0.1704655019270356E-008
 0915  0.1700494955666742E-008
 0916  0.1694913877525439E-008
 0917  0.1689375519055493E-008
 0918  0.1683879553264373E-008
 0919  0.1678425655662574E-008
 0920  0.1673013504244430E-008
 0921  0.1667642779469043E-008
 0922  0.1662313164241001E-008
 0923  0.1657024343892780E-008
 0924  0.1651776006164723E-008
 0925  0.1646567841187766E-008
 0926  0.1641399541464360E-008
 0927  0.1636270801850994E-008
 0928  0.1631181319539855E-008
 0929  0.1626130794040609E-008
 0930  0.1622509640597954E-008
 0931  0.1619090169369365E-008
 0932  0.1615696872059786E-008
 0933  0.1612329548324002E-008
 0934  0.1608987999350697E-008
 0935  0.1605672027850146E-008
 0936  0.1602381438042702E-008
 0937  0.1599116035647357E-008
 0938  0.1595875627870157E-008
 0939  0.1592660023392913E-008
 0940  0.1589469032361832E-008
 0941  0.1586302466376298E-008
 0942  0.1583160138477873E-008
 0943  0.1580041863139148E-008
 0944  0.1576947456252814E-008
 0945  0.1573876735120589E-008
 0946  0.1570829518443021E-008
 0947  0.1567805626307972E-008
 0948  0.1564804880180637E-008
 0949  0.1561827102892913E-008
 0950  0.1558872118632682E-008
 0951  0.1555939752933326E-008
 0952  0.1552443956048541E-008
 0953  0.1548110016380073E-008
 0954  0.1543809250315810E-008
 0955  0.1539541403932748E-008
 0956  0.1535306225251064E-008
 0957  0.1531103464220125E-008
 0958  0.1526932872702844E-008
 0959  0.1522794204461799E-008
 0960  0.1518687215144139E-008
 0961  0.1514611662267483E-008
 0962  0.1510567305205480E-008
 0963  0.1506553905173712E-008
 0964  0.1502571225215361E-008
 0965  0.1498619030187327E-008
 0966  0.1494697086746561E-008
 0967  0.1490805163336171E-008
 0968  0.1486943030171437E-008
 0969  0.1483110459226568E-008
 0970  0.1479060716448902E-008
 0971  0.1475032867586264E-008
 0972  0.1471035849393837E-008
 0973  0.1467069425881989E-008
 0974  0.1463133362867671E-008
 0975  0.1459227427960061E-008
 0976  0.1455351390547496E-008
 0977  0.1451505021783118E-008
 0978  0.1447688094572154E-008
 0979  0.1443900383557679E-008
 0980  0.1440141665107779E-008
 0981  0.1436411717302947E-008
 0982  0.1432570333747258E-008
 0983  0.1428716581223173E-008
 0984  0.1424892326770636E-008
 0985  0.1421097344599895E-008
 0986  0.1417331410650134E-008
 0987  0.1413594302575272E-008
 0988  0.1409885799731353E-008
 0989  0.1406205683163075E-008
 0990  0.1402258350319888E-008
 0991  0.1398333398922631E-008
 0992  0.1394438490579472E-008
 0993  0.1390573395329996E-008
 0994  0.1386893503567475E-008
 0995  0.1383326134107395E-008
 0996  0.1379785937950696E-008
 0997  0.1376267376132433E-008
 0998  0.1372705170213745E-008
 0999  0.1369060555621261E-008
 1000  0.0000000000000000E+000
