 0033   0.100154E+00   0.281517E+09   0.281083E+10   0.123169E+10   0.590206E+14
 0034   0.104572E+00   0.295728E+09   0.321700E+10   0.130034E+10   0.527911E+14
 0035   0.115750E+00   0.316859E+09   0.189040E+10   0.129789E+10   0.471391E+14
 0036   0.127963E+00   0.339872E+09   0.188436E+10   0.129646E+10   0.421009E+14
 0037   0.140841E+00   0.364826E+09   0.193758E+10   0.134162E+10   0.376255E+14
 0038   0.159121E+00   0.398402E+09   0.183676E+10   0.130581E+10   0.336950E+14
 0039   0.177500E+00   0.432519E+09   0.185637E+10   0.128227E+10   0.302837E+14
 0040   0.196023E+00   0.467230E+09   0.187394E+10   0.126532E+10   0.273081E+14
 0041   0.217410E+00   0.504408E+09   0.173830E+10   0.124034E+10   0.246889E+14
 0042   0.238718E+00   0.542107E+09   0.176922E+10   0.122303E+10   0.223770E+14
 0043   0.261676E+00   0.581528E+09   0.171711E+10   0.120471E+10   0.203219E+14
 0044   0.285192E+00   0.622061E+09   0.172369E+10   0.118845E+10   0.184891E+14
 0045   0.310090E+00   0.664071E+09   0.168729E+10   0.117197E+10   0.168461E+14
 0046   0.336107E+00   0.707277E+09   0.166065E+10   0.115715E+10   0.153676E+14
 0047   0.365363E+00   0.753199E+09   0.156969E+10   0.113652E+10   0.140296E+14
 0048   0.394573E+00   0.799509E+09   0.158539E+10   0.112176E+10   0.128178E+14
 0049   0.424961E+00   0.847305E+09   0.157286E+10   0.110828E+10   0.117155E+14
 0050   0.456833E+00   0.896595E+09   0.154649E+10   0.109539E+10   0.107097E+14
 0051   0.491371E+00   0.948294E+09   0.149691E+10   0.107924E+10   0.978863E+13
 0052   0.525189E+00   0.100012E+10   0.153258E+10   0.107011E+10   0.894500E+13
 0053   0.564124E+00   0.105571E+10   0.142773E+10   0.105327E+10   0.816747E+13
 0054   0.602340E+00   0.111157E+10   0.146150E+10   0.104366E+10   0.745210E+13
 0055   0.644565E+00   0.117072E+10   0.140087E+10   0.102963E+10   0.679078E+13
 0056   0.686253E+00   0.123037E+10   0.143090E+10   0.102161E+10   0.618011E+13
 0057   0.732086E+00   0.129345E+10   0.137635E+10   0.100888E+10   0.561391E+13
 0058   0.781488E+00   0.135929E+10   0.133278E+10   0.995571E+09   0.508840E+13
 0059   0.828129E+00   0.142463E+10   0.140084E+10   0.991598E+09   0.460154E+13
 0060   0.881976E+00   0.149537E+10   0.131380E+10   0.980597E+09   0.414786E+13
 0061   0.938803E+00   0.156891E+10   0.129400E+10   0.970788E+09   0.372580E+13
 0062   0.994369E+00   0.164357E+10   0.134371E+10   0.966247E+09   0.333363E+13
 0063   0.105726E+01   0.172355E+10   0.127168E+10   0.957606E+09   0.296788E+13
 0064   0.112026E+01   0.180562E+10   0.130280E+10   0.973346E+09   0.262769E+13
 0065   0.120437E+01   0.190711E+10   0.120657E+10   0.949284E+09   0.231065E+13
 0066   0.128138E+01   0.200522E+10   0.127401E+10   0.938941E+09   0.201877E+13
 0067   0.136456E+01   0.210737E+10   0.122808E+10   0.928259E+09   0.174844E+13
 0068   0.145155E+01   0.221293E+10   0.121343E+10   0.918164E+09   0.163135E+13
 0069   0.153848E+01   0.231976E+10   0.122903E+10   0.912331E+09   0.139917E+13
 0070   0.164162E+01   0.243639E+10   0.113073E+10   0.897101E+09   0.130508E+13
 0071   0.174253E+01   0.255340E+10   0.115954E+10   0.888507E+09   0.121645E+13
 0072   0.184231E+01   0.267176E+10   0.118617E+10   0.885511E+09   0.113266E+13
 0073   0.195772E+01   0.280015E+10   0.111253E+10   0.875521E+09   0.105274E+13
 0074   0.208021E+01   0.293391E+10   0.109191E+10   0.866256E+09   0.932159E+12
 0075   0.221020E+01   0.307396E+10   0.107743E+10   0.856853E+09   0.863327E+12
 0076   0.234523E+01   0.321896E+10   0.107383E+10   0.848868E+09   0.797966E+12
 0077   0.248788E+01   0.337007E+10   0.105928E+10   0.843111E+09   0.735728E+12
 0078   0.263780E+01   0.352863E+10   0.105767E+10   0.837771E+09   0.676515E+12
 0079   0.279395E+01   0.369414E+10   0.105996E+10   0.834443E+09   0.620268E+12
 0080   0.297564E+01   0.387518E+10   0.996462E+09   0.825645E+09   0.566226E+12
 0081   0.315176E+01   0.405967E+10   0.104749E+10   0.823971E+09   0.515449E+12
 0082   0.335299E+01   0.426083E+10   0.999603E+09   0.819246E+09   0.466845E+12
 0083   0.357034E+01   0.447617E+10   0.990772E+09   0.815515E+09   0.420697E+12
 0084   0.380196E+01   0.470722E+10   0.997546E+09   0.813244E+09   0.377036E+12
 0085   0.406886E+01   0.496331E+10   0.959479E+09   0.807595E+09   0.335475E+12
 0086   0.433735E+01   0.523188E+10   0.100030E+10   0.810290E+09   0.296670E+12
 0087   0.464719E+01   0.553431E+10   0.976099E+09   0.814311E+09   0.259933E+12
 0088   0.497925E+01   0.587091E+10   0.101370E+10   0.827701E+09   0.225661E+12
 0089   0.531973E+01   0.625342E+10   0.112343E+10   0.947829E+09   0.195362E+12
 0090   0.611210E+01   0.711434E+10   0.108651E+10   0.906198E+09   0.167549E+12
 0091   0.684974E+01   0.795935E+10   0.114556E+10   0.883789E+09   0.145068E+12
 0092   0.772540E+01   0.885396E+10   0.102164E+10   0.862547E+09   0.126083E+12
 0093   0.864867E+01   0.977637E+10   0.999065E+09   0.846852E+09   0.109987E+12
 0094   0.965848E+01   0.107534E+11   0.967580E+09   0.830536E+09   0.961422E+11
 0095   0.107132E+02   0.117663E+11   0.960285E+09   0.817926E+09   0.842320E+11
 0096   0.119103E+02   0.128578E+11   0.911809E+09   0.802290E+09   0.738479E+11
 0097   0.131113E+02   0.139765E+11   0.931490E+09   0.793251E+09   0.648652E+11
 0098   0.144885E+02   0.151915E+11   0.882231E+09   0.780163E+09   0.569327E+11
 0099   0.159248E+02   0.164594E+11   0.882762E+09   0.770368E+09   0.499464E+11
 0100   0.175650E+02   0.178391E+11   0.841136E+09   0.755750E+09   0.437038E+11
 0101   0.191523E+02   0.192103E+11   0.863931E+09   0.748750E+09   0.382924E+11
 0102   0.209172E+02   0.206538E+11   0.817875E+09   0.739058E+09   0.335337E+11
 0103   0.227396E+02   0.221292E+11   0.809533E+09   0.732362E+09   0.293523E+11
 0104   0.247150E+02   0.236787E+11   0.784432E+09   0.724994E+09   0.256452E+11
 0105   0.267700E+02   0.252850E+11   0.781664E+09   0.718620E+09   0.223545E+11
 0106   0.289278E+02   0.269561E+11   0.774428E+09   0.713353E+09   0.194158E+11
 0107   0.311185E+02   0.286757E+11   0.784957E+09   0.712573E+09   0.167824E+11
 0108   0.335309E+02   0.305233E+11   0.765889E+09   0.708908E+09   0.144004E+11
 0109   0.360849E+02   0.324683E+11   0.761526E+09   0.708461E+09   0.122539E+11
 0110   0.387974E+02   0.345460E+11   0.765985E+09   0.710495E+09   0.103200E+11
 0111   0.417888E+02   0.368211E+11   0.760560E+09   0.713039E+09   0.857643E+10
 0112   0.450574E+02   0.393214E+11   0.764926E+09   0.718159E+09   0.701237E+10
 0113   0.486387E+02   0.421084E+11   0.778221E+09   0.729375E+09   0.560751E+10
 0114   0.527113E+02   0.453410E+11   0.793728E+09   0.739892E+09   0.435532E+10
 0115   0.573340E+02   0.490899E+11   0.810995E+09   0.756354E+09   0.325788E+10
 0116   0.628020E+02   0.536272E+11   0.829784E+09   0.780453E+09   0.230581E+10
 0117   0.693445E+02   0.593574E+11   0.875840E+09   0.818880E+09   0.149782E+10
 0118   0.779399E+02   0.673128E+11   0.925546E+09   0.885224E+09   0.838969E+09
 0119   0.893591E+02   0.798214E+11   0.109540E+10   0.110420E+10   0.356432E+09
 0120   0.115200E+03   0.116664E+12   0.142572E+10   0.287879E+10   0.297099E+08
 0121   0.354892E+03   0.832017E+12   0.298448E+10   0.155863E+10   0.142735E+08
 0122   0.133847E+04   0.221343E+13   0.140447E+10   0.107314E+10   0.105382E+08
 0123   0.239362E+04   0.332812E+13   0.105643E+10   0.940526E+09   0.913859E+07
 0124   0.356713E+04   0.432282E+13   0.847629E+09   0.866290E+09   0.804253E+07
 0125   0.477646E+04   0.522854E+13   0.748946E+09   0.819460E+09   0.713316E+07
 0126   0.598145E+04   0.608048E+13   0.707014E+09   0.783281E+09   0.638830E+07
 0127   0.712424E+04   0.687821E+13   0.698051E+09   0.756218E+09   0.580114E+07
 0128   0.825978E+04   0.764626E+13   0.676377E+09   0.730291E+09   0.533026E+07
 0129   0.934716E+04   0.837038E+13   0.665929E+09   0.709946E+09   0.495946E+07
 0130   0.103976E+05   0.906284E+13   0.659200E+09   0.692347E+09   0.466381E+07
 0131   0.114077E+05   0.972587E+13   0.656432E+09   0.678034E+09   0.442977E+07
 0132   0.124033E+05   0.103701E+14   0.647054E+09   0.664476E+09   0.423620E+07
 0133   0.133863E+05   0.109953E+14   0.636026E+09   0.650252E+09   0.407429E+07
 0134   0.143383E+05   0.115920E+14   0.626757E+09   0.639581E+09   0.394191E+07
 0135   0.152859E+05   0.121731E+14   0.613245E+09   0.630066E+09   0.382565E+07
 0136   0.162374E+05   0.127439E+14   0.599917E+09   0.618398E+09   0.372070E+07
 0137   0.171441E+05   0.132866E+14   0.598528E+09   0.611661E+09   0.363560E+07
 0138   0.180741E+05   0.138266E+14   0.580601E+09   0.602293E+09   0.355016E+07
 0139   0.189802E+05   0.143484E+14   0.575912E+09   0.593914E+09   0.347534E+07
 0140   0.198717E+05   0.148546E+14   0.567856E+09   0.587214E+09   0.340696E+07
 0141   0.207634E+05   0.153522E+14   0.557980E+09   0.579191E+09   0.334145E+07
 0142   0.216291E+05   0.158322E+14   0.554395E+09   0.574339E+09   0.328396E+07
 0143   0.225050E+05   0.163092E+14   0.544630E+09   0.567582E+09   0.322608E+07
 0144   0.233598E+05   0.167727E+14   0.542303E+09   0.562351E+09   0.317442E+07
 0145   0.242138E+05   0.172291E+14   0.534453E+09   0.556694E+09   0.312460E+07
 0146   0.250612E+05   0.176763E+14   0.527708E+09   0.551248E+09   0.307747E+07
 0147   0.259003E+05   0.181144E+14   0.522122E+09   0.545806E+09   0.303284E+07
 0148   0.267239E+05   0.185416E+14   0.518685E+09   0.541459E+09   0.299146E+07
 0149   0.275442E+05   0.189622E+14   0.512751E+09   0.537947E+09   0.295140E+07
 0150   0.283642E+05   0.193791E+14   0.508348E+09   0.533699E+09   0.291245E+07
 0151   0.291873E+05   0.197913E+14   0.500742E+09   0.528214E+09   0.287426E+07
 0152   0.299806E+05   0.201894E+14   0.501916E+09   0.525413E+09   0.283954E+07
 0153   0.307890E+05   0.205869E+14   0.491694E+09   0.520457E+09   0.280444E+07
 0154   0.315747E+05   0.209728E+14   0.491182E+09   0.517330E+09   0.277157E+07
 0155   0.323633E+05   0.213550E+14   0.484632E+09   0.513660E+09   0.273929E+07
 0156   0.331490E+05   0.217319E+14   0.479658E+09   0.509999E+09   0.270794E+07
 0157   0.339207E+05   0.221015E+14   0.478941E+09   0.506911E+09   0.267786E+07
 0158   0.346892E+05   0.224663E+14   0.474678E+09   0.503834E+09   0.264859E+07
 0159   0.354546E+05   0.228264E+14   0.470529E+09   0.500861E+09   0.262010E+07
 0160   0.362115E+05   0.231812E+14   0.468685E+09   0.498393E+09   0.259252E+07
 0161   0.369714E+05   0.235334E+14   0.463572E+09   0.495176E+09   0.256568E+07
 0162   0.377230E+05   0.238800E+14   0.461118E+09   0.491994E+09   0.253962E+07
 0163   0.384662E+05   0.242206E+14   0.458268E+09   0.489198E+09   0.251418E+07
 0164   0.392009E+05   0.245558E+14   0.456257E+09   0.487248E+09   0.248932E+07
 0165   0.399387E+05   0.248894E+14   0.452111E+09   0.484847E+09   0.246515E+07
 0166   0.406737E+05   0.252199E+14   0.449638E+09   0.482092E+09   0.244165E+07
 0167   0.413996E+05   0.255452E+14   0.448290E+09   0.479334E+09   0.241870E+07
 0168   0.421157E+05   0.258649E+14   0.446331E+09   0.476834E+09   0.239616E+07
 0169   0.428281E+05   0.261802E+14   0.442535E+09   0.474761E+09   0.237401E+07
 0170   0.435364E+05   0.264921E+14   0.440498E+09   0.473238E+09   0.235229E+07
 0171   0.442467E+05   0.268032E+14   0.437867E+09   0.471048E+09   0.233114E+07
 0172   0.449458E+05   0.271096E+14   0.438408E+09   0.469338E+09   0.231022E+07
 0173   0.456530E+05   0.274153E+14   0.432239E+09   0.466712E+09   0.229009E+07
 0174   0.463416E+05   0.277146E+14   0.434537E+09   0.464756E+09   0.226997E+07
 0175   0.470311E+05   0.280109E+14   0.429749E+09   0.462577E+09   0.225036E+07
 0176   0.477145E+05   0.283032E+14   0.427730E+09   0.460741E+09   0.223099E+07
 0177   0.483915E+05   0.285920E+14   0.426602E+09   0.459324E+09   0.221184E+07
 0178   0.490686E+05   0.288790E+14   0.423887E+09   0.457668E+09   0.219314E+07
 0179   0.497457E+05   0.291641E+14   0.421035E+09   0.455621E+09   0.217490E+07
 0180   0.504155E+05   0.294455E+14   0.420151E+09   0.453586E+09   0.215688E+07
 0181   0.510777E+05   0.297229E+14   0.418950E+09   0.451783E+09   0.213903E+07
 0182   0.517318E+05   0.299964E+14   0.418091E+09   0.450415E+09   0.212126E+07
 0183   0.523849E+05   0.302677E+14   0.415420E+09   0.449152E+09   0.210374E+07
 0184   0.530368E+05   0.305373E+14   0.413579E+09   0.447935E+09   0.208649E+07
 0185   0.536873E+05   0.308055E+14   0.412241E+09   0.446481E+09   0.206953E+07
 0186   0.543364E+05   0.310719E+14   0.410420E+09   0.444692E+09   0.205285E+07
 0187   0.549762E+05   0.313346E+14   0.410526E+09   0.443135E+09   0.203623E+07
 0188   0.556141E+05   0.315946E+14   0.407618E+09   0.441596E+09   0.201981E+07
 0189   0.562422E+05   0.318508E+14   0.407909E+09   0.440556E+09   0.200341E+07
 0190   0.568757E+05   0.321062E+14   0.403136E+09   0.439090E+09   0.198735E+07
 0191   0.574990E+05   0.323583E+14   0.404428E+09   0.438103E+09   0.197126E+07
 0192   0.581277E+05   0.326100E+14   0.400454E+09   0.436722E+09   0.195552E+07
 0193   0.587456E+05   0.328587E+14   0.402533E+09   0.435618E+09   0.193977E+07
 0194   0.593606E+05   0.331055E+14   0.401183E+09   0.434416E+09   0.192422E+07
 0195   0.599726E+05   0.333499E+14   0.399491E+09   0.433087E+09   0.190881E+07
 0196   0.605813E+05   0.335919E+14   0.397486E+09   0.431834E+09   0.189355E+07
 0197   0.611867E+05   0.338316E+14   0.395897E+09   0.430678E+09   0.187842E+07
 0198   0.617886E+05   0.340692E+14   0.394743E+09   0.429550E+09   0.186341E+07
 0199   0.623868E+05   0.343047E+14   0.393702E+09   0.428435E+09   0.184853E+07
 0200   0.629811E+05   0.345381E+14   0.392662E+09   0.427374E+09   0.183374E+07
 0201   0.635801E+05   0.347708E+14   0.388588E+09   0.425897E+09   0.181918E+07
 0202   0.641665E+05   0.350001E+14   0.391051E+09   0.425020E+09   0.180454E+07
 0203   0.647485E+05   0.352275E+14   0.390660E+09   0.424286E+09   0.178996E+07
 0204   0.653261E+05   0.354531E+14   0.390559E+09   0.423681E+09   0.177541E+07
 0205   0.659080E+05   0.356784E+14   0.387208E+09   0.422871E+09   0.176103E+07
 0206   0.664852E+05   0.359021E+14   0.387658E+09   0.421854E+09   0.174669E+07
 0207   0.670576E+05   0.361237E+14   0.387023E+09   0.421175E+09   0.173242E+07
 0208   0.676340E+05   0.363448E+14   0.383639E+09   0.419952E+09   0.171832E+07
 0209   0.682055E+05   0.365638E+14   0.383192E+09   0.418791E+09   0.170427E+07
 0210   0.687718E+05   0.367805E+14   0.382625E+09   0.417900E+09   0.169027E+07
 0211   0.693327E+05   0.369951E+14   0.382553E+09   0.417195E+09   0.167633E+07
 0212   0.698975E+05   0.372092E+14   0.379092E+09   0.416070E+09   0.166252E+07
 0213   0.704473E+05   0.374196E+14   0.382719E+09   0.415642E+09   0.164872E+07
 0214   0.710101E+05   0.376310E+14   0.375578E+09   0.414231E+09   0.163509E+07
 0215   0.715577E+05   0.378386E+14   0.379238E+09   0.413564E+09   0.162146E+07
 0216   0.720992E+05   0.380442E+14   0.379547E+09   0.413175E+09   0.160788E+07
 0217   0.726441E+05   0.382493E+14   0.376446E+09   0.412382E+09   0.159437E+07
 0218   0.731924E+05   0.384539E+14   0.373269E+09   0.411197E+09   0.158094E+07
 0219   0.737246E+05   0.386549E+14   0.377629E+09   0.410911E+09   0.156751E+07
 0220   0.742600E+05   0.388555E+14   0.374699E+09   0.410263E+09   0.155416E+07
 0221   0.747986E+05   0.390558E+14   0.371745E+09   0.409308E+09   0.154086E+07
 0222   0.753305E+05   0.392540E+14   0.372735E+09   0.408468E+09   0.152762E+07
 0223   0.758555E+05   0.394500E+14   0.373329E+09   0.408006E+09   0.151443E+07
 0224   0.763835E+05   0.396455E+14   0.370320E+09   0.407246E+09   0.150129E+07
 0225   0.769044E+05   0.398390E+14   0.371432E+09   0.406852E+09   0.148823E+07
 0226   0.774282E+05   0.400322E+14   0.368769E+09   0.405950E+09   0.147524E+07
 0227   0.779447E+05   0.402231E+14   0.369603E+09   0.405371E+09   0.146232E+07
 0228   0.784640E+05   0.404134E+14   0.366537E+09   0.404592E+09   0.144948E+07
 0229   0.789757E+05   0.406017E+14   0.368031E+09   0.404010E+09   0.143673E+07
 0230   0.794798E+05   0.407879E+14   0.369311E+09   0.403782E+09   0.142407E+07
 0231   0.799968E+05   0.409753E+14   0.362325E+09   0.402575E+09   0.141143E+07
 0232   0.804957E+05   0.411588E+14   0.368031E+09   0.402540E+09   0.139888E+07
 0233   0.809970E+05   0.413423E+14   0.365910E+09   0.402191E+09   0.138641E+07
 0234   0.815008E+05   0.415255E+14   0.363714E+09   0.401275E+09   0.137399E+07
 0235   0.819965E+05   0.417065E+14   0.365065E+09   0.400976E+09   0.136168E+07
 0236   0.824945E+05   0.418872E+14   0.362868E+09   0.400228E+09   0.134944E+07
 0237   0.829842E+05   0.420658E+14   0.364648E+09   0.399945E+09   0.133729E+07
 0238   0.834762E+05   0.422440E+14   0.362263E+09   0.399475E+09   0.132521E+07
 0239   0.839705E+05   0.424220E+14   0.360172E+09   0.398410E+09   0.131320E+07
 0240   0.844454E+05   0.425960E+14   0.366308E+09   0.398758E+09   0.130134E+07
 0241   0.849333E+05   0.427714E+14   0.359580E+09   0.398192E+09   0.128951E+07
 0242   0.854124E+05   0.429450E+14   0.362284E+09   0.397996E+09   0.127781E+07
 0243   0.858936E+05   0.431183E+14   0.360063E+09   0.397416E+09   0.126621E+07
 0244   0.863769E+05   0.432910E+14   0.357450E+09   0.396578E+09   0.125470E+07
 0245   0.868512E+05   0.434616E+14   0.359599E+09   0.396253E+09   0.124334E+07
 0246   0.873275E+05   0.436318E+14   0.357311E+09   0.395664E+09   0.123208E+07
 0247   0.877947E+05   0.437999E+14   0.359865E+09   0.395496E+09   0.122098E+07
 0248   0.882638E+05   0.439676E+14   0.357495E+09   0.395073E+09   0.120999E+07
 0249   0.887348E+05   0.441349E+14   0.355199E+09   0.394374E+09   0.119911E+07
 0250   0.891964E+05   0.443000E+14   0.357814E+09   0.394235E+09   0.118839E+07
 0251   0.896598E+05   0.444649E+14   0.355822E+09   0.393977E+09   0.117780E+07
 0252   0.901137E+05   0.446280E+14   0.359323E+09   0.394268E+09   0.116737E+07
 0253   0.905807E+05   0.447928E+14   0.352762E+09   0.393368E+09   0.115703E+07
 0254   0.910381E+05   0.449554E+14   0.355602E+09   0.393026E+09   0.114687E+07
 0255   0.914858E+05   0.451160E+14   0.358781E+09   0.393373E+09   0.113689E+07
 0256   0.919466E+05   0.452783E+14   0.352077E+09   0.392524E+09   0.112701E+07
 0257   0.923976E+05   0.454384E+14   0.355083E+09   0.392178E+09   0.111730E+07
 0258   0.928502E+05   0.455982E+14   0.352895E+09   0.391609E+09   0.110774E+07
 0259   0.932929E+05   0.457558E+14   0.356088E+09   0.391572E+09   0.109836E+07
 0260   0.937371E+05   0.459130E+14   0.353999E+09   0.391367E+09   0.108911E+07
 0261   0.941829E+05   0.460700E+14   0.352170E+09   0.390966E+09   0.108001E+07
 0262   0.946184E+05   0.462250E+14   0.355891E+09   0.391164E+09   0.107110E+07
 0263   0.950673E+05   0.463816E+14   0.348818E+09   0.390337E+09   0.106229E+07
 0264   0.955059E+05   0.465362E+14   0.352490E+09   0.390134E+09   0.105366E+07
 0265   0.959341E+05   0.466889E+14   0.356447E+09   0.390576E+09   0.104521E+07
 0266   0.963757E+05   0.468431E+14   0.349294E+09   0.390002E+09   0.103687E+07
 0267   0.968068E+05   0.469954E+14   0.353263E+09   0.390066E+09   0.102870E+07
 0268   0.972393E+05   0.471475E+14   0.351695E+09   0.389932E+09   0.102068E+07
 0269   0.976732E+05   0.472994E+14   0.350105E+09   0.389599E+09   0.101280E+07
 0270   0.980964E+05   0.474493E+14   0.354235E+09   0.389960E+09   0.100509E+07
 0271   0.985332E+05   0.476009E+14   0.347049E+09   0.389312E+09   0.997492E+06
 0272   0.989591E+05   0.477506E+14   0.351329E+09   0.389384E+09   0.990054E+06
 0273   0.993865E+05   0.479002E+14   0.350078E+09   0.389101E+09   0.982742E+06
 0274   0.998152E+05   0.480495E+14   0.348277E+09   0.388526E+09   0.975563E+06
 0275   0.100233E+06   0.481965E+14   0.352076E+09   0.388787E+09   0.968531E+06
 0276   0.100652E+06   0.483434E+14   0.350608E+09   0.388782E+09   0.961620E+06
 0277   0.101072E+06   0.484901E+14   0.348940E+09   0.388473E+09   0.954830E+06
 0278   0.101494E+06   0.486364E+14   0.347017E+09   0.388019E+09   0.948163E+06
 0279   0.101904E+06   0.487806E+14   0.351402E+09   0.388347E+09   0.941630E+06
 0280   0.102328E+06   0.489265E+14   0.344071E+09   0.387416E+09   0.935194E+06
 0281   0.102741E+06   0.490703E+14   0.348220E+09   0.387247E+09   0.928892E+06
 0282   0.103143E+06   0.492120E+14   0.352932E+09   0.387812E+09   0.922725E+06
 0283   0.103558E+06   0.493553E+14   0.345247E+09   0.387368E+09   0.916659E+06
 0284   0.103962E+06   0.494968E+14   0.350323E+09   0.387652E+09   0.910727E+06
 0285   0.104367E+06   0.496382E+14   0.349176E+09   0.387802E+09   0.904910E+06
 0286   0.104773E+06   0.497795E+14   0.348134E+09   0.387757E+09   0.899193E+06
 0287   0.105180E+06   0.499208E+14   0.346954E+09   0.387205E+09   0.893577E+06
 0288   0.105588E+06   0.500616E+14   0.344780E+09   0.386509E+09   0.888072E+06
 0289   0.105985E+06   0.502002E+14   0.349260E+09   0.386814E+09   0.882679E+06
 0290   0.106383E+06   0.503387E+14   0.348229E+09   0.386800E+09   0.877387E+06
 0291   0.106782E+06   0.504770E+14   0.346776E+09   0.386536E+09   0.872194E+06
 0292   0.107181E+06   0.506150E+14   0.345171E+09   0.386103E+09   0.867097E+06
 0293   0.107569E+06   0.507510E+14   0.350265E+09   0.386311E+09   0.862098E+06
 0294   0.107959E+06   0.508865E+14   0.348358E+09   0.386405E+09   0.857198E+06
 0295   0.108349E+06   0.510218E+14   0.346764E+09   0.386401E+09   0.852392E+06
 0296   0.108740E+06   0.511569E+14   0.345497E+09   0.386196E+09   0.847677E+06
 0297   0.109132E+06   0.512918E+14   0.344180E+09   0.385693E+09   0.843050E+06
 0298   0.109512E+06   0.514246E+14   0.349365E+09   0.385897E+09   0.838508E+06
 0299   0.109893E+06   0.515569E+14   0.347427E+09   0.386006E+09   0.834053E+06
 0300   0.110275E+06   0.516890E+14   0.345846E+09   0.385912E+09   0.829678E+06
 0301   0.110657E+06   0.518208E+14   0.344252E+09   0.385508E+09   0.825380E+06
 0302   0.111041E+06   0.519521E+14   0.342353E+09   0.384835E+09   0.821161E+06
 0303   0.111413E+06   0.520812E+14   0.347408E+09   0.384989E+09   0.817016E+06
 0304   0.111785E+06   0.522098E+14   0.345501E+09   0.385049E+09   0.812952E+06
 0305   0.112158E+06   0.523382E+14   0.344003E+09   0.384949E+09   0.808962E+06
 0306   0.112532E+06   0.524664E+14   0.342632E+09   0.384465E+09   0.805046E+06
 0307   0.112907E+06   0.525941E+14   0.340714E+09   0.383803E+09   0.801208E+06
 0308   0.113269E+06   0.527196E+14   0.346240E+09   0.384097E+09   0.797433E+06
 0309   0.113633E+06   0.528448E+14   0.344820E+09   0.384197E+09   0.793732E+06
 0310   0.113997E+06   0.529699E+14   0.343398E+09   0.384075E+09   0.790103E+06
 0311   0.114362E+06   0.530946E+14   0.341890E+09   0.383786E+09   0.786547E+06
 0312   0.114714E+06   0.532172E+14   0.348176E+09   0.384376E+09   0.783049E+06
 0313   0.115080E+06   0.533415E+14   0.339041E+09   0.383676E+09   0.779636E+06
 0314   0.115434E+06   0.534636E+14   0.345143E+09   0.383901E+09   0.776286E+06
 0315   0.115788E+06   0.535854E+14   0.343746E+09   0.384084E+09   0.773011E+06
 0316   0.116144E+06   0.537072E+14   0.342783E+09   0.384088E+09   0.769805E+06
 0317   0.116500E+06   0.538288E+14   0.341746E+09   0.383663E+09   0.766664E+06
 0318   0.116856E+06   0.539501E+14   0.339891E+09   0.382915E+09   0.763592E+06
 0319   0.117200E+06   0.540689E+14   0.345618E+09   0.383227E+09   0.760569E+06
 0320   0.117545E+06   0.541874E+14   0.343971E+09   0.383527E+09   0.757615E+06
 0321   0.117890E+06   0.543058E+14   0.342936E+09   0.383605E+09   0.754722E+06
 0322   0.118236E+06   0.544240E+14   0.341754E+09   0.383367E+09   0.751889E+06
 0323   0.118582E+06   0.545419E+14   0.340145E+09   0.382898E+09   0.749115E+06
 0324   0.118916E+06   0.546575E+14   0.346779E+09   0.383372E+09   0.746373E+06
 0325   0.119264E+06   0.547747E+14   0.336751E+09   0.382479E+09   0.743710E+06
 0326   0.119599E+06   0.548896E+14   0.343254E+09   0.382516E+09   0.741074E+06
 0327   0.119934E+06   0.550042E+14   0.341486E+09   0.382345E+09   0.738489E+06
 0328   0.120270E+06   0.551183E+14   0.339758E+09   0.381985E+09   0.735953E+06
 0329   0.120593E+06   0.552303E+14   0.346842E+09   0.382587E+09   0.733432E+06
 0330   0.120930E+06   0.553438E+14   0.336467E+09   0.381755E+09   0.730987E+06
 0331   0.121254E+06   0.554550E+14   0.343281E+09   0.381871E+09   0.728550E+06
 0332   0.121579E+06   0.555657E+14   0.341390E+09   0.381789E+09   0.726153E+06
 0333   0.121904E+06   0.556761E+14   0.339571E+09   0.381489E+09   0.723794E+06
 0334   0.122229E+06   0.557862E+14   0.337778E+09   0.380930E+09   0.721469E+06
 0335   0.122541E+06   0.558938E+14   0.344939E+09   0.381375E+09   0.719142E+06
 0336   0.122868E+06   0.560030E+14   0.334026E+09   0.380388E+09   0.716886E+06
 0337   0.123182E+06   0.561099E+14   0.341145E+09   0.380440E+09   0.714621E+06
 0338   0.123495E+06   0.562164E+14   0.339400E+09   0.380279E+09   0.712386E+06
 0339   0.123795E+06   0.563206E+14   0.347320E+09   0.381242E+09   0.710139E+06
 0340   0.124110E+06   0.564265E+14   0.336188E+09   0.380832E+09   0.707958E+06
 0341   0.124426E+06   0.565321E+14   0.334958E+09   0.380066E+09   0.705797E+06
 0342   0.124727E+06   0.566355E+14   0.342612E+09   0.380185E+09   0.703610E+06
 0343   0.125030E+06   0.567382E+14   0.340204E+09   0.379955E+09   0.701441E+06
 0344   0.125332E+06   0.568404E+14   0.337469E+09   0.379698E+09   0.699291E+06
 0345   0.125635E+06   0.569421E+14   0.335518E+09   0.379403E+09   0.697162E+06
 0346   0.125924E+06   0.570416E+14   0.344276E+09   0.380329E+09   0.695009E+06
 0347   0.126229E+06   0.571430E+14   0.333249E+09   0.379730E+09   0.692915E+06
 0348   0.126519E+06   0.572422E+14   0.342104E+09   0.380121E+09   0.690792E+06
 0349   0.126824E+06   0.573431E+14   0.330532E+09   0.378859E+09   0.688726E+06
 0350   0.127115E+06   0.574415E+14   0.338247E+09   0.378628E+09   0.686628E+06
 0351   0.127406E+06   0.575394E+14   0.335894E+09   0.378241E+09   0.684543E+06
 0352   0.127684E+06   0.576349E+14   0.344393E+09   0.379089E+09   0.682434E+06
 0353   0.127976E+06   0.577320E+14   0.332084E+09   0.378429E+09   0.680378E+06
 0354   0.128254E+06   0.578269E+14   0.341041E+09   0.378916E+09   0.678299E+06
 0355   0.128533E+06   0.579215E+14   0.339450E+09   0.379189E+09   0.676234E+06
 0356   0.128827E+06   0.580177E+14   0.327423E+09   0.377849E+09   0.674210E+06
 0357   0.129106E+06   0.581116E+14   0.335965E+09   0.377662E+09   0.672164E+06
 0358   0.129371E+06   0.582032E+14   0.345405E+09   0.378663E+09   0.670120E+06
 0359   0.129652E+06   0.582963E+14   0.332239E+09   0.378045E+09   0.668097E+06
 0360   0.129932E+06   0.583890E+14   0.330400E+09   0.377209E+09   0.666055E+06
 0361   0.130199E+06   0.584794E+14   0.339541E+09   0.377606E+09   0.664046E+06
 0362   0.130465E+06   0.585695E+14   0.337729E+09   0.377799E+09   0.662034E+06
 0363   0.130732E+06   0.586592E+14   0.335914E+09   0.377794E+09   0.660021E+06
 0364   0.131000E+06   0.587486E+14   0.334135E+09   0.377609E+09   0.658005E+06
 0365   0.131268E+06   0.588376E+14   0.332447E+09   0.377251E+09   0.655977E+06
 0366   0.131536E+06   0.589263E+14   0.330885E+09   0.376685E+09   0.653915E+06
 0367   0.131789E+06   0.590128E+14   0.341046E+09   0.377311E+09   0.651967E+06
 0368   0.132058E+06   0.591009E+14   0.327408E+09   0.376189E+09   0.649848E+06
 0369   0.132313E+06   0.591865E+14   0.336924E+09   0.376324E+09   0.647869E+06
 0370   0.132567E+06   0.592718E+14   0.334780E+09   0.376251E+09   0.645864E+06
 0371   0.132822E+06   0.593566E+14   0.332704E+09   0.376073E+09   0.643832E+06
 0372   0.133077E+06   0.594411E+14   0.331035E+09   0.375723E+09   0.641772E+06
 0373   0.133318E+06   0.595234E+14   0.342118E+09   0.376742E+09   0.639890E+06
 0374   0.133574E+06   0.596074E+14   0.328029E+09   0.376030E+09   0.637778E+06
 0375   0.133815E+06   0.596892E+14   0.339059E+09   0.376624E+09   0.635842E+06
 0376   0.134072E+06   0.597726E+14   0.324942E+09   0.375463E+09   0.633671E+06
 0377   0.134314E+06   0.598537E+14   0.335555E+09   0.375662E+09   0.631674E+06
 0378   0.134556E+06   0.599345E+14   0.333808E+09   0.375623E+09   0.629645E+06
 0379   0.134798E+06   0.600150E+14   0.331920E+09   0.375284E+09   0.627582E+06
 0380   0.135041E+06   0.600950E+14   0.329760E+09   0.374716E+09   0.625491E+06
 0381   0.135269E+06   0.601727E+14   0.341041E+09   0.375547E+09   0.623537E+06
 0382   0.135512E+06   0.602519E+14   0.325486E+09   0.374561E+09   0.621382E+06
 0383   0.135740E+06   0.603288E+14   0.336720E+09   0.375125E+09   0.619364E+06
 0384   0.135984E+06   0.604073E+14   0.322033E+09   0.373916E+09   0.617162E+06
 0385   0.136213E+06   0.604837E+14   0.333708E+09   0.374182E+09   0.615087E+06
 0386   0.136442E+06   0.605598E+14   0.332395E+09   0.374212E+09   0.612985E+06
 0387   0.136671E+06   0.606357E+14   0.330869E+09   0.373974E+09   0.610855E+06
 0388   0.136901E+06   0.607113E+14   0.329082E+09   0.373491E+09   0.608696E+06
 0389   0.137116E+06   0.607846E+14   0.341520E+09   0.374463E+09   0.606653E+06
 0390   0.137346E+06   0.608594E+14   0.325064E+09   0.373539E+09   0.604433E+06
 0391   0.137561E+06   0.609320E+14   0.337264E+09   0.374132E+09   0.602329E+06
 0392   0.137792E+06   0.610061E+14   0.321215E+09   0.372844E+09   0.600038E+06
 0393   0.138007E+06   0.610779E+14   0.333397E+09   0.373124E+09   0.597870E+06
 0394   0.138223E+06   0.611495E+14   0.331763E+09   0.373244E+09   0.595670E+06
 0395   0.138439E+06   0.612208E+14   0.330229E+09   0.373214E+09   0.593434E+06
 0396   0.138655E+06   0.612919E+14   0.328810E+09   0.372979E+09   0.591157E+06
 0397   0.138872E+06   0.613628E+14   0.327314E+09   0.372458E+09   0.588831E+06
 0398   0.139073E+06   0.614314E+14   0.340964E+09   0.373468E+09   0.586672E+06
 0399   0.139290E+06   0.615015E+14   0.323437E+09   0.372473E+09   0.584258E+06
 0400   0.139491E+06   0.615694E+14   0.336660E+09   0.373052E+09   0.582023E+06
 0401   0.139709E+06   0.616388E+14   0.319367E+09   0.371664E+09   0.579498E+06
 0402   0.139911E+06   0.617060E+14   0.332445E+09   0.372001E+09   0.577180E+06
 0403   0.140113E+06   0.617729E+14   0.330885E+09   0.372209E+09   0.574819E+06
 0404   0.140315E+06   0.618396E+14   0.329509E+09   0.372228E+09   0.572414E+06
 0405   0.140518E+06   0.619060E+14   0.328080E+09   0.372039E+09   0.569962E+06
 0406   0.140721E+06   0.619722E+14   0.326553E+09   0.371635E+09   0.567463E+06
 0407   0.140908E+06   0.620363E+14   0.341820E+09   0.372877E+09   0.565239E+06
 0408   0.141111E+06   0.621019E+14   0.323057E+09   0.372027E+09   0.562649E+06
 0409   0.141315E+06   0.621673E+14   0.321224E+09   0.370954E+09   0.560009E+06
 0410   0.141502E+06   0.622303E+14   0.335698E+09   0.371630E+09   0.557659E+06
 0411   0.141691E+06   0.622931E+14   0.333886E+09   0.372142E+09   0.555271E+06
 0412   0.141879E+06   0.623557E+14   0.332142E+09   0.372513E+09   0.552843E+06
 0413   0.142083E+06   0.624198E+14   0.314292E+09   0.370860E+09   0.550039E+06
 0414   0.142272E+06   0.624819E+14   0.329079E+09   0.371054E+09   0.547538E+06
 0415   0.142460E+06   0.625438E+14   0.328024E+09   0.371105E+09   0.545005E+06
 0416   0.142649E+06   0.626056E+14   0.326979E+09   0.370890E+09   0.542440E+06
 0417   0.142823E+06   0.626652E+14   0.344155E+09   0.372386E+09   0.540114E+06
 0418   0.143012E+06   0.627265E+14   0.323709E+09   0.371689E+09   0.537471E+06
 0419   0.143201E+06   0.627875E+14   0.321796E+09   0.370819E+09   0.534818E+06
 0420   0.143375E+06   0.628462E+14   0.338123E+09   0.371734E+09   0.532381E+06
 0421   0.143565E+06   0.629066E+14   0.318017E+09   0.370553E+09   0.529683E+06
 0422   0.143739E+06   0.629648E+14   0.334318E+09   0.371304E+09   0.527185E+06
 0423   0.143913E+06   0.630228E+14   0.333028E+09   0.371987E+09   0.524666E+06
 0424   0.144103E+06   0.630826E+14   0.314217E+09   0.370528E+09   0.521942E+06
 0425   0.144278E+06   0.631403E+14   0.330925E+09   0.370934E+09   0.519389E+06
 0426   0.144453E+06   0.631980E+14   0.329864E+09   0.371154E+09   0.516826E+06
 0427   0.144627E+06   0.632554E+14   0.328616E+09   0.371167E+09   0.514257E+06
 0428   0.144802E+06   0.633127E+14   0.327146E+09   0.371005E+09   0.511688E+06
 0429   0.144977E+06   0.633697E+14   0.325610E+09   0.370675E+09   0.509129E+06
 0430   0.145137E+06   0.634246E+14   0.344580E+09   0.372262E+09   0.506604E+06
 0431   0.145312E+06   0.634811E+14   0.322386E+09   0.371613E+09   0.504031E+06
 0432   0.145488E+06   0.635374E+14   0.320859E+09   0.370836E+09   0.501486E+06
 0433   0.145647E+06   0.635916E+14   0.339577E+09   0.372058E+09   0.498941E+06
 0434   0.145823E+06   0.636476E+14   0.318171E+09   0.371114E+09   0.496409E+06
 0435   0.145983E+06   0.637015E+14   0.337158E+09   0.372201E+09   0.493877E+06
 0436   0.146159E+06   0.637572E+14   0.316448E+09   0.371082E+09   0.491346E+06
 0437   0.146319E+06   0.638110E+14   0.335452E+09   0.371917E+09   0.488828E+06
 0438   0.146480E+06   0.638646E+14   0.334522E+09   0.372486E+09   0.486310E+06
 0439   0.146640E+06   0.639180E+14   0.333075E+09   0.372835E+09   0.483795E+06
 0440   0.146817E+06   0.639731E+14   0.311846E+09   0.370859E+09   0.481212E+06
 0441   0.146977E+06   0.640260E+14   0.329415E+09   0.370904E+09   0.478689E+06
 0442   0.147138E+06   0.640787E+14   0.327727E+09   0.370780E+09   0.476156E+06
 0443   0.147299E+06   0.641312E+14   0.326045E+09   0.370577E+09   0.473612E+06
 0444   0.147444E+06   0.641816E+14   0.347617E+09   0.372550E+09   0.471264E+06
 0445   0.147605E+06   0.642337E+14   0.323589E+09   0.372302E+09   0.468726E+06
 0446   0.147766E+06   0.642858E+14   0.322946E+09   0.371898E+09   0.466163E+06
 0447   0.147928E+06   0.643378E+14   0.322221E+09   0.371287E+09   0.463586E+06
 0448   0.148073E+06   0.643877E+14   0.343690E+09   0.372736E+09   0.461233E+06
 0449   0.148235E+06   0.644394E+14   0.319892E+09   0.371839E+09   0.458641E+06
 0450   0.148380E+06   0.644891E+14   0.341118E+09   0.373088E+09   0.456269E+06
 0451   0.148542E+06   0.645405E+14   0.317651E+09   0.371991E+09   0.453651E+06
 0452   0.148688E+06   0.645899E+14   0.338802E+09   0.372978E+09   0.451253E+06
 0453   0.148850E+06   0.646410E+14   0.315596E+09   0.371532E+09   0.448571E+06
 0454   0.148996E+06   0.646900E+14   0.336067E+09   0.372179E+09   0.446140E+06
 0455   0.149142E+06   0.647389E+14   0.334587E+09   0.372665E+09   0.443689E+06
 0456   0.149288E+06   0.647876E+14   0.333021E+09   0.372996E+09   0.441221E+06
 0457   0.149434E+06   0.648360E+14   0.331398E+09   0.373134E+09   0.438734E+06
 0458   0.149581E+06   0.648843E+14   0.329621E+09   0.373195E+09   0.436229E+06
 0459   0.149727E+06   0.649323E+14   0.328097E+09   0.373191E+09   0.433701E+06
 0460   0.149874E+06   0.649802E+14   0.326849E+09   0.373120E+09   0.431144E+06
 0461   0.150020E+06   0.650280E+14   0.325828E+09   0.372975E+09   0.428543E+06
 0462   0.150166E+06   0.650756E+14   0.326013E+09   0.372806E+09   0.425904E+06
 0463   0.150311E+06   0.651229E+14   0.326509E+09   0.372725E+09   0.423234E+06
 0464   0.150455E+06   0.651701E+14   0.327166E+09   0.372765E+09   0.420549E+06
 0465   0.150599E+06   0.652171E+14   0.328273E+09   0.372780E+09   0.417859E+06
 0466   0.150741E+06   0.652639E+14   0.328880E+09   0.372704E+09   0.415168E+06
 0467   0.150883E+06   0.653105E+14   0.328836E+09   0.372562E+09   0.412475E+06
 0468   0.151024E+06   0.653568E+14   0.328418E+09   0.372188E+09   0.409791E+06
 0469   0.151164E+06   0.654028E+14   0.327333E+09   0.371807E+09   0.407117E+06
 0470   0.151288E+06   0.654466E+14   0.352635E+09   0.373685E+09   0.404712E+06
 0471   0.151428E+06   0.654920E+14   0.325844E+09   0.373271E+09   0.401922E+06
 0472   0.151566E+06   0.655371E+14   0.325176E+09   0.372883E+09   0.399133E+06
 0473   0.151704E+06   0.655819E+14   0.324708E+09   0.372429E+09   0.396331E+06
 0474   0.151842E+06   0.656265E+14   0.324499E+09   0.371993E+09   0.393525E+06
 0475   0.151978E+06   0.656708E+14   0.324566E+09   0.371446E+09   0.390724E+06
 0476   0.152099E+06   0.657130E+14   0.350468E+09   0.373081E+09   0.387925E+06
 0477   0.152233E+06   0.657566E+14   0.324340E+09   0.372539E+09   0.385074E+06
 0478   0.152367E+06   0.657999E+14   0.324319E+09   0.372013E+09   0.382215E+06
 0479   0.152499E+06   0.658429E+14   0.324356E+09   0.371632E+09   0.379316E+06
 0480   0.152631E+06   0.658856E+14   0.324690E+09   0.371356E+09   0.376364E+06
 0481   0.152747E+06   0.659264E+14   0.351008E+09   0.373296E+09   0.373411E+06
 0482   0.152877E+06   0.659687E+14   0.325376E+09   0.373014E+09   0.370380E+06
 0483   0.153006E+06   0.660108E+14   0.325518E+09   0.372571E+09   0.367287E+06
 0484   0.153135E+06   0.660526E+14   0.325515E+09   0.372070E+09   0.364118E+06
 0485   0.153262E+06   0.660941E+14   0.325411E+09   0.371546E+09   0.360874E+06
 0486   0.153389E+06   0.661353E+14   0.325192E+09   0.370985E+09   0.357565E+06
 0487   0.153500E+06   0.661744E+14   0.350574E+09   0.372568E+09   0.354452E+06
 0488   0.153625E+06   0.662149E+14   0.323997E+09   0.372037E+09   0.351053E+06
 0489   0.153750E+06   0.662551E+14   0.323410E+09   0.371523E+09   0.347574E+06
 0490   0.153874E+06   0.662951E+14   0.323016E+09   0.371042E+09   0.343991E+06
 0491   0.153997E+06   0.663349E+14   0.322933E+09   0.370540E+09   0.340258E+06
 0492   0.154105E+06   0.663728E+14   0.348756E+09   0.372011E+09   0.336934E+06
 0493   0.154227E+06   0.664120E+14   0.322900E+09   0.371319E+09   0.333055E+06
 0494   0.154347E+06   0.664509E+14   0.322719E+09   0.370636E+09   0.329059E+06
 0495   0.154467E+06   0.664895E+14   0.322660E+09   0.369765E+09   0.324969E+06
 0496   0.154572E+06   0.665261E+14   0.347395E+09   0.371015E+09   0.321658E+06
 0497   0.154690E+06   0.665639E+14   0.321157E+09   0.370384E+09   0.317531E+06
 0498   0.154807E+06   0.666014E+14   0.321188E+09   0.369780E+09   0.313359E+06
 0499   0.154923E+06   0.666387E+14   0.321141E+09   0.369236E+09   0.309152E+06
 0500   0.155025E+06   0.666742E+14   0.346437E+09   0.370889E+09   0.305769E+06
 0501   0.155140E+06   0.667111E+14   0.321750E+09   0.370537E+09   0.301495E+06
 0502   0.155254E+06   0.667478E+14   0.322802E+09   0.370149E+09   0.297123E+06
 0503   0.155367E+06   0.667844E+14   0.323369E+09   0.369666E+09   0.293028E+06
 0504   0.155466E+06   0.668192E+14   0.349693E+09   0.371189E+09   0.289409E+06
 0505   0.155577E+06   0.668551E+14   0.324324E+09   0.370736E+09   0.285328E+06
 0506   0.155687E+06   0.668909E+14   0.324210E+09   0.370244E+09   0.281380E+06
 0507   0.155797E+06   0.669263E+14   0.323942E+09   0.369775E+09   0.277486E+06
 0508   0.155906E+06   0.669615E+14   0.323768E+09   0.369339E+09   0.273626E+06
 0509   0.156014E+06   0.669965E+14   0.323547E+09   0.368875E+09   0.269763E+06
 0510   0.156110E+06   0.670299E+14   0.348329E+09   0.370317E+09   0.265925E+06
 0511   0.156217E+06   0.670644E+14   0.322058E+09   0.369715E+09   0.262078E+06
 0512   0.156324E+06   0.670988E+14   0.321606E+09   0.369093E+09   0.258214E+06
 0513   0.156418E+06   0.671315E+14   0.346803E+09   0.370431E+09   0.254451E+06
 0514   0.156524E+06   0.671654E+14   0.321396E+09   0.369817E+09   0.250609E+06
 0515   0.156628E+06   0.671991E+14   0.321600E+09   0.369260E+09   0.246755E+06
 0516   0.156732E+06   0.672325E+14   0.321972E+09   0.368775E+09   0.242894E+06
 0517   0.156824E+06   0.672644E+14   0.347619E+09   0.370241E+09   0.239270E+06
 0518   0.156926E+06   0.672974E+14   0.322385E+09   0.369804E+09   0.235443E+06
 0519   0.157028E+06   0.673303E+14   0.322703E+09   0.369445E+09   0.231577E+06
 0520   0.157129E+06   0.673630E+14   0.323303E+09   0.369152E+09   0.227596E+06
 0521   0.157219E+06   0.673942E+14   0.349456E+09   0.370705E+09   0.224224E+06
 0522   0.157318E+06   0.674266E+14   0.324195E+09   0.370338E+09   0.220251E+06
 0523   0.157418E+06   0.674588E+14   0.324413E+09   0.370009E+09   0.216089E+06
 0524   0.157516E+06   0.674909E+14   0.324810E+09   0.369647E+09   0.211899E+06
 0525   0.157614E+06   0.675227E+14   0.324927E+09   0.369263E+09   0.207786E+06
 0526   0.157701E+06   0.675531E+14   0.350253E+09   0.370665E+09   0.204645E+06
 0527   0.157798E+06   0.675846E+14   0.324345E+09   0.370261E+09   0.200593E+06
 0528   0.157895E+06   0.676159E+14   0.324326E+09   0.369827E+09   0.196552E+06
 0529   0.157991E+06   0.676470E+14   0.324155E+09   0.369341E+09   0.192852E+06
 0530   0.158086E+06   0.676779E+14   0.323767E+09   0.368870E+09   0.189347E+06
 0531   0.158171E+06   0.677074E+14   0.348543E+09   0.370267E+09   0.185964E+06
 0532   0.158266E+06   0.677381E+14   0.323399E+09   0.369902E+09   0.182541E+06
 0533   0.158360E+06   0.677685E+14   0.323833E+09   0.369553E+09   0.179190E+06
 0534   0.158443E+06   0.677976E+14   0.349447E+09   0.370905E+09   0.175855E+06
 0535   0.158536E+06   0.678278E+14   0.324102E+09   0.370357E+09   0.172568E+06
 0536   0.158629E+06   0.678578E+14   0.323995E+09   0.369776E+09   0.169292E+06
 0537   0.158721E+06   0.678876E+14   0.323807E+09   0.369211E+09   0.166029E+06
 0538   0.158802E+06   0.679160E+14   0.348642E+09   0.370389E+09   0.162873E+06
 0539   0.158893E+06   0.679454E+14   0.323222E+09   0.369743E+09   0.159690E+06
 0540   0.158983E+06   0.679746E+14   0.323120E+09   0.369234E+09   0.156533E+06
 0541   0.159073E+06   0.680036E+14   0.323377E+09   0.368837E+09   0.153346E+06
 0542   0.159152E+06   0.680312E+14   0.348692E+09   0.370225E+09   0.150408E+06
 0543   0.159241E+06   0.680600E+14   0.323818E+09   0.369835E+09   0.147225E+06
 0544   0.159330E+06   0.680886E+14   0.323950E+09   0.369489E+09   0.143761E+06
 0545   0.159408E+06   0.681159E+14   0.349298E+09   0.370927E+09   0.141151E+06
 0546   0.159495E+06   0.681444E+14   0.324987E+09   0.370605E+09   0.137503E+06
 0547   0.159582E+06   0.681727E+14   0.325758E+09   0.370204E+09   0.133977E+06
 0548   0.159669E+06   0.682009E+14   0.326031E+09   0.369781E+09   0.130637E+06
 0549   0.159745E+06   0.682277E+14   0.351318E+09   0.371096E+09   0.128170E+06
 0550   0.159830E+06   0.682555E+14   0.326594E+09   0.370808E+09   0.125095E+06
 0551   0.159915E+06   0.682832E+14   0.327009E+09   0.370525E+09   0.122378E+06
 0552   0.159999E+06   0.683108E+14   0.327195E+09   0.370213E+09   0.119773E+06
 0553   0.160074E+06   0.683371E+14   0.352339E+09   0.371567E+09   0.117186E+06
 0554   0.160157E+06   0.683644E+14   0.327009E+09   0.371277E+09   0.114669E+06
 0555   0.160241E+06   0.683916E+14   0.327189E+09   0.370954E+09   0.112177E+06
 0556   0.160323E+06   0.684187E+14   0.327137E+09   0.370582E+09   0.109711E+06
 0557   0.160397E+06   0.684446E+14   0.351748E+09   0.371755E+09   0.107287E+06
 0558   0.160479E+06   0.684714E+14   0.326124E+09   0.371192E+09   0.104912E+06
 0559   0.160561E+06   0.684981E+14   0.325942E+09   0.370532E+09   0.102596E+06
 0560   0.160643E+06   0.685246E+14   0.325561E+09   0.369790E+09   0.100214E+06
 0561   0.160715E+06   0.685498E+14   0.349463E+09   0.370708E+09   0.979877E+05
 0562   0.160795E+06   0.685759E+14   0.324096E+09   0.369987E+09   0.953293E+05
 0563   0.160866E+06   0.686007E+14   0.348215E+09   0.370848E+09   0.932772E+05
 0564   0.160946E+06   0.686264E+14   0.323122E+09   0.370167E+09   0.901670E+05
 0565   0.161025E+06   0.686520E+14   0.323070E+09   0.369635E+09   0.873475E+05
 0566   0.161095E+06   0.686764E+14   0.347768E+09   0.370759E+09   0.854024E+05
 0567   0.161174E+06   0.687018E+14   0.323740E+09   0.370322E+09   0.830352E+05
 0568   0.161243E+06   0.687260E+14   0.348871E+09   0.371419E+09   0.810498E+05
 0569   0.161321E+06   0.687512E+14   0.324607E+09   0.371052E+09   0.790571E+05
 0570   0.161398E+06   0.687763E+14   0.325516E+09   0.370735E+09   0.771636E+05
 0571   0.161466E+06   0.688003E+14   0.351297E+09   0.371915E+09   0.752606E+05
 0572   0.161542E+06   0.688252E+14   0.327449E+09   0.371457E+09   0.734222E+05
 0573   0.161618E+06   0.688499E+14   0.327845E+09   0.370953E+09   0.716292E+05
 0574   0.161684E+06   0.688735E+14   0.352762E+09   0.371946E+09   0.698284E+05
 0575   0.161759E+06   0.688979E+14   0.327890E+09   0.371464E+09   0.681436E+05
 0576   0.161833E+06   0.689222E+14   0.328065E+09   0.370975E+09   0.665078E+05
 0577   0.161898E+06   0.689453E+14   0.352708E+09   0.371950E+09   0.648030E+05
 0578   0.161972E+06   0.689693E+14   0.327405E+09   0.371470E+09   0.630407E+05
 0579   0.162045E+06   0.689932E+14   0.327108E+09   0.371032E+09   0.605201E+05
 0580   0.162109E+06   0.690159E+14   0.351616E+09   0.372120E+09   0.590322E+05
 0581   0.162182E+06   0.690396E+14   0.327078E+09   0.371773E+09   0.566930E+05
 0582   0.162254E+06   0.690632E+14   0.327328E+09   0.371342E+09   0.549875E+05
 0583   0.162318E+06   0.690857E+14   0.351683E+09   0.372252E+09   0.534989E+05
 0584   0.162390E+06   0.691091E+14   0.326458E+09   0.371614E+09   0.520753E+05
 0585   0.162461E+06   0.691324E+14   0.326165E+09   0.370871E+09   0.506912E+05
 0586   0.162524E+06   0.691545E+14   0.350045E+09   0.371621E+09   0.492929E+05
 0587   0.162595E+06   0.691774E+14   0.325670E+09   0.370805E+09   0.479994E+05
 0588   0.162657E+06   0.691992E+14   0.349325E+09   0.371369E+09   0.466610E+05
 0589   0.162727E+06   0.692218E+14   0.324608E+09   0.370528E+09   0.455078E+05
 0590   0.162788E+06   0.692432E+14   0.348418E+09   0.371179E+09   0.442292E+05
 0591   0.162857E+06   0.692655E+14   0.324256E+09   0.370648E+09   0.429845E+05
 0592   0.162918E+06   0.692867E+14   0.348874E+09   0.371563E+09   0.417532E+05
 0593   0.162985E+06   0.693088E+14   0.325279E+09   0.371224E+09   0.395467E+05
 0594   0.163046E+06   0.693298E+14   0.350226E+09   0.372217E+09   0.383243E+05
 0595   0.163113E+06   0.693518E+14   0.326375E+09   0.371842E+09   0.367188E+05
 0596   0.163173E+06   0.693728E+14   0.351125E+09   0.372884E+09   0.355970E+05
 0597   0.163239E+06   0.693946E+14   0.327520E+09   0.372430E+09   0.345402E+05
 0598   0.163306E+06   0.694164E+14   0.328089E+09   0.371898E+09   0.335357E+05
 0599   0.163364E+06   0.694371E+14   0.352477E+09   0.372493E+09   0.325047E+05
 0600   0.163430E+06   0.694586E+14   0.327635E+09   0.371641E+09   0.316274E+05
 0601   0.163495E+06   0.694799E+14   0.327337E+09   0.370718E+09   0.308670E+05
 0602   0.163552E+06   0.695000E+14   0.350638E+09   0.371176E+09   0.299178E+05
 0603   0.163616E+06   0.695209E+14   0.326328E+09   0.370393E+09   0.283454E+05
 0604   0.163673E+06   0.695407E+14   0.349887E+09   0.370938E+09   0.272851E+05
 0605   0.163736E+06   0.695613E+14   0.325496E+09   0.370143E+09   0.257509E+05
 0606   0.163792E+06   0.695808E+14   0.348548E+09   0.370742E+09   0.248604E+05
 0607   0.163855E+06   0.696011E+14   0.324651E+09   0.370097E+09   0.240159E+05
 0608   0.163910E+06   0.696204E+14   0.347895E+09   0.370857E+09   0.231992E+05
 0609   0.163966E+06   0.696396E+14   0.348094E+09   0.371703E+09   0.224075E+05
 0610   0.164028E+06   0.696598E+14   0.324906E+09   0.371336E+09   0.217056E+05
 0611   0.164082E+06   0.696789E+14   0.349191E+09   0.372198E+09   0.209702E+05
 0612   0.164144E+06   0.696990E+14   0.325782E+09   0.371656E+09   0.204652E+05
 0613   0.164199E+06   0.697181E+14   0.349556E+09   0.372345E+09   0.198335E+05
 0614   0.164253E+06   0.697371E+14   0.350346E+09   0.373027E+09   0.192140E+05
 0615   0.164313E+06   0.697569E+14   0.327441E+09   0.372404E+09   0.178449E+05
 0616   0.164373E+06   0.697765E+14   0.328192E+09   0.371749E+09   0.166176E+05
 0617   0.164426E+06   0.697951E+14   0.352080E+09   0.372245E+09   0.159717E+05
 0618   0.164485E+06   0.698145E+14   0.328104E+09   0.371372E+09   0.154230E+05
 0619   0.164537E+06   0.698328E+14   0.351175E+09   0.371668E+09   0.148364E+05
 0620   0.164595E+06   0.698518E+14   0.326880E+09   0.370715E+09   0.143921E+05
 0621   0.164647E+06   0.698698E+14   0.349521E+09   0.370985E+09   0.138797E+05
 0622   0.164704E+06   0.698884E+14   0.325307E+09   0.370122E+09   0.136302E+05
 0623   0.164755E+06   0.699061E+14   0.347872E+09   0.370438E+09   0.130990E+05
 0624   0.164805E+06   0.699236E+14   0.347099E+09   0.370731E+09   0.124103E+05
 0625   0.164862E+06   0.699419E+14   0.323081E+09   0.369902E+09   0.109439E+05
 0626   0.164912E+06   0.699593E+14   0.345489E+09   0.370304E+09   0.104148E+05
 0627   0.164962E+06   0.699765E+14   0.344946E+09   0.370737E+09   0.993736E+04
 0628   0.165012E+06   0.699937E+14   0.344650E+09   0.371232E+09   0.950337E+04
 0629   0.165068E+06   0.700117E+14   0.321967E+09   0.370631E+09   0.916755E+04
 0630   0.165117E+06   0.700287E+14   0.345405E+09   0.371227E+09   0.880301E+04
 0631   0.165166E+06   0.700458E+14   0.346039E+09   0.371806E+09   0.849023E+04
 0632   0.165215E+06   0.700627E+14   0.346735E+09   0.372308E+09   0.823448E+04
 0633   0.165270E+06   0.700805E+14   0.324278E+09   0.371659E+09   0.798164E+04
 0634   0.165318E+06   0.700973E+14   0.348329E+09   0.372178E+09   0.704401E+04
 0635   0.165372E+06   0.701148E+14   0.326200E+09   0.371525E+09   0.634495E+04
 0636   0.165420E+06   0.701314E+14   0.350058E+09   0.371934E+09   0.603958E+04
 0637   0.165467E+06   0.701479E+14   0.350364E+09   0.372268E+09   0.575165E+04
 0638   0.165519E+06   0.701651E+14   0.326961E+09   0.371429E+09   0.561520E+04
 0639   0.165565E+06   0.701813E+14   0.349854E+09   0.371578E+09   0.544842E+04
 0640   0.165617E+06   0.701982E+14   0.326160E+09   0.370597E+09   0.542391E+04
 0641   0.165663E+06   0.702141E+14   0.348356E+09   0.370691E+09   0.460661E+04
 0642   0.165714E+06   0.702307E+14   0.324717E+09   0.369681E+09   0.393768E+04
 0643   0.165759E+06   0.702463E+14   0.346518E+09   0.369799E+09   0.371239E+04
 0644   0.165804E+06   0.702618E+14   0.345679E+09   0.369907E+09   0.350575E+04
 0645   0.165849E+06   0.702772E+14   0.344835E+09   0.370002E+09   0.331708E+04
 0646   0.165899E+06   0.702933E+14   0.321646E+09   0.369053E+09   0.339847E+04
 0647   0.165943E+06   0.703085E+14   0.343213E+09   0.369221E+09   0.338322E+04
 0648   0.165987E+06   0.703236E+14   0.342637E+09   0.369428E+09   0.317009E+04
 0649   0.166031E+06   0.703386E+14   0.342209E+09   0.369621E+09   0.236163E+04
 0650   0.166075E+06   0.703536E+14   0.341856E+09   0.369808E+09   0.194228E+04
 0651   0.166118E+06   0.703685E+14   0.341689E+09   0.369993E+09   0.176775E+04
 0652   0.166162E+06   0.703833E+14   0.341566E+09   0.370139E+09   0.164629E+04
 0653   0.166205E+06   0.703980E+14   0.341357E+09   0.370228E+09   0.155320E+04
 0654   0.166248E+06   0.704127E+14   0.341169E+09   0.370280E+09   0.154712E+04
 0655   0.166296E+06   0.704280E+14   0.319228E+09   0.369320E+09   0.181276E+04
 0656   0.166338E+06   0.704425E+14   0.341498E+09   0.369415E+09   0.100071E+04
 0657   0.166380E+06   0.704568E+14   0.341998E+09   0.369567E+09   0.721069E+03
 0658   0.166422E+06   0.704711E+14   0.342620E+09   0.369751E+09   0.643532E+03
 0659   0.166463E+06   0.704853E+14   0.343280E+09   0.369925E+09   0.596286E+03
 0660   0.166504E+06   0.704993E+14   0.343780E+09   0.370072E+09   0.606781E+03
 0661   0.166545E+06   0.705133E+14   0.344064E+09   0.370208E+09   0.732816E+03
 0662   0.166585E+06   0.705272E+14   0.344251E+09   0.370316E+09   0.969393E+03
 0663   0.166630E+06   0.705417E+14   0.322185E+09   0.369428E+09   0.506976E+03
 0664   0.166670E+06   0.705554E+14   0.344285E+09   0.369477E+09   0.362783E+03
 0665   0.166709E+06   0.705689E+14   0.343956E+09   0.369479E+09   0.365287E+03
 0666   0.166748E+06   0.705824E+14   0.343435E+09   0.369423E+09   0.389256E+03
 0667   0.166787E+06   0.705958E+14   0.342627E+09   0.369307E+09   0.451886E+03
 0668   0.166831E+06   0.706097E+14   0.319968E+09   0.368227E+09   0.100440E+04
 0669   0.166869E+06   0.706229E+14   0.340833E+09   0.368039E+09   0.763074E+03
 0670   0.166908E+06   0.706359E+14   0.339849E+09   0.367849E+09   0.347364E+03
 0671   0.166946E+06   0.706489E+14   0.338985E+09   0.367658E+09   0.358401E+03
 0672   0.166984E+06   0.706617E+14   0.338344E+09   0.367517E+09   0.415646E+03
 0673   0.167022E+06   0.706745E+14   0.338123E+09   0.367458E+09   0.656811E+03
 0674   0.167059E+06   0.706872E+14   0.338335E+09   0.367549E+09   0.110570E+04
 0675   0.167092E+06   0.706991E+14   0.366361E+09   0.368886E+09   0.101351E+04
 0676   0.167120E+06   0.707104E+14   0.405800E+09   0.371857E+09   0.103442E+04
 0677   0.167147E+06   0.707218E+14   0.411871E+09   0.375613E+09   0.814574E+03
 0678   0.167189E+06   0.707353E+14   0.325951E+09   0.376566E+09   0.341916E+03
 0679   0.167234E+06   0.707495E+14   0.311503E+09   0.375433E+09   0.642708E+03
 0680   0.167284E+06   0.707643E+14   0.297803E+09   0.372443E+09   0.376330E+03
 0681   0.167325E+06   0.707777E+14   0.329450E+09   0.370634E+09   0.100729E+04
 0682   0.167365E+06   0.707909E+14   0.326011E+09   0.368527E+09   0.352077E+03
 0683   0.167401E+06   0.708031E+14   0.343158E+09   0.367182E+09   0.472636E+03
 0684   0.167436E+06   0.708152E+14   0.338656E+09   0.365829E+09   0.107325E+04
 0685   0.167472E+06   0.708270E+14   0.334567E+09   0.364505E+09   0.343204E+03
 0686   0.167507E+06   0.708386E+14   0.331059E+09   0.363237E+09   0.431350E+03
 0687   0.167537E+06   0.708494E+14   0.353295E+09   0.362894E+09   0.641572E+03
 0688   0.167572E+06   0.708606E+14   0.325567E+09   0.361734E+09   0.541904E+03
 0689   0.167602E+06   0.708710E+14   0.348299E+09   0.361493E+09   0.342401E+03
 0690   0.167631E+06   0.708813E+14   0.346477E+09   0.361263E+09   0.368195E+03
 0691   0.167665E+06   0.708920E+14   0.320362E+09   0.360213E+09   0.689356E+03
 0692   0.167694E+06   0.709020E+14   0.343673E+09   0.359972E+09   0.103218E+04
 0693   0.167727E+06   0.709124E+14   0.318068E+09   0.358875E+09   0.343394E+03
 0694   0.167755E+06   0.709221E+14   0.341004E+09   0.358560E+09   0.377312E+03
 0695   0.167787E+06   0.709323E+14   0.315497E+09   0.357482E+09   0.796548E+03
 0696   0.167815E+06   0.709417E+14   0.337937E+09   0.357262E+09   0.843756E+03
 0697   0.167847E+06   0.709515E+14   0.312703E+09   0.356109E+09   0.355090E+03
 0698   0.167874E+06   0.709607E+14   0.334186E+09   0.355642E+09   0.423084E+03
 0699   0.167901E+06   0.709698E+14   0.331757E+09   0.355120E+09   0.696189E+03
 0700   0.167932E+06   0.709793E+14   0.306592E+09   0.353726E+09   0.351475E+03
 0701   0.167960E+06   0.709881E+14   0.326747E+09   0.353165E+09   0.359861E+03
 0702   0.167987E+06   0.709969E+14   0.324346E+09   0.352484E+09   0.476377E+03
 0703   0.168013E+06   0.710055E+14   0.321765E+09   0.351839E+09   0.928595E+03
 0704   0.168036E+06   0.710136E+14   0.348111E+09   0.352135E+09   0.909003E+03
 0705   0.168063E+06   0.710220E+14   0.318173E+09   0.351629E+09   0.335288E+03
 0706   0.168085E+06   0.710298E+14   0.347547E+09   0.351983E+09   0.344080E+03
 0707   0.168108E+06   0.710375E+14   0.348173E+09   0.352576E+09   0.360785E+03
 0708   0.168137E+06   0.710462E+14   0.298140E+09   0.351618E+09   0.861438E+03
 0709   0.168162E+06   0.710543E+14   0.321268E+09   0.351363E+09   0.369098E+03
 0710   0.168183E+06   0.710617E+14   0.351284E+09   0.351999E+09   0.334024E+03
 0711   0.168207E+06   0.710696E+14   0.322334E+09   0.351871E+09   0.366960E+03
 0712   0.168232E+06   0.710774E+14   0.322915E+09   0.351842E+09   0.578204E+03
 0713   0.168256E+06   0.710851E+14   0.323662E+09   0.351747E+09   0.838316E+03
 0714   0.168283E+06   0.710933E+14   0.301716E+09   0.350931E+09   0.355970E+03
 0715   0.168306E+06   0.711009E+14   0.324759E+09   0.350878E+09   0.505099E+03
 0716   0.168329E+06   0.711083E+14   0.325248E+09   0.350767E+09   0.892114E+03
 0717   0.168352E+06   0.711158E+14   0.325546E+09   0.350694E+09   0.332433E+03
 0718   0.168374E+06   0.711231E+14   0.325761E+09   0.350653E+09   0.358394E+03
 0719   0.168396E+06   0.711304E+14   0.325969E+09   0.350651E+09   0.538326E+03
 0720   0.168422E+06   0.711380E+14   0.303566E+09   0.349855E+09   0.344688E+03
 0721   0.168443E+06   0.711451E+14   0.326421E+09   0.349596E+09   0.347716E+03
 0722   0.168465E+06   0.711522E+14   0.326158E+09   0.349484E+09   0.477930E+03
 0723   0.168486E+06   0.711591E+14   0.326332E+09   0.349444E+09   0.840024E+03
 0724   0.168510E+06   0.711664E+14   0.303998E+09   0.348559E+09   0.334282E+03
 0725   0.168534E+06   0.711736E+14   0.304138E+09   0.347650E+09   0.638271E+03
 0726   0.168554E+06   0.711803E+14   0.326447E+09   0.347450E+09   0.547244E+03
 0727   0.168575E+06   0.711869E+14   0.326178E+09   0.347265E+09   0.321593E+03
 0728   0.168595E+06   0.711934E+14   0.325734E+09   0.347061E+09   0.380282E+03
 0729   0.168617E+06   0.712003E+14   0.302905E+09   0.346223E+09   0.781746E+03
 0730   0.168637E+06   0.712067E+14   0.324800E+09   0.346024E+09   0.321454E+03
 0731   0.168657E+06   0.712130E+14   0.324199E+09   0.345908E+09   0.349896E+03
 0732   0.168676E+06   0.712193E+14   0.323800E+09   0.345834E+09   0.508216E+03
 0733   0.168695E+06   0.712255E+14   0.323413E+09   0.345786E+09   0.753373E+03
 0734   0.168714E+06   0.712316E+14   0.323028E+09   0.345743E+09   0.316698E+03
 0735   0.168733E+06   0.712377E+14   0.322686E+09   0.345732E+09   0.351566E+03
 0736   0.168749E+06   0.712434E+14   0.352103E+09   0.346323E+09   0.384602E+03
 0737   0.168770E+06   0.712498E+14   0.299984E+09   0.345778E+09   0.615871E+03
 0738   0.168789E+06   0.712557E+14   0.322221E+09   0.345805E+09   0.311083E+03
 0739   0.168807E+06   0.712617E+14   0.322081E+09   0.345844E+09   0.375225E+03
 0740   0.168826E+06   0.712675E+14   0.321973E+09   0.345894E+09   0.629522E+03
 0741   0.168844E+06   0.712734E+14   0.321884E+09   0.345954E+09   0.375305E+03
 0742   0.168862E+06   0.712792E+14   0.321869E+09   0.346043E+09   0.323125E+03
 0743   0.168877E+06   0.712846E+14   0.351618E+09   0.346704E+09   0.346736E+03
 0744   0.168895E+06   0.712903E+14   0.321976E+09   0.346840E+09   0.560081E+03
 0745   0.168913E+06   0.712960E+14   0.322243E+09   0.347000E+09   0.418082E+03
 0746   0.168930E+06   0.713017E+14   0.322561E+09   0.347151E+09   0.314945E+03
 0747   0.168950E+06   0.713076E+14   0.300477E+09   0.346732E+09   0.634015E+03
 0748   0.168967E+06   0.713132E+14   0.323120E+09   0.346824E+09   0.318216E+03
 0749   0.168985E+06   0.713188E+14   0.323200E+09   0.346925E+09   0.334620E+03
 0750   0.169002E+06   0.713243E+14   0.323472E+09   0.347050E+09   0.533898E+03
 0751   0.169019E+06   0.713298E+14   0.323802E+09   0.347195E+09   0.391812E+03
 0752   0.169035E+06   0.713353E+14   0.324161E+09   0.347359E+09   0.316553E+03
 0753   0.169052E+06   0.713407E+14   0.324609E+09   0.347508E+09   0.468803E+03
 0754   0.169069E+06   0.713461E+14   0.325184E+09   0.347698E+09   0.472793E+03
 0755   0.169085E+06   0.713514E+14   0.325837E+09   0.347901E+09   0.304663E+03
 0756   0.169104E+06   0.713571E+14   0.303848E+09   0.347613E+09   0.603935E+03
 0757   0.169120E+06   0.713624E+14   0.327367E+09   0.347849E+09   0.304951E+03
 0758   0.169136E+06   0.713676E+14   0.328083E+09   0.348064E+09   0.339994E+03
 0759   0.169152E+06   0.713728E+14   0.328704E+09   0.348313E+09   0.563232E+03
 0760   0.169167E+06   0.713780E+14   0.329375E+09   0.348571E+09   0.311510E+03
 0761   0.169183E+06   0.713832E+14   0.329947E+09   0.348867E+09   0.329546E+03
 0762   0.169199E+06   0.713883E+14   0.330582E+09   0.349181E+09   0.535382E+03
 0763   0.169216E+06   0.713937E+14   0.307947E+09   0.349007E+09   0.296174E+03
 0764   0.169231E+06   0.713988E+14   0.331806E+09   0.349269E+09   0.414809E+03
 0765   0.169249E+06   0.714041E+14   0.308868E+09   0.349024E+09   0.298359E+03
 0766   0.169264E+06   0.714092E+14   0.332442E+09   0.349253E+09   0.347173E+03
 0767   0.169281E+06   0.714144E+14   0.309336E+09   0.349042E+09   0.375337E+03
 0768   0.169296E+06   0.714194E+14   0.332855E+09   0.349270E+09   0.312641E+03
 0769   0.169311E+06   0.714243E+14   0.332940E+09   0.349512E+09   0.498990E+03
 0770   0.169327E+06   0.714295E+14   0.309791E+09   0.349285E+09   0.293952E+03
 0771   0.169342E+06   0.714344E+14   0.333169E+09   0.349516E+09   0.436173E+03
 0772   0.169357E+06   0.714392E+14   0.333207E+09   0.349758E+09   0.364355E+03
 0773   0.169371E+06   0.714441E+14   0.333278E+09   0.349995E+09   0.317124E+03
 0774   0.169388E+06   0.714492E+14   0.310067E+09   0.349796E+09   0.410092E+03
 0775   0.169402E+06   0.714539E+14   0.333443E+09   0.350011E+09   0.308101E+03
 0776   0.169418E+06   0.714590E+14   0.310231E+09   0.349797E+09   0.429395E+03
 0777   0.169432E+06   0.714637E+14   0.333444E+09   0.350013E+09   0.306544E+03
 0778   0.169446E+06   0.714684E+14   0.333342E+09   0.350257E+09   0.512698E+03
 0779   0.169460E+06   0.714730E+14   0.333324E+09   0.350523E+09   0.287291E+03
 0780   0.169474E+06   0.714777E+14   0.333352E+09   0.350792E+09   0.404629E+03
 0781   0.169488E+06   0.714823E+14   0.333375E+09   0.351060E+09   0.333439E+03
 0782   0.169502E+06   0.714869E+14   0.333406E+09   0.351308E+09   0.337184E+03
 0783   0.169518E+06   0.714918E+14   0.310237E+09   0.351134E+09   0.290878E+03
 0784   0.169531E+06   0.714964E+14   0.333495E+09   0.351378E+09   0.384448E+03
 0785   0.169545E+06   0.715009E+14   0.333512E+09   0.351601E+09   0.329581E+03
 0786   0.169559E+06   0.715055E+14   0.333492E+09   0.351819E+09   0.346683E+03
 0787   0.169574E+06   0.715103E+14   0.310371E+09   0.351600E+09   0.284215E+03
 0788   0.169588E+06   0.715148E+14   0.333440E+09   0.351796E+09   0.430971E+03
 0789   0.169601E+06   0.715192E+14   0.333343E+09   0.351982E+09   0.284782E+03
 0790   0.169616E+06   0.715239E+14   0.310279E+09   0.351750E+09   0.494486E+03
 0791   0.169629E+06   0.715284E+14   0.333160E+09   0.351933E+09   0.303226E+03
 0792   0.169643E+06   0.715328E+14   0.333020E+09   0.352109E+09   0.470685E+03
 0793   0.169656E+06   0.715371E+14   0.332873E+09   0.352268E+09   0.312860E+03
 0794   0.169669E+06   0.715415E+14   0.332689E+09   0.352426E+09   0.391355E+03
 0795   0.169684E+06   0.715461E+14   0.309769E+09   0.352181E+09   0.440671E+03
 0796   0.169697E+06   0.715504E+14   0.332415E+09   0.352320E+09   0.280672E+03
 0797   0.169710E+06   0.715547E+14   0.332199E+09   0.352458E+09   0.477884E+03
 0798   0.169721E+06   0.715587E+14   0.362207E+09   0.353002E+09   0.281286E+03
 0799   0.169734E+06   0.715630E+14   0.331722E+09   0.353184E+09   0.448317E+03
 0800   0.169746E+06   0.715672E+14   0.331632E+09   0.353366E+09   0.286673E+03
 0801   0.169759E+06   0.715714E+14   0.331547E+09   0.353524E+09   0.393698E+03
 0802   0.169774E+06   0.715759E+14   0.308842E+09   0.353274E+09   0.451483E+03
 0803   0.169786E+06   0.715801E+14   0.331304E+09   0.353386E+09   0.299221E+03
 0804   0.169799E+06   0.715843E+14   0.331065E+09   0.353483E+09   0.317565E+03
 0805   0.169811E+06   0.715884E+14   0.330823E+09   0.353570E+09   0.405465E+03
 0806   0.169824E+06   0.715925E+14   0.330590E+09   0.353654E+09   0.282092E+03
 0807   0.169836E+06   0.715966E+14   0.330386E+09   0.353730E+09   0.333741E+03
 0808   0.169849E+06   0.716007E+14   0.330197E+09   0.353802E+09   0.398534E+03
 0809   0.169861E+06   0.716048E+14   0.330014E+09   0.353865E+09   0.285031E+03
 0810   0.169873E+06   0.716088E+14   0.329828E+09   0.353931E+09   0.302248E+03
 0811   0.169885E+06   0.716129E+14   0.329667E+09   0.354000E+09   0.425013E+03
 0812   0.169898E+06   0.716169E+14   0.329522E+09   0.354072E+09   0.316919E+03
 0813   0.169910E+06   0.716208E+14   0.329397E+09   0.354141E+09   0.275908E+03
 0814   0.169920E+06   0.716245E+14   0.358633E+09   0.354563E+09   0.403269E+03
 0815   0.169932E+06   0.716285E+14   0.328994E+09   0.354627E+09   0.308395E+03
 0816   0.169944E+06   0.716324E+14   0.328884E+09   0.354681E+09   0.274613E+03
 0817   0.169956E+06   0.716363E+14   0.328759E+09   0.354731E+09   0.313206E+03
 0818   0.169968E+06   0.716402E+14   0.328636E+09   0.354777E+09   0.415364E+03
 0819   0.169979E+06   0.716441E+14   0.328505E+09   0.354824E+09   0.352806E+03
 0820   0.169991E+06   0.716479E+14   0.328385E+09   0.354866E+09   0.292001E+03
 0821   0.170003E+06   0.716518E+14   0.328256E+09   0.354898E+09   0.273422E+03
 0822   0.170014E+06   0.716556E+14   0.328103E+09   0.354924E+09   0.282870E+03
 0823   0.170024E+06   0.716591E+14   0.356797E+09   0.355297E+09   0.377656E+03
 0824   0.170036E+06   0.716629E+14   0.327626E+09   0.355330E+09   0.328682E+03
 0825   0.170046E+06   0.716664E+14   0.356320E+09   0.355710E+09   0.273979E+03
 0826   0.170057E+06   0.716702E+14   0.327212E+09   0.355750E+09   0.285755E+03
 0827   0.170069E+06   0.716739E+14   0.327102E+09   0.355787E+09   0.311052E+03
 0828   0.170078E+06   0.716774E+14   0.355707E+09   0.356166E+09   0.348917E+03
 0829   0.170090E+06   0.716811E+14   0.326751E+09   0.356207E+09   0.327663E+03
 0830   0.170101E+06   0.716848E+14   0.326674E+09   0.356239E+09   0.313581E+03
 0831   0.170112E+06   0.716884E+14   0.326596E+09   0.356263E+09   0.305231E+03
 0832   0.170123E+06   0.716921E+14   0.326513E+09   0.356280E+09   0.301999E+03
 0833   0.170133E+06   0.716955E+14   0.354844E+09   0.356621E+09   0.270269E+03
 0834   0.170144E+06   0.716991E+14   0.326192E+09   0.356632E+09   0.269785E+03
 0835   0.170155E+06   0.717027E+14   0.326137E+09   0.356638E+09   0.269655E+03
 0836   0.170166E+06   0.717063E+14   0.326082E+09   0.356637E+09   0.271480E+03
 0837   0.170175E+06   0.717096E+14   0.354197E+09   0.356953E+09   0.272821E+03
 0838   0.170186E+06   0.717131E+14   0.325787E+09   0.356954E+09   0.268941E+03
 0839   0.170196E+06   0.717164E+14   0.353874E+09   0.357285E+09   0.286519E+03
 0840   0.170203E+06   0.717195E+14   0.393324E+09   0.357946E+09   0.307008E+03
 0841   0.170213E+06   0.717227E+14   0.353591E+09   0.358307E+09   0.272459E+03
 0842   0.170223E+06   0.717262E+14   0.325224E+09   0.358357E+09   0.304338E+03
 0843   0.170234E+06   0.717297E+14   0.325352E+09   0.358395E+09   0.346279E+03
 0844   0.170245E+06   0.717332E+14   0.325447E+09   0.358415E+09   0.306839E+03
 0845   0.170254E+06   0.717364E+14   0.353620E+09   0.358742E+09   0.346465E+03
 0846   0.170264E+06   0.717398E+14   0.325351E+09   0.358762E+09   0.273451E+03
 0847   0.170275E+06   0.717433E+14   0.325393E+09   0.358757E+09   0.266143E+03
 0848   0.170287E+06   0.717469E+14   0.304493E+09   0.358424E+09   0.294962E+03
 0849   0.170296E+06   0.717501E+14   0.353246E+09   0.358702E+09   0.299115E+03
 0850   0.170305E+06   0.717532E+14   0.353001E+09   0.358981E+09   0.298150E+03
 0851   0.170315E+06   0.717566E+14   0.325000E+09   0.358952E+09   0.263369E+03
 0852   0.170324E+06   0.717597E+14   0.352620E+09   0.359220E+09   0.262906E+03
 0853   0.170334E+06   0.717630E+14   0.324706E+09   0.359179E+09   0.316621E+03
 0854   0.170344E+06   0.717663E+14   0.324644E+09   0.359129E+09   0.264490E+03
 0855   0.170353E+06   0.717694E+14   0.352032E+09   0.359380E+09   0.260571E+03
 0856   0.170363E+06   0.717727E+14   0.324352E+09   0.359319E+09   0.284327E+03
 0857   0.170372E+06   0.717757E+14   0.351637E+09   0.359552E+09   0.290437E+03
 0858   0.170382E+06   0.717790E+14   0.324067E+09   0.359498E+09   0.263304E+03
 0859   0.170390E+06   0.717820E+14   0.351287E+09   0.359726E+09   0.258600E+03
 0860   0.170400E+06   0.717852E+14   0.323842E+09   0.359667E+09   0.256683E+03
 0861   0.170409E+06   0.717882E+14   0.350952E+09   0.359893E+09   0.254389E+03
 0862   0.170417E+06   0.717912E+14   0.350742E+09   0.360119E+09   0.250845E+03
 0863   0.170427E+06   0.717944E+14   0.323449E+09   0.360055E+09   0.264900E+03
 0864   0.170436E+06   0.717973E+14   0.350446E+09   0.360278E+09   0.253252E+03
 0865   0.170444E+06   0.718002E+14   0.350251E+09   0.360495E+09   0.243648E+03
 0866   0.170452E+06   0.718031E+14   0.350052E+09   0.360715E+09   0.240152E+03
 0867   0.170462E+06   0.718063E+14   0.322923E+09   0.360648E+09   0.237340E+03
 0868   0.170470E+06   0.718092E+14   0.349786E+09   0.360863E+09   0.244989E+03
 0869   0.170480E+06   0.718123E+14   0.322776E+09   0.360792E+09   0.234633E+03
 0870   0.170488E+06   0.718151E+14   0.349517E+09   0.360993E+09   0.229234E+03
 0871   0.170498E+06   0.718182E+14   0.322620E+09   0.360919E+09   0.222832E+03
 0872   0.170506E+06   0.718210E+14   0.349238E+09   0.361114E+09   0.217996E+03
 0873   0.170514E+06   0.718239E+14   0.349036E+09   0.361309E+09   0.213710E+03
 0874   0.170523E+06   0.718269E+14   0.322315E+09   0.361227E+09   0.209262E+03
 0875   0.170531E+06   0.718297E+14   0.348776E+09   0.361412E+09   0.205371E+03
 0876   0.170539E+06   0.718325E+14   0.348590E+09   0.361600E+09   0.201585E+03
 0877   0.170549E+06   0.718355E+14   0.322041E+09   0.361512E+09   0.197586E+03
 0878   0.170557E+06   0.718383E+14   0.348341E+09   0.361691E+09   0.193997E+03
 0879   0.170564E+06   0.718410E+14   0.348164E+09   0.361871E+09   0.190461E+03
 0880   0.170574E+06   0.718440E+14   0.321795E+09   0.361780E+09   0.186690E+03
 0881   0.170581E+06   0.718467E+14   0.347931E+09   0.361954E+09   0.183287E+03
 0882   0.170588E+06   0.718492E+14   0.384370E+09   0.362392E+09   0.180218E+03
 0883   0.170596E+06   0.718519E+14   0.347486E+09   0.362570E+09   0.176914E+03
 0884   0.170603E+06   0.718546E+14   0.347334E+09   0.362753E+09   0.173656E+03
 0885   0.170610E+06   0.718571E+14   0.383801E+09   0.363203E+09   0.170705E+03
 0886   0.170618E+06   0.718597E+14   0.346986E+09   0.363403E+09   0.167526E+03
 0887   0.170627E+06   0.718626E+14   0.320840E+09   0.363338E+09   0.164132E+03
 0888   0.170635E+06   0.718655E+14   0.320977E+09   0.363265E+09   0.160787E+03
 0889   0.170643E+06   0.718681E+14   0.346951E+09   0.363449E+09   0.157735E+03
 0890   0.170649E+06   0.718705E+14   0.383130E+09   0.363887E+09   0.154962E+03
 0891   0.170658E+06   0.718733E+14   0.320766E+09   0.363825E+09   0.151744E+03
 0892   0.170667E+06   0.718762E+14   0.320924E+09   0.363751E+09   0.148572E+03
 0893   0.170676E+06   0.718790E+14   0.321060E+09   0.363666E+09   0.145447E+03
 0894   0.170682E+06   0.718813E+14   0.382580E+09   0.364071E+09   0.142815E+03
 0895   0.170688E+06   0.718837E+14   0.382359E+09   0.364481E+09   0.140216E+03
 0896   0.170694E+06   0.718861E+14   0.382171E+09   0.364898E+09   0.137649E+03
 0897   0.170702E+06   0.718886E+14   0.345995E+09   0.365081E+09   0.134901E+03
 0898   0.170709E+06   0.718912E+14   0.345948E+09   0.365263E+09   0.132188E+03
 0899   0.170716E+06   0.718937E+14   0.345908E+09   0.365445E+09   0.129510E+03
 0900   0.170721E+06   0.718958E+14   0.435737E+09   0.366113E+09   0.127265E+03
 0901   0.170729E+06   0.718984E+14   0.345573E+09   0.366311E+09   0.124654E+03
 0902   0.170736E+06   0.719009E+14   0.345589E+09   0.366510E+09   0.122082E+03
 0903   0.170744E+06   0.719036E+14   0.320007E+09   0.366466E+09   0.119359E+03
 0904   0.170754E+06   0.719065E+14   0.301216E+09   0.366178E+09   0.116555E+03
 0905   0.170762E+06   0.719091E+14   0.320686E+09   0.366117E+09   0.113273E+03
 0906   0.170771E+06   0.719118E+14   0.320896E+09   0.366044E+09   0.110556E+03
 0999   0.170775E+06   0.722184E+14   0.645650E+11   0.697023E+09   0.213783E-01
