 0001  0.1302868311866574E-001
 0002  0.1302868311866574E-001
 0003  0.1295680291736420E-001
 0004  0.1295680291736420E-001
 0005  0.1295680291736420E-001
 0006  0.1295680291736419E-001
 0007  0.1295680291736419E-001
 0008  0.1288537959704411E-001
 0009  0.1288537959704411E-001
 0010  0.1288537959704411E-001
 0011  0.1288537959704411E-001
 0012  0.1280728400220920E-001
 0013  0.1280728400220920E-001
 0014  0.1280728400220920E-001
 0015  0.1280728400220921E-001
 0016  0.1280728400220921E-001
 0017  0.1272204216743837E-001
 0018  0.1272204216743837E-001
 0019  0.1272204216743837E-001
 0020  0.1272204216743837E-001
 0021  0.1263746498362286E-001
 0022  0.1263746498362286E-001
 0023  0.1263746498362286E-001
 0024  0.1263746498362286E-001
 0025  0.1254579233679540E-001
 0026  0.1254579233679540E-001
 0027  0.1254579233679540E-001
 0028  0.1245540797348102E-001
 0029  0.1245540797348101E-001
 0030  0.1245540797348101E-001
 0031  0.1235811470371947E-001
 0032  0.1235811470371947E-001
 0033  0.1235811470371947E-001
 0034  0.1235811470371947E-001
 0035  0.1225296785536211E-001
 0036  0.1225296785536211E-001
 0037  0.1225296785536211E-001
 0038  0.1214903778276412E-001
 0039  0.1214903778276412E-001
 0040  0.1203927859885621E-001
 0041  0.1203927859885621E-001
 0042  0.1203927859885621E-001
 0043  0.1192256059619154E-001
 0044  0.1192256059619154E-001
 0045  0.1192256059619154E-001
 0046  0.1179900083058159E-001
 0047  0.1179900083058160E-001
 0048  0.1167831035624601E-001
 0049  0.1167831035624602E-001
 0050  0.1167831035624602E-001
 0051  0.1155058203927477E-001
 0052  0.1155058203927477E-001
 0053  0.1141936914229667E-001
 0054  0.1141936914229667E-001
 0055  0.1141936914229667E-001
 0056  0.1128369063901205E-001
 0057  0.1128369063901205E-001
 0058  0.1114822955851566E-001
 0059  0.1114822955851566E-001
 0060  0.1101576048855416E-001
 0061  0.1101576048855416E-001
 0062  0.1089099581927405E-001
 0063  0.1089099581927405E-001
 0064  0.1079051945969087E-001
 0065  0.1079051945969087E-001
 0066  0.1072480655613432E-001
 0067  0.1072480655613432E-001
 0068  0.1070539455711909E-001
 0069  0.1070539455711909E-001
 0070  0.1074486802507994E-001
 0071  0.1074486802507993E-001
 0072  0.1085852971675886E-001
 0073  0.1085852971675886E-001
 0074  0.1108195404402674E-001
 0075  0.1108195404402674E-001
 0076  0.1142375158440312E-001
 0077  0.1187999047991102E-001
 0078  0.1187999047991101E-001
 0079  0.1247263965495796E-001
 0080  0.1247263965495796E-001
 0081  0.1341760365313890E-001
 0082  0.1450654071358872E-001
 0083  0.1450654071358871E-001
 0084  0.1578387472484391E-001
 0085  0.1721007812827671E-001
 0086  0.1878667541610498E-001
 0087  0.1878667541610498E-001
 0088  0.2060481187329766E-001
 0089  0.2288714695296328E-001
 0090  0.2532220058944810E-001
 0091  0.2793081223879451E-001
 0092  0.3071104923624923E-001
 0093  0.3366144542352562E-001
 0094  0.3711981300744539E-001
 0095  0.4073703714136782E-001
 0096  0.4451315888913734E-001
 0097  0.4844870049956433E-001
 0098  0.5256126803984332E-001
 0099  0.5720240153460362E-001
 0100  0.6199143154426612E-001
 0101  0.6694016491455561E-001
 0102  0.7204229785066359E-001
 0103  0.8276795008599848E-001
 0104  0.8836588725687687E-001
 0105  0.9407980098595924E-001
 0106  0.9990431581961969E-001
 0107  0.1058450572809026E+000
 0108  0.1122376473084081E+000
 0109  0.1249563754567485E+000
 0110  0.1312804650261565E+000
 0111  0.1380010963556482E+000
 0112  0.1447722106692769E+000
 0113  0.1515894670350686E+000
 0114  0.1653427650427996E+000
 0115  0.1722607465037505E+000
 0116  0.1792060430305603E+000
 0117  0.1861748207076214E+000
 0118  0.1934463749907462E+000
 0119  0.2076659715043721E+000
 0120  0.2146251851720793E+000
 0121  0.2218408292751427E+000
 0122  0.2290419091453834E+000
 0123  0.2362261533844085E+000
 0124  0.2504674756671397E+000
 0125  0.2575161901826856E+000
 0126  0.2645397030510659E+000
 0127  0.2715394651135329E+000
 0128  0.2787216095054321E+000
 0129  0.2926693453594993E+000
 0130  0.2996358556253100E+000
 0131  0.3065559225613276E+000
 0132  0.3134313965625806E+000
 0133  0.3269487661038098E+000
 0134  0.3335885983354770E+000
 0135  0.3401825752934200E+000
 0136  0.3468902244187760E+000
 0137  0.3598826232263887E+000
 0138  0.3663243217114314E+000
 0139  0.3727105998514652E+000
 0140  0.3790430240462720E+000
 0141  0.3915753234737377E+000
 0142  0.3976402529009283E+000
 0143  0.4037778642451341E+000
 0144  0.4098558746970140E+000
 0145  0.4217355806476557E+000
 0146  0.4275390929990874E+000
 0147  0.4332876116041486E+000
 0148  0.4390879365157140E+000
 0149  0.4503074846052231E+000
 0150  0.4558338739108915E+000
 0151  0.4613038663561752E+000
 0152  0.4668102361335527E+000
 0153  0.4774583854642439E+000
 0154  0.4826935683262217E+000
 0155  0.4878724957320161E+000
 0156  0.4980496772574483E+000
 0157  0.5029711895759886E+000
 0158  0.5079153106314996E+000
 0159  0.5128047730545336E+000
 0160  0.5224019131302312E+000
 0161  0.5270429523025563E+000
 0162  0.5316987082390948E+000
 0163  0.5407684183296766E+000
 0164  0.5451858212927291E+000
 0165  0.5496108432100003E+000
 0166  0.5582261029153133E+000
 0167  0.5624195078779286E+000
 0168  0.5666146827596743E+000
 0169  0.5747778257609463E+000
 0170  0.5787486612665567E+000
 0171  0.5827157877451181E+000
 0172  0.5904307543460968E+000
 0173  0.5941815877186928E+000
 0174  0.5979247043014836E+000
 0175  0.6052013954534093E+000
 0176  0.6087378845057464E+000
 0177  0.6122638661827641E+000
 0178  0.6191171314647760E+000
 0179  0.6224472862260947E+000
 0180  0.6257650937568253E+000
 0181  0.6322391902620300E+000
 0182  0.6353962197249700E+000
 0183  0.6415321466163059E+000
 0184  0.6445358215339949E+000
 0185  0.6475022288129728E+000
 0186  0.6533084849176863E+000
 0187  0.6561287923953383E+000
 0188  0.6616300523325828E+000
 0189  0.6643120327776073E+000
 0190  0.6669781594206923E+000
 0191  0.6721762905543519E+000
 0192  0.6747094575708317E+000
 0193  0.6796489823340807E+000
 0194  0.6820564912303536E+000
 0195  0.6844480922164937E+000
 0196  0.6891105989387721E+000
 0197  0.6913826931066267E+000
 0198  0.6958241663666452E+000
 0199  0.6979939633315744E+000
 0200  0.7022147098634137E+000
 0201  0.7042770434305906E+000
 0202  0.7083081864532698E+000
 0203  0.7102775196216020E+000
 0204  0.7141263719540114E+000
 0205  0.7160064720235155E+000
 0206  0.7196736452767433E+000
 0207  0.7214617467526891E+000
 0208  0.7249571838653622E+000
 0209  0.7266650480141931E+000
 0210  0.7300090797830189E+000
 0211  0.7316454549365395E+000
 0212  0.7348432452432534E+000
 0213  0.7364052500887478E+000
 0214  0.7394578896055269E+000
 0215  0.7409491118832872E+000
 0216  0.7438718566517645E+000
 0217  0.7452995062700218E+000
 0218  0.7480932634930648E+000
 0219  0.7494597694812866E+000
 0220  0.7521336406803938E+000
 0221  0.7547116076853165E+000
 0222  0.7559741379514900E+000
 0223  0.7584448025516667E+000
 0224  0.7596533604508222E+000
 0225  0.7620209062287429E+000
 0226  0.7643089518949443E+000
 0227  0.7654282986980575E+000
 0228  0.7676230342158691E+000
 0229  0.7697444032523051E+000
 0230  0.7707832128288693E+000
 0231  0.7728198751325753E+000
 0232  0.7738179177476621E+000
 0233  0.7757743932277791E+000
 0234  0.7776671303738709E+000
 0235  0.7795009084324694E+000
 0236  0.7803995495668068E+000
 0237  0.7821633601933472E+000
 0238  0.7838720551100211E+000
 0239  0.7847102899651877E+000
 0240  0.7863560184296593E+000
 0241  0.7879517241098158E+000
 0242  0.7894989836013723E+000
 0243  0.7902588498084394E+000
 0244  0.7917508710241048E+000
 0245  0.7931984224138043E+000
 0246  0.7946037935285254E+000
 0247  0.7959689520887566E+000
 0248  0.7966396455357180E+000
 0249  0.7979579132847671E+000
 0250  0.7992390120366734E+000
 0251  0.8004842557723993E+000
 0252  0.8016950628617521E+000
 0253  0.8028726337303085E+000
 0254  0.8040184498127541E+000
 0255  0.8051336211321921E+000
 0256  0.8062191768975508E+000
 0257  0.8072762613388915E+000
 0258  0.8077964311048347E+000
 0259  0.8088205316159338E+000
 0260  0.8098182440941601E+000
 0261  0.8107882976526608E+000
 0262  0.8117290837779376E+000
 0263  0.8126418030472793E+000
 0264  0.8139559137027069E+000
 0265  0.8147971614777043E+000
 0266  0.8156143867904646E+000
 0267  0.8164085227504323E+000
 0268  0.8171804567807597E+000
 0269  0.8179310333020094E+000
 0270  0.8186610562327032E+000
 0271  0.8193712913209138E+000
 0272  0.8203975832290410E+000
 0273  0.8210569144010963E+000
 0274  0.8216990706348750E+000
 0275  0.8223246606263392E+000
 0276  0.8232302124741440E+000
 0277  0.8238129671462855E+000
 0278  0.8243812457161812E+000
 0279  0.8252048849761391E+000
 0280  0.8257355874789389E+000
 0281  0.8262535774238254E+000
 0282  0.8270052153413034E+000
 0283  0.8274900848471185E+000
 0284  0.8281942454752990E+000
 0285  0.8286488575306041E+000
 0286  0.8293095940734697E+000
 0287  0.8297364998459672E+000
 0288  0.8303574293518271E+000
 0289  0.8309545821561444E+000
 0290  0.8313408682466038E+000
 0291  0.8319033671636930E+000
 0292  0.8324450899771106E+000
 0293  0.8329670815545895E+000
 0294  0.8333052591820024E+000
 0295  0.8337984260919196E+000
 0296  0.8342742275683200E+000
 0297  0.8347334931732603E+000
 0298  0.8351770016917482E+000
 0299  0.8356054849061793E+000
 0300  0.8360196310423795E+000
 0301  0.8364200879198581E+000
 0302  0.8368074658352527E+000
 0303  0.8373037133656640E+000
 0304  0.8376614539332291E+000
 0305  0.8380079730943147E+000
 0306  0.8384525655472160E+000
 0307  0.8387735502450768E+000
 0308  0.8391857991674349E+000
 0309  0.8394837263220701E+000
 0310  0.8398667241813930E+000
 0311  0.8402337040462391E+000
 0312  0.8405855494096467E+000
 0313  0.8409230814037963E+000
 0314  0.8412470641646116E+000
 0315  0.8415582096552551E+000
 0316  0.8418571820108203E+000
 0317  0.8422142840802267E+000
 0318  0.8424874035335200E+000
 0319  0.8428140338546583E+000
 0320  0.8430641489658350E+000
 0321  0.8433636115118022E+000
 0322  0.8436489368259945E+000
 0323  0.8439209729747844E+000
 0324  0.8442306877198856E+000
 0325  0.8444757081042765E+000
 0326  0.8447550747707427E+000
 0327  0.8450192484134538E+000
 0328  0.8452692527279981E+000
 0329  0.8455440589076098E+000
 0330  0.8457661437299248E+000
 0331  0.8460106623418011E+000
 0332  0.8462719350678483E+000
 0333  0.8464858552543419E+000
 0334  0.8467422485065115E+000
 0335  0.8469538349557416E+000
 0336  0.8471750910969901E+000
 0337  0.8474016777644070E+000
 0338  0.8476295379189193E+000
 0339  0.8478371469274795E+000
 0340  0.8480590170736325E+000
 0341  0.8482581167607933E+000
 0342  0.8484628192925247E+000
 0343  0.8486663164394489E+000
 0344  0.8488628035898643E+000
 0345  0.8490556853470875E+000
 0346  0.8492503345245631E+000
 0347  0.8494379227877661E+000
 0348  0.8496264257749229E+000
 0349  0.8498086094879931E+000
 0350  0.8499194350219541E+000
 0351  0.8499194350219541E+000
 0352  0.8499194350219541E+000
 0353  0.8499194350219541E+000
 0354  0.8499194350219541E+000
 0355  0.8499194350219541E+000
 0356  0.8499194350219541E+000
 0357  0.8499194350219541E+000
 0358  0.8499194350219541E+000
 0359  0.8499194350219541E+000
 0360  0.8499194350219541E+000
 0361  0.8499194350219541E+000
 0362  0.8499194350219541E+000
 0363  0.8499194350219541E+000
 0364  0.8499194350219541E+000
 0365  0.8499194350219541E+000
 0366  0.8499194350219541E+000
 0367  0.8499194350219541E+000
 0368  0.8499194350219541E+000
 0369  0.8499194350219541E+000
 0370  0.8499194350219541E+000
 0371  0.8499194350219541E+000
 0372  0.8499194350219541E+000
 0373  0.8499194350219541E+000
 0374  0.8499194350219541E+000
 0375  0.8499194350219541E+000
 0376  0.8499194350219541E+000
 0377  0.8499194350219541E+000
 0378  0.8499194350219541E+000
 0379  0.8499194350219541E+000
 0380  0.8499194350219541E+000
 0381  0.8499194350219541E+000
 0382  0.8499194350219541E+000
 0383  0.8499194350219541E+000
 0384  0.8499194350219541E+000
 0385  0.8499194350219541E+000
 0386  0.8499194350219541E+000
 0387  0.8499194350219541E+000
 0388  0.8499194350219541E+000
 0389  0.8499194350219541E+000
 0390  0.8499194350219541E+000
 0391  0.8499194350219541E+000
 0392  0.8499194350219541E+000
 0393  0.8499194350219541E+000
 0394  0.8499194350219541E+000
 0395  0.8499194350219541E+000
 0396  0.8499194350219541E+000
 0397  0.8499194350219541E+000
 0398  0.8499194350219541E+000
 0399  0.8499194350219541E+000
 0400  0.8499194350219541E+000
 0401  0.8499194350219541E+000
 0402  0.8499194350219541E+000
 0403  0.8499194350219541E+000
 0404  0.8499194350219541E+000
 0405  0.8499194350219541E+000
 0406  0.8499194350219541E+000
 0407  0.8499194350219541E+000
 0408  0.8499194350219541E+000
 0409  0.8499194350219541E+000
 0410  0.8499194350219541E+000
 0411  0.8499194350219541E+000
 0412  0.8499194350219541E+000
 0413  0.8499194350219541E+000
 0414  0.8499194350219541E+000
 0415  0.8499194350219541E+000
 0416  0.8499194350219541E+000
 0417  0.8499194350219541E+000
 0418  0.8499194350219541E+000
 0419  0.8499194350219541E+000
 0420  0.8499194350219541E+000
 0421  0.8499194350219541E+000
 0422  0.8499194350219541E+000
 0423  0.8499194350219541E+000
 0424  0.8499194350219541E+000
 0425  0.8499194350219541E+000
 0426  0.8499194350219541E+000
 0427  0.8499194350219541E+000
 0428  0.8499194350219541E+000
 0429  0.8499194350219541E+000
 0430  0.8499194350219541E+000
 0431  0.8499194350219541E+000
 0432  0.8499194350219541E+000
 0433  0.8499194350219541E+000
 0434  0.8499194350219541E+000
 0435  0.8499194350219541E+000
 0436  0.8499194350219541E+000
 0437  0.8499194350219541E+000
 0438  0.8499194350219541E+000
 0439  0.8499194350219541E+000
 0440  0.8499194350219541E+000
 0441  0.8499194350219541E+000
 0442  0.8499194350219541E+000
 0443  0.8499194350219541E+000
 0444  0.8499194350219541E+000
 0445  0.8499194350219541E+000
 0446  0.8499194350219541E+000
 0447  0.8499194350219541E+000
 0448  0.8499194350219541E+000
 0449  0.8499194350219541E+000
 0450  0.8499194350219541E+000
 0451  0.8499194350219541E+000
 0452  0.8499194350219541E+000
 0453  0.8499194350219541E+000
 0454  0.8499194350219541E+000
 0455  0.8499194350219541E+000
 0456  0.8499194350219541E+000
 0457  0.8499194350219541E+000
 0458  0.8499194350219541E+000
 0459  0.8499194350219541E+000
 0460  0.8499194350219541E+000
 0461  0.8499194350219541E+000
 0462  0.8499194350219541E+000
 0463  0.8499194350219541E+000
 0464  0.8499194350219541E+000
 0465  0.8499194350219541E+000
 0466  0.8499194350219541E+000
 0467  0.8499194350219541E+000
 0468  0.8499194350219541E+000
 0469  0.8499194350219541E+000
 0470  0.8499194350219541E+000
 0471  0.8499194350219541E+000
 0472  0.8499194350219541E+000
 0473  0.8499194350219541E+000
 0474  0.8499194350219541E+000
 0475  0.8499194350219541E+000
 0476  0.8499194350219541E+000
 0477  0.8499194350219541E+000
 0478  0.8499194350219541E+000
 0479  0.8499194350219541E+000
 0480  0.8499194350219541E+000
 0481  0.8499194350219541E+000
 0482  0.8499194350219541E+000
 0483  0.8499194350219541E+000
 0484  0.8499194350219541E+000
 0485  0.8499194350219541E+000
 0486  0.8499194350219541E+000
 0487  0.8499194350219541E+000
 0488  0.8499194350219541E+000
 0489  0.8499194350219541E+000
 0490  0.8499194350219541E+000
 0491  0.8499194350219541E+000
 0492  0.8499194350219541E+000
 0493  0.8499194350219541E+000
 0494  0.8499194350219541E+000
 0495  0.8499194350219541E+000
 0496  0.8499194350219541E+000
 0497  0.8499194350219541E+000
 0498  0.8499194350219541E+000
 0499  0.8499194350219541E+000
 0500  0.8499194350219541E+000
 0501  0.8499194350219541E+000
 0502  0.8499194350219541E+000
 0503  0.8499194350219541E+000
 0504  0.8499194350219541E+000
 0505  0.8499194350219541E+000
 0506  0.8499194350219541E+000
 0507  0.8499194350219541E+000
 0508  0.8499194350219541E+000
 0509  0.8499194350219541E+000
 0510  0.8499194350219541E+000
 0511  0.8499194350219541E+000
 0512  0.8499194350219541E+000
 0513  0.8499194350219541E+000
 0514  0.8499194350219541E+000
 0515  0.8499194350219541E+000
 0516  0.8499194350219541E+000
 0517  0.8499194350219541E+000
 0518  0.8499194350219541E+000
 0519  0.8499194350219541E+000
 0520  0.8499194350219541E+000
 0521  0.8499194350219541E+000
 0522  0.8499194350219541E+000
 0523  0.8499194350219541E+000
 0524  0.8499194350219541E+000
 0525  0.8499194350219541E+000
 0526  0.8499194350219541E+000
 0527  0.8499194350219541E+000
 0528  0.8499194350219541E+000
 0529  0.8499194350219541E+000
 0530  0.8499194350219541E+000
 0531  0.8499194350219541E+000
 0532  0.8499194350219541E+000
 0533  0.8499194350219541E+000
 0534  0.8499194350219541E+000
 0535  0.8499194350219541E+000
 0536  0.8499194350219541E+000
 0537  0.8499194350219541E+000
 0538  0.8499194350219541E+000
 0539  0.8499194350219541E+000
 0540  0.8499194350219541E+000
 0541  0.8499194350219541E+000
 0542  0.8499194350219541E+000
 0543  0.8499194350219541E+000
 0544  0.8499194350219541E+000
 0545  0.8499194350219541E+000
 0546  0.8499194350219541E+000
 0547  0.8499194350219541E+000
 0548  0.8499194350219541E+000
 0549  0.8499194350219541E+000
 0550  0.8499194350219541E+000
 0551  0.8499194350219541E+000
 0552  0.8499194350219541E+000
 0553  0.8499194350219541E+000
 0554  0.8499194350219541E+000
 0555  0.8499194350219541E+000
 0556  0.8499194350219541E+000
 0557  0.8499194350219541E+000
 0558  0.8499194350219541E+000
 0559  0.8499194350219541E+000
 0560  0.8499194350219541E+000
 0561  0.8499194350219541E+000
 0562  0.8499194350219541E+000
 0563  0.8499194350219541E+000
 0564  0.8499194350219541E+000
 0565  0.8499194350219541E+000
 0566  0.8499194350219541E+000
 0567  0.8499194350219541E+000
 0568  0.8499194350219541E+000
 0569  0.8499194350219541E+000
 0570  0.8499194350219541E+000
 0571  0.8499194350219541E+000
 0572  0.8499194350219541E+000
 0573  0.8499194350219541E+000
 0574  0.8499194350219541E+000
 0575  0.8499194350219541E+000
 0576  0.8499194350219541E+000
 0577  0.8499194350219541E+000
 0578  0.8499194350219541E+000
 0579  0.8499194350219541E+000
 0580  0.8499194350219541E+000
 0581  0.8499194350219541E+000
 0582  0.8499194350219541E+000
 0583  0.8499194350219541E+000
 0584  0.8499194350219541E+000
 0585  0.8499194350219541E+000
 0586  0.8499194350219541E+000
 0587  0.8499194350219541E+000
 0588  0.8499194350219541E+000
 0589  0.8499194350219541E+000
 0590  0.8499194350219541E+000
 0591  0.8499194350219541E+000
 0592  0.8499194350219541E+000
 0593  0.8499194350219541E+000
 0594  0.8499194350219541E+000
 0595  0.8499194350219541E+000
 0596  0.8499194350219541E+000
 0597  0.8499194350219541E+000
 0598  0.8499194350219541E+000
 0599  0.8499194350219541E+000
 0600  0.8499194350219541E+000
 0601  0.8499194350219541E+000
 0602  0.8499194350219541E+000
 0603  0.8499194350219541E+000
 0604  0.8499194350219541E+000
 0605  0.8499194350219541E+000
 0606  0.8499194350219541E+000
 0607  0.8499194350219541E+000
 0608  0.8499194350219541E+000
 0609  0.8499194350219541E+000
 0610  0.8499194350219541E+000
 0611  0.8499194350219541E+000
 0612  0.8499194350219541E+000
 0613  0.8499194350219541E+000
 0614  0.8499194350219541E+000
 0615  0.8499194350219541E+000
 0616  0.8499194350219541E+000
 0617  0.8499194350219541E+000
 0618  0.8499194350219541E+000
 0619  0.8499194350219541E+000
 0620  0.8499194350219541E+000
 0621  0.8499194350219541E+000
 0622  0.8499194350219541E+000
 0623  0.8499194350219541E+000
 0624  0.8499194350219541E+000
 0625  0.8499194350219541E+000
 0626  0.8499194350219541E+000
 0627  0.8499194350219541E+000
 0628  0.8499194350219541E+000
 0629  0.8499194350219541E+000
 0630  0.8499194350219541E+000
 0631  0.8499194350219541E+000
 0632  0.8499194350219541E+000
 0633  0.8499194350219541E+000
 0634  0.8499194350219541E+000
 0635  0.8499194350219541E+000
 0636  0.8499194350219541E+000
 0637  0.8499194350219541E+000
 0638  0.8499194350219541E+000
 0639  0.8499194350219541E+000
 0640  0.8499194350219541E+000
 0641  0.8499194350219541E+000
 0642  0.8499194350219541E+000
 0643  0.8499194350219541E+000
 0644  0.8499194350219541E+000
 0645  0.8499194350219541E+000
 0646  0.8499194350219541E+000
 0647  0.8499194350219541E+000
 0648  0.8499194350219541E+000
 0649  0.8499194350219541E+000
 0650  0.8499194350219541E+000
 0651  0.8499194350219541E+000
 0652  0.8499194350219541E+000
 0653  0.8499194350219541E+000
 0654  0.8499194350219541E+000
 0655  0.8499194350219541E+000
 0656  0.8499194350219541E+000
 0657  0.8499194350219541E+000
 0658  0.8499194350219541E+000
 0659  0.8499194350219541E+000
 0660  0.8499194350219541E+000
 0661  0.8499194350219541E+000
 0662  0.8499194350219541E+000
 0663  0.8499194350219541E+000
 0664  0.8499194350219541E+000
 0665  0.8499194350219541E+000
 0666  0.8499194350219541E+000
 0667  0.8499194350219541E+000
 0668  0.8499194350219541E+000
 0669  0.8499194350219541E+000
 0670  0.8499194350219541E+000
 0671  0.8499194350219541E+000
 0672  0.8499194350219541E+000
 0673  0.8499194350219541E+000
 0674  0.8499194350219541E+000
 0675  0.8499194350219541E+000
 0676  0.8499194350219541E+000
 0677  0.8499194350219541E+000
 0678  0.8499194350219541E+000
 0679  0.8499194350219541E+000
 0680  0.8499194350219541E+000
 0681  0.8499194350219541E+000
 0682  0.8499194350219541E+000
 0683  0.8499194350219541E+000
 0684  0.8499194350219541E+000
 0685  0.8499194350219541E+000
 0686  0.8499194350219541E+000
 0687  0.8499194350219541E+000
 0688  0.8499194350219541E+000
 0689  0.8499194350219541E+000
 0690  0.8499194350219541E+000
 0691  0.8499194350219541E+000
 0692  0.8499194350219541E+000
 0693  0.8499194350219541E+000
 0694  0.8499194350219541E+000
 0695  0.8499194350219541E+000
 0696  0.8499194350219541E+000
 0697  0.8499194350219541E+000
 0698  0.8499194350219541E+000
 0699  0.8499194350219541E+000
 0700  0.8499194350219541E+000
 0701  0.8499194350219541E+000
 0702  0.8499194350219541E+000
 0703  0.8499194350219541E+000
 0704  0.8499194350219541E+000
 0705  0.8499194350219541E+000
 0706  0.8499194350219541E+000
 0707  0.8499194350219541E+000
 0708  0.8499194350219541E+000
 0709  0.8499194350219541E+000
 0710  0.8499194350219541E+000
 0711  0.8499194350219541E+000
 0712  0.8499194350219541E+000
 0713  0.8499194350219541E+000
 0714  0.8499194350219541E+000
 0715  0.8499194350219541E+000
 0716  0.8499194350219541E+000
 0717  0.8499194350219541E+000
 0718  0.8499194350219541E+000
 0719  0.8499194350219541E+000
 0720  0.8499194350219541E+000
 0721  0.8499194350219541E+000
 0722  0.8499194350219541E+000
 0723  0.8499194350219541E+000
 0724  0.8499194350219541E+000
 0725  0.8499194350219541E+000
 0726  0.8499194350219541E+000
 0727  0.8499194350219541E+000
 0728  0.8499194350219541E+000
 0729  0.8499194350219541E+000
 0730  0.8499194350219541E+000
 0731  0.8499194350219541E+000
 0732  0.8499194350219541E+000
 0733  0.8499194350219541E+000
 0734  0.8499194350219541E+000
 0735  0.8499194350219541E+000
 0736  0.8499194350219541E+000
 0737  0.8499194350219541E+000
 0738  0.8499194350219541E+000
 0739  0.8499194350219541E+000
 0740  0.8499194350219541E+000
 0741  0.8499194350219541E+000
 0742  0.8499194350219541E+000
 0743  0.8499194350219541E+000
 0744  0.8499194350219541E+000
 0745  0.8499194350219541E+000
 0746  0.8499194350219541E+000
 0747  0.8499194350219541E+000
 0748  0.8499194350219541E+000
 0749  0.8499194350219541E+000
 0750  0.8499194350219541E+000
 0751  0.8499194350219541E+000
 0752  0.8499194350219541E+000
 0753  0.8499194350219541E+000
 0754  0.8499194350219541E+000
 0755  0.8499194350219541E+000
 0756  0.8499194350219541E+000
 0757  0.8499194350219541E+000
 0758  0.8499194350219541E+000
 0759  0.8499194350219541E+000
 0760  0.8499194350219541E+000
 0761  0.8499194350219541E+000
 0762  0.8499194350219541E+000
 0763  0.8499194350219541E+000
 0764  0.8499194350219541E+000
 0765  0.8499194350219541E+000
 0766  0.8499194350219541E+000
 0767  0.8499194350219541E+000
 0768  0.8499194350219541E+000
 0769  0.8499194350219541E+000
 0770  0.8499194350219541E+000
 0771  0.8499194350219541E+000
 0772  0.8499194350219541E+000
 0773  0.8499194350219541E+000
 0774  0.8499194350219541E+000
 0775  0.8499194350219541E+000
 0776  0.8499194350219541E+000
 0777  0.8499194350219541E+000
 0778  0.8499194350219541E+000
 0779  0.8499194350219541E+000
 0780  0.8499194350219541E+000
 0781  0.8499194350219541E+000
 0782  0.8499194350219541E+000
 0783  0.8499194350219541E+000
 0784  0.8499194350219541E+000
 0785  0.8499194350219541E+000
 0786  0.8499194350219541E+000
 0787  0.8499194350219541E+000
 0788  0.8499194350219541E+000
 0789  0.8499194350219541E+000
 0790  0.8499194350219541E+000
 0791  0.8499194350219541E+000
 0792  0.8499194350219541E+000
 0793  0.8499194350219541E+000
 0794  0.8499194350219541E+000
 0795  0.8499194350219541E+000
 0796  0.8499194350219541E+000
 0797  0.8499194350219541E+000
 0798  0.8499194350219541E+000
 0799  0.8499194350219541E+000
 0800  0.8499194350219541E+000
 0801  0.8499194350219541E+000
 0802  0.8499194350219541E+000
 0803  0.8499194350219541E+000
 0804  0.8499194350219541E+000
 0805  0.8499194350219541E+000
 0806  0.8499194350219541E+000
 0807  0.8499194350219541E+000
 0808  0.8499194350219541E+000
 0809  0.8499194350219541E+000
 0810  0.8499194350219541E+000
 0811  0.8499194350219541E+000
 0812  0.8499194350219541E+000
 0813  0.8499194350219541E+000
 0814  0.8499194350219541E+000
 0815  0.8499194350219541E+000
 0816  0.8499194350219541E+000
 0817  0.8499194350219541E+000
 0818  0.8499194350219541E+000
 0819  0.8499194350219541E+000
 0820  0.8499194350219541E+000
 0821  0.8499194350219541E+000
 0822  0.8499194350219541E+000
 0823  0.8499194350219541E+000
 0824  0.8499194350219541E+000
 0825  0.8499194350219541E+000
 0826  0.8499194350219541E+000
 0827  0.8499194350219541E+000
 0828  0.8499194350219541E+000
 0829  0.8499194350219541E+000
 0830  0.8499194350219541E+000
 0831  0.8499194350219541E+000
 0832  0.8499194350219541E+000
 0833  0.8499194350219541E+000
 0834  0.8499194350219541E+000
 0835  0.8499194350219541E+000
 0836  0.8499194350219541E+000
 0837  0.8499194350219541E+000
 0838  0.8499194350219541E+000
 0839  0.8499194350219541E+000
 0840  0.8499194350219541E+000
 0841  0.8499194350219541E+000
 0842  0.8499194350219541E+000
 0843  0.8499194350219541E+000
 0844  0.8499194350219541E+000
 0845  0.8499194350219541E+000
 0846  0.8499194350219541E+000
 0847  0.8499194350219541E+000
 0848  0.8499194350219541E+000
 0849  0.8499194350219541E+000
 0850  0.8499194350219541E+000
 0851  0.8499194350219541E+000
 0852  0.8499194350219541E+000
 0853  0.8499194350219541E+000
 0854  0.8499194350219541E+000
 0855  0.8499194350219541E+000
 0856  0.8499194350219541E+000
 0857  0.8499194350219541E+000
 0858  0.8499194350219541E+000
 0859  0.8499194350219541E+000
 0860  0.8499194350219541E+000
 0861  0.8499194350219541E+000
 0862  0.8499194350219541E+000
 0863  0.8499194350219541E+000
 0864  0.8499194350219541E+000
 0865  0.8499194350219541E+000
 0866  0.8499194350219541E+000
 0867  0.8499194350219541E+000
 0868  0.8499194350219541E+000
 0869  0.8499194350219541E+000
 0870  0.8499194350219541E+000
 0871  0.8499194350219541E+000
 0872  0.8499194350219541E+000
 0873  0.8499194350219541E+000
 0874  0.8499194350219541E+000
 0875  0.8499194350219541E+000
 0876  0.8499194350219541E+000
 0877  0.8499194350219541E+000
 0878  0.8499194350219541E+000
 0879  0.8499194350219541E+000
 0880  0.8499194350219541E+000
 0881  0.8499194350219541E+000
 0882  0.8499194350219541E+000
 0883  0.8499194350219541E+000
 0884  0.8499194350219541E+000
 0885  0.8499194350219541E+000
 0886  0.8499194350219541E+000
 0887  0.8499194350219541E+000
 0888  0.8499194350219541E+000
 0889  0.8499194350219541E+000
 0890  0.8499194350219541E+000
 0891  0.8499194350219541E+000
 0892  0.8499194350219541E+000
 0893  0.8499194350219541E+000
 0894  0.8499194350219541E+000
 0895  0.8499194350219541E+000
 0896  0.8499194350219541E+000
 0897  0.8499194350219541E+000
 0898  0.8499194350219541E+000
 0899  0.8499194350219541E+000
 0900  0.8499194350219541E+000
 0901  0.8499194350219541E+000
 0902  0.8499194350219541E+000
 0903  0.8499194350219541E+000
 0904  0.8499194350219541E+000
 0905  0.8499194350219541E+000
 0906  0.8499194350219541E+000
 0907  0.8499194350219541E+000
 0908  0.8499194350219541E+000
 0909  0.8499194350219541E+000
 0910  0.8499194350219541E+000
 0911  0.8499194350219541E+000
 0912  0.8499194350219541E+000
 0913  0.8499194350219541E+000
 0914  0.8499194350219541E+000
 0915  0.8499194350219541E+000
 0916  0.8499194350219541E+000
 0917  0.8499194350219541E+000
 0918  0.8499194350219541E+000
 0919  0.8499194350219541E+000
 0920  0.8499194350219541E+000
 0921  0.8499194350219541E+000
 0922  0.8499194350219541E+000
 0923  0.8499194350219541E+000
 0924  0.8499194350219541E+000
 0925  0.8499194350219541E+000
 0926  0.8499194350219541E+000
 0927  0.8499194350219541E+000
 0928  0.8499194350219541E+000
 0929  0.8499194350219541E+000
 0930  0.8499194350219541E+000
 0931  0.8499194350219541E+000
 0932  0.8499194350219541E+000
 0933  0.8499194350219541E+000
 0934  0.8499194350219541E+000
 0935  0.8499194350219541E+000
 0936  0.8499194350219541E+000
 0937  0.8499194350219541E+000
 0938  0.8499194350219541E+000
 0939  0.8499194350219541E+000
 0940  0.8499194350219541E+000
 0941  0.8499194350219541E+000
 0942  0.8499194350219541E+000
 0943  0.8499194350219541E+000
 0944  0.8499194350219541E+000
 0945  0.8499194350219541E+000
 0946  0.8499194350219541E+000
 0947  0.8499194350219541E+000
 0948  0.8499194350219541E+000
 0949  0.8499194350219541E+000
 0950  0.8499194350219541E+000
 0951  0.8499194350219541E+000
 0952  0.8499194350219541E+000
 0953  0.8499194350219541E+000
 0954  0.8499194350219541E+000
 0955  0.8499194350219541E+000
 0956  0.8499194350219541E+000
 0957  0.8499194350219541E+000
 0958  0.8499194350219541E+000
 0959  0.8499194350219541E+000
 0960  0.8499194350219541E+000
 0961  0.8499194350219541E+000
 0962  0.8499194350219541E+000
 0963  0.8499194350219541E+000
 0964  0.8499194350219541E+000
 0965  0.8499194350219541E+000
 0966  0.8499194350219541E+000
 0967  0.8499194350219541E+000
 0968  0.8499194350219541E+000
 0969  0.8499194350219541E+000
 0970  0.8499194350219541E+000
 0971  0.8499194350219541E+000
 0972  0.8499194350219541E+000
 0973  0.8499194350219541E+000
 0974  0.8499194350219541E+000
 0975  0.8499194350219541E+000
 0976  0.8499194350219541E+000
 0977  0.8499194350219541E+000
 0978  0.8499194350219541E+000
 0979  0.8499194350219541E+000
 0980  0.8499194350219541E+000
 0981  0.8499194350219541E+000
 0982  0.8499194350219541E+000
 0983  0.8499194350219541E+000
 0984  0.8499194350219541E+000
 0985  0.8499194350219541E+000
 0986  0.8499194350219541E+000
 0987  0.8499194350219541E+000
 0988  0.8499194350219541E+000
 0989  0.8499194350219541E+000
 0990  0.8499194350219541E+000
 0991  0.8499194350219541E+000
 0992  0.8499194350219541E+000
 0993  0.8499194350219541E+000
 0994  0.8499194350219541E+000
 0995  0.8499194350219541E+000
 0996  0.8499194350219541E+000
 0997  0.8499194350219541E+000
 0998  0.8499194350219541E+000
 0999  0.8499194350219541E+000
 1000  0.8499194350219541E+000
