 0001  0.2369422478394968E+000
 0002  0.2369422478394968E+000
 0003  0.2369591176826594E+000
 0004  0.2369591176826594E+000
 0005  0.2369591176826594E+000
 0006  0.2369591176826594E+000
 0007  0.2369591176826594E+000
 0008  0.2369758802986529E+000
 0009  0.2369758802986529E+000
 0010  0.2369758802986529E+000
 0011  0.2369758802986529E+000
 0012  0.2369942088566244E+000
 0013  0.2369942088566244E+000
 0014  0.2369942088566244E+000
 0015  0.2369942088566244E+000
 0016  0.2369942088566244E+000
 0017  0.2370142145933563E+000
 0018  0.2370142145933563E+000
 0019  0.2370142145933563E+000
 0020  0.2370142145933563E+000
 0021  0.2370340643405783E+000
 0022  0.2370340643405783E+000
 0023  0.2370340643405783E+000
 0024  0.2370340643405783E+000
 0025  0.2370555793495276E+000
 0026  0.2370555793495276E+000
 0027  0.2370555793495276E+000
 0028  0.2370767920062238E+000
 0029  0.2370767920062238E+000
 0030  0.2370767920062238E+000
 0031  0.2370996261409638E+000
 0032  0.2370996261409638E+000
 0033  0.2370996261409638E+000
 0034  0.2370996261409638E+000
 0035  0.2371243034625170E+000
 0036  0.2371243034625170E+000
 0037  0.2371243034625170E+000
 0038  0.2371486952142492E+000
 0039  0.2371486952142492E+000
 0040  0.2371744550227174E+000
 0041  0.2371744550227174E+000
 0042  0.2371744550227174E+000
 0043  0.2372018480233428E+000
 0044  0.2372018480233428E+000
 0045  0.2372018480233428E+000
 0046  0.2372308467438431E+000
 0047  0.2372308467438431E+000
 0048  0.2372591720592484E+000
 0049  0.2372591720592484E+000
 0050  0.2372591720592484E+000
 0051  0.2372891491132314E+000
 0052  0.2372891491132314E+000
 0053  0.2373199439768079E+000
 0054  0.2373199439768079E+000
 0055  0.2373199439768079E+000
 0056  0.2373517868908441E+000
 0057  0.2373517868908441E+000
 0058  0.2373835787770830E+000
 0059  0.2373835787770830E+000
 0060  0.2374146684567679E+000
 0061  0.2374146684567679E+000
 0062  0.2374439499607826E+000
 0063  0.2374439499607826E+000
 0064  0.2374675311472154E+000
 0065  0.2374675311472154E+000
 0066  0.2374829535633562E+000
 0067  0.2374829535633562E+000
 0068  0.2374875094406761E+000
 0069  0.2374875094406761E+000
 0070  0.2374782452594200E+000
 0071  0.2374782452594200E+000
 0072  0.2374515695562709E+000
 0073  0.2374515695562709E+000
 0074  0.2373991332345651E+000
 0075  0.2373991332345651E+000
 0076  0.2373189154444768E+000
 0077  0.2372118389690004E+000
 0078  0.2372118389690004E+000
 0079  0.2370727478360813E+000
 0080  0.2370727478360813E+000
 0081  0.2368509705712021E+000
 0082  0.2365954037100761E+000
 0083  0.2365954037100761E+000
 0084  0.2362956212380468E+000
 0085  0.2359609000311187E+000
 0086  0.2355908823003019E+000
 0087  0.2355908823003019E+000
 0088  0.2351641768052465E+000
 0089  0.2346285267355290E+000
 0090  0.2340570345555377E+000
 0091  0.2334448093725278E+000
 0092  0.2327923047710843E+000
 0093  0.2320998648495807E+000
 0094  0.2312882071513138E+000
 0095  0.2304392667933524E+000
 0096  0.2295530341382637E+000
 0097  0.2286293866174492E+000
 0098  0.2276641921947306E+000
 0099  0.2265749465786134E+000
 0100  0.2254509905559375E+000
 0101  0.2242895531322982E+000
 0102  0.2230921137697422E+000
 0103  0.2205748688573677E+000
 0104  0.2192610672764473E+000
 0105  0.2179200467073769E+000
 0106  0.2165530687362117E+000
 0107  0.2151588130871351E+000
 0108  0.2136585113459858E+000
 0109  0.2106735037193345E+000
 0110  0.2091892786163102E+000
 0111  0.2076119875900009E+000
 0112  0.2060228485163942E+000
 0113  0.2044228801856472E+000
 0114  0.2011950653470981E+000
 0115  0.1995714574532014E+000
 0116  0.1979414388805828E+000
 0117  0.1963059094257623E+000
 0118  0.1945993201552330E+000
 0119  0.1912620679122392E+000
 0120  0.1896287830718589E+000
 0121  0.1879353155782828E+000
 0122  0.1862452662209814E+000
 0123  0.1845591680832510E+000
 0124  0.1812168169352631E+000
 0125  0.1795625267938595E+000
 0126  0.1779141513247498E+000
 0127  0.1762713500243749E+000
 0128  0.1745857447079088E+000
 0129  0.1713122964972603E+000
 0130  0.1696772991899783E+000
 0131  0.1680532018478517E+000
 0132  0.1664395701944964E+000
 0133  0.1632671263225753E+000
 0134  0.1617087983498370E+000
 0135  0.1601612323290953E+000
 0136  0.1585869881466138E+000
 0137  0.1555377516917659E+000
 0138  0.1540259244962967E+000
 0139  0.1525271041164928E+000
 0140  0.1510409229279157E+000
 0141  0.1480996689806534E+000
 0142  0.1466762671763127E+000
 0143  0.1452358073710399E+000
 0144  0.1438093355302926E+000
 0145  0.1410212412765706E+000
 0146  0.1396591924593978E+000
 0147  0.1383100503378018E+000
 0148  0.1369487495932508E+000
 0149  0.1343155903477538E+000
 0150  0.1330185806127499E+000
 0151  0.1317348068755915E+000
 0152  0.1304424956013090E+000
 0153  0.1279434401461469E+000
 0154  0.1267147747805806E+000
 0155  0.1254993122261595E+000
 0156  0.1231107900314121E+000
 0157  0.1219557412219043E+000
 0158  0.1207953862768886E+000
 0159  0.1196478593526205E+000
 0160  0.1173954671841039E+000
 0161  0.1163062387864931E+000
 0162  0.1152135384616272E+000
 0163  0.1130847726850516E+000
 0164  0.1120478518684438E+000
 0165  0.1110089644399493E+000
 0166  0.1089857140966489E+000
 0167  0.1080005225308662E+000
 0168  0.1070143680471425E+000
 0169  0.1050941027403622E+000
 0170  0.1041592539048033E+000
 0171  0.1032243490480503E+000
 0172  0.1014040659817173E+000
 0173  0.1005179064983877E+000
 0174  0.9963226818000286E-001
 0175  0.9790786495161571E-001
 0176  0.9706840882435558E-001
 0177  0.9622996582932374E-001
 0178  0.9459735148668967E-001
 0179  0.9380251419783669E-001
 0180  0.9300907362056240E-001
 0181  0.9145699979191033E-001
 0182  0.9069821346676242E-001
 0183  0.8922042305290567E-001
 0184  0.8849473262354632E-001
 0185  0.8777729553516306E-001
 0186  0.8636859742247528E-001
 0187  0.8568288752292233E-001
 0188  0.8434181143159561E-001
 0189  0.8368625821686668E-001
 0190  0.8303320618376639E-001
 0191  0.8175663684967596E-001
 0192  0.8113290186353136E-001
 0193  0.7991352512099210E-001
 0194  0.7931766360491667E-001
 0195  0.7872453252985058E-001
 0196  0.7756530958325847E-001
 0197  0.7699898541909879E-001
 0198  0.7588869504034487E-001
 0199  0.7534470786650305E-001
 0200  0.7428452428492123E-001
 0201  0.7376502394129857E-001
 0202  0.7274679073390757E-001
 0203  0.7224799995296938E-001
 0204  0.7127060421735477E-001
 0205  0.7079191982571063E-001
 0206  0.6985626873021604E-001
 0207  0.6939908543504680E-001
 0208  0.6850317509499884E-001
 0209  0.6806438844803543E-001
 0210  0.6720300572914438E-001
 0211  0.6678044467575420E-001
 0212  0.6595303297420717E-001
 0213  0.6554808855823481E-001
 0214  0.6475525092686765E-001
 0215  0.6436725567394626E-001
 0216  0.6360510285559538E-001
 0217  0.6323222062568512E-001
 0218  0.6250123718949065E-001
 0219  0.6214307782539737E-001
 0220  0.6144113035605968E-001
 0221  0.6076301244849394E-001
 0222  0.6043035326068814E-001
 0223  0.5977846827559426E-001
 0224  0.5945916046196752E-001
 0225  0.5883273450965872E-001
 0226  0.5822619984729037E-001
 0227  0.5792913261978867E-001
 0228  0.5734585479383315E-001
 0229  0.5678116450237251E-001
 0230  0.5650433287451926E-001
 0231  0.5596094086508865E-001
 0232  0.5569435360553817E-001
 0233  0.5517119857189889E-001
 0234  0.5466439694726961E-001
 0235  0.5417265403279049E-001
 0236  0.5393145831738097E-001
 0237  0.5345756070173759E-001
 0238  0.5299790074590322E-001
 0239  0.5277219718327000E-001
 0240  0.5232865218662915E-001
 0241  0.5189808386442801E-001
 0242  0.5148013380604193E-001
 0243  0.5127469379196237E-001
 0244  0.5087099773446140E-001
 0245  0.5047894450776188E-001
 0246  0.5009792981730915E-001
 0247  0.4972744272844767E-001
 0248  0.4954529368934603E-001
 0249  0.4918702546967569E-001
 0250  0.4883853853358804E-001
 0251  0.4849950719199050E-001
 0252  0.4816956850247092E-001
 0253  0.4784842271340473E-001
 0254  0.4753567861871427E-001
 0255  0.4723105646262298E-001
 0256  0.4693429795443275E-001
 0257  0.4664510569226978E-001
 0258  0.4650272253625475E-001
 0259  0.4622225041090409E-001
 0260  0.4594881348963550E-001
 0261  0.4568285513541732E-001
 0262  0.4542492099625839E-001
 0263  0.4517468191140567E-001
 0264  0.4481439385914770E-001
 0265  0.4458375002328173E-001
 0266  0.4435969239542961E-001
 0267  0.4414196514615801E-001
 0268  0.4393032497178639E-001
 0269  0.4372454035859975E-001
 0270  0.4352439089727623E-001
 0271  0.4332966664363767E-001
 0272  0.4304828949240611E-001
 0273  0.4286752150091951E-001
 0274  0.4269146234048439E-001
 0275  0.4251994512570052E-001
 0276  0.4227167112372312E-001
 0277  0.4211189801412772E-001
 0278  0.4195609379913107E-001
 0279  0.4173027766750792E-001
 0280  0.4158477563518479E-001
 0281  0.4144275898874673E-001
 0282  0.4123668337390187E-001
 0283  0.4110374731625113E-001
 0284  0.4091068848961726E-001
 0285  0.4078604807880984E-001
 0286  0.4060489477859007E-001
 0287  0.4048785056421167E-001
 0288  0.4031761110885702E-001
 0289  0.4015389048161817E-001
 0290  0.4004798291396309E-001
 0291  0.3989376329904847E-001
 0292  0.3974523984213572E-001
 0293  0.3960212607316343E-001
 0294  0.3950940834182580E-001
 0295  0.3937419739541254E-001
 0296  0.3924374750788917E-001
 0297  0.3911783123927849E-001
 0298  0.3899623507108227E-001
 0299  0.3887875837144898E-001
 0300  0.3876521245037643E-001
 0301  0.3865541969601123E-001
 0302  0.3854921278409798E-001
 0303  0.3841315722786968E-001
 0304  0.3831507595003412E-001
 0305  0.3822007123098557E-001
 0306  0.3809817788186550E-001
 0307  0.3801017391422457E-001
 0308  0.3789714814986572E-001
 0309  0.3781546583961663E-001
 0310  0.3771045980212318E-001
 0311  0.3760984539786641E-001
 0312  0.3751338040068022E-001
 0313  0.3742083968179583E-001
 0314  0.3733201373903586E-001
 0315  0.3724670737436267E-001
 0316  0.3716473850269984E-001
 0317  0.3706683228109488E-001
 0318  0.3699195146686937E-001
 0319  0.3690239964585242E-001
 0320  0.3683382590293817E-001
 0321  0.3675172263639429E-001
 0322  0.3667349535676175E-001
 0323  0.3659891155075842E-001
 0324  0.3651399745177657E-001
 0325  0.3644682052364573E-001
 0326  0.3637022691890538E-001
 0327  0.3629779876622500E-001
 0328  0.3622925540028296E-001
 0329  0.3615391213844135E-001
 0330  0.3609302342428518E-001
 0331  0.3602598406648840E-001
 0332  0.3595435125445170E-001
 0333  0.3589570102814681E-001
 0334  0.3582540601527659E-001
 0335  0.3576739562675835E-001
 0336  0.3570673411103950E-001
 0337  0.3564461113171955E-001
 0338  0.3558213900205729E-001
 0339  0.3552521910340461E-001
 0340  0.3546438924673957E-001
 0341  0.3540980233794611E-001
 0342  0.3535367930436049E-001
 0343  0.3529788674959914E-001
 0344  0.3524401611669277E-001
 0345  0.3519113396986667E-001
 0346  0.3513776725167080E-001
 0347  0.3508633641538869E-001
 0348  0.3503465479039995E-001
 0349  0.3498470571277544E-001
 0350  0.3495432081664329E-001
 0351  0.3495432081664329E-001
 0352  0.3495432081664329E-001
 0353  0.3495432081664329E-001
 0354  0.3495432081664329E-001
 0355  0.3495432081664329E-001
 0356  0.3495432081664329E-001
 0357  0.3495432081664329E-001
 0358  0.3495432081664329E-001
 0359  0.3495432081664329E-001
 0360  0.3495432081664329E-001
 0361  0.3495432081664329E-001
 0362  0.3495432081664329E-001
 0363  0.3495432081664329E-001
 0364  0.3495432081664329E-001
 0365  0.3495432081664329E-001
 0366  0.3495432081664329E-001
 0367  0.3495432081664329E-001
 0368  0.3495432081664329E-001
 0369  0.3495432081664329E-001
 0370  0.3495432081664329E-001
 0371  0.3495432081664329E-001
 0372  0.3495432081664329E-001
 0373  0.3495432081664329E-001
 0374  0.3495432081664329E-001
 0375  0.3495432081664329E-001
 0376  0.3495432081664329E-001
 0377  0.3495432081664329E-001
 0378  0.3495432081664329E-001
 0379  0.3495432081664329E-001
 0380  0.3495432081664329E-001
 0381  0.3495432081664329E-001
 0382  0.3495432081664329E-001
 0383  0.3495432081664329E-001
 0384  0.3495432081664329E-001
 0385  0.3495432081664329E-001
 0386  0.3495432081664329E-001
 0387  0.3495432081664329E-001
 0388  0.3495432081664329E-001
 0389  0.3495432081664329E-001
 0390  0.3495432081664329E-001
 0391  0.3495432081664329E-001
 0392  0.3495432081664329E-001
 0393  0.3495432081664329E-001
 0394  0.3495432081664329E-001
 0395  0.3495432081664329E-001
 0396  0.3495432081664329E-001
 0397  0.3495432081664329E-001
 0398  0.3495432081664329E-001
 0399  0.3495432081664329E-001
 0400  0.3495432081664329E-001
 0401  0.3495432081664329E-001
 0402  0.3495432081664329E-001
 0403  0.3495432081664329E-001
 0404  0.3495432081664329E-001
 0405  0.3495432081664329E-001
 0406  0.3495432081664329E-001
 0407  0.3495432081664329E-001
 0408  0.3495432081664329E-001
 0409  0.3495432081664329E-001
 0410  0.3495432081664329E-001
 0411  0.3495432081664329E-001
 0412  0.3495432081664329E-001
 0413  0.3495432081664329E-001
 0414  0.3495432081664329E-001
 0415  0.3495432081664329E-001
 0416  0.3495432081664329E-001
 0417  0.3495432081664329E-001
 0418  0.3495432081664329E-001
 0419  0.3495432081664329E-001
 0420  0.3495432081664329E-001
 0421  0.3495432081664329E-001
 0422  0.3495432081664329E-001
 0423  0.3495432081664329E-001
 0424  0.3495432081664329E-001
 0425  0.3495432081664329E-001
 0426  0.3495432081664329E-001
 0427  0.3495432081664329E-001
 0428  0.3495432081664329E-001
 0429  0.3495432081664329E-001
 0430  0.3495432081664329E-001
 0431  0.3495432081664329E-001
 0432  0.3495432081664329E-001
 0433  0.3495432081664329E-001
 0434  0.3495432081664329E-001
 0435  0.3495432081664329E-001
 0436  0.3495432081664329E-001
 0437  0.3495432081664329E-001
 0438  0.3495432081664329E-001
 0439  0.3495432081664329E-001
 0440  0.3495432081664329E-001
 0441  0.3495432081664329E-001
 0442  0.3495432081664329E-001
 0443  0.3495432081664329E-001
 0444  0.3495432081664329E-001
 0445  0.3495432081664329E-001
 0446  0.3495432081664329E-001
 0447  0.3495432081664329E-001
 0448  0.3495432081664329E-001
 0449  0.3495432081664329E-001
 0450  0.3495432081664329E-001
 0451  0.3495432081664329E-001
 0452  0.3495432081664329E-001
 0453  0.3495432081664329E-001
 0454  0.3495432081664329E-001
 0455  0.3495432081664329E-001
 0456  0.3495432081664329E-001
 0457  0.3495432081664329E-001
 0458  0.3495432081664329E-001
 0459  0.3495432081664329E-001
 0460  0.3495432081664329E-001
 0461  0.3495432081664329E-001
 0462  0.3495432081664329E-001
 0463  0.3495432081664329E-001
 0464  0.3495432081664329E-001
 0465  0.3495432081664329E-001
 0466  0.3495432081664329E-001
 0467  0.3495432081664329E-001
 0468  0.3495432081664329E-001
 0469  0.3495432081664329E-001
 0470  0.3495432081664329E-001
 0471  0.3495432081664329E-001
 0472  0.3495432081664329E-001
 0473  0.3495432081664329E-001
 0474  0.3495432081664329E-001
 0475  0.3495432081664329E-001
 0476  0.3495432081664329E-001
 0477  0.3495432081664329E-001
 0478  0.3495432081664329E-001
 0479  0.3495432081664329E-001
 0480  0.3495432081664329E-001
 0481  0.3495432081664329E-001
 0482  0.3495432081664329E-001
 0483  0.3495432081664329E-001
 0484  0.3495432081664329E-001
 0485  0.3495432081664329E-001
 0486  0.3495432081664329E-001
 0487  0.3495432081664329E-001
 0488  0.3495432081664329E-001
 0489  0.3495432081664329E-001
 0490  0.3495432081664329E-001
 0491  0.3495432081664329E-001
 0492  0.3495432081664329E-001
 0493  0.3495432081664329E-001
 0494  0.3495432081664329E-001
 0495  0.3495432081664329E-001
 0496  0.3495432081664329E-001
 0497  0.3495432081664329E-001
 0498  0.3495432081664329E-001
 0499  0.3495432081664329E-001
 0500  0.3495432081664329E-001
 0501  0.3495432081664329E-001
 0502  0.3495432081664329E-001
 0503  0.3495432081664329E-001
 0504  0.3495432081664329E-001
 0505  0.3495432081664329E-001
 0506  0.3495432081664329E-001
 0507  0.3495432081664329E-001
 0508  0.3495432081664329E-001
 0509  0.3495432081664329E-001
 0510  0.3495432081664329E-001
 0511  0.3495432081664329E-001
 0512  0.3495432081664329E-001
 0513  0.3495432081664329E-001
 0514  0.3495432081664329E-001
 0515  0.3495432081664329E-001
 0516  0.3495432081664329E-001
 0517  0.3495432081664329E-001
 0518  0.3495432081664329E-001
 0519  0.3495432081664329E-001
 0520  0.3495432081664329E-001
 0521  0.3495432081664329E-001
 0522  0.3495432081664329E-001
 0523  0.3495432081664329E-001
 0524  0.3495432081664329E-001
 0525  0.3495432081664329E-001
 0526  0.3495432081664329E-001
 0527  0.3495432081664329E-001
 0528  0.3495432081664329E-001
 0529  0.3495432081664329E-001
 0530  0.3495432081664329E-001
 0531  0.3495432081664329E-001
 0532  0.3495432081664329E-001
 0533  0.3495432081664329E-001
 0534  0.3495432081664329E-001
 0535  0.3495432081664329E-001
 0536  0.3495432081664329E-001
 0537  0.3495432081664329E-001
 0538  0.3495432081664329E-001
 0539  0.3495432081664329E-001
 0540  0.3495432081664329E-001
 0541  0.3495432081664329E-001
 0542  0.3495432081664329E-001
 0543  0.3495432081664329E-001
 0544  0.3495432081664329E-001
 0545  0.3495432081664329E-001
 0546  0.3495432081664329E-001
 0547  0.3495432081664329E-001
 0548  0.3495432081664329E-001
 0549  0.3495432081664329E-001
 0550  0.3495432081664329E-001
 0551  0.3495432081664329E-001
 0552  0.3495432081664329E-001
 0553  0.3495432081664329E-001
 0554  0.3495432081664329E-001
 0555  0.3495432081664329E-001
 0556  0.3495432081664329E-001
 0557  0.3495432081664329E-001
 0558  0.3495432081664329E-001
 0559  0.3495432081664329E-001
 0560  0.3495432081664329E-001
 0561  0.3495432081664329E-001
 0562  0.3495432081664329E-001
 0563  0.3495432081664329E-001
 0564  0.3495432081664329E-001
 0565  0.3495432081664329E-001
 0566  0.3495432081664329E-001
 0567  0.3495432081664329E-001
 0568  0.3495432081664329E-001
 0569  0.3495432081664329E-001
 0570  0.3495432081664329E-001
 0571  0.3495432081664329E-001
 0572  0.3495432081664329E-001
 0573  0.3495432081664329E-001
 0574  0.3495432081664329E-001
 0575  0.3495432081664329E-001
 0576  0.3495432081664329E-001
 0577  0.3495432081664329E-001
 0578  0.3495432081664329E-001
 0579  0.3495432081664329E-001
 0580  0.3495432081664329E-001
 0581  0.3495432081664329E-001
 0582  0.3495432081664329E-001
 0583  0.3495432081664329E-001
 0584  0.3495432081664329E-001
 0585  0.3495432081664329E-001
 0586  0.3495432081664329E-001
 0587  0.3495432081664329E-001
 0588  0.3495432081664329E-001
 0589  0.3495432081664329E-001
 0590  0.3495432081664329E-001
 0591  0.3495432081664329E-001
 0592  0.3495432081664329E-001
 0593  0.3495432081664329E-001
 0594  0.3495432081664329E-001
 0595  0.3495432081664329E-001
 0596  0.3495432081664329E-001
 0597  0.3495432081664329E-001
 0598  0.3495432081664329E-001
 0599  0.3495432081664329E-001
 0600  0.3495432081664329E-001
 0601  0.3495432081664329E-001
 0602  0.3495432081664329E-001
 0603  0.3495432081664329E-001
 0604  0.3495432081664329E-001
 0605  0.3495432081664329E-001
 0606  0.3495432081664329E-001
 0607  0.3495432081664329E-001
 0608  0.3495432081664329E-001
 0609  0.3495432081664329E-001
 0610  0.3495432081664329E-001
 0611  0.3495432081664329E-001
 0612  0.3495432081664329E-001
 0613  0.3495432081664329E-001
 0614  0.3495432081664329E-001
 0615  0.3495432081664329E-001
 0616  0.3495432081664329E-001
 0617  0.3495432081664329E-001
 0618  0.3495432081664329E-001
 0619  0.3495432081664329E-001
 0620  0.3495432081664329E-001
 0621  0.3495432081664329E-001
 0622  0.3495432081664329E-001
 0623  0.3495432081664329E-001
 0624  0.3495432081664329E-001
 0625  0.3495432081664329E-001
 0626  0.3495432081664329E-001
 0627  0.3495432081664329E-001
 0628  0.3495432081664329E-001
 0629  0.3495432081664329E-001
 0630  0.3495432081664329E-001
 0631  0.3495432081664329E-001
 0632  0.3495432081664329E-001
 0633  0.3495432081664329E-001
 0634  0.3495432081664329E-001
 0635  0.3495432081664329E-001
 0636  0.3495432081664329E-001
 0637  0.3495432081664329E-001
 0638  0.3495432081664329E-001
 0639  0.3495432081664329E-001
 0640  0.3495432081664329E-001
 0641  0.3495432081664329E-001
 0642  0.3495432081664329E-001
 0643  0.3495432081664329E-001
 0644  0.3495432081664329E-001
 0645  0.3495432081664329E-001
 0646  0.3495432081664329E-001
 0647  0.3495432081664329E-001
 0648  0.3495432081664329E-001
 0649  0.3495432081664329E-001
 0650  0.3495432081664329E-001
 0651  0.3495432081664329E-001
 0652  0.3495432081664329E-001
 0653  0.3495432081664329E-001
 0654  0.3495432081664329E-001
 0655  0.3495432081664329E-001
 0656  0.3495432081664329E-001
 0657  0.3495432081664329E-001
 0658  0.3495432081664329E-001
 0659  0.3495432081664329E-001
 0660  0.3495432081664329E-001
 0661  0.3495432081664329E-001
 0662  0.3495432081664329E-001
 0663  0.3495432081664329E-001
 0664  0.3495432081664329E-001
 0665  0.3495432081664329E-001
 0666  0.3495432081664329E-001
 0667  0.3495432081664329E-001
 0668  0.3495432081664329E-001
 0669  0.3495432081664329E-001
 0670  0.3495432081664329E-001
 0671  0.3495432081664329E-001
 0672  0.3495432081664329E-001
 0673  0.3495432081664329E-001
 0674  0.3495432081664329E-001
 0675  0.3495432081664329E-001
 0676  0.3495432081664329E-001
 0677  0.3495432081664329E-001
 0678  0.3495432081664329E-001
 0679  0.3495432081664329E-001
 0680  0.3495432081664329E-001
 0681  0.3495432081664329E-001
 0682  0.3495432081664329E-001
 0683  0.3495432081664329E-001
 0684  0.3495432081664329E-001
 0685  0.3495432081664329E-001
 0686  0.3495432081664329E-001
 0687  0.3495432081664329E-001
 0688  0.3495432081664329E-001
 0689  0.3495432081664329E-001
 0690  0.3495432081664329E-001
 0691  0.3495432081664329E-001
 0692  0.3495432081664329E-001
 0693  0.3495432081664329E-001
 0694  0.3495432081664329E-001
 0695  0.3495432081664329E-001
 0696  0.3495432081664329E-001
 0697  0.3495432081664329E-001
 0698  0.3495432081664329E-001
 0699  0.3495432081664329E-001
 0700  0.3495432081664329E-001
 0701  0.3495432081664329E-001
 0702  0.3495432081664329E-001
 0703  0.3495432081664329E-001
 0704  0.3495432081664329E-001
 0705  0.3495432081664329E-001
 0706  0.3495432081664329E-001
 0707  0.3495432081664329E-001
 0708  0.3495432081664329E-001
 0709  0.3495432081664329E-001
 0710  0.3495432081664329E-001
 0711  0.3495432081664329E-001
 0712  0.3495432081664329E-001
 0713  0.3495432081664329E-001
 0714  0.3495432081664329E-001
 0715  0.3495432081664329E-001
 0716  0.3495432081664329E-001
 0717  0.3495432081664329E-001
 0718  0.3495432081664329E-001
 0719  0.3495432081664329E-001
 0720  0.3495432081664329E-001
 0721  0.3495432081664329E-001
 0722  0.3495432081664329E-001
 0723  0.3495432081664329E-001
 0724  0.3495432081664329E-001
 0725  0.3495432081664329E-001
 0726  0.3495432081664329E-001
 0727  0.3495432081664329E-001
 0728  0.3495432081664329E-001
 0729  0.3495432081664329E-001
 0730  0.3495432081664329E-001
 0731  0.3495432081664329E-001
 0732  0.3495432081664329E-001
 0733  0.3495432081664329E-001
 0734  0.3495432081664329E-001
 0735  0.3495432081664329E-001
 0736  0.3495432081664329E-001
 0737  0.3495432081664329E-001
 0738  0.3495432081664329E-001
 0739  0.3495432081664329E-001
 0740  0.3495432081664329E-001
 0741  0.3495432081664329E-001
 0742  0.3495432081664329E-001
 0743  0.3495432081664329E-001
 0744  0.3495432081664329E-001
 0745  0.3495432081664329E-001
 0746  0.3495432081664329E-001
 0747  0.3495432081664329E-001
 0748  0.3495432081664329E-001
 0749  0.3495432081664329E-001
 0750  0.3495432081664329E-001
 0751  0.3495432081664329E-001
 0752  0.3495432081664329E-001
 0753  0.3495432081664329E-001
 0754  0.3495432081664329E-001
 0755  0.3495432081664329E-001
 0756  0.3495432081664329E-001
 0757  0.3495432081664329E-001
 0758  0.3495432081664329E-001
 0759  0.3495432081664329E-001
 0760  0.3495432081664329E-001
 0761  0.3495432081664329E-001
 0762  0.3495432081664329E-001
 0763  0.3495432081664329E-001
 0764  0.3495432081664329E-001
 0765  0.3495432081664329E-001
 0766  0.3495432081664329E-001
 0767  0.3495432081664329E-001
 0768  0.3495432081664329E-001
 0769  0.3495432081664329E-001
 0770  0.3495432081664329E-001
 0771  0.3495432081664329E-001
 0772  0.3495432081664329E-001
 0773  0.3495432081664329E-001
 0774  0.3495432081664329E-001
 0775  0.3495432081664329E-001
 0776  0.3495432081664329E-001
 0777  0.3495432081664329E-001
 0778  0.3495432081664329E-001
 0779  0.3495432081664329E-001
 0780  0.3495432081664329E-001
 0781  0.3495432081664329E-001
 0782  0.3495432081664329E-001
 0783  0.3495432081664329E-001
 0784  0.3495432081664329E-001
 0785  0.3495432081664329E-001
 0786  0.3495432081664329E-001
 0787  0.3495432081664329E-001
 0788  0.3495432081664329E-001
 0789  0.3495432081664329E-001
 0790  0.3495432081664329E-001
 0791  0.3495432081664329E-001
 0792  0.3495432081664329E-001
 0793  0.3495432081664329E-001
 0794  0.3495432081664329E-001
 0795  0.3495432081664329E-001
 0796  0.3495432081664329E-001
 0797  0.3495432081664329E-001
 0798  0.3495432081664329E-001
 0799  0.3495432081664329E-001
 0800  0.3495432081664329E-001
 0801  0.3495432081664329E-001
 0802  0.3495432081664329E-001
 0803  0.3495432081664329E-001
 0804  0.3495432081664329E-001
 0805  0.3495432081664329E-001
 0806  0.3495432081664329E-001
 0807  0.3495432081664329E-001
 0808  0.3495432081664329E-001
 0809  0.3495432081664329E-001
 0810  0.3495432081664329E-001
 0811  0.3495432081664329E-001
 0812  0.3495432081664329E-001
 0813  0.3495432081664329E-001
 0814  0.3495432081664329E-001
 0815  0.3495432081664329E-001
 0816  0.3495432081664329E-001
 0817  0.3495432081664329E-001
 0818  0.3495432081664329E-001
 0819  0.3495432081664329E-001
 0820  0.3495432081664329E-001
 0821  0.3495432081664329E-001
 0822  0.3495432081664329E-001
 0823  0.3495432081664329E-001
 0824  0.3495432081664329E-001
 0825  0.3495432081664329E-001
 0826  0.3495432081664329E-001
 0827  0.3495432081664329E-001
 0828  0.3495432081664329E-001
 0829  0.3495432081664329E-001
 0830  0.3495432081664329E-001
 0831  0.3495432081664329E-001
 0832  0.3495432081664329E-001
 0833  0.3495432081664329E-001
 0834  0.3495432081664329E-001
 0835  0.3495432081664329E-001
 0836  0.3495432081664329E-001
 0837  0.3495432081664329E-001
 0838  0.3495432081664329E-001
 0839  0.3495432081664329E-001
 0840  0.3495432081664329E-001
 0841  0.3495432081664329E-001
 0842  0.3495432081664329E-001
 0843  0.3495432081664329E-001
 0844  0.3495432081664329E-001
 0845  0.3495432081664329E-001
 0846  0.3495432081664329E-001
 0847  0.3495432081664329E-001
 0848  0.3495432081664329E-001
 0849  0.3495432081664329E-001
 0850  0.3495432081664329E-001
 0851  0.3495432081664329E-001
 0852  0.3495432081664329E-001
 0853  0.3495432081664329E-001
 0854  0.3495432081664329E-001
 0855  0.3495432081664329E-001
 0856  0.3495432081664329E-001
 0857  0.3495432081664329E-001
 0858  0.3495432081664329E-001
 0859  0.3495432081664329E-001
 0860  0.3495432081664329E-001
 0861  0.3495432081664329E-001
 0862  0.3495432081664329E-001
 0863  0.3495432081664329E-001
 0864  0.3495432081664329E-001
 0865  0.3495432081664329E-001
 0866  0.3495432081664329E-001
 0867  0.3495432081664329E-001
 0868  0.3495432081664329E-001
 0869  0.3495432081664329E-001
 0870  0.3495432081664329E-001
 0871  0.3495432081664329E-001
 0872  0.3495432081664329E-001
 0873  0.3495432081664329E-001
 0874  0.3495432081664329E-001
 0875  0.3495432081664329E-001
 0876  0.3495432081664329E-001
 0877  0.3495432081664329E-001
 0878  0.3495432081664329E-001
 0879  0.3495432081664329E-001
 0880  0.3495432081664329E-001
 0881  0.3495432081664329E-001
 0882  0.3495432081664329E-001
 0883  0.3495432081664329E-001
 0884  0.3495432081664329E-001
 0885  0.3495432081664329E-001
 0886  0.3495432081664329E-001
 0887  0.3495432081664329E-001
 0888  0.3495432081664329E-001
 0889  0.3495432081664329E-001
 0890  0.3495432081664329E-001
 0891  0.3495432081664329E-001
 0892  0.3495432081664329E-001
 0893  0.3495432081664329E-001
 0894  0.3495432081664329E-001
 0895  0.3495432081664329E-001
 0896  0.3495432081664329E-001
 0897  0.3495432081664329E-001
 0898  0.3495432081664329E-001
 0899  0.3495432081664329E-001
 0900  0.3495432081664329E-001
 0901  0.3495432081664329E-001
 0902  0.3495432081664329E-001
 0903  0.3495432081664329E-001
 0904  0.3495432081664329E-001
 0905  0.3495432081664329E-001
 0906  0.3495432081664329E-001
 0907  0.3495432081664329E-001
 0908  0.3495432081664329E-001
 0909  0.3495432081664329E-001
 0910  0.3495432081664329E-001
 0911  0.3495432081664329E-001
 0912  0.3495432081664329E-001
 0913  0.3495432081664329E-001
 0914  0.3495432081664329E-001
 0915  0.3495432081664329E-001
 0916  0.3495432081664329E-001
 0917  0.3495432081664329E-001
 0918  0.3495432081664329E-001
 0919  0.3495432081664329E-001
 0920  0.3495432081664329E-001
 0921  0.3495432081664329E-001
 0922  0.3495432081664329E-001
 0923  0.3495432081664329E-001
 0924  0.3495432081664329E-001
 0925  0.3495432081664329E-001
 0926  0.3495432081664329E-001
 0927  0.3495432081664329E-001
 0928  0.3495432081664329E-001
 0929  0.3495432081664329E-001
 0930  0.3495432081664329E-001
 0931  0.3495432081664329E-001
 0932  0.3495432081664329E-001
 0933  0.3495432081664329E-001
 0934  0.3495432081664329E-001
 0935  0.3495432081664329E-001
 0936  0.3495432081664329E-001
 0937  0.3495432081664329E-001
 0938  0.3495432081664329E-001
 0939  0.3495432081664329E-001
 0940  0.3495432081664329E-001
 0941  0.3495432081664329E-001
 0942  0.3495432081664329E-001
 0943  0.3495432081664329E-001
 0944  0.3495432081664329E-001
 0945  0.3495432081664329E-001
 0946  0.3495432081664329E-001
 0947  0.3495432081664329E-001
 0948  0.3495432081664329E-001
 0949  0.3495432081664329E-001
 0950  0.3495432081664329E-001
 0951  0.3495432081664329E-001
 0952  0.3495432081664329E-001
 0953  0.3495432081664329E-001
 0954  0.3495432081664329E-001
 0955  0.3495432081664329E-001
 0956  0.3495432081664329E-001
 0957  0.3495432081664329E-001
 0958  0.3495432081664329E-001
 0959  0.3495432081664329E-001
 0960  0.3495432081664329E-001
 0961  0.3495432081664329E-001
 0962  0.3495432081664329E-001
 0963  0.3495432081664329E-001
 0964  0.3495432081664329E-001
 0965  0.3495432081664329E-001
 0966  0.3495432081664329E-001
 0967  0.3495432081664329E-001
 0968  0.3495432081664329E-001
 0969  0.3495432081664329E-001
 0970  0.3495432081664329E-001
 0971  0.3495432081664329E-001
 0972  0.3495432081664329E-001
 0973  0.3495432081664329E-001
 0974  0.3495432081664329E-001
 0975  0.3495432081664329E-001
 0976  0.3495432081664329E-001
 0977  0.3495432081664329E-001
 0978  0.3495432081664329E-001
 0979  0.3495432081664329E-001
 0980  0.3495432081664329E-001
 0981  0.3495432081664329E-001
 0982  0.3495432081664329E-001
 0983  0.3495432081664329E-001
 0984  0.3495432081664329E-001
 0985  0.3495432081664329E-001
 0986  0.3495432081664329E-001
 0987  0.3495432081664329E-001
 0988  0.3495432081664329E-001
 0989  0.3495432081664329E-001
 0990  0.3495432081664329E-001
 0991  0.3495432081664329E-001
 0992  0.3495432081664329E-001
 0993  0.3495432081664329E-001
 0994  0.3495432081664329E-001
 0995  0.3495432081664329E-001
 0996  0.3495432081664329E-001
 0997  0.3495432081664329E-001
 0998  0.3495432081664329E-001
 0999  0.3495432081664329E-001
 1000  0.3495432081664329E-001
