  0.0000000000E+000 0000
  0.6003924543E+002 1000
  0.1201181746E+003 1000
  0.1800966589E+003 1000
  0.2401096206E+003 1000
  0.3001242332E+003 1000
  0.3600877185E+003 1000
  0.4201152567E+003 1000
  0.4800991180E+003 1000
  0.5401082083E+003 1000
  0.6000898222E+003 1000
  0.6600896023E+003 1000
  0.7200803073E+003 1000
  0.7801136970E+003 1000
  0.8401403382E+003 1000
  0.9001180022E+003 1000
  0.9600784937E+003 1000
  0.1020095615E+004 1000
  0.1080083108E+004 1000
  0.1140110839E+004 1000
  0.1200127072E+004 1000
  0.1260079371E+004 1000
  0.1320119816E+004 1000
  0.1380123853E+004 1000
  0.1440091315E+004 1000
  0.1500105157E+004 1000
  0.1560117651E+004 1000
  0.1620129085E+004 1000
  0.1680112413E+004 1000
  0.1740126244E+004 1000
  0.1800072304E+004 1000
  0.1860112788E+004 1000
  0.1920121135E+004 1000
  0.1980121215E+004 1000
  0.2040113292E+004 1000
  0.2100094467E+004 1000
  0.2160073726E+004 1000
  0.2220140083E+004 1000
  0.2280072767E+004 1000
  0.2340136837E+004 1000
  0.2400107358E+004 1000
  0.2460138159E+004 1000
  0.2520116322E+004 1000
  0.2580117409E+004 1000
  0.2640100821E+004 1000
  0.2700110045E+004 1000
  0.2760095708E+004 1000
  0.2820135533E+004 1000
  0.2880098510E+004 1000
  0.2940102632E+004 1000
  0.3000132240E+004 1000
  0.3060092821E+004 1000
  0.3120086910E+004 1000
  0.3180122378E+004 1000
  0.3240089736E+004 1000
  0.3300087385E+004 1000
  0.3360111196E+004 1000
  0.3420138554E+004 1000
  0.3480133807E+004 1000
  0.3540123844E+004 1000
  0.3600132342E+004 1000
  0.3660128696E+004 1000
  0.3720089272E+004 1000
  0.3780112489E+004 1000
  0.3840110079E+004 1000
  0.3900093626E+004 1000
  0.3960128554E+004 1000
  0.4020079990E+004 1000
  0.4080085463E+004 1000
  0.4140140380E+004 1000
  0.4200115804E+004 1000
  0.4260071290E+004 1000
  0.4320112442E+004 1000
  0.4380121182E+004 1000
  0.4440094007E+004 1000
  0.4500107693E+004 1000
  0.4560074952E+004 1000
  0.4620095049E+004 1000
  0.4680095026E+004 1000
  0.4740129665E+004 1000
  0.4800100059E+004 1000
  0.4860133355E+004 1000
  0.4920140748E+004 1000
  0.4980116653E+004 1000
  0.5040095239E+004 1000
  0.5100075113E+004 1000
  0.5160089565E+004 1000
  0.5220134603E+004 1000
  0.5280080661E+004 1000
  0.5340102620E+004 1000
  0.5400129001E+004 1000
  0.5460103901E+004 1000
  0.5520137701E+004 1000
  0.5580112265E+004 1000
  0.5640076134E+004 1000
  0.5700112759E+004 1000
  0.5760104316E+004 1000
  0.5820091675E+004 1000
  0.5880076850E+004 1000
  0.5940115767E+004 1000
  0.6000132889E+004 1000
  0.6060096861E+004 1000
  0.6120088881E+004 1000
  0.6180118620E+004 1000
  0.6240089911E+004 1000
  0.6300139227E+004 1000
  0.6360115346E+004 1000
  0.6420128873E+004 0999
  0.6480116628E+004 0999
  0.6540095599E+004 0999
  0.6600091058E+004 0999
  0.6660074757E+004 0999
  0.6720073306E+004 0999
  0.6780106082E+004 0999
  0.6840122007E+004 0999
  0.6900130069E+004 0999
  0.6960118297E+004 0999
  0.7020084596E+004 0999
  0.7080094640E+004 0999
  0.7140097815E+004 0999
  0.7200105845E+004 0999
  0.7260071135E+004 0999
  0.7320135808E+004 0999
  0.7380086996E+004 0999
  0.7440116051E+004 0999
  0.7500128402E+004 0999
  0.7560096905E+004 0999
  0.7620138885E+004 0998
  0.7680096034E+004 0998
  0.7740090458E+004 0998
  0.7800077741E+004 0998
  0.7860125698E+004 0998
  0.7920102496E+004 0998
  0.7980107129E+004 0998
  0.8040087684E+004 0998
  0.8100109362E+004 0998
  0.8160081140E+004 0998
  0.8220073624E+004 0998
  0.8280139870E+004 0998
  0.8340113309E+004 0998
  0.8400076985E+004 0998
  0.8460084373E+004 0998
  0.8520088364E+004 0998
  0.8580120928E+004 0998
  0.8640137802E+004 0998
  0.8700106738E+004 0998
  0.8760090801E+004 0997
  0.8820110226E+004 0997
  0.8880139065E+004 0997
  0.8940121442E+004 0997
  0.9000135330E+004 0997
  0.9060078951E+004 0997
  0.9120087667E+004 0997
  0.9180122988E+004 0997
  0.9240078422E+004 0997
  0.9300119614E+004 0997
  0.9360075031E+004 0997
  0.9420099413E+004 0997
  0.9480118016E+004 0997
  0.9540122490E+004 0997
  0.9600089126E+004 0997
  0.9660114939E+004 0997
  0.9720074398E+004 0997
  0.9780089955E+004 0996
  0.9840110589E+004 0996
  0.9900090803E+004 0996
  0.9960110127E+004 0996
  0.1002007126E+005 0996
  0.1008009905E+005 0996
  0.1014013605E+005 0996
  0.1020008182E+005 0996
  0.1026010392E+005 0996
  0.1032008072E+005 0996
  0.1038007692E+005 0996
  0.1044011974E+005 0996
  0.1050008960E+005 0996
  0.1056010777E+005 0996
  0.1062012440E+005 0996
  0.1068012579E+005 0995
  0.1074007296E+005 0995
  0.1080010577E+005 0995
  0.1086013140E+005 0995
  0.1092009872E+005 0995
  0.1098010779E+005 0995
  0.1104014046E+005 0995
  0.1110013667E+005 0995
  0.1116009632E+005 0995
  0.1122013057E+005 0995
  0.1128007956E+005 0995
  0.1134009157E+005 0995
  0.1140012908E+005 0995
  0.1146011775E+005 0995
  0.1152008252E+005 0995
  0.1158010151E+005 0994
  0.1164012428E+005 0994
  0.1170007948E+005 0994
  0.1176010191E+005 0994
  0.1182013322E+005 0994
  0.1188012440E+005 0994
  0.1194012722E+005 0994
  0.1200012802E+005 0994
  0.1206012851E+005 0994
  0.1212008826E+005 0994
  0.1218009219E+005 0994
  0.1224010139E+005 0994
  0.1230012780E+005 0994
  0.1236012446E+005 0994
  0.1242011008E+005 0993
  0.1248012836E+005 0993
  0.1254011645E+005 0993
  0.1260010979E+005 0993
  0.1266012933E+005 0993
  0.1272007694E+005 0993
  0.1278010089E+005 0993
  0.1284009981E+005 0993
  0.1290008580E+005 0993
  0.1296007182E+005 0993
  0.1302012809E+005 0993
  0.1308010462E+005 0993
  0.1314007256E+005 0993
  0.1320007753E+005 0992
  0.1326008890E+005 0992
  0.1332011555E+005 0992
  0.1338010739E+005 0992
  0.1344007310E+005 0992
  0.1350010569E+005 0992
  0.1356007656E+005 0992
  0.1362008839E+005 0992
  0.1368009679E+005 0992
  0.1374013060E+005 0992
  0.1380009536E+005 0992
  0.1386007811E+005 0992
  0.1392013727E+005 0991
  0.1398013101E+005 0991
  0.1404010403E+005 0991
  0.1410007901E+005 0991
  0.1416012163E+005 0991
  0.1422009937E+005 0991
  0.1428013400E+005 0991
  0.1434008786E+005 0991
  0.1440013454E+005 0991
  0.1446013049E+005 0991
  0.1452012489E+005 0991
  0.1458008043E+005 0991
  0.1464009990E+005 0990
  0.1470010234E+005 0990
  0.1476009222E+005 0990
  0.1482013595E+005 0990
  0.1488010568E+005 0990
  0.1494013281E+005 0990
  0.1500009231E+005 0990
  0.1506012170E+005 0990
  0.1512010980E+005 0990
  0.1518008926E+005 0990
  0.1524009736E+005 0990
  0.1530013661E+005 0990
  0.1536010163E+005 0989
  0.1542011071E+005 0989
  0.1548013662E+005 0989
  0.1554012502E+005 0989
  0.1560012331E+005 0989
  0.1566013073E+005 0989
  0.1572008967E+005 0989
  0.1578011614E+005 0989
  0.1584012904E+005 0989
  0.1590011172E+005 0989
  0.1596009737E+005 0989
  0.1602008751E+005 0988
  0.1608007928E+005 0988
  0.1614013774E+005 0988
  0.1620007619E+005 0988
  0.1626007803E+005 0988
  0.1632007085E+005 0988
  0.1638007793E+005 0988
  0.1644012619E+005 0988
  0.1650008363E+005 0988
  0.1656010403E+005 0988
  0.1662011927E+005 0988
  0.1668012437E+005 0987
  0.1674012206E+005 0987
  0.1680010015E+005 0987
  0.1686013887E+005 0987
  0.1692008965E+005 0987
  0.1698011246E+005 0987
  0.1704007836E+005 0987
  0.1710010536E+005 0987
  0.1716013044E+005 0987
  0.1722011847E+005 0987
  0.1728011936E+005 0987
  0.1734010994E+005 0986
  0.1740009675E+005 0986
  0.1746012744E+005 0986
  0.1752012336E+005 0986
  0.1758011485E+005 0986
  0.1764008467E+005 0986
  0.1770010644E+005 0986
  0.1776012570E+005 0986
  0.1782013050E+005 0986
  0.1788012692E+005 0986
  0.1794012641E+005 0985
  0.1800013242E+005 0985
  0.1806012931E+005 0985
  0.1812013860E+005 0985
  0.1818010043E+005 0985
  0.1824013813E+005 0985
  0.1830011127E+005 0985
  0.1836009210E+005 0985
  0.1842012977E+005 0985
  0.1848010740E+005 0985
  0.1854009208E+005 0984
  0.1860009362E+005 0984
  0.1866010233E+005 0984
  0.1872010148E+005 0984
  0.1878010124E+005 0984
  0.1884009256E+005 0984
  0.1890007643E+005 0984
  0.1896008066E+005 0984
  0.1902008765E+005 0984
  0.1908009542E+005 0984
  0.1914010906E+005 0983
  0.1920013215E+005 0983
  0.1926009662E+005 0983
  0.1932010496E+005 0983
  0.1938011195E+005 0983
  0.1944012775E+005 0983
  0.1950008665E+005 0983
  0.1956010896E+005 0983
  0.1962014085E+005 0983
  0.1968010166E+005 0983
  0.1974009836E+005 0982
  0.1980010239E+005 0982
  0.1986008764E+005 0982
  0.1992014059E+005 0982
  0.1998011712E+005 0982
  0.2004013962E+005 0982
  0.2010010032E+005 0982
  0.2016013724E+005 0982
  0.2022007907E+005 0982
  0.2028008156E+005 0982
  0.2034013993E+005 0981
  0.2040011092E+005 0981
  0.2046008459E+005 0981
  0.2052013556E+005 0981
  0.2058012056E+005 0981
  0.2064010141E+005 0981
  0.2070013320E+005 0981
  0.2076010445E+005 0981
  0.2082007537E+005 0981
  0.2088012583E+005 0980
  0.2094011542E+005 0980
  0.2100011677E+005 0980
  0.2106011311E+005 0980
  0.2112010745E+005 0980
  0.2118010406E+005 0980
  0.2124011682E+005 0980
  0.2130010189E+005 0980
  0.2136008535E+005 0980
  0.2142013855E+005 0979
  0.2148012667E+005 0979
  0.2154011134E+005 0979
  0.2160009513E+005 0979
  0.2166007977E+005 0979
  0.2172009084E+005 0979
  0.2178010647E+005 0979
  0.2184010441E+005 0979
  0.2190010403E+005 0979
  0.2196009115E+005 0979
  0.2202013167E+005 0978
  0.2208010429E+005 0978
  0.2214013943E+005 0978
  0.2220008509E+005 0978
  0.2226011002E+005 0978
  0.2232012779E+005 0978
  0.2238007884E+005 0978
  0.2244009829E+005 0978
  0.2250012264E+005 0978
  0.2256009173E+005 0977
  0.2262007110E+005 0977
  0.2268012789E+005 0977
  0.2274007765E+005 0977
  0.2280010466E+005 0977
  0.2286012201E+005 0977
  0.2292012792E+005 0977
  0.2298013254E+005 0977
  0.2304012885E+005 0976
  0.2310012712E+005 0976
  0.2316013276E+005 0976
  0.2322012606E+005 0976
  0.2328009472E+005 0976
  0.2334013120E+005 0976
  0.2340010572E+005 0976
  0.2346008243E+005 0976
  0.2352011696E+005 0976
  0.2358007172E+005 0975
  0.2364009975E+005 0975
  0.2370007059E+005 0975
  0.2376009826E+005 0975
  0.2382011857E+005 0975
  0.2388009970E+005 0975
  0.2394007840E+005 0975
  0.2400013816E+005 0975
  0.2406013421E+005 0975
  0.2412012520E+005 0974
  0.2418011784E+005 0974
  0.2424011668E+005 0974
  0.2430011582E+005 0974
  0.2436011255E+005 0974
  0.2442010546E+005 0974
  0.2448011018E+005 0974
  0.2454011910E+005 0974
  0.2460012906E+005 0973
  0.2466008130E+005 0973
  0.2472010876E+005 0973
  0.2478013295E+005 0973
  0.2484008090E+005 0973
  0.2490010405E+005 0973
  0.2496013817E+005 0973
  0.2502010967E+005 0973
  0.2508007971E+005 0973
  0.2514007086E+005 0972
  0.2520012665E+005 0972
  0.2526011382E+005 0972
  0.2532009856E+005 0972
  0.2538008626E+005 0972
  0.2544012289E+005 0972
  0.2550007145E+005 0972
  0.2556014063E+005 0972
  0.2562008740E+005 0971
  0.2568012351E+005 0971
  0.2574007056E+005 0971
  0.2580009138E+005 0971
  0.2586011788E+005 0971
  0.2592013727E+005 0971
  0.2598009722E+005 0971
  0.2604013959E+005 0971
  0.2610012106E+005 0970
  0.2616011299E+005 0970
  0.2622010728E+005 0970
  0.2628010133E+005 0970
  0.2634007917E+005 0970
  0.2640012532E+005 0970
  0.2646009604E+005 0970
  0.2652013573E+005 0970
  0.2658009586E+005 0969
  0.2664012708E+005 0969
  0.2670008009E+005 0969
  0.2676010656E+005 0969
  0.2682012515E+005 0969
  0.2688008451E+005 0969
  0.2694012395E+005 0969
  0.2700008445E+005 0969
  0.2706010803E+005 0968
  0.2712013368E+005 0968
  0.2718007574E+005 0968
  0.2724008184E+005 0968
  0.2730008676E+005 0968
  0.2736008642E+005 0968
  0.2742008220E+005 0968
  0.2748012741E+005 0968
  0.2754009778E+005 0967
  0.2760008601E+005 0967
  0.2766007860E+005 0967
  0.2772012824E+005 0967
  0.2778011280E+005 0967
  0.2784010768E+005 0967
  0.2790011219E+005 0967
  0.2796012534E+005 0967
  0.2802007889E+005 0967
  0.2808010488E+005 0966
  0.2814014102E+005 0966
  0.2820011141E+005 0966
  0.2826009218E+005 0966
  0.2832012722E+005 0966
  0.2838009115E+005 0966
  0.2844011400E+005 0966
  0.2850013274E+005 0966
  0.2856007497E+005 0965
  0.2862009214E+005 0965
  0.2868011620E+005 0965
  0.2874013287E+005 0965
  0.2880007525E+005 0965
  0.2886008689E+005 0965
  0.2892009387E+005 0965
  0.2898009389E+005 0964
  0.2904009988E+005 0964
  0.2910012536E+005 0964
  0.2916008440E+005 0964
  0.2922011357E+005 0964
  0.2928007760E+005 0964
  0.2934011028E+005 0964
  0.2940008376E+005 0964
  0.2946011567E+005 0963
  0.2952008869E+005 0963
  0.2958008135E+005 0963
  0.2964012636E+005 0963
  0.2970008663E+005 0963
  0.2976012729E+005 0963
  0.2982009957E+005 0963
  0.2988013881E+005 0963
  0.2994009433E+005 0962
  0.3000011795E+005 0962
  0.3006007170E+005 0962
  0.3012009767E+005 0962
  0.3018013689E+005 0962
  0.3024010707E+005 0962
  0.3030007656E+005 0962
  0.3036011833E+005 0962
  0.3042009379E+005 0961
  0.3048013707E+005 0961
  0.3054010479E+005 0961
  0.3060013583E+005 0961
  0.3066009108E+005 0961
  0.3072010452E+005 0961
  0.3078011730E+005 0961
  0.3084013301E+005 0960
  0.3090007784E+005 0960
  0.3096008541E+005 0960
  0.3102010859E+005 0960
  0.3108013408E+005 0960
  0.3114009477E+005 0960
  0.3120013288E+005 0960
  0.3126010190E+005 0960
  0.3132008067E+005 0959
  0.3138012105E+005 0959
  0.3144008134E+005 0959
  0.3150012347E+005 0959
  0.3156010826E+005 0959
  0.3162008136E+005 0959
  0.3168012723E+005 0959
  0.3174010004E+005 0958
  0.3180013826E+005 0958
  0.3186008630E+005 0958
  0.3192010160E+005 0958
  0.3198012114E+005 0958
  0.3204007975E+005 0958
  0.3210011744E+005 0958
  0.3216008306E+005 0958
  0.3222010891E+005 0957
  0.3228013324E+005 0957
  0.3234008617E+005 0957
  0.3240011423E+005 0957
  0.3246013237E+005 0957
  0.3252007746E+005 0957
  0.3258009043E+005 0957
  0.3264010658E+005 0956
  0.3270011397E+005 0956
  0.3276012881E+005 0956
  0.3282007718E+005 0956
  0.3288008504E+005 0956
  0.3294010246E+005 0956
  0.3300012851E+005 0956
  0.3306009025E+005 0955
  0.3312012953E+005 0955
  0.3318009650E+005 0955
  0.3324013296E+005 0955
  0.3330010344E+005 0955
  0.3336012899E+005 0955
  0.3342009152E+005 0955
  0.3348013358E+005 0955
  0.3354009376E+005 0954
  0.3360011769E+005 0954
  0.3366007672E+005 0954
  0.3372011072E+005 0954
  0.3378013945E+005 0954
  0.3384008720E+005 0954
  0.3390011077E+005 0954
  0.3396013313E+005 0953
  0.3402008994E+005 0953
  0.3408011705E+005 0953
  0.3414007785E+005 0953
  0.3420011627E+005 0953
  0.3426009574E+005 0953
  0.3432008989E+005 0953
  0.3438008595E+005 0952
  0.3444008522E+005 0952
  0.3450008593E+005 0952
  0.3456010698E+005 0952
  0.3462012172E+005 0952
  0.3468013035E+005 0952
  0.3474013104E+005 0952
  0.3480011612E+005 0951
  0.3486009943E+005 0951
  0.3492009055E+005 0951
  0.3498008063E+005 0951
  0.3504007478E+005 0951
  0.3510012731E+005 0951
  0.3516010365E+005 0951
  0.3522008566E+005 0950
  0.3528013367E+005 0950
  0.3534010764E+005 0950
  0.3540009335E+005 0950
  0.3546008702E+005 0950
  0.3552007489E+005 0950
  0.3558013190E+005 0950
  0.3564012440E+005 0949
  0.3570011473E+005 0949
  0.3576009055E+005 0949
  0.3582013289E+005 0949
  0.3588010100E+005 0949
  0.3594007572E+005 0949
  0.3600011941E+005 0949
  0.3606009510E+005 0948
  0.3612013779E+005 0948
  0.3618011765E+005 0948
  0.3624010112E+005 0948
  0.3630009154E+005 0948
  0.3636007963E+005 0948
  0.3642013936E+005 0948
  0.3648013455E+005 0947
  0.3654013494E+005 0947
  0.3660012321E+005 0947
  0.3666011413E+005 0947
  0.3672010333E+005 0947
  0.3678008909E+005 0947
  0.3684007458E+005 0947
  0.3690012137E+005 0946
  0.3696009820E+005 0946
  0.3702008114E+005 0946
  0.3708013228E+005 0946
  0.3714012022E+005 0946
  0.3720012363E+005 0946
  0.3726011697E+005 0946
  0.3732010968E+005 0945
  0.3738010595E+005 0945
  0.3744011018E+005 0945
  0.3750010925E+005 0945
  0.3756011982E+005 0945
  0.3762013431E+005 0945
  0.3768007239E+005 0945
  0.3774007500E+005 0944
  0.3780008373E+005 0944
  0.3786010266E+005 0944
  0.3792013043E+005 0944
  0.3798008633E+005 0944
  0.3804010607E+005 0944
  0.3810012356E+005 0943
  0.3816007175E+005 0943
  0.3822009045E+005 0943
  0.3828010915E+005 0943
  0.3834012533E+005 0943
  0.3840014088E+005 0943
  0.3846009910E+005 0943
  0.3852012342E+005 0942
  0.3858007289E+005 0942
  0.3864009247E+005 0942
  0.3870010427E+005 0942
  0.3876011401E+005 0942
  0.3882011707E+005 0942
  0.3888011176E+005 0942
  0.3894011465E+005 0941
  0.3900011473E+005 0941
  0.3906011414E+005 0941
  0.3912011489E+005 0941
  0.3918011432E+005 0941
  0.3924010449E+005 0941
  0.3930009862E+005 0941
  0.3936010460E+005 0940
  0.3942011981E+005 0940
  0.3948013545E+005 0940
  0.3954008283E+005 0940
  0.3960011056E+005 0940
  0.3966007221E+005 0940
  0.3972010445E+005 0939
  0.3978014025E+005 0939
  0.3984010212E+005 0939
  0.3990012427E+005 0939
  0.3996013895E+005 0939
  0.4002007791E+005 0939
  0.4008009175E+005 0939
  0.4014010282E+005 0938
  0.4020010573E+005 0938
  0.4026010075E+005 0938
  0.4032009005E+005 0938
  0.4038007927E+005 0938
  0.4044008789E+005 0938
  0.4050009339E+005 0937
  0.4056010934E+005 0937
  0.4062012881E+005 0937
  0.4068007971E+005 0937
  0.4074010513E+005 0937
  0.4080012366E+005 0937
  0.4086007164E+005 0937
  0.4092009707E+005 0936
  0.4098011469E+005 0936
  0.4104012878E+005 0936
  0.4110007321E+005 0936
  0.4116008328E+005 0936
  0.4122009176E+005 0936
  0.4128010451E+005 0935
  0.4134013178E+005 0935
  0.4140008781E+005 0935
  0.4146010992E+005 0935
  0.4152013351E+005 0935
  0.4158009092E+005 0935
  0.4164010993E+005 0935
  0.4170012608E+005 0934
  0.4176014094E+005 0934
  0.4182008941E+005 0934
  0.4188010666E+005 0934
  0.4194012504E+005 0934
  0.4200007316E+005 0934
  0.4206009147E+005 0933
  0.4212009891E+005 0933
  0.4218010807E+005 0933
  0.4224011520E+005 0933
  0.4230012185E+005 0933
  0.4236014117E+005 0933
  0.4242008963E+005 0933
  0.4248010918E+005 0932
  0.4254013129E+005 0932
  0.4260008821E+005 0932
  0.4266012653E+005 0932
  0.4272009425E+005 0932
  0.4278012240E+005 0932
  0.4284008733E+005 0931
  0.4290012788E+005 0931
  0.4296009711E+005 0931
  0.4302013612E+005 0931
  0.4308011513E+005 0931
  0.4314008767E+005 0931
  0.4320012806E+005 0931
  0.4326009679E+005 0930
  0.4332013999E+005 0930
  0.4338010567E+005 0930
  0.4344007450E+005 0930
  0.4350011716E+005 0930
  0.4356009447E+005 0930
  0.4362013410E+005 0929
  0.4368010063E+005 0929
  0.4374013944E+005 0929
  0.4380011219E+005 0929
  0.4386008738E+005 0929
  0.4392012852E+005 0929
  0.4398010452E+005 0928
  0.4404007151E+005 0928
  0.4410010922E+005 0928
  0.4416007582E+005 0928
  0.4422010609E+005 0928
  0.4428013622E+005 0928
  0.4434009837E+005 0928
  0.4440012556E+005 0927
  0.4446008328E+005 0927
  0.4452011237E+005 0927
  0.4458007811E+005 0927
  0.4464011750E+005 0927
  0.4470008374E+005 0927
  0.4476011806E+005 0926
  0.4482009571E+005 0926
  0.4488008187E+005 0926
  0.4494012995E+005 0926
  0.4500010138E+005 0926
  0.4506013378E+005 0926
  0.4512008134E+005 0925
  0.4518009657E+005 0925
  0.4524011485E+005 0925
  0.4530012994E+005 0925
  0.4536013831E+005 0925
  0.4542007310E+005 0925
  0.4548008836E+005 0925
  0.4554010490E+005 0924
  0.4560012241E+005 0924
  0.4566007152E+005 0924
  0.4572009621E+005 0924
  0.4578012732E+005 0924
  0.4584008589E+005 0924
  0.4590011691E+005 0923
  0.4596009058E+005 0923
  0.4602013362E+005 0923
  0.4608011298E+005 0923
  0.4614008400E+005 0923
  0.4620012341E+005 0923
  0.4626009187E+005 0922
  0.4632013061E+005 0922
  0.4638009748E+005 0922
  0.4644014116E+005 0922
  0.4650011596E+005 0922
  0.4656009162E+005 0922
  0.4662013187E+005 0922
  0.4668009476E+005 0921
  0.4674013292E+005 0921
  0.4680011242E+005 0921
  0.4686008703E+005 0921
  0.4692012465E+005 0921
  0.4698009653E+005 0921
  0.4704013632E+005 0920
  0.4710010506E+005 0920
  0.4716007232E+005 0920
  0.4722011307E+005 0920
  0.4728007780E+005 0920
  0.4734011100E+005 0920
  0.4740007822E+005 0919
  0.4746012269E+005 0919
  0.4752009364E+005 0919
  0.4758012965E+005 0919
  0.4764009155E+005 0919
  0.4770013689E+005 0919
  0.4776010992E+005 0918
  0.4782008184E+005 0918
  0.4788012890E+005 0918
  0.4794010115E+005 0918
  0.4800007211E+005 0918
  0.4806011322E+005 0918
  0.4812008206E+005 0918
  0.4818012218E+005 0917
  0.4824009559E+005 0917
  0.4830013378E+005 0917
  0.4836009715E+005 0917
  0.4842012598E+005 0917
  0.4848008318E+005 0917
  0.4854011111E+005 0916
  0.4860013514E+005 0916
  0.4866008744E+005 0916
  0.4872012138E+005 0916
  0.4878008977E+005 0916
  0.4884012473E+005 0916
  0.4890009253E+005 0915
  0.4896007239E+005 0915
  0.4902012199E+005 0915
  0.4908009062E+005 0915
  0.4914012875E+005 0915
  0.4920009609E+005 0915
  0.4926013019E+005 0914
  0.4932010099E+005 0914
  0.4938007802E+005 0914
  0.4944012279E+005 0914
  0.4950008967E+005 0914
  0.4956012500E+005 0914
  0.4962010127E+005 0913
  0.4968008157E+005 0913
  0.4974012897E+005 0913
  0.4980010859E+005 0913
  0.4986009206E+005 0913
  0.4992007405E+005 0913
  0.4998012729E+005 0913
  0.5004010465E+005 0912
  0.5010007820E+005 0912
  0.5016012172E+005 0912
  0.5022008810E+005 0912
  0.5028012560E+005 0912
  0.5034009193E+005 0912
  0.5040012733E+005 0911
  0.5046009364E+005 0911
  0.5052013186E+005 0911
  0.5058009651E+005 0911
  0.5064013827E+005 0911
  0.5070012614E+005 0911
  0.5076011252E+005 0910
  0.5082010016E+005 0910
  0.5088009252E+005 0910
  0.5094008803E+005 0910
  0.5100007609E+005 0910
  0.5106013405E+005 0910
  0.5112012773E+005 0909
  0.5118011849E+005 0909
  0.5124010415E+005 0909
  0.5130008728E+005 0909
  0.5136013523E+005 0909
  0.5142011286E+005 0909
  0.5148008983E+005 0909
  0.5154007074E+005 0908
  0.5160012827E+005 0908
  0.5166010653E+005 0908
  0.5172008510E+005 0908
  0.5178013980E+005 0908
  0.5184012612E+005 0908
  0.5190011534E+005 0907
  0.5196010084E+005 0907
  0.5202008569E+005 0907
  0.5208007525E+005 0907
  0.5214007115E+005 0907
  0.5220014104E+005 0907
  0.5226007174E+005 0906
  0.5232014087E+005 0906
  0.5238013457E+005 0906
  0.5244012710E+005 0906
  0.5250010877E+005 0906
  0.5256009123E+005 0906
  0.5262008280E+005 0905
  0.5268007401E+005 0905
  0.5274013067E+005 0905
  0.5280011770E+005 0905
  0.5286011345E+005 0905
  0.5292010433E+005 0905
  0.5298008604E+005 0904
  0.5304007292E+005 0904
  0.5310013057E+005 0904
  0.5316011739E+005 0904
  0.5322010398E+005 0904
  0.5328008934E+005 0904
  0.5334007315E+005 0904
  0.5340012434E+005 0903
  0.5346010242E+005 0903
  0.5352008903E+005 0903
  0.5358007416E+005 0903
  0.5364013023E+005 0903
  0.5370012529E+005 0903
  0.5376012633E+005 0902
  0.5382012888E+005 0902
  0.5388012824E+005 0902
  0.5394013093E+005 0902
  0.5400014091E+005 0902
  0.5406008789E+005 0902
  0.5412009856E+005 0901
  0.5418010985E+005 0901
  0.5424011270E+005 0901
  0.5430011740E+005 0901
  0.5436012643E+005 0901
  0.5442013464E+005 0901
  0.5448014053E+005 0900
  0.5454007846E+005 0900
  0.5460008979E+005 0900
  0.5466010024E+005 0900
  0.5472010913E+005 0900
  0.5478012716E+005 0900
  0.5484008041E+005 0900
  0.5490009576E+005 0899
  0.5496011278E+005 0899
  0.5502013570E+005 0899
  0.5508008847E+005 0899
  0.5514010776E+005 0899
  0.5520012261E+005 0899
  0.5526013565E+005 0898
  0.5532007615E+005 0898
  0.5538007863E+005 0898
  0.5544008879E+005 0898
  0.5550010381E+005 0898
  0.5556011994E+005 0898
  0.5562014013E+005 0897
  0.5568009650E+005 0897
  0.5574012284E+005 0897
  0.5580007729E+005 0897
  0.5586009653E+005 0897
  0.5592011601E+005 0897
  0.5598014022E+005 0896
  0.5604008824E+005 0896
  0.5610010524E+005 0896
  0.5616012478E+005 0896
  0.5622007219E+005 0896
  0.5628009054E+005 0896
  0.5634010149E+005 0896
  0.5640010342E+005 0895
  0.5646010420E+005 0895
  0.5652011058E+005 0895
  0.5658012161E+005 0895
  0.5664012909E+005 0895
  0.5670013874E+005 0895
  0.5676008438E+005 0894
  0.5682010024E+005 0894
  0.5688011300E+005 0894
  0.5694013800E+005 0894
  0.5700010137E+005 0894
  0.5706013754E+005 0894
  0.5712009637E+005 0893
  0.5718012749E+005 0893
  0.5724009378E+005 0893
  0.5730013042E+005 0893
  0.5736009648E+005 0893
  0.5742013453E+005 0893
  0.5748009465E+005 0893
  0.5754012366E+005 0892
  0.5760008299E+005 0892
  0.5766011349E+005 0892
  0.5772007278E+005 0892
  0.5778010135E+005 0892
  0.5784012806E+005 0892
  0.5790008954E+005 0891
  0.5796012554E+005 0891
  0.5802008617E+005 0891
  0.5808012290E+005 0891
  0.5814009092E+005 0891
  0.5820013203E+005 0891
  0.5826010220E+005 0890
  0.5832014086E+005 0890
  0.5838010172E+005 0890
  0.5844013908E+005 0890
  0.5850011067E+005 0890
  0.5856007976E+005 0890
  0.5862011151E+005 0890
  0.5868007495E+005 0889
  0.5874011635E+005 0889
  0.5880008515E+005 0889
  0.5886012651E+005 0889
  0.5892010207E+005 0889
  0.5898008143E+005 0889
  0.5904013286E+005 0888
  0.5910011309E+005 0888
  0.5916009690E+005 0888
  0.5922007816E+005 0888
  0.5928011609E+005 0888
  0.5934008077E+005 0888
  0.5940011470E+005 0887
  0.5946007666E+005 0887
  0.5952011204E+005 0887
  0.5958008135E+005 0887
  0.5964011917E+005 0887
  0.5970008784E+005 0887
  0.5976012324E+005 0887
  0.5982009077E+005 0886
  0.5988013971E+005 0886
  0.5994011956E+005 0886
  0.6000009647E+005 0886
  0.6006007649E+005 0886
  0.6012012730E+005 0886
  0.6018010951E+005 0885
  0.6024009293E+005 0885
  0.6030007412E+005 0885
  0.6036012608E+005 0885
  0.6042010747E+005 0885
  0.6048009215E+005 0885
  0.6054013840E+005 0885
  0.6060011136E+005 0884
  0.6066009369E+005 0884
  0.6072007841E+005 0884
  0.6078013144E+005 0884
  0.6084011399E+005 0884
  0.6090009708E+005 0884
  0.6096008367E+005 0883
  0.6102013898E+005 0883
  0.6108012388E+005 0883
  0.6114011140E+005 0883
  0.6120009655E+005 0883
  0.6126007171E+005 0883
  0.6132012064E+005 0883
  0.6138009929E+005 0882
  0.6144007841E+005 0882
  0.6150012777E+005 0882
  0.6156010118E+005 0882
  0.6162007478E+005 0882
  0.6168011966E+005 0882
  0.6174009282E+005 0881
  0.6180014115E+005 0881
  0.6186012291E+005 0881
  0.6192010087E+005 0881
  0.6198008082E+005 0881
  0.6204014130E+005 0881
  0.6210013523E+005 0881
  0.6216013076E+005 0880
  0.6222012573E+005 0880
  0.6228011774E+005 0880
  0.6234010963E+005 0880
  0.6240010757E+005 0880
  0.6246011245E+005 0880
  0.6252010637E+005 0879
  0.6258010165E+005 0879
  0.6264009541E+005 0879
  0.6270008283E+005 0879
  0.6276013270E+005 0879
  0.6282011230E+005 0879
  0.6288009612E+005 0879
  0.6294008598E+005 0878
  0.6300007567E+005 0878
  0.6306013660E+005 0878
  0.6312013474E+005 0878
  0.6318013434E+005 0878
  0.6324013402E+005 0878
  0.6330014095E+005 0877
  0.6336007796E+005 0877
  0.6342008249E+005 0877
  0.6348008614E+005 0877
  0.6354008717E+005 0877
  0.6360008980E+005 0877
  0.6366009134E+005 0877
  0.6372009251E+005 0876
  0.6378009753E+005 0876
  0.6384010002E+005 0876
  0.6390009988E+005 0876
  0.6396010327E+005 0876
  0.6402011147E+005 0876
  0.6408011994E+005 0875
  0.6414012239E+005 0875
  0.6420012535E+005 0875
  0.6426012589E+005 0875
  0.6432012723E+005 0875
  0.6438013248E+005 0875
  0.6444012933E+005 0875
  0.6450011823E+005 0874
  0.6456010780E+005 0874
  0.6462010096E+005 0874
  0.6468009142E+005 0874
  0.6474007876E+005 0874
  0.6480013566E+005 0874
  0.6486012345E+005 0874
  0.6492011572E+005 0873
  0.6498010700E+005 0873
  0.6504010202E+005 0873
  0.6510010325E+005 0873
  0.6516010117E+005 0873
  0.6522009965E+005 0873
  0.6528010037E+005 0873
  0.6534010102E+005 0872
  0.6540010633E+005 0872
  0.6546011168E+005 0872
  0.6552011616E+005 0872
  0.6558012013E+005 0872
  0.6564011456E+005 0872
  0.6570011079E+005 0871
  0.6576010916E+005 0871
  0.6582010826E+005 0871
  0.6588011092E+005 0871
  0.6594011667E+005 0871
  0.6600012549E+005 0871
  0.6606012842E+005 0871
  0.6612013080E+005 0870
  0.6618013665E+005 0870
  0.6624007215E+005 0870
  0.6630008089E+005 0870
  0.6636009239E+005 0870
  0.6642009858E+005 0870
  0.6648010503E+005 0870
  0.6654012026E+005 0869
  0.6660014081E+005 0869
  0.6666008356E+005 0869
  0.6672009438E+005 0869
  0.6678010256E+005 0869
  0.6684011641E+005 0869
  0.6690012829E+005 0869
  0.6696013738E+005 0868
  0.6702007876E+005 0868
  0.6708009488E+005 0868
  0.6714011067E+005 0868
  0.6720012942E+005 0868
  0.6726008075E+005 0868
  0.6732010720E+005 0867
  0.6738013439E+005 0867
  0.6744008687E+005 0867
  0.6750011159E+005 0867
  0.6756013279E+005 0867
  0.6762008221E+005 0867
  0.6768009887E+005 0867
  0.6774011346E+005 0866
  0.6780012024E+005 0866
  0.6786012379E+005 0866
  0.6792012986E+005 0866
  0.6798013635E+005 0866
  0.6804014079E+005 0866
  0.6810007586E+005 0866
  0.6816008576E+005 0865
  0.6822009458E+005 0865
  0.6828010636E+005 0865
  0.6834012352E+005 0865
  0.6840007186E+005 0865
  0.6846009486E+005 0865
  0.6852012390E+005 0865
  0.6858007863E+005 0864
  0.6864009692E+005 0864
  0.6870011348E+005 0864
  0.6876013191E+005 0864
  0.6882009024E+005 0864
  0.6888011127E+005 0864
  0.6894013020E+005 0864
  0.6900007975E+005 0863
  0.6906009823E+005 0863
  0.6912011648E+005 0863
  0.6918013464E+005 0863
  0.6924008208E+005 0863
  0.6930010648E+005 0863
  0.6936012895E+005 0863
  0.6942008258E+005 0862
  0.6948010898E+005 0862
  0.6954013233E+005 0862
  0.6960008118E+005 0862
  0.6966009927E+005 0862
  0.6972011689E+005 0862
  0.6978013039E+005 0862
  0.6984007601E+005 0862
  0.6990009660E+005 0861
  0.6996011887E+005 0861
  0.7002014046E+005 0861
  0.7008009520E+005 0861
  0.7014012294E+005 0861
  0.7020007982E+005 0861
  0.7026010876E+005 0861
  0.7032013691E+005 0860
  0.7038009279E+005 0860
  0.7044012192E+005 0860
  0.7050008143E+005 0860
  0.7056011078E+005 0860
  0.7062013944E+005 0860
  0.7068009431E+005 0860
  0.7074012323E+005 0860
  0.7080007880E+005 0859
  0.7086009651E+005 0859
  0.7092011769E+005 0859
  0.7098007210E+005 0859
  0.7104009847E+005 0859
  0.7110012078E+005 0859
  0.7116013855E+005 0859
  0.7122008751E+005 0858
  0.7128011274E+005 0858
  0.7134014049E+005 0858
  0.7140010190E+005 0858
  0.7146013830E+005 0858
  0.7152010120E+005 0858
  0.7158013416E+005 0858
  0.7164009755E+005 0858
  0.7170013601E+005 0857
  0.7176010335E+005 0857
  0.7182007168E+005 0857
  0.7188011109E+005 0857
  0.7194007291E+005 0857
  0.7200010437E+005 0857
  0.7206013842E+005 0857
  0.7212010055E+005 0857
  0.7218013337E+005 0856
  0.7224009748E+005 0856
  0.7230013532E+005 0856
  0.7236010243E+005 0856
  0.7242007396E+005 0856
  0.7248011578E+005 0856
  0.7254008626E+005 0856
  0.7260012169E+005 0856
  0.7266008525E+005 0856
  0.7272012619E+005 0856
  0.7278008849E+005 0855
  0.7284012027E+005 0855
  0.7290008120E+005 0855
  0.7296011295E+005 0855
  0.7302013993E+005 0855
  0.7308008850E+005 0855
  0.7314010747E+005 0855
  0.7320013245E+005 0855
  0.7326009020E+005 0855
  0.7332011950E+005 0855
  0.7338007864E+005 0854
  0.7344011548E+005 0854
  0.7350008298E+005 0854
  0.7356012536E+005 0854
  0.7362009885E+005 0854
  0.7368013715E+005 0854
  0.7374010071E+005 0854
  0.7380013597E+005 0854
  0.7386009995E+005 0854
  0.7392013271E+005 0854
  0.7398009679E+005 0854
  0.7404012998E+005 0854
  0.7410008735E+005 0853
  0.7416011534E+005 0853
  0.7422007717E+005 0853
  0.7428011008E+005 0853
  0.7434007610E+005 0853
  0.7440011135E+005 0853
  0.7446007635E+005 0853
  0.7452011170E+005 0853
  0.7458007378E+005 0853
  0.7464011148E+005 0853
  0.7470008549E+005 0853
  0.7476012783E+005 0853
  0.7482010052E+005 0852
  0.7488007619E+005 0852
  0.7494012576E+005 0852
  0.7500010239E+005 0852
  0.7506007599E+005 0852
  0.7512012156E+005 0852
  0.7518010468E+005 0852
  0.7524008661E+005 0852
  0.7530013723E+005 0852
  0.7536011870E+005 0852
  0.7542010083E+005 0852
  0.7548008075E+005 0852
  0.7554013212E+005 0852
  0.7560011152E+005 0851
  0.7566008833E+005 0851
  0.7572013788E+005 0851
  0.7578011867E+005 0851
  0.7584009554E+005 0851
  0.7590013922E+005 0851
  0.7596011097E+005 0851
  0.7602007846E+005 0851
  0.7608011660E+005 0851
  0.7614008722E+005 0851
  0.7620012916E+005 0851
  0.7626010033E+005 0851
  0.7632014118E+005 0851
  0.7638011078E+005 0850
  0.7644008829E+005 0850
  0.7650013592E+005 0850
  0.7656011316E+005 0850
  0.7662009345E+005 0850
  0.7668014136E+005 0850
  0.7674011760E+005 0850
  0.7680009730E+005 0850
  0.7686008216E+005 0850
  0.7692013656E+005 0850
  0.7698011006E+005 0850
  0.7704008064E+005 0850
  0.7710012555E+005 0849
  0.7716009944E+005 0849
  0.7722013966E+005 0849
  0.7728010881E+005 0849
  0.7734008473E+005 0849
  0.7740013227E+005 0849
  0.7746010999E+005 0849
  0.7752008879E+005 0849
  0.7758007240E+005 0849
  0.7764012743E+005 0849
  0.7770011503E+005 0849
  0.7776010320E+005 0849
  0.7782008310E+005 0849
  0.7788013371E+005 0848
  0.7794011348E+005 0848
  0.7800009140E+005 0848
  0.7806007298E+005 0848
  0.7812012551E+005 0848
  0.7818010692E+005 0848
  0.7824009133E+005 0848
  0.7830007541E+005 0848
  0.7836013480E+005 0848
  0.7842012454E+005 0848
  0.7848011147E+005 0848
  0.7854010041E+005 0848
  0.7860009407E+005 0847
  0.7866008761E+005 0847
  0.7872008187E+005 0847
  0.7878007515E+005 0847
  0.7884013652E+005 0847
  0.7890012105E+005 0847
  0.7896010225E+005 0847
  0.7902008465E+005 0847
  0.7908007405E+005 0847
  0.7914012990E+005 0847
  0.7920010867E+005 0847
  0.7926008937E+005 0847
  0.7932007526E+005 0846
  0.7938013242E+005 0846
  0.7944011817E+005 0846
  0.7950010734E+005 0846
  0.7956009755E+005 0846
  0.7962008743E+005 0846
  0.7968008470E+005 0846
  0.7974008314E+005 0846
  0.7980008078E+005 0846
  0.7986008219E+005 0846
  0.7992008172E+005 0846
  0.7998007966E+005 0845
  0.8004007583E+005 0845
  0.8010007121E+005 0845
  0.8016013958E+005 0845
  0.8022013872E+005 0845
  0.8028013680E+005 0845
  0.8034013651E+005 0845
  0.8040012973E+005 0845
  0.8046012254E+005 0845
  0.8052011651E+005 0845
  0.8058011263E+005 0844
  0.8064010851E+005 0844
  0.8070010369E+005 0844
  0.8076010042E+005 0844
  0.8082009869E+005 0844
  0.8088009592E+005 0844
  0.8094009285E+005 0844
  0.8100009255E+005 0844
  0.8106009248E+005 0844
  0.8112008604E+005 0844
  0.8118007906E+005 0843
  0.8124007756E+005 0843
  0.8130007804E+005 0843
  0.8136007213E+005 0843
  0.8142013704E+005 0843
  0.8148013799E+005 0843
  0.8154013967E+005 0843
  0.8160007696E+005 0843
  0.8166008735E+005 0843
  0.8172009043E+005 0842
  0.8178009372E+005 0842
  0.8184009625E+005 0842
  0.8190009791E+005 0842
  0.8196009934E+005 0842
  0.8202009774E+005 0842
  0.8208009592E+005 0842
  0.8214009291E+005 0842
  0.8220008509E+005 0842
  0.8226008003E+005 0841
  0.8232007800E+005 0841
  0.8238007634E+005 0841
  0.8244007766E+005 0841
  0.8250008533E+005 0841
  0.8256009515E+005 0841
  0.8262010515E+005 0841
  0.8268011764E+005 0841
  0.8274013493E+005 0840
  0.8280008220E+005 0840
  0.8286009345E+005 0840
  0.8292010407E+005 0840
  0.8298011892E+005 0840
  0.8304013298E+005 0840
  0.8310007451E+005 0840
  0.8316008852E+005 0839
  0.8322010735E+005 0839
  0.8328012019E+005 0839
  0.8334012841E+005 0839
  0.8340013935E+005 0839
  0.8346008442E+005 0839
  0.8352010095E+005 0839
  0.8358012201E+005 0839
  0.8364013986E+005 0838
  0.8370008559E+005 0838
  0.8376010611E+005 0838
  0.8382012486E+005 0838
  0.8388007099E+005 0838
  0.8394008179E+005 0838
  0.8400009146E+005 0838
  0.8406010270E+005 0837
  0.8412011266E+005 0837
  0.8418012177E+005 0837
  0.8424013270E+005 0837
  0.8430007204E+005 0837
  0.8436008123E+005 0837
  0.8442009140E+005 0836
  0.8448010750E+005 0836
  0.8454012285E+005 0836
  0.8460013843E+005 0836
  0.8466008197E+005 0836
  0.8472009940E+005 0836
  0.8478011541E+005 0836
  0.8484013028E+005 0835
  0.8490007857E+005 0835
  0.8496010303E+005 0835
  0.8502012312E+005 0835
  0.8508013986E+005 0835
  0.8514008589E+005 0835
  0.8520010181E+005 0834
  0.8526011209E+005 0834
  0.8532012183E+005 0834
  0.8538013729E+005 0834
  0.8544008003E+005 0834
  0.8550009527E+005 0834
  0.8556011127E+005 0833
  0.8562012715E+005 0833
  0.8568007751E+005 0833
  0.8574010378E+005 0833
  0.8580012951E+005 0833
  0.8586008398E+005 0833
  0.8592010871E+005 0832
  0.8598013981E+005 0832
  0.8604010336E+005 0832
  0.8610013548E+005 0832
  0.8616009493E+005 0832
  0.8622012416E+005 0832
  0.8628008061E+005 0831
  0.8634010887E+005 0831
  0.8640014047E+005 0831
  0.8646010218E+005 0831
  0.8652013615E+005 0831
  0.8658009766E+005 0831
  0.8664013333E+005 0830
  0.8670009947E+005 0830
  0.8676013011E+005 0830
  0.8682008991E+005 0830
  0.8688012190E+005 0830
  0.8694008320E+005 0829
  0.8700011064E+005 0829
  0.8706013684E+005 0829
  0.8712009715E+005 0829
  0.8718012530E+005 0829
  0.8724007610E+005 0829
  0.8730010005E+005 0828
  0.8736012799E+005 0828
  0.8742008396E+005 0828
  0.8748011688E+005 0828
  0.8754007882E+005 0828
  0.8760011527E+005 0827
  0.8766008366E+005 0827
  0.8772012275E+005 0827
  0.8778009234E+005 0827
  0.8784013303E+005 0827
  0.8790010456E+005 0827
  0.8796007623E+005 0826
  0.8802011126E+005 0826
  0.8808014074E+005 0826
  0.8814009978E+005 0826
  0.8820013148E+005 0826
  0.8826009433E+005 0826
  0.8832012811E+005 0825
  0.8838009057E+005 0825
  0.8844012422E+005 0825
  0.8850008792E+005 0825
  0.8856012232E+005 0825
  0.8862009193E+005 0824
  0.8868013085E+005 0824
  0.8874009565E+005 0824
  0.8880013065E+005 0824
  0.8886010176E+005 0824
  0.8892007419E+005 0824
  0.8898011441E+005 0823
  0.8904008467E+005 0823
  0.8910013007E+005 0823
  0.8916009695E+005 0823
  0.8922013503E+005 0823
  0.8928010634E+005 0823
  0.8934007757E+005 0822
  0.8940012036E+005 0822
  0.8946009043E+005 0822
  0.8952013281E+005 0822
  0.8958010555E+005 0822
  0.8964007885E+005 0822
  0.8970012164E+005 0821
  0.8976009484E+005 0821
  0.8982013967E+005 0821
  0.8988011642E+005 0821
  0.8994009606E+005 0821
  0.9000007162E+005 0820
  0.9006011667E+005 0820
  0.9012009144E+005 0820
  0.9018013522E+005 0820
  0.9024010340E+005 0820
  0.9030007103E+005 0820
  0.9036011028E+005 0819
  0.9042008142E+005 0819
  0.9048012575E+005 0819
  0.9054009975E+005 0819
  0.9060007590E+005 0819
  0.9066012107E+005 0819
  0.9072009673E+005 0818
  0.9078007886E+005 0818
  0.9084013775E+005 0818
  0.9090012273E+005 0818
  0.9096010478E+005 0818
  0.9102009243E+005 0818
  0.9108008144E+005 0817
  0.9114014034E+005 0817
  0.9120012862E+005 0817
  0.9126011614E+005 0817
  0.9132010055E+005 0817
  0.9138008102E+005 0817
  0.9144013181E+005 0817
  0.9150011293E+005 0816
  0.9156009553E+005 0816
  0.9162007721E+005 0816
  0.9168012982E+005 0816
  0.9174011429E+005 0816
  0.9180009853E+005 0816
  0.9186008753E+005 0815
  0.9192007514E+005 0815
  0.9198012931E+005 0815
  0.9204011295E+005 0815
  0.9210009658E+005 0815
  0.9216007761E+005 0815
  0.9222012873E+005 0814
  0.9228010889E+005 0814
  0.9234009134E+005 0814
  0.9240007647E+005 0814
  0.9246012936E+005 0814
  0.9252011596E+005 0814
  0.9258010215E+005 0814
  0.9264008934E+005 0813
  0.9270007562E+005 0813
  0.9276013607E+005 0813
  0.9282012599E+005 0813
  0.9288010894E+005 0813
  0.9294009191E+005 0813
  0.9300008053E+005 0812
  0.9306013493E+005 0812
  0.9312011387E+005 0812
  0.9318009299E+005 0812
  0.9324007375E+005 0812
  0.9330012703E+005 0812
  0.9336011160E+005 0812
  0.9342009588E+005 0811
  0.9348008208E+005 0811
  0.9354013757E+005 0811
  0.9360012015E+005 0811
  0.9366010776E+005 0811
  0.9372009834E+005 0811
  0.9378009420E+005 0811
  0.9384009223E+005 0810
  0.9390008854E+005 0810
  0.9396008409E+005 0810
  0.9402008484E+005 0810
  0.9408008687E+005 0810
  0.9414008716E+005 0810
  0.9420008401E+005 0809
  0.9426008122E+005 0809
  0.9432007892E+005 0809
  0.9438007294E+005 0809
  0.9444013833E+005 0809
  0.9450013381E+005 0809
  0.9456013021E+005 0809
  0.9462012588E+005 0808
  0.9468012008E+005 0808
  0.9474011881E+005 0808
  0.9480011491E+005 0808
  0.9486010870E+005 0808
  0.9492010701E+005 0808
  0.9498010810E+005 0808
  0.9504010403E+005 0807
  0.9510009953E+005 0807
  0.9516009837E+005 0807
  0.9522009789E+005 0807
  0.9528009626E+005 0807
  0.9534008954E+005 0807
  0.9540008228E+005 0807
  0.9546007374E+005 0807
  0.9552013585E+005 0806
  0.9558012689E+005 0806
  0.9564012213E+005 0806
  0.9570011704E+005 0806
  0.9576011527E+005 0806
  0.9582011670E+005 0806
  0.9588011901E+005 0806
  0.9594012313E+005 0805
  0.9600012629E+005 0805
  0.9606012751E+005 0805
  0.9612012314E+005 0805
  0.9618011842E+005 0805
  0.9624011780E+005 0805
  0.9630011659E+005 0805
  0.9636011205E+005 0804
  0.9642010328E+005 0804
  0.9648009494E+005 0804
  0.9654008891E+005 0804
  0.9660008147E+005 0804
  0.9666008003E+005 0804
  0.9672008327E+005 0804
  0.9678008469E+005 0803
  0.9684008566E+005 0803
  0.9690009347E+005 0803
  0.9696009959E+005 0803
  0.9702010498E+005 0803
  0.9708011090E+005 0803
  0.9714012059E+005 0803
  0.9720013068E+005 0802
  0.9726013794E+005 0802
  0.9732007289E+005 0802
  0.9738008263E+005 0802
  0.9744009343E+005 0802
  0.9750010259E+005 0802
  0.9756011208E+005 0802
  0.9762011944E+005 0802
  0.9768012627E+005 0801
  0.9774013613E+005 0801
  0.9780007450E+005 0801
  0.9786008330E+005 0801
  0.9792009202E+005 0801
  0.9798009945E+005 0801
  0.9804010629E+005 0801
  0.9810011203E+005 0800
  0.9816012043E+005 0800
  0.9822012897E+005 0800
  0.9828013415E+005 0800
  0.9834013748E+005 0800
  0.9840007139E+005 0800
  0.9846008037E+005 0800
  0.9852009152E+005 0800
  0.9858010121E+005 0799
  0.9864011449E+005 0799
  0.9870012952E+005 0799
  0.9876007295E+005 0799
  0.9882008968E+005 0799
  0.9888010833E+005 0799
  0.9894012280E+005 0799
  0.9900013626E+005 0799
  0.9906008086E+005 0798
  0.9912009932E+005 0798
  0.9918011818E+005 0798
  0.9924013335E+005 0798
  0.9930007729E+005 0798
  0.9936009143E+005 0798
  0.9942009919E+005 0798
  0.9948010663E+005 0797
  0.9954011618E+005 0797
  0.9960012508E+005 0797
  0.9966013918E+005 0797
  0.9972008191E+005 0797
  0.9978009731E+005 0797
  0.9984011234E+005 0797
  0.9990012998E+005 0797
  0.9996008041E+005 0796
  0.1000201032E+006 0796
  0.1000801251E+006 0796
  0.1001400769E+006 0796
  0.1002000985E+006 0796
  0.1002601160E+006 0796
  0.1003201326E+006 0796
  0.1003800786E+006 0796
  0.1004400950E+006 0795
  0.1005001053E+006 0795
  0.1005601166E+006 0795
  0.1006201326E+006 0795
  0.1006800802E+006 0795
  0.1007400982E+006 0795
  0.1008001199E+006 0795
  0.1008601405E+006 0795
  0.1009200896E+006 0794
  0.1009801099E+006 0794
  0.1010401336E+006 0794
  0.1011000862E+006 0794
  0.1011601044E+006 0794
  0.1012201196E+006 0794
  0.1012801407E+006 0794
  0.1013400919E+006 0794
  0.1014001133E+006 0793
  0.1014601347E+006 0793
  0.1015200853E+006 0793
  0.1015801082E+006 0793
  0.1016401327E+006 0793
  0.1017000888E+006 0793
  0.1017601174E+006 0793
  0.1018200772E+006 0793
  0.1018801107E+006 0792
  0.1019400746E+006 0792
  0.1020001082E+006 0792
  0.1020600733E+006 0792
  0.1021201102E+006 0792
  0.1021800748E+006 0792
  0.1022401059E+006 0792
  0.1023001352E+006 0792
  0.1023600946E+006 0791
  0.1024201228E+006 0791
  0.1024800781E+006 0791
  0.1025401100E+006 0791
  0.1026000740E+006 0791
  0.1026601037E+006 0791
  0.1027201314E+006 0791
  0.1027800901E+006 0791
  0.1028401187E+006 0790
  0.1029000781E+006 0790
  0.1029601111E+006 0790
  0.1030200736E+006 0790
  0.1030801064E+006 0790
  0.1031401360E+006 0790
  0.1032000975E+006 0790
  0.1032601346E+006 0790
  0.1033200978E+006 0789
  0.1033801304E+006 0789
  0.1034400925E+006 0789
  0.1035001264E+006 0789
  0.1035600914E+006 0789
  0.1036201263E+006 0789
  0.1036800894E+006 0789
  0.1037401212E+006 0789
  0.1038000841E+006 0788
  0.1038601187E+006 0788
  0.1039200832E+006 0788
  0.1039801179E+006 0788
  0.1040400845E+006 0788
  0.1041001227E+006 0788
  0.1041600887E+006 0788
  0.1042201222E+006 0788
  0.1042800876E+006 0788
  0.1043401257E+006 0787
  0.1044000873E+006 0787
  0.1044601201E+006 0787
  0.1045200858E+006 0787
  0.1045801252E+006 0787
  0.1046400919E+006 0787
  0.1047001365E+006 0787
  0.1047601130E+006 0787
  0.1048200921E+006 0786
  0.1048800722E+006 0786
  0.1049401241E+006 0786
  0.1050001079E+006 0786
  0.1050600912E+006 0786
  0.1051200724E+006 0786
  0.1051801266E+006 0786
  0.1052401063E+006 0786
  0.1053000821E+006 0786
  0.1053601285E+006 0785
  0.1054201067E+006 0785
  0.1054800867E+006 0785
  0.1055401333E+006 0785
  0.1056001063E+006 0785
  0.1056600791E+006 0785
  0.1057201229E+006 0785
  0.1057801007E+006 0785
  0.1058400819E+006 0784
  0.1059001343E+006 0784
  0.1059601182E+006 0784
  0.1060201025E+006 0784
  0.1060800886E+006 0784
  0.1061401412E+006 0784
  0.1062001225E+006 0784
  0.1062601035E+006 0784
  0.1063200837E+006 0784
  0.1063801308E+006 0783
  0.1064401094E+006 0783
  0.1065000931E+006 0783
  0.1065600744E+006 0783
  0.1066201260E+006 0783
  0.1066801095E+006 0783
  0.1067400927E+006 0783
  0.1068000785E+006 0783
  0.1068601340E+006 0782
  0.1069201221E+006 0782
  0.1069801113E+006 0782
  0.1070400977E+006 0782
  0.1071000846E+006 0782
  0.1071600732E+006 0782
  0.1072201308E+006 0782
  0.1072801173E+006 0782
  0.1073401035E+006 0782
  0.1074000918E+006 0781
  0.1074600790E+006 0781
  0.1075201352E+006 0781
  0.1075801227E+006 0781
  0.1076401113E+006 0781
  0.1077001026E+006 0781
  0.1077600924E+006 0781
  0.1078200816E+006 0781
  0.1078801414E+006 0781
  0.1079401338E+006 0780
  0.1080001308E+006 0780
  0.1080601309E+006 0780
  0.1081201277E+006 0780
  0.1081801253E+006 0780
  0.1082401249E+006 0780
  0.1083001237E+006 0780
  0.1083601211E+006 0780
  0.1084201207E+006 0779
  0.1084801181E+006 0779
  0.1085401118E+006 0779
  0.1086001052E+006 0779
  0.1086600989E+006 0779
  0.1087200948E+006 0779
  0.1087800913E+006 0779
  0.1088400882E+006 0779
  0.1089000862E+006 0779
  0.1089600855E+006 0778
  0.1090200825E+006 0778
  0.1090800818E+006 0778
  0.1091400807E+006 0778
  0.1092000812E+006 0778
  0.1092600795E+006 0778
  0.1093200812E+006 0778
  0.1093800857E+006 0778
  0.1094400890E+006 0778
  0.1095000916E+006 0777
  0.1095600946E+006 0777
  0.1096200977E+006 0777
  0.1096801019E+006 0777
  0.1097401053E+006 0777
  0.1098001110E+006 0777
  0.1098601191E+006 0777
  0.1099201320E+006 0777
  0.1099800749E+006 0776
  0.1100400872E+006 0776
  0.1101000962E+006 0776
  0.1101601059E+006 0776
  0.1102201200E+006 0776
  0.1102801271E+006 0776
  0.1103401326E+006 0776
  0.1104001380E+006 0776
  0.1104600713E+006 0776
  0.1105200737E+006 0775
  0.1105800780E+006 0775
  0.1106400826E+006 0775
  0.1107000885E+006 0775
  0.1107600920E+006 0775
  0.1108200967E+006 0775
  0.1108801076E+006 0775
  0.1109401223E+006 0775
  0.1110001373E+006 0775
  0.1110600823E+006 0774
  0.1111200978E+006 0774
  0.1111801114E+006 0774
  0.1112401234E+006 0774
  0.1113001383E+006 0774
  0.1113600818E+006 0774
  0.1114200944E+006 0774
  0.1114801048E+006 0774
  0.1115401159E+006 0773
  0.1116001273E+006 0773
  0.1116601373E+006 0773
  0.1117200763E+006 0773
  0.1117800858E+006 0773
  0.1118400973E+006 0773
  0.1119001072E+006 0773
  0.1119601189E+006 0773
  0.1120201284E+006 0773
  0.1120801373E+006 0772
  0.1121400797E+006 0772
  0.1122000978E+006 0772
  0.1122601107E+006 0772
  0.1123201254E+006 0772
  0.1123800733E+006 0772
  0.1124400921E+006 0772
  0.1125001092E+006 0772
  0.1125601242E+006 0772
  0.1126201399E+006 0771
  0.1126800867E+006 0771
  0.1127401041E+006 0771
  0.1128001258E+006 0771
  0.1128600801E+006 0771
  0.1129201043E+006 0771
  0.1129801275E+006 0771
  0.1130400798E+006 0771
  0.1131001071E+006 0770
  0.1131601353E+006 0770
  0.1132200935E+006 0770
  0.1132801238E+006 0770
  0.1133400833E+006 0770
  0.1134001115E+006 0770
  0.1134601402E+006 0770
  0.1135200992E+006 0770
  0.1135801282E+006 0770
  0.1136400814E+006 0769
  0.1137001035E+006 0769
  0.1137601267E+006 0769
  0.1138200799E+006 0769
  0.1138801043E+006 0769
  0.1139401306E+006 0769
  0.1140000838E+006 0769
  0.1140601084E+006 0769
  0.1141201368E+006 0769
  0.1141800949E+006 0768
  0.1142401218E+006 0768
  0.1143000816E+006 0768
  0.1143601155E+006 0768
  0.1144200777E+006 0768
  0.1144801063E+006 0768
  0.1145401335E+006 0768
  0.1146000904E+006 0768
  0.1146601175E+006 0767
  0.1147200734E+006 0767
  0.1147801012E+006 0767
  0.1148401299E+006 0767
  0.1149000869E+006 0767
  0.1149601151E+006 0767
  0.1150200758E+006 0767
  0.1150801090E+006 0767
  0.1151401405E+006 0767
  0.1152001010E+006 0766
  0.1152601334E+006 0766
  0.1153200944E+006 0766
  0.1153801245E+006 0766
  0.1154400831E+006 0766
  0.1155001119E+006 0766
  0.1155601398E+006 0766
  0.1156200969E+006 0766
  0.1156801261E+006 0765
  0.1157400892E+006 0765
  0.1158001247E+006 0765
  0.1158600881E+006 0765
  0.1159201244E+006 0765
  0.1159800880E+006 0765
  0.1160401247E+006 0765
  0.1161000978E+006 0765
  0.1161601409E+006 0765
  0.1162201124E+006 0764
  0.1162800868E+006 0764
  0.1163401332E+006 0764
  0.1164001075E+006 0764
  0.1164600784E+006 0764
  0.1165201202E+006 0764
  0.1165800906E+006 0764
  0.1166401298E+006 0764
  0.1167000956E+006 0763
  0.1167601329E+006 0763
  0.1168201016E+006 0763
  0.1168801419E+006 0763
  0.1169401115E+006 0763
  0.1170000815E+006 0763
  0.1170601224E+006 0763
  0.1171200901E+006 0763
  0.1171801309E+006 0763
  0.1172401038E+006 0762
  0.1173000799E+006 0762
  0.1173601271E+006 0762
  0.1174201030E+006 0762
  0.1174800789E+006 0762
  0.1175401269E+006 0762
  0.1176001019E+006 0762
  0.1176600791E+006 0762
  0.1177201279E+006 0761
  0.1177801013E+006 0761
  0.1178400749E+006 0761
  0.1179001211E+006 0761
  0.1179600939E+006 0761
  0.1180201400E+006 0761
  0.1180801161E+006 0761
  0.1181400899E+006 0761
  0.1182001349E+006 0761
  0.1182601120E+006 0760
  0.1183200944E+006 0760
  0.1183800752E+006 0760
  0.1184401246E+006 0760
  0.1185001023E+006 0760
  0.1185600833E+006 0760
  0.1186201348E+006 0760
  0.1186801131E+006 0760
  0.1187400906E+006 0759
  0.1188001390E+006 0759
  0.1188601136E+006 0759
  0.1189200886E+006 0759
  0.1189801344E+006 0759
  0.1190401141E+006 0759
  0.1191000942E+006 0759
  0.1191600779E+006 0759
  0.1192201353E+006 0758
  0.1192801215E+006 0758
  0.1193401069E+006 0758
  0.1194000933E+006 0758
  0.1194600802E+006 0758
  0.1195201381E+006 0758
  0.1195801222E+006 0758
  0.1196401072E+006 0758
  0.1197000912E+006 0758
  0.1197600730E+006 0757
  0.1198201290E+006 0757
  0.1198801126E+006 0757
  0.1199400948E+006 0757
  0.1200000763E+006 0757
  0.1200601289E+006 0757
  0.1201201082E+006 0757
  0.1201800905E+006 0757
  0.1202400758E+006 0756
  0.1203001355E+006 0756
  0.1203601206E+006 0756
  0.1204201050E+006 0756
  0.1204800893E+006 0756
  0.1205400782E+006 0756
  0.1206001349E+006 0756
  0.1206601199E+006 0756
  0.1207201040E+006 0755
  0.1207800930E+006 0755
  0.1208400823E+006 0755
  0.1209000719E+006 0755
  0.1209601344E+006 0755
  0.1210201271E+006 0755
  0.1210801193E+006 0755
  0.1211401135E+006 0755
  0.1212001112E+006 0754
  0.1212601096E+006 0754
  0.1213201077E+006 0754
  0.1213801037E+006 0754
  0.1214401020E+006 0754
  0.1215000965E+006 0754
  0.1215600910E+006 0754
  0.1216200881E+006 0754
  0.1216800844E+006 0753
  0.1217400788E+006 0753
  0.1218000745E+006 0753
  0.1218601374E+006 0753
  0.1219201303E+006 0753
  0.1219801235E+006 0753
  0.1220401193E+006 0753
  0.1221001148E+006 0753
  0.1221601110E+006 0752
  0.1222201080E+006 0752
  0.1222801059E+006 0752
  0.1223401021E+006 0752
  0.1224001000E+006 0752
  0.1224601019E+006 0752
  0.1225201081E+006 0752
  0.1225801108E+006 0752
  0.1226401111E+006 0751
  0.1227001134E+006 0751
  0.1227601173E+006 0751
  0.1228201173E+006 0751
  0.1228801124E+006 0751
  0.1229401076E+006 0751
  0.1230000989E+006 0751
  0.1230600906E+006 0750
  0.1231200851E+006 0750
  0.1231800807E+006 0750
  0.1232400774E+006 0750
  0.1233000731E+006 0750
  0.1233601399E+006 0750
  0.1234201388E+006 0750
  0.1234801352E+006 0750
  0.1235401327E+006 0749
  0.1236001337E+006 0749
  0.1236601347E+006 0749
  0.1237201350E+006 0749
  0.1237801380E+006 0749
  0.1238401394E+006 0749
  0.1239001399E+006 0749
  0.1239601411E+006 0748
  0.1240201416E+006 0748
  0.1240801421E+006 0748
  0.1241400726E+006 0748
  0.1242000766E+006 0748
  0.1242600837E+006 0748
  0.1243200906E+006 0748
  0.1243800974E+006 0747
  0.1244401075E+006 0747
  0.1245001194E+006 0747
  0.1245601301E+006 0747
  0.1246201411E+006 0747
  0.1246800830E+006 0747
  0.1247400960E+006 0746
  0.1248001031E+006 0746
  0.1248601085E+006 0746
  0.1249201159E+006 0746
  0.1249801239E+006 0746
  0.1250401339E+006 0746
  0.1251000717E+006 0746
  0.1251600809E+006 0745
  0.1252200905E+006 0745
  0.1252800992E+006 0745
  0.1253401113E+006 0745
  0.1254001265E+006 0745
  0.1254601396E+006 0745
  0.1255200827E+006 0744
  0.1255800982E+006 0744
  0.1256401120E+006 0744
  0.1257001263E+006 0744
  0.1257601418E+006 0744
  0.1258200856E+006 0744
  0.1258800997E+006 0744
  0.1259401142E+006 0743
  0.1260001296E+006 0743
  0.1260600741E+006 0743
  0.1261200910E+006 0743
  0.1261801081E+006 0743
  0.1262401241E+006 0743
  0.1263001376E+006 0742
  0.1263600792E+006 0742
  0.1264200943E+006 0742
  0.1264801095E+006 0742
  0.1265401243E+006 0742
  0.1266001382E+006 0742
  0.1266600849E+006 0741
  0.1267201038E+006 0741
  0.1267801187E+006 0741
  0.1268401336E+006 0741
  0.1269000780E+006 0741
  0.1269600936E+006 0740
  0.1270201076E+006 0740
  0.1270801206E+006 0740
  0.1271401371E+006 0740
  0.1272000852E+006 0740
  0.1272601060E+006 0740
  0.1273201274E+006 0739
  0.1273800773E+006 0739
  0.1274400971E+006 0739
  0.1275001204E+006 0739
  0.1275600775E+006 0739
  0.1276201073E+006 0739
  0.1276801365E+006 0738
  0.1277400932E+006 0738
  0.1278001195E+006 0738
  0.1278600746E+006 0738
  0.1279201012E+006 0738
  0.1279801263E+006 0737
  0.1280400784E+006 0737
  0.1281000991E+006 0737
  0.1281601199E+006 0737
  0.1282201403E+006 0737
  0.1282800885E+006 0737
  0.1283401088E+006 0736
  0.1284001324E+006 0736
  0.1284600859E+006 0736
  0.1285201105E+006 0736
  0.1285801342E+006 0736
  0.1286400949E+006 0736
  0.1287001266E+006 0735
  0.1287600864E+006 0735
  0.1288201169E+006 0735
  0.1288800786E+006 0735
  0.1289401106E+006 0735
  0.1290001400E+006 0734
  0.1290600963E+006 0734
  0.1291201266E+006 0734
  0.1291800850E+006 0734
  0.1292401138E+006 0734
  0.1293000724E+006 0734
  0.1293601017E+006 0733
  0.1294201319E+006 0733
  0.1294800944E+006 0733
  0.1295401315E+006 0733
  0.1296000953E+006 0733
  0.1296601307E+006 0733
  0.1297200946E+006 0732
  0.1297801299E+006 0732
  0.1298400936E+006 0732
  0.1299001273E+006 0732
  0.1299600888E+006 0732
  0.1300201221E+006 0732
  0.1300800840E+006 0732
  0.1301401212E+006 0731
  0.1302000879E+006 0731
  0.1302601249E+006 0731
  0.1303200879E+006 0731
  0.1303801238E+006 0731
  0.1304400897E+006 0731
  0.1305001265E+006 0730
  0.1305600937E+006 0730
  0.1306201373E+006 0730
  0.1306801073E+006 0730
  0.1307400760E+006 0730
  0.1308001163E+006 0730
  0.1308600878E+006 0729
  0.1309201313E+006 0729
  0.1309800988E+006 0729
  0.1310401378E+006 0729
  0.1311001070E+006 0729
  0.1311600742E+006 0729
  0.1312201111E+006 0728
  0.1312800783E+006 0728
  0.1313401147E+006 0728
  0.1314000803E+006 0728
  0.1314601185E+006 0728
  0.1315200857E+006 0728
  0.1315801199E+006 0727
  0.1316400865E+006 0727
  0.1317001255E+006 0727
  0.1317600944E+006 0727
  0.1318201343E+006 0727
  0.1318801031E+006 0727
  0.1319400727E+006 0727
  0.1320001138E+006 0726
  0.1320600845E+006 0726
  0.1321201283E+006 0726
  0.1321800999E+006 0726
  0.1322401407E+006 0726
  0.1323001105E+006 0726
  0.1323600830E+006 0725
  0.1324201292E+006 0725
  0.1324801014E+006 0725
  0.1325400752E+006 0725
  0.1326001239E+006 0725
  0.1326601014E+006 0725
  0.1327200794E+006 0724
  0.1327801305E+006 0724
  0.1328401128E+006 0724
  0.1329000942E+006 0724
  0.1329601421E+006 0724
  0.1330201201E+006 0724
  0.1330801016E+006 0724
  0.1331400809E+006 0723
  0.1332001276E+006 0723
  0.1332601027E+006 0723
  0.1333200746E+006 0723
  0.1333801179E+006 0723
  0.1334400948E+006 0723
  0.1335000749E+006 0722
  0.1335601271E+006 0722
  0.1336201115E+006 0722
  0.1336800979E+006 0722
  0.1337400849E+006 0722
  0.1338001422E+006 0722
  0.1338601295E+006 0721
  0.1339201174E+006 0721
  0.1339801051E+006 0721
  0.1340400926E+006 0721
  0.1341000785E+006 0721
  0.1341601348E+006 0721
  0.1342201176E+006 0721
  0.1342800996E+006 0720
  0.1343400837E+006 0720
  0.1344001364E+006 0720
  0.1344601135E+006 0720
  0.1345200916E+006 0720
  0.1345800728E+006 0720
  0.1346401251E+006 0719
  0.1347001065E+006 0719
  0.1347600876E+006 0719
  0.1348201421E+006 0719
  0.1348801245E+006 0719
  0.1349401058E+006 0719
  0.1350000885E+006 0719
  0.1350600746E+006 0718
  0.1351201282E+006 0718
  0.1351801086E+006 0718
  0.1352400920E+006 0718
  0.1353000747E+006 0718
  0.1353601312E+006 0718
  0.1354201178E+006 0717
  0.1354801025E+006 0717
  0.1355400873E+006 0717
  0.1356000741E+006 0717
  0.1356601332E+006 0717
  0.1357201226E+006 0717
  0.1357801113E+006 0717
  0.1358401008E+006 0716
  0.1359000905E+006 0716
  0.1359600811E+006 0716
  0.1360200726E+006 0716
  0.1360801360E+006 0716
  0.1361401279E+006 0716
  0.1362001174E+006 0715
  0.1362601060E+006 0715
  0.1363200970E+006 0715
  0.1363800854E+006 0715
  0.1364400732E+006 0715
  0.1365001354E+006 0715
  0.1365601280E+006 0715
  0.1366201185E+006 0714
  0.1366801065E+006 0714
  0.1367400950E+006 0714
  0.1368000863E+006 0714
  0.1368600802E+006 0714
  0.1369200731E+006 0714
  0.1369801417E+006 0713
  0.1370401419E+006 0713
  0.1371001386E+006 0713
  0.1371601353E+006 0713
  0.1372201330E+006 0713
  0.1372801289E+006 0713
  0.1373401243E+006 0712
  0.1374001175E+006 0712
  0.1374601102E+006 0712
  0.1375201033E+006 0712
  0.1375800988E+006 0712
  0.1376400961E+006 0712
  0.1377000924E+006 0712
  0.1377600887E+006 0711
  0.1378200854E+006 0711
  0.1378800844E+006 0711
  0.1379400844E+006 0711
  0.1380000838E+006 0711
  0.1380600807E+006 0711
  0.1381200790E+006 0710
  0.1381800739E+006 0710
  0.1382400712E+006 0710
  0.1383001412E+006 0710
  0.1383601372E+006 0710
  0.1384201322E+006 0710
  0.1384801288E+006 0710
  0.1385401276E+006 0709
  0.1386001273E+006 0709
  0.1386601263E+006 0709
  0.1387201275E+006 0709
  0.1387801326E+006 0709
  0.1388401372E+006 0709
  0.1389001402E+006 0708
  0.1389600756E+006 0708
  0.1390200845E+006 0708
  0.1390800918E+006 0708
  0.1391400989E+006 0708
  0.1392001035E+006 0708
  0.1392601061E+006 0708
  0.1393201067E+006 0707
  0.1393801070E+006 0707
  0.1394401070E+006 0707
  0.1395001083E+006 0707
  0.1395601087E+006 0707
  0.1396201082E+006 0707
  0.1396801048E+006 0706
  0.1397401025E+006 0706
  0.1398001039E+006 0706
  0.1398601076E+006 0706
  0.1399201129E+006 0706
  0.1399801177E+006 0706
  0.1400401220E+006 0705
  0.1401001287E+006 0705
  0.1401601339E+006 0705
  0.1402201408E+006 0705
  0.1402800764E+006 0705
  0.1403400828E+006 0705
  0.1404000885E+006 0705
  0.1404600975E+006 0704
  0.1405201079E+006 0704
  0.1405801157E+006 0704
  0.1406401214E+006 0704
  0.1407001268E+006 0704
  0.1407601345E+006 0704
  0.1408201386E+006 0703
  0.1408800720E+006 0703
  0.1409400805E+006 0703
  0.1410000913E+006 0703
  0.1410601004E+006 0703
  0.1411201112E+006 0703
  0.1411801228E+006 0703
  0.1412401353E+006 0702
  0.1413000761E+006 0702
  0.1413600880E+006 0702
  0.1414200992E+006 0702
  0.1414801098E+006 0702
  0.1415401217E+006 0702
  0.1416001337E+006 0701
  0.1416600741E+006 0701
  0.1417200878E+006 0701
  0.1417801022E+006 0701
  0.1418401181E+006 0701
  0.1419001335E+006 0701
  0.1419600780E+006 0701
  0.1420200969E+006 0700
  0.1420801180E+006 0700
  0.1421401374E+006 0700
  0.1422000845E+006 0700
  0.1422601024E+006 0700
  0.1423201188E+006 0700
  0.1423801353E+006 0699
  0.1424400816E+006 0699
  0.1425000979E+006 0699
  0.1425601089E+006 0699
  0.1426201179E+006 0699
  0.1426801290E+006 0699
  0.1427400721E+006 0699
  0.1428000833E+006 0698
  0.1428600945E+006 0698
  0.1429201104E+006 0698
  0.1429801265E+006 0698
  0.1430401418E+006 0698
  0.1431000866E+006 0698
  0.1431601027E+006 0697
  0.1432201193E+006 0697
  0.1432801355E+006 0697
  0.1433400808E+006 0697
  0.1434000971E+006 0697
  0.1434601135E+006 0697
  0.1435201300E+006 0697
  0.1435800732E+006 0696
  0.1436400875E+006 0696
  0.1437001036E+006 0696
  0.1437601206E+006 0696
  0.1438201417E+006 0696
  0.1438800922E+006 0696
  0.1439401153E+006 0695
  0.1440001399E+006 0695
  0.1440600924E+006 0695
  0.1441201144E+006 0695
  0.1441801373E+006 0695
  0.1442400891E+006 0695
  0.1443001112E+006 0695
  0.1443601331E+006 0694
  0.1444200836E+006 0694
  0.1444801059E+006 0694
  0.1445401279E+006 0694
  0.1446000782E+006 0694
  0.1446601033E+006 0694
  0.1447201275E+006 0693
  0.1447800761E+006 0693
  0.1448400977E+006 0693
  0.1449001240E+006 0693
  0.1449600823E+006 0693
  0.1450201124E+006 0693
  0.1450800715E+006 0693
  0.1451401025E+006 0692
  0.1452001344E+006 0692
  0.1452600949E+006 0692
  0.1453201280E+006 0692
  0.1453800890E+006 0692
  0.1454401213E+006 0692
  0.1455000799E+006 0692
  0.1455601074E+006 0691
  0.1456201345E+006 0691
  0.1456800903E+006 0691
  0.1457401167E+006 0691
  0.1458000724E+006 0691
  0.1458600977E+006 0691
  0.1459201234E+006 0690
  0.1459800801E+006 0690
  0.1460401070E+006 0690
  0.1461001344E+006 0690
  0.1461600918E+006 0690
  0.1462201231E+006 0690
  0.1462800839E+006 0690
  0.1463401170E+006 0689
  0.1464000786E+006 0689
  0.1464601125E+006 0689
  0.1465200721E+006 0689
  0.1465801034E+006 0689
  0.1466401361E+006 0689
  0.1467000957E+006 0688
  0.1467601252E+006 0688
  0.1468200874E+006 0688
  0.1468801235E+006 0688
  0.1469400874E+006 0688
  0.1470001192E+006 0688
  0.1470600814E+006 0688
  0.1471201171E+006 0687
  0.1471800841E+006 0687
  0.1472401229E+006 0687
  0.1473000894E+006 0687
  0.1473601270E+006 0687
  0.1474200930E+006 0687
  0.1474801293E+006 0687
  0.1475400935E+006 0686
  0.1476001283E+006 0686
  0.1476600894E+006 0686
  0.1477201220E+006 0686
  0.1477800836E+006 0686
  0.1478401179E+006 0686
  0.1479000835E+006 0685
  0.1479601247E+006 0685
  0.1480200940E+006 0685
  0.1480801349E+006 0685
  0.1481401053E+006 0685
  0.1482000767E+006 0685
  0.1482601195E+006 0685
  0.1483200907E+006 0684
  0.1483801322E+006 0684
  0.1484401041E+006 0684
  0.1485000720E+006 0684
  0.1485601123E+006 0684
  0.1486200836E+006 0684
  0.1486801244E+006 0684
  0.1487400941E+006 0683
  0.1488001370E+006 0683
  0.1488601101E+006 0683
  0.1489200805E+006 0683
  0.1489801215E+006 0683
  0.1490400932E+006 0683
  0.1491001386E+006 0683
  0.1491601133E+006 0682
  0.1492200878E+006 0682
  0.1492801332E+006 0682
  0.1493401086E+006 0682
  0.1494000852E+006 0682
  0.1494601325E+006 0682
  0.1495201072E+006 0681
  0.1495800820E+006 0681
  0.1496401266E+006 0681
  0.1497001038E+006 0681
  0.1497600824E+006 0681
  0.1498201322E+006 0681
  0.1498801115E+006 0681
  0.1499400912E+006 0680
  0.1500001404E+006 0680
  0.1500601195E+006 0680
  0.1501201024E+006 0680
  0.1501800872E+006 0680
  0.1502400715E+006 0680
  0.1503001237E+006 0680
  0.1503601061E+006 0679
  0.1504200888E+006 0679
  0.1504801407E+006 0679
  0.1505401215E+006 0679
  0.1506001015E+006 0679
  0.1506600778E+006 0679
  0.1507201246E+006 0679
  0.1507801027E+006 0678
  0.1508400814E+006 0678
  0.1509001286E+006 0678
  0.1509601049E+006 0678
  0.1510200826E+006 0678
  0.1510801329E+006 0678
  0.1511401123E+006 0677
  0.1512000920E+006 0677
  0.1512600745E+006 0677
  0.1513201321E+006 0677
  0.1513801202E+006 0677
  0.1514401070E+006 0677
  0.1515000931E+006 0677
  0.1515600786E+006 0676
  0.1516201349E+006 0676
  0.1516801203E+006 0676
  0.1517401034E+006 0676
  0.1518000851E+006 0676
  0.1518601387E+006 0676
  0.1519201222E+006 0676
  0.1519801051E+006 0675
  0.1520400911E+006 0675
  0.1521000774E+006 0675
  0.1521601377E+006 0675
  0.1522201261E+006 0675
  0.1522801138E+006 0675
  0.1523401048E+006 0675
  0.1524000949E+006 0674
  0.1524600836E+006 0674
  0.1525200730E+006 0674
  0.1525801348E+006 0674
  0.1526401256E+006 0674
  0.1527001173E+006 0674
  0.1527601115E+006 0673
  0.1528201047E+006 0673
  0.1528800959E+006 0673
  0.1529400871E+006 0673
  0.1530000819E+006 0673
  0.1530600792E+006 0673
  0.1531200767E+006 0673
  0.1531800739E+006 0672
  0.1532401420E+006 0672
  0.1533001404E+006 0672
  0.1533601379E+006 0672
  0.1534201337E+006 0672
  0.1534801292E+006 0672
  0.1535401245E+006 0672
  0.1536001193E+006 0671
  0.1536601138E+006 0671
  0.1537201052E+006 0671
  0.1537800974E+006 0671
  0.1538400911E+006 0671
  0.1539000841E+006 0671
  0.1539600767E+006 0671
  0.1540201399E+006 0670
  0.1540801320E+006 0670
  0.1541401276E+006 0670
  0.1542001232E+006 0670
  0.1542601199E+006 0670
  0.1543201191E+006 0670
  0.1543801155E+006 0670
  0.1544401112E+006 0669
  0.1545001073E+006 0669
  0.1545601059E+006 0669
  0.1546201040E+006 0669
  0.1546801027E+006 0669
  0.1547401020E+006 0669
  0.1548001018E+006 0668
  0.1548601003E+006 0668
  0.1549201003E+006 0668
  0.1549801006E+006 0668
  0.1550401006E+006 0668
  0.1551000988E+006 0668
  0.1551600980E+006 0668
  0.1552200991E+006 0667
  0.1552801042E+006 0667
  0.1553401073E+006 0667
  0.1554001107E+006 0667
  0.1554601149E+006 0667
  0.1555201201E+006 0667
  0.1555801258E+006 0667
  0.1556401314E+006 0666
  0.1557001349E+006 0666
  0.1557601386E+006 0666
  0.1558201419E+006 0666
  0.1558800725E+006 0666
  0.1559400754E+006 0666
  0.1560000785E+006 0665
  0.1560600848E+006 0665
  0.1561200949E+006 0665
  0.1561801044E+006 0665
  0.1562401137E+006 0665
  0.1563001264E+006 0665
  0.1563601383E+006 0665
  0.1564200803E+006 0664
  0.1564800946E+006 0664
  0.1565401092E+006 0664
  0.1566001200E+006 0664
  0.1566601310E+006 0664
  0.1567201419E+006 0664
  0.1567800807E+006 0664
  0.1568400887E+006 0663
  0.1569000963E+006 0663
  0.1569601034E+006 0663
  0.1570201096E+006 0663
  0.1570801164E+006 0663
  0.1571401251E+006 0663
  0.1572001367E+006 0662
  0.1572600787E+006 0662
  0.1573200890E+006 0662
  0.1573801003E+006 0662
  0.1574401143E+006 0662
  0.1575001289E+006 0662
  0.1575600743E+006 0662
  0.1576200899E+006 0661
  0.1576801054E+006 0661
  0.1577401224E+006 0661
  0.1578001401E+006 0661
  0.1578600848E+006 0661
  0.1579201002E+006 0661
  0.1579801135E+006 0660
  0.1580401296E+006 0660
  0.1581000759E+006 0660
  0.1581600931E+006 0660
  0.1582201116E+006 0660
  0.1582801324E+006 0660
  0.1583400798E+006 0659
  0.1584000971E+006 0659
  0.1584601152E+006 0659
  0.1585201333E+006 0659
  0.1585800789E+006 0659
  0.1586400967E+006 0659
  0.1587001149E+006 0659
  0.1587601325E+006 0658
  0.1588200780E+006 0658
  0.1588800950E+006 0658
  0.1589401143E+006 0658
  0.1590001345E+006 0658
  0.1590600840E+006 0658
  0.1591201035E+006 0658
  0.1591801241E+006 0657
  0.1592400717E+006 0657
  0.1593000901E+006 0657
  0.1593601117E+006 0657
  0.1594201366E+006 0657
  0.1594800908E+006 0657
  0.1595401162E+006 0657
  0.1596001399E+006 0656
  0.1596600924E+006 0656
  0.1597201189E+006 0656
  0.1597800727E+006 0656
  0.1598400959E+006 0656
  0.1599001168E+006 0656
  0.1599601370E+006 0656
  0.1600200901E+006 0656
  0.1600801143E+006 0656
  0.1601401380E+006 0655
  0.1602000909E+006 0655
  0.1602601180E+006 0655
  0.1603200732E+006 0655
  0.1603801002E+006 0655
  0.1604401291E+006 0655
  0.1605000892E+006 0655
  0.1605601205E+006 0655
  0.1606200811E+006 0654
  0.1606801144E+006 0654
  0.1607400752E+006 0654
  0.1608001063E+006 0654
  0.1608601377E+006 0654
  0.1609200975E+006 0654
  0.1609801293E+006 0654
  0.1610400899E+006 0654
  0.1611001219E+006 0653
  0.1611600861E+006 0653
  0.1612201211E+006 0653
  0.1612800844E+006 0653
  0.1613401201E+006 0653
  0.1614000850E+006 0653
  0.1614601211E+006 0653
  0.1615200869E+006 0653
  0.1615801232E+006 0652
  0.1616400900E+006 0652
  0.1617001267E+006 0652
  0.1617600886E+006 0652
  0.1618201199E+006 0652
  0.1618800787E+006 0652
  0.1619401088E+006 0652
  0.1620001418E+006 0652
  0.1620601005E+006 0651
  0.1621201293E+006 0651
  0.1621800871E+006 0651
  0.1622401219E+006 0651
  0.1623000859E+006 0651
  0.1623601232E+006 0651
  0.1624200909E+006 0651
  0.1624801311E+006 0651
  0.1625400987E+006 0650
  0.1626001378E+006 0650
  0.1626601073E+006 0650
  0.1627200756E+006 0650
  0.1627801151E+006 0650
  0.1628400827E+006 0650
  0.1629001225E+006 0650
  0.1629600916E+006 0649
  0.1630201312E+006 0649
  0.1630800992E+006 0649
  0.1631401405E+006 0649
  0.1632001075E+006 0649
  0.1632600750E+006 0649
  0.1633201153E+006 0649
  0.1633800856E+006 0648
  0.1634401272E+006 0648
  0.1635000992E+006 0648
  0.1635601421E+006 0648
  0.1636201172E+006 0648
  0.1636800926E+006 0648
  0.1637401395E+006 0648
  0.1638001146E+006 0648
  0.1638600909E+006 0647
  0.1639201394E+006 0647
  0.1639801182E+006 0647
  0.1640400952E+006 0647
  0.1641000716E+006 0647
  0.1641601222E+006 0647
  0.1642201029E+006 0647
  0.1642800812E+006 0646
  0.1643401293E+006 0646
  0.1644001075E+006 0646
  0.1644600888E+006 0646
  0.1645201424E+006 0646
  0.1645801257E+006 0646
  0.1646401090E+006 0645
  0.1647000882E+006 0645
  0.1647601387E+006 0645
  0.1648201174E+006 0645
  0.1648800970E+006 0645
  0.1649400769E+006 0645
  0.1650001258E+006 0645
  0.1650601032E+006 0644
  0.1651200818E+006 0644
  0.1651801295E+006 0644
  0.1652401074E+006 0644
  0.1653000873E+006 0644
  0.1653601394E+006 0644
  0.1654201208E+006 0644
  0.1654801023E+006 0643
  0.1655400849E+006 0643
  0.1656001414E+006 0643
  0.1656601276E+006 0643
  0.1657201140E+006 0643
  0.1657801007E+006 0643
  0.1658400864E+006 0642
  0.1659000725E+006 0642
  0.1659601294E+006 0642
  0.1660201126E+006 0642
  0.1660800947E+006 0642
  0.1661400788E+006 0642
  0.1662001350E+006 0641
  0.1662601184E+006 0641
  0.1663201020E+006 0641
  0.1663800883E+006 0641
  0.1664400791E+006 0641
  0.1665001410E+006 0641
  0.1665601312E+006 0641
  0.1666201215E+006 0640
  0.1666801118E+006 0640
  0.1667401026E+006 0640
  0.1668000924E+006 0640
  0.1668600825E+006 0640
  0.1669200716E+006 0640
  0.1669801308E+006 0639
  0.1670401195E+006 0639
  0.1671001115E+006 0639
  0.1671601025E+006 0639
  0.1672200934E+006 0638
  0.1672800843E+006 0638
  0.1673400767E+006 0638
  0.1674001411E+006 0637
  0.1674601367E+006 0637
  0.1675201338E+006 0637
  0.1675801327E+006 0636
  0.1676401295E+006 0636
  0.1677001259E+006 0636
  0.1677601223E+006 0635
  0.1678201189E+006 0635
  0.1678801164E+006 0635
  0.1679401145E+006 0634
  0.1680001099E+006 0634
  0.1680601052E+006 0633
  0.1681201010E+006 0633
  0.1681800962E+006 0633
  0.1682400893E+006 0632
  0.1683000814E+006 0632
  0.1683600769E+006 0632
  0.1684200740E+006 0631
  0.1684801417E+006 0631
  0.1685401386E+006 0631
  0.1686001381E+006 0630
  0.1686601389E+006 0630
  0.1687201421E+006 0629
  0.1687800723E+006 0629
  0.1688400760E+006 0629
  0.1689000795E+006 0628
  0.1689600836E+006 0628
  0.1690200885E+006 0628
  0.1690800951E+006 0627
  0.1691400996E+006 0627
  0.1692001040E+006 0627
  0.1692601086E+006 0626
  0.1693201139E+006 0626
  0.1693801189E+006 0626
  0.1694401225E+006 0625
  0.1695001261E+006 0625
  0.1695601297E+006 0625
  0.1696201327E+006 0624
  0.1696801367E+006 0624
  0.1697401425E+006 0624
  0.1698000766E+006 0623
  0.1698600832E+006 0623
  0.1699200897E+006 0623
  0.1699800952E+006 0622
  0.1700401001E+006 0622
  0.1701001067E+006 0622
  0.1701601110E+006 0622
  0.1702201123E+006 0621
  0.1702801118E+006 0621
  0.1703401154E+006 0621
  0.1704001214E+006 0620
  0.1704601279E+006 0620
  0.1705201358E+006 0620
  0.1705800734E+006 0619
  0.1706400842E+006 0619
  0.1707000938E+006 0619
  0.1707601018E+006 0619
  0.1708201130E+006 0618
  0.1708801250E+006 0618
  0.1709401356E+006 0618
  0.1710000754E+006 0618
  0.1710600848E+006 0617
  0.1711200916E+006 0617
  0.1711800983E+006 0617
  0.1712401057E+006 0616
  0.1713001144E+006 0616
  0.1713601231E+006 0616
  0.1714201308E+006 0616
  0.1714801406E+006 0615
  0.1715400816E+006 0615
  0.1716000945E+006 0615
  0.1716601090E+006 0615
  0.1717201245E+006 0614
  0.1717801388E+006 0614
  0.1718400826E+006 0614
  0.1719001000E+006 0614
  0.1719601177E+006 0613
  0.1720201357E+006 0613
  0.1720800837E+006 0613
  0.1721401024E+006 0613
  0.1722001185E+006 0612
  0.1722601348E+006 0612
  0.1723200835E+006 0612
  0.1723801029E+006 0612
  0.1724401216E+006 0612
  0.1725001391E+006 0611
  0.1725600870E+006 0611
  0.1726201100E+006 0611
  0.1726801322E+006 0611
  0.1727400825E+006 0610
  0.1728000000E+006 0610
