  0.0000000000E+000 0000
  0.6003236444E+002 1000
  0.1201124932E+003 1000
  0.1800815115E+003 1000
  0.2400684946E+003 1000
  0.3001126180E+003 1000
  0.3601078901E+003 1000
  0.4201200307E+003 1000
  0.4801422018E+003 1000
  0.5400932594E+003 1000
  0.6000950217E+003 1000
  0.6601160952E+003 1000
  0.7201277267E+003 1000
  0.7801055701E+003 1000
  0.8400778867E+003 1000
  0.9000776592E+003 1000
  0.9601342971E+003 1000
  0.1020099136E+004 1000
  0.1080108058E+004 1000
  0.1140085162E+004 1000
  0.1200123233E+004 1000
  0.1260097768E+004 1000
  0.1320089283E+004 1000
  0.1380115079E+004 1000
  0.1440104250E+004 1000
  0.1500137947E+004 1000
  0.1560100765E+004 1000
  0.1620130583E+004 1000
  0.1680136493E+004 1000
  0.1740088997E+004 1000
  0.1800134635E+004 1000
  0.1860114819E+004 1000
  0.1920083493E+004 1000
  0.1980102161E+004 1000
  0.2040107112E+004 1000
  0.2100117190E+004 1000
  0.2160100222E+004 1000
  0.2220131552E+004 1000
  0.2280088176E+004 1000
  0.2340078091E+004 1000
  0.2400084698E+004 1000
  0.2460073821E+004 1000
  0.2520131807E+004 1000
  0.2580137528E+004 1000
  0.2640104671E+004 1000
  0.2700132764E+004 1000
  0.2760116975E+004 1000
  0.2820104102E+004 1000
  0.2880113779E+004 1000
  0.2940137847E+004 1000
  0.3000104094E+004 1000
  0.3060138441E+004 1000
  0.3120107825E+004 1000
  0.3180104388E+004 1000
  0.3240090699E+004 1000
  0.3300077330E+004 1000
  0.3360127355E+004 1000
  0.3420127748E+004 1000
  0.3480085875E+004 1000
  0.3540089470E+004 1000
  0.3600107055E+004 1000
  0.3660107973E+004 1000
  0.3720109339E+004 1000
  0.3780092921E+004 1000
  0.3840122989E+004 1000
  0.3900128369E+004 1000
  0.3960096637E+004 1000
  0.4020134047E+004 1000
  0.4080073347E+004 1000
  0.4140091177E+004 1000
  0.4200100899E+004 1000
  0.4260094511E+004 1000
  0.4320096241E+004 1000
  0.4380113180E+004 1000
  0.4440099891E+004 1000
  0.4500117992E+004 1000
  0.4560087010E+004 1000
  0.4620125073E+004 1000
  0.4680100965E+004 1000
  0.4740088532E+004 1000
  0.4800096569E+004 1000
  0.4860105948E+004 1000
  0.4920137360E+004 1000
  0.4980117453E+004 1000
  0.5040103157E+004 1000
  0.5100099186E+004 1000
  0.5160121080E+004 1000
  0.5220110709E+004 1000
  0.5280114716E+004 1000
  0.5340112395E+004 1000
  0.5400115750E+004 1000
  0.5460129643E+004 1000
  0.5520114925E+004 1000
  0.5580110013E+004 1000
  0.5640122238E+004 1000
  0.5700110951E+004 1000
  0.5760119954E+004 1000
  0.5820120756E+004 1000
  0.5880091457E+004 1000
  0.5940073588E+004 1000
  0.6000096119E+004 1000
  0.6060084693E+004 1000
  0.6120109878E+004 1000
  0.6180094331E+004 1000
  0.6240092841E+004 1000
  0.6300103574E+004 1000
  0.6360106057E+004 1000
  0.6420109647E+004 1000
  0.6480131625E+004 1000
  0.6540134417E+004 1000
  0.6600076951E+004 1000
  0.6660078438E+004 1000
  0.6720131565E+004 1000
  0.6780105115E+004 1000
  0.6840136285E+004 1000
  0.6900073373E+004 1000
  0.6960078894E+004 1000
  0.7020139363E+004 1000
  0.7080104533E+004 1000
  0.7140123244E+004 1000
  0.7200071870E+004 1000
  0.7260076432E+004 1000
  0.7320137088E+004 1000
  0.7380121941E+004 1000
  0.7440110473E+004 1000
  0.7500101743E+004 1000
  0.7560095437E+004 1000
  0.7620085643E+004 1000
  0.7680112995E+004 1000
  0.7740123031E+004 1000
  0.7800134190E+004 1000
  0.7860125341E+004 1000
  0.7920102554E+004 1000
  0.7980120271E+004 1000
  0.8040101379E+004 1000
  0.8100132359E+004 1000
  0.8160119155E+004 1000
  0.8220122432E+004 1000
  0.8280079171E+004 1000
  0.8340075307E+004 1000
  0.8400075772E+004 1000
  0.8460075511E+004 1000
  0.8520112568E+004 1000
  0.8580094419E+004 1000
  0.8640070515E+004 1000
  0.8700123400E+004 1000
  0.8760139328E+004 1000
  0.8820127794E+004 1000
  0.8880121410E+004 1000
  0.8940116353E+004 1000
  0.9000080771E+004 1000
  0.9060116408E+004 1000
  0.9120075964E+004 1000
  0.9180114374E+004 1000
  0.9240139146E+004 1000
  0.9300132588E+004 1000
  0.9360103395E+004 1000
  0.9420110490E+004 1000
  0.9480139164E+004 1000
  0.9540103501E+004 1000
  0.9600100773E+004 1000
  0.9660081689E+004 1000
  0.9720129826E+004 1000
  0.9780102984E+004 1000
  0.9840072463E+004 1000
  0.9900129140E+004 1000
  0.9960088691E+004 1000
  0.1002007268E+005 1000
  0.1008012633E+005 1000
  0.1014007388E+005 1000
  0.1020011589E+005 1000
  0.1026010509E+005 1000
  0.1032011207E+005 1000
  0.1038012764E+005 1000
  0.1044007685E+005 1000
  0.1050010202E+005 1000
  0.1056007953E+005 1000
  0.1062012575E+005 1000
  0.1068008095E+005 1000
  0.1074011364E+005 1000
  0.1080008805E+005 1000
  0.1086013741E+005 1000
  0.1092011586E+005 1000
  0.1098012500E+005 1000
  0.1104010167E+005 1000
  0.1110007174E+005 1000
  0.1116012881E+005 1000
  0.1122010325E+005 1000
  0.1128012468E+005 1000
  0.1134008523E+005 1000
  0.1140012573E+005 1000
  0.1146011775E+005 1000
  0.1152008633E+005 1000
  0.1158012650E+005 1000
  0.1164009313E+005 1000
  0.1170012622E+005 1000
  0.1176013557E+005 1000
  0.1182011361E+005 1000
  0.1188010267E+005 1000
  0.1194012859E+005 1000
  0.1200008124E+005 1000
  0.1206010493E+005 1000
  0.1212011063E+005 1000
  0.1218007380E+005 1000
  0.1224011448E+005 1000
  0.1230012308E+005 1000
  0.1236008484E+005 1000
  0.1242010307E+005 1000
  0.1248010008E+005 1000
  0.1254011841E+005 1000
  0.1260013315E+005 1000
  0.1266009343E+005 1000
  0.1272013574E+005 1000
  0.1278010585E+005 1000
  0.1284007778E+005 1000
  0.1290008837E+005 1000
  0.1296009717E+005 1000
  0.1302009047E+005 1000
  0.1308013707E+005 1000
  0.1314013735E+005 0999
  0.1320010317E+005 0999
  0.1326012970E+005 0999
  0.1332011490E+005 0999
  0.1338007990E+005 0999
  0.1344008485E+005 0999
  0.1350007130E+005 0999
  0.1356013744E+005 0999
  0.1362011531E+005 0999
  0.1368007524E+005 0999
  0.1374011730E+005 0999
  0.1380010070E+005 0999
  0.1386009229E+005 0999
  0.1392009460E+005 0999
  0.1398009597E+005 0999
  0.1404012859E+005 0999
  0.1410012477E+005 0999
  0.1416010770E+005 0999
  0.1422010868E+005 0999
  0.1428009491E+005 0999
  0.1434013753E+005 0999
  0.1440010729E+005 0999
  0.1446012009E+005 0999
  0.1452012668E+005 0999
  0.1458008885E+005 0999
  0.1464013294E+005 0999
  0.1470009542E+005 0999
  0.1476011519E+005 0999
  0.1482012179E+005 0999
  0.1488011465E+005 0999
  0.1494010032E+005 0999
  0.1500008132E+005 0999
  0.1506013588E+005 0999
  0.1512009916E+005 0999
  0.1518010035E+005 0999
  0.1524010824E+005 0999
  0.1530008152E+005 0999
  0.1536007599E+005 0999
  0.1542011005E+005 0999
  0.1548007511E+005 0999
  0.1554013305E+005 0999
  0.1560007680E+005 0999
  0.1566009101E+005 0999
  0.1572013708E+005 0999
  0.1578011136E+005 0999
  0.1584009168E+005 0999
  0.1590010773E+005 0999
  0.1596011597E+005 0999
  0.1602012175E+005 0999
  0.1608007073E+005 0999
  0.1614007721E+005 0999
  0.1620009479E+005 0999
  0.1626012999E+005 0999
  0.1632007613E+005 0999
  0.1638010115E+005 0999
  0.1644012580E+005 0999
  0.1650011870E+005 0999
  0.1656010047E+005 0999
  0.1662007729E+005 0999
  0.1668011002E+005 0999
  0.1674007231E+005 0998
  0.1680008335E+005 0998
  0.1686009005E+005 0998
  0.1692013955E+005 0998
  0.1698011410E+005 0998
  0.1704009343E+005 0998
  0.1710007875E+005 0998
  0.1716011650E+005 0998
  0.1722010363E+005 0998
  0.1728010810E+005 0998
  0.1734012985E+005 0998
  0.1740012844E+005 0998
  0.1746007363E+005 0998
  0.1752013762E+005 0998
  0.1758008284E+005 0998
  0.1764008901E+005 0998
  0.1770007548E+005 0998
  0.1776012251E+005 0998
  0.1782009177E+005 0998
  0.1788011237E+005 0998
  0.1794013039E+005 0998
  0.1800008769E+005 0998
  0.1806010406E+005 0998
  0.1812012180E+005 0998
  0.1818008736E+005 0998
  0.1824013935E+005 0998
  0.1830012082E+005 0998
  0.1836012313E+005 0998
  0.1842011201E+005 0998
  0.1848010415E+005 0998
  0.1854009764E+005 0998
  0.1860010882E+005 0998
  0.1866012891E+005 0998
  0.1872008365E+005 0998
  0.1878009960E+005 0998
  0.1884012031E+005 0998
  0.1890012499E+005 0998
  0.1896013556E+005 0998
  0.1902009033E+005 0998
  0.1908011770E+005 0998
  0.1914007488E+005 0998
  0.1920010490E+005 0998
  0.1926008813E+005 0998
  0.1932013152E+005 0998
  0.1938008846E+005 0998
  0.1944011610E+005 0998
  0.1950008610E+005 0998
  0.1956012868E+005 0998
  0.1962010237E+005 0998
  0.1968007393E+005 0998
  0.1974013195E+005 0998
  0.1980008271E+005 0998
  0.1986010257E+005 0998
  0.1992010570E+005 0998
  0.1998011625E+005 0998
  0.2004010364E+005 0998
  0.2010008170E+005 0998
  0.2016007353E+005 0997
  0.2022013268E+005 0997
  0.2028009498E+005 0997
  0.2034012709E+005 0997
  0.2040013027E+005 0997
  0.2046012797E+005 0997
  0.2052012928E+005 0997
  0.2058012875E+005 0997
  0.2064007134E+005 0997
  0.2070013676E+005 0997
  0.2076012477E+005 0997
  0.2082011808E+005 0997
  0.2088010947E+005 0997
  0.2094011295E+005 0997
  0.2100012179E+005 0997
  0.2106007229E+005 0997
  0.2112008760E+005 0997
  0.2118009805E+005 0997
  0.2124011873E+005 0997
  0.2130007822E+005 0997
  0.2136008732E+005 0997
  0.2142009130E+005 0997
  0.2148009770E+005 0997
  0.2154010343E+005 0997
  0.2160010903E+005 0997
  0.2166010931E+005 0997
  0.2172011337E+005 0997
  0.2178008239E+005 0997
  0.2184011557E+005 0997
  0.2190013915E+005 0997
  0.2196009439E+005 0997
  0.2202009900E+005 0997
  0.2208009711E+005 0997
  0.2214009688E+005 0997
  0.2220007566E+005 0997
  0.2226012279E+005 0997
  0.2232009601E+005 0997
  0.2238013486E+005 0997
  0.2244010609E+005 0997
  0.2250014074E+005 0997
  0.2256011757E+005 0997
  0.2262009970E+005 0997
  0.2268009056E+005 0997
  0.2274009795E+005 0997
  0.2280013487E+005 0997
  0.2286010939E+005 0997
  0.2292007321E+005 0997
  0.2298010558E+005 0997
  0.2304013010E+005 0997
  0.2310007917E+005 0997
  0.2316009859E+005 0996
  0.2322013050E+005 0996
  0.2328007384E+005 0996
  0.2334013817E+005 0996
  0.2340013104E+005 0996
  0.2346012907E+005 0996
  0.2352012910E+005 0996
  0.2358011226E+005 0996
  0.2364008578E+005 0996
  0.2370013870E+005 0996
  0.2376012738E+005 0996
  0.2382009380E+005 0996
  0.2388013577E+005 0996
  0.2394013189E+005 0996
  0.2400012584E+005 0996
  0.2406013414E+005 0996
  0.2412007416E+005 0996
  0.2418008269E+005 0996
  0.2424009322E+005 0996
  0.2430010753E+005 0996
  0.2436012453E+005 0996
  0.2442013528E+005 0996
  0.2448007685E+005 0996
  0.2454009562E+005 0996
  0.2460011922E+005 0996
  0.2466007442E+005 0996
  0.2472011156E+005 0996
  0.2478008540E+005 0996
  0.2484012380E+005 0996
  0.2490008608E+005 0996
  0.2496012656E+005 0996
  0.2502010675E+005 0996
  0.2508008764E+005 0996
  0.2514007384E+005 0996
  0.2520008116E+005 0996
  0.2526008746E+005 0996
  0.2532009186E+005 0996
  0.2538009649E+005 0996
  0.2544010503E+005 0996
  0.2550009946E+005 0996
  0.2556013381E+005 0996
  0.2562008477E+005 0996
  0.2568012737E+005 0996
  0.2574011051E+005 0996
  0.2580007939E+005 0995
  0.2586012570E+005 0995
  0.2592009616E+005 0995
  0.2598013515E+005 0995
  0.2604011374E+005 0995
  0.2610010194E+005 0995
  0.2616010112E+005 0995
  0.2622011136E+005 0995
  0.2628012438E+005 0995
  0.2634013834E+005 0995
  0.2640014027E+005 0995
  0.2646013718E+005 0995
  0.2652013217E+005 0995
  0.2658012206E+005 0995
  0.2664010464E+005 0995
  0.2670008625E+005 0995
  0.2676013102E+005 0995
  0.2682010721E+005 0995
  0.2688007707E+005 0995
  0.2694013108E+005 0995
  0.2700012281E+005 0995
  0.2706010478E+005 0995
  0.2712008430E+005 0995
  0.2718013482E+005 0995
  0.2724010195E+005 0995
  0.2730013294E+005 0995
  0.2736009232E+005 0995
  0.2742011774E+005 0995
  0.2748013965E+005 0995
  0.2754013311E+005 0995
  0.2760012492E+005 0995
  0.2766013509E+005 0995
  0.2772007456E+005 0995
  0.2778007596E+005 0995
  0.2784008189E+005 0995
  0.2790008723E+005 0995
  0.2796010890E+005 0995
  0.2802013539E+005 0995
  0.2808010433E+005 0994
  0.2814007357E+005 0994
  0.2820012491E+005 0994
  0.2826011065E+005 0994
  0.2832010791E+005 0994
  0.2838009832E+005 0994
  0.2844008505E+005 0994
  0.2850013147E+005 0994
  0.2856010115E+005 0994
  0.2862013710E+005 0994
  0.2868010295E+005 0994
  0.2874007743E+005 0994
  0.2880011730E+005 0994
  0.2886008144E+005 0994
  0.2892011522E+005 0994
  0.2898007145E+005 0994
  0.2904008615E+005 0994
  0.2910011138E+005 0994
  0.2916008121E+005 0994
  0.2922012569E+005 0994
  0.2928010121E+005 0994
  0.2934007867E+005 0994
  0.2940012793E+005 0994
  0.2946011623E+005 0994
  0.2952009507E+005 0994
  0.2958008721E+005 0994
  0.2964009903E+005 0994
  0.2970009597E+005 0994
  0.2976008204E+005 0994
  0.2982007598E+005 0994
  0.2988007069E+005 0994
  0.2994013593E+005 0993
  0.3000011559E+005 0993
  0.3006009169E+005 0993
  0.3012013488E+005 0993
  0.3018010782E+005 0993
  0.3024009409E+005 0993
  0.3030008226E+005 0993
  0.3036007256E+005 0993
  0.3042013309E+005 0993
  0.3048012882E+005 0993
  0.3054012483E+005 0993
  0.3060011557E+005 0993
  0.3066010307E+005 0993
  0.3072008246E+005 0993
  0.3078011997E+005 0993
  0.3084008483E+005 0993
  0.3090011987E+005 0993
  0.3096008289E+005 0993
  0.3102011108E+005 0993
  0.3108008177E+005 0993
  0.3114012241E+005 0993
  0.3120010064E+005 0993
  0.3126008337E+005 0993
  0.3132013915E+005 0993
  0.3138013666E+005 0993
  0.3144012537E+005 0993
  0.3150010608E+005 0993
  0.3156009586E+005 0993
  0.3162009945E+005 0993
  0.3168009644E+005 0993
  0.3174009459E+005 0993
  0.3180009209E+005 0992
  0.3186008835E+005 0992
  0.3192013567E+005 0992
  0.3198010829E+005 0992
  0.3204007696E+005 0992
  0.3210012587E+005 0992
  0.3216011179E+005 0992
  0.3222010194E+005 0992
  0.3228008650E+005 0992
  0.3234013398E+005 0992
  0.3240011046E+005 0992
  0.3246009278E+005 0992
  0.3252013917E+005 0992
  0.3258010870E+005 0992
  0.3264007580E+005 0992
  0.3270011271E+005 0992
  0.3276014097E+005 0992
  0.3282010504E+005 0992
  0.3288007092E+005 0992
  0.3294010040E+005 0992
  0.3300013514E+005 0992
  0.3306010414E+005 0992
  0.3312007995E+005 0992
  0.3318013576E+005 0992
  0.3324011939E+005 0992
  0.3330010157E+005 0992
  0.3336009358E+005 0992
  0.3342007063E+005 0992
  0.3348012322E+005 0992
  0.3354011547E+005 0992
  0.3360010060E+005 0992
  0.3366007807E+005 0992
  0.3372012613E+005 0991
  0.3378010958E+005 0991
  0.3384009032E+005 0991
  0.3390013474E+005 0991
  0.3396010636E+005 0991
  0.3402007744E+005 0991
  0.3408012134E+005 0991
  0.3414009400E+005 0991
  0.3420013931E+005 0991
  0.3426011659E+005 0991
  0.3432010339E+005 0991
  0.3438010528E+005 0991
  0.3444011278E+005 0991
  0.3450012325E+005 0991
  0.3456013302E+005 0991
  0.3462009741E+005 0991
  0.3468013433E+005 0991
  0.3474009726E+005 0991
  0.3480012651E+005 0991
  0.3486013707E+005 0991
  0.3492007438E+005 0991
  0.3498008632E+005 0991
  0.3504009751E+005 0991
  0.3510011621E+005 0991
  0.3516012418E+005 0991
  0.3522012311E+005 0991
  0.3528012786E+005 0991
  0.3534012778E+005 0991
  0.3540012358E+005 0991
  0.3546012741E+005 0991
  0.3552013947E+005 0991
  0.3558007881E+005 0991
  0.3564008682E+005 0991
  0.3570009866E+005 0990
  0.3576011736E+005 0990
  0.3582012460E+005 0990
  0.3588012123E+005 0990
  0.3594011434E+005 0990
  0.3600011122E+005 0990
  0.3606010751E+005 0990
  0.3612010418E+005 0990
  0.3618009661E+005 0990
  0.3624009434E+005 0990
  0.3630009362E+005 0990
  0.3636010210E+005 0990
  0.3642011015E+005 0990
  0.3648011546E+005 0990
  0.3654012686E+005 0990
  0.3660007791E+005 0990
  0.3666009211E+005 0990
  0.3672010659E+005 0990
  0.3678011930E+005 0990
  0.3684012702E+005 0990
  0.3690013555E+005 0990
  0.3696013415E+005 0990
  0.3702013360E+005 0990
  0.3708013471E+005 0990
  0.3714012865E+005 0990
  0.3720012810E+005 0990
  0.3726007763E+005 0990
  0.3732009336E+005 0990
  0.3738010474E+005 0990
  0.3744011601E+005 0990
  0.3750013685E+005 0990
  0.3756008384E+005 0989
  0.3762010954E+005 0989
  0.3768013941E+005 0989
  0.3774009950E+005 0989
  0.3780012258E+005 0989
  0.3786007623E+005 0989
  0.3792010628E+005 0989
  0.3798007956E+005 0989
  0.3804012723E+005 0989
  0.3810009911E+005 0989
  0.3816014048E+005 0989
  0.3822011059E+005 0989
  0.3828008075E+005 0989
  0.3834012292E+005 0989
  0.3840008876E+005 0989
  0.3846012345E+005 0989
  0.3852009718E+005 0989
  0.3858007660E+005 0989
  0.3864012333E+005 0989
  0.3870009906E+005 0989
  0.3876013836E+005 0989
  0.3882010448E+005 0989
  0.3888013667E+005 0989
  0.3894008694E+005 0989
  0.3900011473E+005 0989
  0.3906013895E+005 0989
  0.3912008998E+005 0989
  0.3918011057E+005 0989
  0.3924013476E+005 0989
  0.3930007633E+005 0988
  0.3936008870E+005 0988
  0.3942010517E+005 0988
  0.3948013635E+005 0988
  0.3954009751E+005 0988
  0.3960012975E+005 0988
  0.3966009803E+005 0988
  0.3972007773E+005 0988
  0.3978012866E+005 0988
  0.3984011234E+005 0988
  0.3990010075E+005 0988
  0.3996008411E+005 0988
  0.4002012945E+005 0988
  0.4008009588E+005 0988
  0.4014013651E+005 0988
  0.4020010625E+005 0988
  0.4026007116E+005 0988
  0.4032009755E+005 0988
  0.4038010873E+005 0988
  0.4044011492E+005 0988
  0.4050013715E+005 0988
  0.4056008983E+005 0988
  0.4062012211E+005 0988
  0.4068008802E+005 0988
  0.4074012557E+005 0988
  0.4080009942E+005 0988
  0.4086014012E+005 0987
  0.4092010891E+005 0987
  0.4098008537E+005 0987
  0.4104012899E+005 0987
  0.4110009523E+005 0987
  0.4116013400E+005 0987
  0.4122009933E+005 0987
  0.4128012801E+005 0987
  0.4134008575E+005 0987
  0.4140012735E+005 0987
  0.4146010449E+005 0987
  0.4152007869E+005 0987
  0.4158012121E+005 0987
  0.4164010082E+005 0987
  0.4170007807E+005 0987
  0.4176012024E+005 0987
  0.4182008792E+005 0987
  0.4188012886E+005 0987
  0.4194009670E+005 0987
  0.4200013622E+005 0987
  0.4206010409E+005 0987
  0.4212007668E+005 0987
  0.4218011131E+005 0987
  0.4224007554E+005 0987
  0.4230010267E+005 0986
  0.4236012647E+005 0986
  0.4242008651E+005 0986
  0.4248012621E+005 0986
  0.4254009379E+005 0986
  0.4260013214E+005 0986
  0.4266010027E+005 0986
  0.4272007679E+005 0986
  0.4278013328E+005 0986
  0.4284011196E+005 0986
  0.4290009381E+005 0986
  0.4296007914E+005 0986
  0.4302013456E+005 0986
  0.4308011631E+005 0986
  0.4314011374E+005 0986
  0.4320011012E+005 0986
  0.4326010081E+005 0986
  0.4332008861E+005 0986
  0.4338008277E+005 0986
  0.4344007196E+005 0986
  0.4350013085E+005 0986
  0.4356011808E+005 0985
  0.4362011806E+005 0985
  0.4368011446E+005 0985
  0.4374010617E+005 0985
  0.4380009433E+005 0985
  0.4386008543E+005 0985
  0.4392008220E+005 0985
  0.4398007468E+005 0985
  0.4404007160E+005 0985
  0.4410013749E+005 0985
  0.4416013231E+005 0985
  0.4422012698E+005 0985
  0.4428011353E+005 0985
  0.4434009662E+005 0985
  0.4440008531E+005 0985
  0.4446013968E+005 0985
  0.4452012145E+005 0985
  0.4458010035E+005 0985
  0.4464008232E+005 0984
  0.4470013862E+005 0984
  0.4476012899E+005 0984
  0.4482011338E+005 0984
  0.4488010273E+005 0984
  0.4494010694E+005 0984
  0.4500011579E+005 0984
  0.4506012238E+005 0984
  0.4512012585E+005 0984
  0.4518011347E+005 0984
  0.4524008978E+005 0984
  0.4530013700E+005 0984
  0.4536011319E+005 0984
  0.4542008218E+005 0984
  0.4548011070E+005 0984
  0.4554007310E+005 0984
  0.4560011033E+005 0984
  0.4566007770E+005 0983
  0.4572011336E+005 0983
  0.4578007898E+005 0983
  0.4584012329E+005 0983
  0.4590009794E+005 0983
  0.4596014079E+005 0983
  0.4602012491E+005 0983
  0.4608011009E+005 0983
  0.4614010488E+005 0983
  0.4620010116E+005 0983
  0.4626009271E+005 0983
  0.4632008205E+005 0983
  0.4638007269E+005 0983
  0.4644013072E+005 0983
  0.4650012204E+005 0983
  0.4656011560E+005 0983
  0.4662011142E+005 0982
  0.4668010869E+005 0982
  0.4674009662E+005 0982
  0.4680008226E+005 0982
  0.4686007470E+005 0982
  0.4692007537E+005 0982
  0.4698013996E+005 0982
  0.4704013566E+005 0982
  0.4710012906E+005 0982
  0.4716012244E+005 0982
  0.4722011128E+005 0982
  0.4728010471E+005 0982
  0.4734009705E+005 0982
  0.4740008076E+005 0982
  0.4746013382E+005 0981
  0.4752012683E+005 0981
  0.4758012277E+005 0981
  0.4764011546E+005 0981
  0.4770009786E+005 0981
  0.4776008848E+005 0981
  0.4782008318E+005 0981
  0.4788007686E+005 0981
  0.4794007365E+005 0981
  0.4800007195E+005 0981
  0.4806013848E+005 0981
  0.4812013481E+005 0981
  0.4818012656E+005 0981
  0.4824011495E+005 0981
  0.4830011168E+005 0980
  0.4836010730E+005 0980
  0.4842010310E+005 0980
  0.4848009142E+005 0980
  0.4854007635E+005 0980
  0.4860012962E+005 0980
  0.4866011062E+005 0980
  0.4872008180E+005 0980
  0.4878012693E+005 0980
  0.4884011024E+005 0980
  0.4890009361E+005 0980
  0.4896007512E+005 0980
  0.4902013651E+005 0980
  0.4908013403E+005 0979
  0.4914013224E+005 0979
  0.4920012463E+005 0979
  0.4926011850E+005 0979
  0.4932010427E+005 0979
  0.4938009046E+005 0979
  0.4944008295E+005 0979
  0.4950007978E+005 0979
  0.4956007512E+005 0979
  0.4962012887E+005 0979
  0.4968011616E+005 0979
  0.4974011068E+005 0979
  0.4980010890E+005 0978
  0.4986010649E+005 0978
  0.4992010866E+005 0978
  0.4998010974E+005 0978
  0.5004011688E+005 0978
  0.5010012354E+005 0978
  0.5016012563E+005 0978
  0.5022012669E+005 0978
  0.5028012356E+005 0978
  0.5034011673E+005 0978
  0.5040010889E+005 0978
  0.5046009594E+005 0977
  0.5052008353E+005 0977
  0.5058007310E+005 0977
  0.5064012455E+005 0977
  0.5070010248E+005 0977
  0.5076009250E+005 0977
  0.5082009238E+005 0977
  0.5088009385E+005 0977
  0.5094009874E+005 0977
  0.5100010773E+005 0977
  0.5106012102E+005 0977
  0.5112012814E+005 0977
  0.5118014080E+005 0976
  0.5124008490E+005 0976
  0.5130009877E+005 0976
  0.5136010940E+005 0976
  0.5142011654E+005 0976
  0.5148012040E+005 0976
  0.5154011785E+005 0976
  0.5160011141E+005 0976
  0.5166011683E+005 0976
  0.5172012323E+005 0976
  0.5178012363E+005 0975
  0.5184012356E+005 0975
  0.5190012638E+005 0975
  0.5196013214E+005 0975
  0.5202007133E+005 0975
  0.5208007541E+005 0975
  0.5214007949E+005 0975
  0.5220008689E+005 0975
  0.5226009847E+005 0975
  0.5232011416E+005 0975
  0.5238013682E+005 0975
  0.5244008689E+005 0974
  0.5250010727E+005 0974
  0.5256012240E+005 0974
  0.5262012822E+005 0974
  0.5268014007E+005 0974
  0.5274008332E+005 0974
  0.5280009629E+005 0974
  0.5286010296E+005 0974
  0.5292011461E+005 0974
  0.5298013298E+005 0974
  0.5304007384E+005 0973
  0.5310008416E+005 0973
  0.5316009572E+005 0973
  0.5322010635E+005 0973
  0.5328011639E+005 0973
  0.5334012478E+005 0973
  0.5340013317E+005 0973
  0.5346014001E+005 0973
  0.5352013685E+005 0973
  0.5358013635E+005 0973
  0.5364014013E+005 0972
  0.5370014018E+005 0972
  0.5376014036E+005 0972
  0.5382007887E+005 0972
  0.5388009118E+005 0972
  0.5394010827E+005 0972
  0.5400012376E+005 0972
  0.5406013990E+005 0972
  0.5412008944E+005 0972
  0.5418012136E+005 0971
  0.5424008117E+005 0971
  0.5430011072E+005 0971
  0.5436013490E+005 0971
  0.5442008834E+005 0971
  0.5448011781E+005 0971
  0.5454007262E+005 0971
  0.5460009712E+005 0971
  0.5466012509E+005 0971
  0.5472008355E+005 0971
  0.5478010735E+005 0970
  0.5484013105E+005 0970
  0.5490009555E+005 0970
  0.5496013491E+005 0970
  0.5502009999E+005 0970
  0.5508013868E+005 0970
  0.5514010894E+005 0970
  0.5520008233E+005 0970
  0.5526012450E+005 0970
  0.5532009348E+005 0969
  0.5538013217E+005 0969
  0.5544008867E+005 0969
  0.5550011307E+005 0969
  0.5556007450E+005 0969
  0.5562010666E+005 0969
  0.5568014059E+005 0969
  0.5574010490E+005 0969
  0.5580007977E+005 0969
  0.5586012704E+005 0968
  0.5592010340E+005 0968
  0.5598007318E+005 0968
  0.5604011602E+005 0968
  0.5610009193E+005 0968
  0.5616013396E+005 0968
  0.5622010655E+005 0968
  0.5628007715E+005 0968
  0.5634011796E+005 0967
  0.5640009038E+005 0967
  0.5646012894E+005 0967
  0.5652008531E+005 0967
  0.5658011152E+005 0967
  0.5664013764E+005 0967
  0.5670009754E+005 0967
  0.5676012443E+005 0967
  0.5682008361E+005 0967
  0.5688011649E+005 0966
  0.5694007355E+005 0966
  0.5700010214E+005 0966
  0.5706014039E+005 0966
  0.5712011293E+005 0966
  0.5718009360E+005 0966
  0.5724014074E+005 0966
  0.5730012109E+005 0966
  0.5736010438E+005 0965
  0.5742008795E+005 0965
  0.5748007400E+005 0965
  0.5754013340E+005 0965
  0.5760011629E+005 0965
  0.5766009641E+005 0965
  0.5772007752E+005 0965
  0.5778012860E+005 0965
  0.5784011160E+005 0965
  0.5790008846E+005 0964
  0.5796013625E+005 0964
  0.5802011586E+005 0964
  0.5808009786E+005 0964
  0.5814007915E+005 0964
  0.5820013534E+005 0964
  0.5826012114E+005 0964
  0.5832011043E+005 0964
  0.5838010190E+005 0963
  0.5844008816E+005 0963
  0.5850007160E+005 0963
  0.5856012869E+005 0963
  0.5862012048E+005 0963
  0.5868011018E+005 0963
  0.5874009246E+005 0963
  0.5880008052E+005 0963
  0.5886014023E+005 0962
  0.5892012841E+005 0962
  0.5898011702E+005 0962
  0.5904010746E+005 0962
  0.5910010640E+005 0962
  0.5916010571E+005 0962
  0.5922010657E+005 0962
  0.5928011063E+005 0962
  0.5934011698E+005 0961
  0.5940011405E+005 0961
  0.5946010757E+005 0961
  0.5952009421E+005 0961
  0.5958007818E+005 0961
  0.5964013228E+005 0961
  0.5970012086E+005 0961
  0.5976010971E+005 0960
  0.5982009814E+005 0960
  0.5988007985E+005 0960
  0.5994013593E+005 0960
  0.6000012951E+005 0960
  0.6006012691E+005 0960
  0.6012012345E+005 0960
  0.6018012309E+005 0960
  0.6024012126E+005 0959
  0.6030012343E+005 0959
  0.6036012763E+005 0959
  0.6042013016E+005 0959
  0.6048013023E+005 0959
  0.6054013054E+005 0959
  0.6060013816E+005 0959
  0.6066013556E+005 0959
  0.6072013368E+005 0958
  0.6078013429E+005 0958
  0.6084014125E+005 0958
  0.6090007580E+005 0958
  0.6096007941E+005 0958
  0.6102008243E+005 0958
  0.6108009195E+005 0958
  0.6114009898E+005 0957
  0.6120010679E+005 0957
  0.6126011731E+005 0957
  0.6132012619E+005 0957
  0.6138012836E+005 0957
  0.6144013304E+005 0957
  0.6150013601E+005 0957
  0.6156013998E+005 0957
  0.6162007155E+005 0956
  0.6168007095E+005 0956
  0.6174014036E+005 0956
  0.6180013511E+005 0956
  0.6186012823E+005 0956
  0.6192012383E+005 0956
  0.6198012437E+005 0956
  0.6204011936E+005 0955
  0.6210011899E+005 0955
  0.6216011948E+005 0955
  0.6222012860E+005 0955
  0.6228007097E+005 0955
  0.6234008617E+005 0955
  0.6240009574E+005 0955
  0.6246010438E+005 0954
  0.6252011796E+005 0954
  0.6258014006E+005 0954
  0.6264008792E+005 0954
  0.6270010907E+005 0954
  0.6276013029E+005 0954
  0.6282007608E+005 0954
  0.6288008294E+005 0953
  0.6294008642E+005 0953
  0.6300008951E+005 0953
  0.6306009843E+005 0953
  0.6312010438E+005 0953
  0.6318011078E+005 0953
  0.6324012511E+005 0953
  0.6330013885E+005 0952
  0.6336008536E+005 0952
  0.6342010765E+005 0952
  0.6348013368E+005 0952
  0.6354008963E+005 0952
  0.6360011480E+005 0952
  0.6366013699E+005 0952
  0.6372009122E+005 0951
  0.6378011407E+005 0951
  0.6384013881E+005 0951
  0.6390009532E+005 0951
  0.6396012046E+005 0951
  0.6402007182E+005 0951
  0.6408009668E+005 0951
  0.6414012403E+005 0950
  0.6420008588E+005 0950
  0.6426011527E+005 0950
  0.6432007484E+005 0950
  0.6438010016E+005 0950
  0.6444012591E+005 0950
  0.6450008662E+005 0950
  0.6456011489E+005 0949
  0.6462013512E+005 0949
  0.6468008078E+005 0949
  0.6474010093E+005 0949
  0.6480012001E+005 0949
  0.6486013467E+005 0949
  0.6492007180E+005 0949
  0.6498008260E+005 0948
  0.6504009564E+005 0948
  0.6510010802E+005 0948
  0.6516011988E+005 0948
  0.6522014067E+005 0948
  0.6528008956E+005 0948
  0.6534011061E+005 0948
  0.6540012987E+005 0947
  0.6546008044E+005 0947
  0.6552010549E+005 0947
  0.6558013114E+005 0947
  0.6564008539E+005 0947
  0.6570011384E+005 0947
  0.6576013645E+005 0947
  0.6582008632E+005 0946
  0.6588010568E+005 0946
  0.6594012475E+005 0946
  0.6600007334E+005 0946
  0.6606009531E+005 0946
  0.6612012340E+005 0946
  0.6618007749E+005 0945
  0.6624010314E+005 0945
  0.6630012758E+005 0945
  0.6636008262E+005 0945
  0.6642010885E+005 0945
  0.6648013952E+005 0945
  0.6654009458E+005 0945
  0.6660012050E+005 0944
  0.6666007853E+005 0944
  0.6672011412E+005 0944
  0.6678008289E+005 0944
  0.6684011652E+005 0944
  0.6690007435E+005 0944
  0.6696010940E+005 0943
  0.6702007345E+005 0943
  0.6708010499E+005 0943
  0.6714013801E+005 0943
  0.6720010239E+005 0943
  0.6726013463E+005 0943
  0.6732010063E+005 0943
  0.6738013802E+005 0942
  0.6744010982E+005 0942
  0.6750008664E+005 0942
  0.6756013194E+005 0942
  0.6762010952E+005 0942
  0.6768008790E+005 0942
  0.6774013653E+005 0941
  0.6780011166E+005 0941
  0.6786008686E+005 0941
  0.6792012390E+005 0941
  0.6798008821E+005 0941
  0.6804012005E+005 0941
  0.6810008131E+005 0941
  0.6816010804E+005 0940
  0.6822013766E+005 0940
  0.6828009669E+005 0940
  0.6834012398E+005 0940
  0.6840008142E+005 0940
  0.6846011503E+005 0940
  0.6852007899E+005 0939
  0.6858011609E+005 0939
  0.6864008853E+005 0939
  0.6870013762E+005 0939
  0.6876011277E+005 0939
  0.6882007807E+005 0939
  0.6888011487E+005 0938
  0.6894009044E+005 0938
  0.6900013842E+005 0938
  0.6906011212E+005 0938
  0.6912008709E+005 0938
  0.6918012863E+005 0938
  0.6924010071E+005 0937
  0.6930014028E+005 0937
  0.6936011122E+005 0937
  0.6942008626E+005 0937
  0.6948013165E+005 0937
  0.6954010526E+005 0937
  0.6960008259E+005 0937
  0.6966013380E+005 0936
  0.6972011166E+005 0936
  0.6978008650E+005 0936
  0.6984013030E+005 0936
  0.6990009862E+005 0936
  0.6996013690E+005 0936
  0.7002010616E+005 0935
  0.7008007749E+005 0935
  0.7014011848E+005 0935
  0.7020009176E+005 0935
  0.7026013808E+005 0935
  0.7032011458E+005 0935
  0.7038009264E+005 0934
  0.7044007390E+005 0934
  0.7050012580E+005 0934
  0.7056010514E+005 0934
  0.7062008626E+005 0934
  0.7068014079E+005 0934
  0.7074012323E+005 0933
  0.7080009970E+005 0933
  0.7086007803E+005 0933
  0.7092013311E+005 0933
  0.7098011195E+005 0933
  0.7104008771E+005 0933
  0.7110013461E+005 0932
  0.7116011307E+005 0932
  0.7122009216E+005 0932
  0.7128013591E+005 0932
  0.7134010691E+005 0932
  0.7140007914E+005 0932
  0.7146012360E+005 0931
  0.7152009800E+005 0931
  0.7158008096E+005 0931
  0.7164013650E+005 0931
  0.7170011845E+005 0931
  0.7176010014E+005 0931
  0.7182008656E+005 0930
  0.7188007421E+005 0930
  0.7194013431E+005 0930
  0.7200012724E+005 0930
  0.7206011559E+005 0930
  0.7212010320E+005 0930
  0.7218009091E+005 0929
  0.7224007711E+005 0929
  0.7230013097E+005 0929
  0.7236011738E+005 0929
  0.7242010461E+005 0929
  0.7248009126E+005 0929
  0.7254008264E+005 0928
  0.7260007484E+005 0928
  0.7266007324E+005 0928
  0.7272013603E+005 0928
  0.7278012499E+005 0928
  0.7284011905E+005 0927
  0.7290011505E+005 0927
  0.7296010652E+005 0927
  0.7302009728E+005 0927
  0.7308008861E+005 0927
  0.7314008012E+005 0927
  0.7320013425E+005 0926
  0.7326011104E+005 0926
  0.7332008924E+005 0926
  0.7338013872E+005 0926
  0.7344011629E+005 0926
  0.7350009496E+005 0926
  0.7356007817E+005 0925
  0.7362013375E+005 0925
  0.7368012114E+005 0925
  0.7374011223E+005 0925
  0.7380010960E+005 0925
  0.7386010369E+005 0925
  0.7392009579E+005 0924
  0.7398008665E+005 0924
  0.7404007537E+005 0924
  0.7410013534E+005 0924
  0.7416012676E+005 0924
  0.7422011147E+005 0923
  0.7428009502E+005 0923
  0.7434007800E+005 0923
  0.7440013066E+005 0923
  0.7446011658E+005 0923
  0.7452010136E+005 0923
  0.7458009013E+005 0922
  0.7464007879E+005 0922
  0.7470012994E+005 0922
  0.7476011082E+005 0922
  0.7482010076E+005 0922
  0.7488009222E+005 0922
  0.7494008268E+005 0921
  0.7500007247E+005 0921
  0.7506013863E+005 0921
  0.7512013688E+005 0921
  0.7518013013E+005 0921
  0.7524012233E+005 0920
  0.7530012113E+005 0920
  0.7536012391E+005 0920
  0.7542012622E+005 0920
  0.7548012910E+005 0920
  0.7554013478E+005 0920
  0.7560014004E+005 0919
  0.7566007313E+005 0919
  0.7572007948E+005 0919
  0.7578008427E+005 0919
  0.7584008762E+005 0919
  0.7590009068E+005 0919
  0.7596009845E+005 0918
  0.7602010436E+005 0918
  0.7608010979E+005 0918
  0.7614010862E+005 0918
  0.7620010377E+005 0918
  0.7626009927E+005 0917
  0.7632009433E+005 0917
  0.7638008917E+005 0917
  0.7644008269E+005 0917
  0.7650007423E+005 0917
  0.7656014128E+005 0917
  0.7662013928E+005 0916
  0.7668013681E+005 0916
  0.7674013586E+005 0916
  0.7680013938E+005 0916
  0.7686013987E+005 0916
  0.7692013929E+005 0915
  0.7698013989E+005 0915
  0.7704007652E+005 0915
  0.7710008623E+005 0915
  0.7716008931E+005 0915
  0.7722009045E+005 0915
  0.7728009174E+005 0914
  0.7734008971E+005 0914
  0.7740008408E+005 0914
  0.7746008014E+005 0914
  0.7752007571E+005 0914
  0.7758007180E+005 0913
  0.7764013899E+005 0913
  0.7770014014E+005 0913
  0.7776007087E+005 0913
  0.7782007405E+005 0913
  0.7788008298E+005 0913
  0.7794009223E+005 0912
  0.7800010050E+005 0912
  0.7806010736E+005 0912
  0.7812011139E+005 0912
  0.7818011606E+005 0912
  0.7824011990E+005 0911
  0.7830012263E+005 0911
  0.7836012680E+005 0911
  0.7842012762E+005 0911
  0.7848013079E+005 0911
  0.7854013971E+005 0911
  0.7860007735E+005 0910
  0.7866008379E+005 0910
  0.7872009590E+005 0910
  0.7878010926E+005 0910
  0.7884012554E+005 0910
  0.7890014154E+005 0909
  0.7896009079E+005 0909
  0.7902011086E+005 0909
  0.7908012196E+005 0909
  0.7914012862E+005 0909
  0.7920013780E+005 0909
  0.7926008093E+005 0908
  0.7932008989E+005 0908
  0.7938009675E+005 0908
  0.7944010372E+005 0908
  0.7950011086E+005 0908
  0.7956011690E+005 0907
  0.7962012536E+005 0907
  0.7968013457E+005 0907
  0.7974014032E+005 0907
  0.7980007851E+005 0907
  0.7986009331E+005 0906
  0.7992010781E+005 0906
  0.7998012745E+005 0906
  0.8004007791E+005 0906
  0.8010009999E+005 0906
  0.8016012169E+005 0906
  0.8022014003E+005 0905
  0.8028008703E+005 0905
  0.8034010756E+005 0905
  0.8040012650E+005 0905
  0.8046008013E+005 0905
  0.8052010512E+005 0904
  0.8058012466E+005 0904
  0.8064007227E+005 0904
  0.8070009284E+005 0904
  0.8076011499E+005 0904
  0.8082013477E+005 0904
  0.8088008317E+005 0903
  0.8094010414E+005 0903
  0.8100012621E+005 0903
  0.8106007332E+005 0903
  0.8112009072E+005 0903
  0.8118011485E+005 0902
  0.8124013944E+005 0902
  0.8130008868E+005 0902
  0.8136010813E+005 0902
  0.8142012919E+005 0902
  0.8148008054E+005 0901
  0.8154010053E+005 0901
  0.8160012161E+005 0901
  0.8166013817E+005 0901
  0.8172008812E+005 0901
  0.8178011443E+005 0901
  0.8184007463E+005 0900
  0.8190010572E+005 0900
  0.8196013692E+005 0900
  0.8202009515E+005 0900
  0.8208012588E+005 0900
  0.8214008349E+005 0899
  0.8220011092E+005 0899
  0.8226013792E+005 0899
  0.8232008769E+005 0899
  0.8238010733E+005 0899
  0.8244012723E+005 0899
  0.8250007453E+005 0898
  0.8256008993E+005 0898
  0.8262010862E+005 0898
  0.8268013118E+005 0898
  0.8274008597E+005 0898
  0.8280011198E+005 0897
  0.8286014021E+005 0897
  0.8292010180E+005 0897
  0.8298013880E+005 0897
  0.8304010092E+005 0897
  0.8310013632E+005 0896
  0.8316010194E+005 0896
  0.8322013756E+005 0896
  0.8328009920E+005 0896
  0.8334013548E+005 0896
  0.8340010627E+005 0896
  0.8346007301E+005 0895
  0.8352010812E+005 0895
  0.8358007247E+005 0895
  0.8364010639E+005 0895
  0.8370007404E+005 0895
  0.8376011700E+005 0894
  0.8382008691E+005 0894
  0.8388013007E+005 0894
  0.8394010346E+005 0894
  0.8400007792E+005 0894
  0.8406012458E+005 0893
  0.8412009550E+005 0893
  0.8418013528E+005 0893
  0.8424010298E+005 0893
  0.8430013946E+005 0893
  0.8436010691E+005 0893
  0.8442007379E+005 0892
  0.8448010813E+005 0892
  0.8454013970E+005 0892
  0.8460010433E+005 0892
  0.8466014084E+005 0892
  0.8472010919E+005 0891
  0.8478007457E+005 0891
  0.8484011396E+005 0891
  0.8490008470E+005 0891
  0.8496012273E+005 0891
  0.8502008840E+005 0890
  0.8508012752E+005 0890
  0.8514010265E+005 0890
  0.8520007661E+005 0890
  0.8526011894E+005 0890
  0.8532009340E+005 0890
  0.8538013730E+005 0889
  0.8544010505E+005 0889
  0.8550007364E+005 0889
  0.8556011156E+005 0889
  0.8562007916E+005 0889
  0.8568011776E+005 0888
  0.8574008068E+005 0888
  0.8580011459E+005 0888
  0.8586008221E+005 0888
  0.8592012114E+005 0888
  0.8598009517E+005 0887
  0.8604013826E+005 0887
  0.8610011090E+005 0887
  0.8616008497E+005 0887
  0.8622013734E+005 0887
  0.8628011990E+005 0887
  0.8634010363E+005 0886
  0.8640008541E+005 0886
  0.8646013475E+005 0886
  0.8652011345E+005 0886
  0.8658009391E+005 0886
  0.8664007674E+005 0885
  0.8670012999E+005 0885
  0.8676011277E+005 0885
  0.8682009761E+005 0885
  0.8688008803E+005 0885
  0.8694007507E+005 0885
  0.8700013258E+005 0884
  0.8706011945E+005 0884
  0.8712010789E+005 0884
  0.8718008928E+005 0884
  0.8724007236E+005 0884
  0.8730012934E+005 0883
  0.8736011259E+005 0883
  0.8742009320E+005 0883
  0.8748007304E+005 0883
  0.8754011918E+005 0883
  0.8760009877E+005 0882
  0.8766007878E+005 0882
  0.8772013025E+005 0882
  0.8778011293E+005 0882
  0.8784009919E+005 0882
  0.8790008699E+005 0882
  0.8796007781E+005 0881
  0.8802014049E+005 0881
  0.8808013265E+005 0881
  0.8814013077E+005 0881
  0.8820012619E+005 0881
  0.8826011804E+005 0880
  0.8832010578E+005 0880
  0.8838009282E+005 0880
  0.8844007809E+005 0880
  0.8850013666E+005 0880
  0.8856012348E+005 0879
  0.8862011062E+005 0879
  0.8868009326E+005 0879
  0.8874007818E+005 0879
  0.8880013805E+005 0879
  0.8886013032E+005 0879
  0.8892011682E+005 0878
  0.8898010478E+005 0878
  0.8904009382E+005 0878
  0.8910008634E+005 0878
  0.8916007621E+005 0878
  0.8922013969E+005 0877
  0.8928013684E+005 0877
  0.8934013138E+005 0877
  0.8940012576E+005 0877
  0.8946011850E+005 0877
  0.8952011205E+005 0876
  0.8958010848E+005 0876
  0.8964010427E+005 0876
  0.8970009892E+005 0876
  0.8976009509E+005 0876
  0.8982009053E+005 0876
  0.8988008801E+005 0875
  0.8994008403E+005 0875
  0.9000007944E+005 0875
  0.9006007528E+005 0875
  0.9012007654E+005 0875
  0.9018007653E+005 0874
  0.9024007831E+005 0874
  0.9030008030E+005 0874
  0.9036008251E+005 0874
  0.9042008117E+005 0874
  0.9048007612E+005 0874
  0.9054013958E+005 0873
  0.9060013280E+005 0873
  0.9066012529E+005 0873
  0.9072011946E+005 0873
  0.9078011646E+005 0873
  0.9084010992E+005 0872
  0.9090010246E+005 0872
  0.9096009432E+005 0872
  0.9102009710E+005 0872
  0.9108010024E+005 0872
  0.9114010313E+005 0871
  0.9120010972E+005 0871
  0.9126011854E+005 0871
  0.9132012792E+005 0871
  0.9138013888E+005 0871
  0.9144007898E+005 0871
  0.9150009218E+005 0870
  0.9156010289E+005 0870
  0.9162011065E+005 0870
  0.9168011624E+005 0870
  0.9174012484E+005 0870
  0.9180013138E+005 0869
  0.9186013934E+005 0869
  0.9192007342E+005 0869
  0.9198007948E+005 0869
  0.9204008910E+005 0869
  0.9210010276E+005 0869
  0.9216011612E+005 0868
  0.9222012852E+005 0868
  0.9228014068E+005 0868
  0.9234008090E+005 0868
  0.9240008855E+005 0868
  0.9246009382E+005 0868
  0.9252009957E+005 0867
  0.9258010562E+005 0867
  0.9264011333E+005 0867
  0.9270012215E+005 0867
  0.9276013216E+005 0867
  0.9282014174E+005 0866
  0.9288007933E+005 0866
  0.9294009033E+005 0866
  0.9300010758E+005 0866
  0.9306011840E+005 0866
  0.9312013084E+005 0866
  0.9318007595E+005 0865
  0.9324009268E+005 0865
  0.9330010538E+005 0865
  0.9336011326E+005 0865
  0.9342011921E+005 0865
  0.9348012534E+005 0865
  0.9354013165E+005 0864
  0.9360013833E+005 0864
  0.9366007639E+005 0864
  0.9372008337E+005 0864
  0.9378008993E+005 0864
  0.9384009514E+005 0864
  0.9390010076E+005 0863
  0.9396010864E+005 0863
  0.9402012254E+005 0863
  0.9408013665E+005 0863
  0.9414008058E+005 0863
  0.9420009723E+005 0863
  0.9426011636E+005 0862
  0.9432014044E+005 0862
  0.9438009295E+005 0862
  0.9444011456E+005 0862
  0.9450013750E+005 0862
  0.9456008852E+005 0862
  0.9462010974E+005 0861
  0.9468012979E+005 0861
  0.9474008102E+005 0861
  0.9480009966E+005 0861
  0.9486011785E+005 0861
  0.9492014049E+005 0861
  0.9498009157E+005 0860
  0.9504011048E+005 0860
  0.9510013141E+005 0860
  0.9516008562E+005 0860
  0.9522011045E+005 0860
  0.9528013455E+005 0860
  0.9534008448E+005 0859
  0.9540010759E+005 0859
  0.9546013482E+005 0859
  0.9552009033E+005 0859
  0.9558011377E+005 0859
  0.9564013730E+005 0859
  0.9570008574E+005 0858
  0.9576010580E+005 0858
  0.9582012421E+005 0858
  0.9588014142E+005 0858
  0.9594008953E+005 0858
  0.9600011059E+005 0858
  0.9606013210E+005 0858
  0.9612008555E+005 0857
  0.9618011212E+005 0857
  0.9624007213E+005 0857
  0.9630009891E+005 0857
  0.9636012364E+005 0857
  0.9642007754E+005 0857
  0.9648010452E+005 0857
  0.9654013232E+005 0856
  0.9660008389E+005 0856
  0.9666010511E+005 0856
  0.9672012269E+005 0856
  0.9678013758E+005 0856
  0.9684008114E+005 0856
  0.9690010157E+005 0856
  0.9696012088E+005 0855
  0.9702014051E+005 0855
  0.9708009378E+005 0855
  0.9714012099E+005 0855
  0.9720007709E+005 0855
  0.9726010364E+005 0855
  0.9732013024E+005 0855
  0.9738008941E+005 0854
  0.9744011989E+005 0854
  0.9750007802E+005 0854
  0.9756010691E+005 0854
  0.9762013960E+005 0854
  0.9768010177E+005 0853
  0.9774013719E+005 0853
  0.9780009854E+005 0853
  0.9786013182E+005 0853
  0.9792009506E+005 0853
  0.9798012933E+005 0852
  0.9804009358E+005 0852
  0.9810012694E+005 0852
  0.9816009115E+005 0852
  0.9822012573E+005 0852
  0.9828008839E+005 0852
  0.9834012106E+005 0851
  0.9840008406E+005 0851
  0.9846011928E+005 0851
  0.9852007898E+005 0851
  0.9858010529E+005 0851
  0.9864013341E+005 0850
  0.9870009296E+005 0850
  0.9876012257E+005 0850
  0.9882008315E+005 0850
  0.9888011807E+005 0850
  0.9894007900E+005 0849
  0.9900011314E+005 0849
  0.9906008192E+005 0849
  0.9912012381E+005 0849
  0.9918009244E+005 0849
  0.9924012909E+005 0848
  0.9930009542E+005 0848
  0.9936013835E+005 0848
  0.9942011111E+005 0848
  0.9948008281E+005 0848
  0.9954012728E+005 0848
  0.9960009777E+005 0847
  0.9966013876E+005 0847
  0.9972010242E+005 0847
  0.9978013585E+005 0847
  0.9984010066E+005 0847
  0.9990013761E+005 0846
  0.9996010462E+005 0846
  0.1000201413E+006 0846
  0.1000801066E+006 0846
  0.1001400736E+006 0846
  0.1002001142E+006 0846
  0.1002600855E+006 0845
  0.1003201299E+006 0845
  0.1003801066E+006 0845
  0.1004400848E+006 0845
  0.1005001298E+006 0845
  0.1005601027E+006 0845
  0.1006200800E+006 0844
  0.1006801233E+006 0844
  0.1007400917E+006 0844
  0.1008001322E+006 0844
  0.1008601004E+006 0844
  0.1009201386E+006 0844
  0.1009801099E+006 0843
  0.1010400834E+006 0843
  0.1011001268E+006 0843
  0.1011600992E+006 0843
  0.1012200713E+006 0843
  0.1012801175E+006 0843
  0.1013400943E+006 0842
  0.1014001387E+006 0842
  0.1014601119E+006 0842
  0.1015200851E+006 0842
  0.1015801304E+006 0842
  0.1016401042E+006 0842
  0.1017000747E+006 0841
  0.1017601176E+006 0841
  0.1018200893E+006 0841
  0.1018801331E+006 0841
  0.1019401064E+006 0841
  0.1020000807E+006 0841
  0.1020601272E+006 0840
  0.1021201069E+006 0840
  0.1021800866E+006 0840
  0.1022401388E+006 0840
  0.1023001212E+006 0840
  0.1023601094E+006 0840
  0.1024200990E+006 0840
  0.1024800847E+006 0839
  0.1025400710E+006 0839
  0.1026001272E+006 0839
  0.1026601084E+006 0839
  0.1027200904E+006 0839
  0.1027800745E+006 0839
  0.1028401315E+006 0839
  0.1029001183E+006 0838
  0.1029601043E+006 0838
  0.1030200889E+006 0838
  0.1030800738E+006 0838
  0.1031401273E+006 0838
  0.1032001112E+006 0838
  0.1032600991E+006 0837
  0.1033200830E+006 0837
  0.1033801380E+006 0837
  0.1034401228E+006 0837
  0.1035001117E+006 0837
  0.1035601013E+006 0837
  0.1036200872E+006 0837
  0.1036800722E+006 0836
  0.1037401306E+006 0836
  0.1038001198E+006 0836
  0.1038601104E+006 0836
  0.1039200996E+006 0836
  0.1039800874E+006 0836
  0.1040400754E+006 0836
  0.1041001341E+006 0836
  0.1041601223E+006 0835
  0.1042201097E+006 0835
  0.1042800976E+006 0835
  0.1043400891E+006 0835
  0.1044000777E+006 0835
  0.1044601366E+006 0835
  0.1045201271E+006 0835
  0.1045801172E+006 0834
  0.1046401027E+006 0834
  0.1047000885E+006 0834
  0.1047600736E+006 0834
  0.1048201279E+006 0834
  0.1048801134E+006 0834
  0.1049400988E+006 0834
  0.1050000880E+006 0833
  0.1050600803E+006 0833
  0.1051200732E+006 0833
  0.1051801392E+006 0833
  0.1052401392E+006 0833
  0.1053001393E+006 0833
  0.1053600724E+006 0833
  0.1054200788E+006 0833
  0.1054800852E+006 0832
  0.1055400881E+006 0832
  0.1056000884E+006 0832
  0.1056600899E+006 0832
  0.1057200953E+006 0832
  0.1057801003E+006 0832
  0.1058401004E+006 0832
  0.1059000977E+006 0832
  0.1059600948E+006 0831
  0.1060200936E+006 0831
  0.1060800936E+006 0831
  0.1061400948E+006 0831
  0.1062000959E+006 0831
  0.1062601010E+006 0831
  0.1063201096E+006 0831
  0.1063801160E+006 0830
  0.1064401205E+006 0830
  0.1065001297E+006 0830
  0.1065601336E+006 0830
  0.1066201366E+006 0830
  0.1066801405E+006 0830
  0.1067400745E+006 0830
  0.1068000796E+006 0830
  0.1068600833E+006 0830
  0.1069200857E+006 0829
  0.1069800916E+006 0829
  0.1070400964E+006 0829
  0.1071001020E+006 0829
  0.1071601110E+006 0829
  0.1072201217E+006 0829
  0.1072801319E+006 0829
  0.1073400716E+006 0829
  0.1074000833E+006 0828
  0.1074600941E+006 0828
  0.1075201030E+006 0828
  0.1075801109E+006 0828
  0.1076401219E+006 0828
  0.1077001319E+006 0828
  0.1077601412E+006 0828
  0.1078200768E+006 0828
  0.1078800868E+006 0827
  0.1079400988E+006 0827
  0.1080001120E+006 0827
  0.1080601221E+006 0827
  0.1081201303E+006 0827
  0.1081801377E+006 0827
  0.1082400810E+006 0827
  0.1083000991E+006 0827
  0.1083601137E+006 0826
  0.1084201304E+006 0826
  0.1084800804E+006 0826
  0.1085400985E+006 0826
  0.1086001200E+006 0826
  0.1086600735E+006 0826
  0.1087200989E+006 0826
  0.1087801213E+006 0826
  0.1088401395E+006 0826
  0.1089000876E+006 0825
  0.1089601078E+006 0825
  0.1090201264E+006 0825
  0.1090800739E+006 0825
  0.1091400961E+006 0825
  0.1092001166E+006 0825
  0.1092601380E+006 0825
  0.1093200880E+006 0825
  0.1093801103E+006 0825
  0.1094401307E+006 0824
  0.1095000806E+006 0824
  0.1095601020E+006 0824
  0.1096201265E+006 0824
  0.1096800814E+006 0824
  0.1097401066E+006 0824
  0.1098001308E+006 0824
  0.1098600855E+006 0824
  0.1099201106E+006 0823
  0.1099801352E+006 0823
  0.1100400882E+006 0823
  0.1101001138E+006 0823
  0.1101601414E+006 0823
  0.1102201049E+006 0823
  0.1102801378E+006 0823
  0.1103400969E+006 0823
  0.1104001324E+006 0823
  0.1104601000E+006 0822
  0.1105201380E+006 0822
  0.1105801032E+006 0822
  0.1106401388E+006 0822
  0.1107001011E+006 0822
  0.1107601328E+006 0822
  0.1108200903E+006 0822
  0.1108801218E+006 0822
  0.1109400796E+006 0822
  0.1110001064E+006 0821
  0.1110601330E+006 0821
  0.1111200911E+006 0821
  0.1111801231E+006 0821
  0.1112400877E+006 0821
  0.1113001251E+006 0821
  0.1113600939E+006 0821
  0.1114201329E+006 0821
  0.1114801004E+006 0821
  0.1115401406E+006 0820
  0.1116001114E+006 0820
  0.1116600817E+006 0820
  0.1117201205E+006 0820
  0.1117800883E+006 0820
  0.1118401265E+006 0820
  0.1119000944E+006 0820
  0.1119601305E+006 0820
  0.1120200969E+006 0820
  0.1120801325E+006 0820
  0.1121400987E+006 0819
  0.1122001373E+006 0819
  0.1122600998E+006 0819
  0.1123201319E+006 0819
  0.1123800974E+006 0819
  0.1124401349E+006 0819
  0.1125001017E+006 0819
  0.1125601398E+006 0819
  0.1126201078E+006 0819
  0.1126800793E+006 0818
  0.1127401203E+006 0818
  0.1128000883E+006 0818
  0.1128601282E+006 0818
  0.1129200950E+006 0818
  0.1129801330E+006 0818
  0.1130401007E+006 0818
  0.1131000737E+006 0818
  0.1131601184E+006 0818
  0.1132200911E+006 0817
  0.1132801359E+006 0817
  0.1133401109E+006 0817
  0.1134000878E+006 0817
  0.1134601370E+006 0817
  0.1135201171E+006 0817
  0.1135800983E+006 0817
  0.1136400799E+006 0817
  0.1137001318E+006 0817
  0.1137601154E+006 0817
  0.1138201020E+006 0816
  0.1138800863E+006 0816
  0.1139401390E+006 0816
  0.1140001191E+006 0816
  0.1140600966E+006 0816
  0.1141200761E+006 0816
  0.1141801290E+006 0816
  0.1142401060E+006 0816
  0.1143000833E+006 0816
  0.1143601359E+006 0815
  0.1144201173E+006 0815
  0.1144800986E+006 0815
  0.1145400801E+006 0815
  0.1146001356E+006 0815
  0.1146601253E+006 0815
  0.1147201118E+006 0815
  0.1147800976E+006 0815
  0.1148400831E+006 0815
  0.1149001400E+006 0815
  0.1149601228E+006 0814
  0.1150201063E+006 0814
  0.1150800905E+006 0814
  0.1151400732E+006 0814
  0.1152001262E+006 0814
  0.1152601086E+006 0814
  0.1153200956E+006 0814
  0.1153800827E+006 0814
  0.1154401413E+006 0814
  0.1155001294E+006 0814
  0.1155601178E+006 0813
  0.1156201063E+006 0813
  0.1156800936E+006 0813
  0.1157400806E+006 0813
  0.1158001353E+006 0813
  0.1158601159E+006 0813
  0.1159200963E+006 0813
  0.1159800797E+006 0813
  0.1160401337E+006 0813
  0.1161001213E+006 0813
  0.1161601077E+006 0812
  0.1162200902E+006 0812
  0.1162800747E+006 0812
  0.1163401368E+006 0812
  0.1164001293E+006 0812
  0.1164601226E+006 0812
  0.1165201153E+006 0812
  0.1165801140E+006 0812
  0.1166401146E+006 0812
  0.1167001136E+006 0812
  0.1167601130E+006 0811
  0.1168201140E+006 0811
  0.1168801124E+006 0811
  0.1169401081E+006 0811
  0.1170001036E+006 0811
  0.1170600989E+006 0811
  0.1171200942E+006 0811
  0.1171800885E+006 0811
  0.1172400849E+006 0811
  0.1173000814E+006 0811
  0.1173600752E+006 0810
  0.1174201395E+006 0810
  0.1174801348E+006 0810
  0.1175401321E+006 0810
  0.1176001319E+006 0810
  0.1176601313E+006 0810
  0.1177201325E+006 0810
  0.1177801327E+006 0810
  0.1178401326E+006 0810
  0.1179001341E+006 0810
  0.1179601365E+006 0809
  0.1180201378E+006 0809
  0.1180800714E+006 0809
  0.1181400725E+006 0809
  0.1182000738E+006 0809
  0.1182600761E+006 0809
  0.1183200803E+006 0809
  0.1183800820E+006 0809
  0.1184400800E+006 0809
  0.1185000790E+006 0809
  0.1185600820E+006 0809
  0.1186200890E+006 0808
  0.1186800927E+006 0808
  0.1187400975E+006 0808
  0.1188001043E+006 0808
  0.1188601122E+006 0808
  0.1189201188E+006 0808
  0.1189801268E+006 0808
  0.1190401345E+006 0808
  0.1191001391E+006 0808
  0.1191601409E+006 0808
  0.1192200720E+006 0807
  0.1192800736E+006 0807
  0.1193400758E+006 0807
  0.1194000782E+006 0807
  0.1194600848E+006 0807
  0.1195200936E+006 0807
  0.1195801037E+006 0807
  0.1196401125E+006 0807
  0.1197001257E+006 0807
  0.1197601394E+006 0807
  0.1198200807E+006 0806
  0.1198800953E+006 0806
  0.1199401066E+006 0806
  0.1200001185E+006 0806
  0.1200601327E+006 0806
  0.1201200756E+006 0806
  0.1201800880E+006 0806
  0.1202401008E+006 0806
  0.1203001115E+006 0806
  0.1203601202E+006 0806
  0.1204201265E+006 0806
  0.1204801344E+006 0805
  0.1205400767E+006 0805
  0.1206000907E+006 0805
  0.1206601012E+006 0805
  0.1207201124E+006 0805
  0.1207801259E+006 0805
  0.1208401401E+006 0805
  0.1209000808E+006 0805
  0.1209600929E+006 0805
  0.1210201053E+006 0805
  0.1210801173E+006 0805
  0.1211401295E+006 0804
  0.1212000719E+006 0804
  0.1212600859E+006 0804
  0.1213200998E+006 0804
  0.1213801139E+006 0804
  0.1214401298E+006 0804
  0.1215000787E+006 0804
  0.1215600991E+006 0804
  0.1216201202E+006 0804
  0.1216800741E+006 0804
  0.1217400976E+006 0803
  0.1218001211E+006 0803
  0.1218600747E+006 0803
  0.1219200974E+006 0803
  0.1219801213E+006 0803
  0.1220400751E+006 0803
  0.1221000981E+006 0803
  0.1221601183E+006 0803
  0.1222201400E+006 0803
  0.1222800908E+006 0803
  0.1223401137E+006 0803
  0.1224001352E+006 0802
  0.1224600862E+006 0802
  0.1225201109E+006 0802
  0.1225801332E+006 0802
  0.1226400830E+006 0802
  0.1227001052E+006 0802
  0.1227601330E+006 0802
  0.1228200918E+006 0802
  0.1228801214E+006 0802
  0.1229400799E+006 0802
  0.1230001124E+006 0802
  0.1230600758E+006 0801
  0.1231201098E+006 0801
  0.1231801413E+006 0801
  0.1232400991E+006 0801
  0.1233001242E+006 0801
  0.1233600774E+006 0801
  0.1234201016E+006 0801
  0.1234801277E+006 0801
  0.1235400795E+006 0801
  0.1236001031E+006 0801
  0.1236601289E+006 0801
  0.1237200827E+006 0800
  0.1237801085E+006 0800
  0.1238401350E+006 0800
  0.1239000895E+006 0800
  0.1239601163E+006 0800
  0.1240200743E+006 0800
  0.1240801029E+006 0800
  0.1241401317E+006 0800
  0.1242000898E+006 0800
  0.1242601188E+006 0800
  0.1243200739E+006 0800
  0.1243800973E+006 0799
  0.1244401236E+006 0799
  0.1245000804E+006 0799
  0.1245601094E+006 0799
  0.1246201380E+006 0799
  0.1246800982E+006 0799
  0.1247401319E+006 0799
  0.1248000956E+006 0799
  0.1248601289E+006 0799
  0.1249200937E+006 0799
  0.1249801346E+006 0799
  0.1250401037E+006 0798
  0.1251000716E+006 0798
  0.1251601071E+006 0798
  0.1252200717E+006 0798
  0.1252801082E+006 0798
  0.1253400731E+006 0798
  0.1254001105E+006 0798
  0.1254600742E+006 0798
  0.1255201061E+006 0798
  0.1255801409E+006 0798
  0.1256401080E+006 0798
  0.1257000766E+006 0797
  0.1257601166E+006 0797
  0.1258200867E+006 0797
  0.1258801265E+006 0797
  0.1259400981E+006 0797
  0.1260001416E+006 0797
  0.1260601140E+006 0797
  0.1261200843E+006 0797
  0.1261801270E+006 0797
  0.1262400978E+006 0797
  0.1263001403E+006 0797
  0.1263601103E+006 0796
  0.1264200831E+006 0796
  0.1264801301E+006 0796
  0.1265401045E+006 0796
  0.1266000768E+006 0796
  0.1266601213E+006 0796
  0.1267200955E+006 0796
  0.1267801381E+006 0796
  0.1268401083E+006 0796
  0.1269000801E+006 0796
  0.1269601265E+006 0796
  0.1270201013E+006 0795
  0.1270800755E+006 0795
  0.1271401194E+006 0795
  0.1272000943E+006 0795
  0.1272601375E+006 0795
  0.1273201084E+006 0795
  0.1273800795E+006 0795
  0.1274401209E+006 0795
  0.1275000891E+006 0795
  0.1275601342E+006 0795
  0.1276201090E+006 0795
  0.1276800829E+006 0794
  0.1277401282E+006 0794
  0.1278001034E+006 0794
  0.1278600804E+006 0794
  0.1279201334E+006 0794
  0.1279801181E+006 0794
  0.1280401022E+006 0794
  0.1281000857E+006 0794
  0.1281601410E+006 0794
  0.1282201267E+006 0794
  0.1282801122E+006 0794
  0.1283400964E+006 0793
  0.1284000800E+006 0793
  0.1284601333E+006 0793
  0.1285201123E+006 0793
  0.1285800903E+006 0793
  0.1286401388E+006 0793
  0.1287001188E+006 0793
  0.1287600956E+006 0793
  0.1288200725E+006 0793
  0.1288801229E+006 0793
  0.1289401055E+006 0793
  0.1290000907E+006 0792
  0.1290600760E+006 0792
  0.1291201323E+006 0792
  0.1291801208E+006 0792
  0.1292401084E+006 0792
  0.1293000957E+006 0792
  0.1293600845E+006 0792
  0.1294201422E+006 0792
  0.1294801282E+006 0792
  0.1295401158E+006 0792
  0.1296001010E+006 0792
  0.1296600850E+006 0791
  0.1297201405E+006 0791
  0.1297801280E+006 0791
  0.1298401164E+006 0791
  0.1299001080E+006 0791
  0.1299601003E+006 0791
  0.1300200919E+006 0791
  0.1300800848E+006 0791
  0.1301400776E+006 0791
  0.1302000712E+006 0791
  0.1302601306E+006 0791
  0.1303201187E+006 0790
  0.1303801081E+006 0790
  0.1304400989E+006 0790
  0.1305000921E+006 0790
  0.1305600845E+006 0790
  0.1306200766E+006 0790
  0.1306801409E+006 0790
  0.1307401314E+006 0790
  0.1308001213E+006 0790
  0.1308601151E+006 0790
  0.1309201131E+006 0790
  0.1309801117E+006 0789
  0.1310401077E+006 0789
  0.1311001032E+006 0789
  0.1311601039E+006 0789
  0.1312201043E+006 0789
  0.1312801046E+006 0789
  0.1313401059E+006 0789
  0.1314001050E+006 0789
  0.1314601039E+006 0789
  0.1315201042E+006 0789
  0.1315801027E+006 0789
  0.1316400999E+006 0788
  0.1317000969E+006 0788
  0.1317600937E+006 0788
  0.1318200908E+006 0788
  0.1318800874E+006 0788
  0.1319400824E+006 0788
  0.1320000797E+006 0788
  0.1320600769E+006 0788
  0.1321200750E+006 0788
  0.1321800732E+006 0788
  0.1322401405E+006 0788
  0.1323001372E+006 0787
  0.1323601345E+006 0787
  0.1324201349E+006 0787
  0.1324801337E+006 0787
  0.1325401298E+006 0787
  0.1326001260E+006 0787
  0.1326601262E+006 0787
  0.1327201245E+006 0787
  0.1327801234E+006 0787
  0.1328401223E+006 0787
  0.1329001245E+006 0787
  0.1329601268E+006 0786
  0.1330201280E+006 0786
  0.1330801300E+006 0786
  0.1331401383E+006 0786
  0.1332000735E+006 0786
  0.1332600804E+006 0786
  0.1333200879E+006 0786
  0.1333800977E+006 0786
  0.1334401077E+006 0786
  0.1335001190E+006 0786
  0.1335601245E+006 0785
  0.1336201276E+006 0785
  0.1336801299E+006 0785
  0.1337401303E+006 0785
  0.1338001333E+006 0785
  0.1338601373E+006 0785
  0.1339200715E+006 0785
  0.1339800801E+006 0785
  0.1340400904E+006 0785
  0.1341001022E+006 0785
  0.1341601157E+006 0785
  0.1342201297E+006 0784
  0.1342800749E+006 0784
  0.1343400919E+006 0784
  0.1344001110E+006 0784
  0.1344601273E+006 0784
  0.1345200715E+006 0784
  0.1345800870E+006 0784
  0.1346401054E+006 0784
  0.1347001197E+006 0784
  0.1347601327E+006 0784
  0.1348200734E+006 0784
  0.1348800872E+006 0783
  0.1349401001E+006 0783
  0.1350001118E+006 0783
  0.1350601246E+006 0783
  0.1351201393E+006 0783
  0.1351800799E+006 0783
  0.1352400913E+006 0783
  0.1353001047E+006 0783
  0.1353601187E+006 0783
  0.1354201335E+006 0783
  0.1354800757E+006 0782
  0.1355400874E+006 0782
  0.1356000988E+006 0782
  0.1356601122E+006 0782
  0.1357201266E+006 0782
  0.1357801410E+006 0782
  0.1358400811E+006 0782
  0.1359000939E+006 0782
  0.1359601085E+006 0782
  0.1360201249E+006 0782
  0.1360800712E+006 0782
  0.1361400891E+006 0781
  0.1362001069E+006 0781
  0.1362601249E+006 0781
  0.1363200720E+006 0781
  0.1363800931E+006 0781
  0.1364401134E+006 0781
  0.1365001323E+006 0781
  0.1365600819E+006 0781
  0.1366201023E+006 0781
  0.1366801215E+006 0781
  0.1367401382E+006 0781
  0.1368000850E+006 0780
  0.1368601078E+006 0780
  0.1369201300E+006 0780
  0.1369800767E+006 0780
  0.1370400947E+006 0780
  0.1371001142E+006 0780
  0.1371601325E+006 0780
  0.1372200800E+006 0780
  0.1372801024E+006 0780
  0.1373401261E+006 0780
  0.1374000805E+006 0779
  0.1374601070E+006 0779
  0.1375201334E+006 0779
  0.1375800907E+006 0779
  0.1376401197E+006 0779
  0.1377000754E+006 0779
  0.1377601004E+006 0779
  0.1378201233E+006 0779
  0.1378800765E+006 0779
  0.1379401025E+006 0779
  0.1380001290E+006 0778
  0.1380600834E+006 0778
  0.1381201086E+006 0778
  0.1381801344E+006 0778
  0.1382400911E+006 0778
  0.1383001186E+006 0778
  0.1383600779E+006 0778
  0.1384201068E+006 0778
  0.1384801342E+006 0778
  0.1385400918E+006 0778
  0.1386001218E+006 0778
  0.1386600789E+006 0777
  0.1387201044E+006 0777
  0.1387801297E+006 0777
  0.1388400856E+006 0777
  0.1389001116E+006 0777
  0.1389601350E+006 0777
  0.1390200889E+006 0777
  0.1390801194E+006 0777
  0.1391400771E+006 0777
  0.1392001072E+006 0777
  0.1392601398E+006 0776
  0.1393201028E+006 0776
  0.1393801397E+006 0776
  0.1394401067E+006 0776
  0.1395000744E+006 0776
  0.1395601134E+006 0776
  0.1396200796E+006 0776
  0.1396801159E+006 0776
  0.1397400798E+006 0776
  0.1398001140E+006 0776
  0.1398600790E+006 0776
  0.1399201131E+006 0775
  0.1399800741E+006 0775
  0.1400401021E+006 0775
  0.1401001314E+006 0775
  0.1401600917E+006 0775
  0.1402201249E+006 0775
  0.1402800870E+006 0775
  0.1403401223E+006 0775
  0.1404000856E+006 0775
  0.1404601202E+006 0775
  0.1405200851E+006 0774
  0.1405801220E+006 0774
  0.1406400863E+006 0774
  0.1407001202E+006 0774
  0.1407600833E+006 0774
  0.1408201224E+006 0774
  0.1408800905E+006 0774
  0.1409401268E+006 0774
  0.1410000950E+006 0774
  0.1410601345E+006 0774
  0.1411201009E+006 0773
  0.1411801373E+006 0773
  0.1412401040E+006 0773
  0.1413001416E+006 0773
  0.1413601091E+006 0773
  0.1414200748E+006 0773
  0.1414801141E+006 0773
  0.1415400833E+006 0773
  0.1416001246E+006 0773
  0.1416600956E+006 0773
  0.1417201374E+006 0772
  0.1417801078E+006 0772
  0.1418400782E+006 0772
  0.1419001194E+006 0772
  0.1419600893E+006 0772
  0.1420201289E+006 0772
  0.1420800993E+006 0772
  0.1421401423E+006 0772
  0.1422001123E+006 0772
  0.1422600826E+006 0772
  0.1423201267E+006 0771
  0.1423801022E+006 0771
  0.1424400796E+006 0771
  0.1425001298E+006 0771
  0.1425601080E+006 0771
  0.1426200863E+006 0771
  0.1426801347E+006 0771
  0.1427401134E+006 0771
  0.1428000969E+006 0771
  0.1428600763E+006 0771
  0.1429201225E+006 0770
  0.1429800992E+006 0770
  0.1430400752E+006 0770
  0.1431001221E+006 0770
  0.1431600973E+006 0770
  0.1432200728E+006 0770
  0.1432801203E+006 0770
  0.1433400965E+006 0770
  0.1434000725E+006 0770
  0.1434601210E+006 0770
  0.1435200986E+006 0769
  0.1435800763E+006 0769
  0.1436401249E+006 0769
  0.1437001024E+006 0769
  0.1437600801E+006 0769
  0.1438201291E+006 0769
  0.1438801075E+006 0769
  0.1439400821E+006 0769
  0.1440001272E+006 0769
  0.1440601012E+006 0769
  0.1441200759E+006 0768
  0.1441801207E+006 0768
  0.1442400949E+006 0768
  0.1443000742E+006 0768
  0.1443601256E+006 0768
  0.1444201074E+006 0768
  0.1444800896E+006 0768
  0.1445400725E+006 0768
  0.1446001269E+006 0768
  0.1446601088E+006 0768
  0.1447200906E+006 0767
  0.1447800737E+006 0767
  0.1448401228E+006 0767
  0.1449000994E+006 0767
  0.1449600814E+006 0767
  0.1450201358E+006 0767
  0.1450801169E+006 0767
  0.1451400963E+006 0767
  0.1452000756E+006 0767
  0.1452601282E+006 0767
  0.1453201116E+006 0766
  0.1453800956E+006 0766
  0.1454400811E+006 0766
  0.1455001375E+006 0766
  0.1455601247E+006 0766
  0.1456201113E+006 0766
  0.1456801017E+006 0766
  0.1457400940E+006 0766
  0.1458000880E+006 0766
  0.1458600816E+006 0765
  0.1459200732E+006 0765
  0.1459801352E+006 0765
  0.1460401270E+006 0765
  0.1461001185E+006 0765
  0.1461601069E+006 0765
  0.1462200959E+006 0765
  0.1462800852E+006 0765
  0.1463400739E+006 0765
  0.1464001328E+006 0765
  0.1464601203E+006 0764
  0.1465201077E+006 0764
  0.1465800968E+006 0764
  0.1466400839E+006 0764
  0.1467000733E+006 0764
  0.1467601375E+006 0764
  0.1468201269E+006 0764
  0.1468801164E+006 0764
  0.1469401095E+006 0764
  0.1470001014E+006 0763
  0.1470600912E+006 0763
  0.1471200798E+006 0763
  0.1471800713E+006 0763
  0.1472401367E+006 0763
  0.1473001308E+006 0763
  0.1473601230E+006 0763
  0.1474201150E+006 0763
  0.1474801079E+006 0763
  0.1475401029E+006 0763
  0.1476000991E+006 0762
  0.1476600958E+006 0762
  0.1477200933E+006 0762
  0.1477800912E+006 0762
  0.1478400900E+006 0762
  0.1479000878E+006 0762
  0.1479600861E+006 0762
  0.1480200834E+006 0762
  0.1480800773E+006 0762
  0.1481401391E+006 0761
  0.1482001308E+006 0761
  0.1482601242E+006 0761
  0.1483201194E+006 0761
  0.1483801154E+006 0761
  0.1484401122E+006 0761
  0.1485001093E+006 0761
  0.1485601089E+006 0761
  0.1486201061E+006 0761
  0.1486801076E+006 0760
  0.1487401108E+006 0760
  0.1488001110E+006 0760
  0.1488601122E+006 0760
  0.1489201143E+006 0760
  0.1489801160E+006 0760
  0.1490401153E+006 0760
  0.1491001145E+006 0760
  0.1491601166E+006 0760
  0.1492201195E+006 0760
  0.1492801204E+006 0759
  0.1493401213E+006 0759
  0.1494001222E+006 0759
  0.1494601252E+006 0759
  0.1495201285E+006 0759
  0.1495801318E+006 0759
  0.1496401354E+006 0759
  0.1497001395E+006 0759
  0.1497600731E+006 0759
  0.1498200789E+006 0758
  0.1498800829E+006 0758
  0.1499400867E+006 0758
  0.1500000911E+006 0758
  0.1500600954E+006 0758
  0.1501200994E+006 0758
  0.1501801051E+006 0758
  0.1502401118E+006 0758
  0.1503001183E+006 0758
  0.1503601232E+006 0757
  0.1504201275E+006 0757
  0.1504801357E+006 0757
  0.1505400749E+006 0757
  0.1506000847E+006 0757
  0.1506600982E+006 0757
  0.1507201124E+006 0757
  0.1507801265E+006 0757
  0.1508401407E+006 0757
  0.1509000863E+006 0756
  0.1509601023E+006 0756
  0.1510201141E+006 0756
  0.1510801261E+006 0756
  0.1511401396E+006 0756
  0.1512000823E+006 0756
  0.1512600941E+006 0756
  0.1513201051E+006 0756
  0.1513801164E+006 0756
  0.1514401275E+006 0755
  0.1515001348E+006 0755
  0.1515601423E+006 0755
  0.1516200799E+006 0755
  0.1516800905E+006 0755
  0.1517401037E+006 0755
  0.1518001193E+006 0755
  0.1518601346E+006 0755
  0.1519200784E+006 0755
  0.1519800964E+006 0754
  0.1520401140E+006 0754
  0.1521001305E+006 0754
  0.1521600754E+006 0754
  0.1522200898E+006 0754
  0.1522801046E+006 0754
  0.1523401174E+006 0754
  0.1524001305E+006 0754
  0.1524600752E+006 0754
  0.1525200890E+006 0753
  0.1525801021E+006 0753
  0.1526401187E+006 0753
  0.1527001377E+006 0753
  0.1527600854E+006 0753
  0.1528201042E+006 0753
  0.1528801237E+006 0753
  0.1529401421E+006 0753
  0.1530000882E+006 0752
  0.1530601065E+006 0752
  0.1531201282E+006 0752
  0.1531800783E+006 0752
  0.1532400971E+006 0752
  0.1533001155E+006 0752
  0.1533601352E+006 0752
  0.1534200868E+006 0752
  0.1534801096E+006 0752
  0.1535401344E+006 0751
  0.1536000889E+006 0751
  0.1536601169E+006 0751
  0.1537200736E+006 0751
  0.1537801035E+006 0751
  0.1538401315E+006 0751
  0.1539000896E+006 0751
  0.1539601208E+006 0751
  0.1540200785E+006 0751
  0.1540801068E+006 0750
  0.1541401344E+006 0750
  0.1542000911E+006 0750
  0.1542601201E+006 0750
  0.1543200746E+006 0750
  0.1543801007E+006 0750
  0.1544401271E+006 0750
  0.1545000792E+006 0750
  0.1545601027E+006 0750
  0.1546201299E+006 0749
  0.1546800885E+006 0749
  0.1547401173E+006 0749
  0.1548000749E+006 0749
  0.1548601037E+006 0749
  0.1549201325E+006 0749
  0.1549800887E+006 0749
  0.1550401179E+006 0749
  0.1551000759E+006 0748
  0.1551601054E+006 0748
  0.1552201330E+006 0748
  0.1552800910E+006 0748
  0.1553401225E+006 0748
  0.1554000831E+006 0748
  0.1554601118E+006 0748
  0.1555201402E+006 0748
  0.1555800996E+006 0748
  0.1556401315E+006 0747
  0.1557000928E+006 0747
  0.1557601252E+006 0747
  0.1558200846E+006 0747
  0.1558801179E+006 0747
  0.1559400821E+006 0747
  0.1560001181E+006 0747
  0.1560600835E+006 0747
  0.1561201196E+006 0746
  0.1561800855E+006 0746
  0.1562401196E+006 0746
  0.1563000800E+006 0746
  0.1563601119E+006 0746
  0.1564200744E+006 0746
  0.1564801063E+006 0746
  0.1565401400E+006 0746
  0.1566001044E+006 0746
  0.1566601416E+006 0745
  0.1567201070E+006 0745
  0.1567800737E+006 0745
  0.1568401163E+006 0745
  0.1569000894E+006 0745
  0.1569601340E+006 0745
  0.1570201077E+006 0745
  0.1570800820E+006 0745
  0.1571401278E+006 0744
  0.1572001017E+006 0744
  0.1572600751E+006 0744
  0.1573201194E+006 0744
  0.1573800889E+006 0744
  0.1574401266E+006 0744
  0.1575000939E+006 0744
  0.1575601355E+006 0744
  0.1576201064E+006 0744
  0.1576800779E+006 0743
  0.1577401179E+006 0743
  0.1578000869E+006 0743
  0.1578601303E+006 0743
  0.1579201036E+006 0743
  0.1579800770E+006 0743
  0.1580401221E+006 0743
  0.1581000963E+006 0743
  0.1581600720E+006 0742
  0.1582201194E+006 0742
  0.1582800945E+006 0742
  0.1583401416E+006 0742
  0.1584001174E+006 0742
  0.1584600918E+006 0742
  0.1585201375E+006 0742
  0.1585801144E+006 0742
  0.1586400937E+006 0742
  0.1587000724E+006 0741
  0.1587601241E+006 0741
  0.1588201050E+006 0741
  0.1588800859E+006 0741
  0.1589401372E+006 0741
  0.1590001178E+006 0741
  0.1590600993E+006 0741
  0.1591200798E+006 0741
  0.1591801297E+006 0740
  0.1592401077E+006 0740
  0.1593000859E+006 0740
  0.1593601360E+006 0740
  0.1594201131E+006 0740
  0.1594800942E+006 0740
  0.1595400758E+006 0740
  0.1596001277E+006 0740
  0.1596601080E+006 0740
  0.1597200877E+006 0739
  0.1597801390E+006 0739
  0.1598401230E+006 0739
  0.1599001070E+006 0739
  0.1599600907E+006 0739
  0.1600200741E+006 0739
  0.1600801292E+006 0739
  0.1601401168E+006 0739
  0.1602001034E+006 0738
  0.1602600879E+006 0738
  0.1603200724E+006 0738
  0.1603801289E+006 0738
  0.1604401124E+006 0738
  0.1605000957E+006 0738
  0.1605600804E+006 0738
  0.1606201360E+006 0738
  0.1606801179E+006 0737
  0.1607401011E+006 0737
  0.1608000847E+006 0737
  0.1608601419E+006 0737
  0.1609201270E+006 0737
  0.1609801147E+006 0737
  0.1610401036E+006 0737
  0.1611000945E+006 0737
  0.1611600843E+006 0736
  0.1612200748E+006 0736
  0.1612801377E+006 0736
  0.1613401269E+006 0736
  0.1614001149E+006 0736
  0.1614601048E+006 0736
  0.1615200963E+006 0736
  0.1615800878E+006 0736
  0.1616400811E+006 0736
  0.1617000740E+006 0735
  0.1617601391E+006 0735
  0.1618201333E+006 0735
  0.1618801282E+006 0735
  0.1619401241E+006 0735
  0.1620001218E+006 0735
  0.1620601214E+006 0735
  0.1621201235E+006 0735
  0.1621801219E+006 0734
  0.1622401189E+006 0734
  0.1623001158E+006 0734
  0.1623601150E+006 0734
  0.1624201103E+006 0734
  0.1624801048E+006 0734
  0.1625400973E+006 0734
  0.1626000895E+006 0734
  0.1626600812E+006 0733
  0.1627200732E+006 0733
  0.1627801396E+006 0733
  0.1628401355E+006 0733
  0.1629001315E+006 0733
  0.1629601289E+006 0733
  0.1630201273E+006 0733
  0.1630801279E+006 0733
  0.1631401276E+006 0732
  0.1632001265E+006 0732
  0.1632601274E+006 0732
  0.1633201256E+006 0732
  0.1633801237E+006 0732
  0.1634401243E+006 0732
  0.1635001255E+006 0732
  0.1635601267E+006 0732
  0.1636201271E+006 0731
  0.1636801259E+006 0731
  0.1637401257E+006 0731
  0.1638001250E+006 0731
  0.1638601251E+006 0731
  0.1639201252E+006 0731
  0.1639801255E+006 0731
  0.1640401274E+006 0731
  0.1641001306E+006 0730
  0.1641601317E+006 0730
  0.1642201324E+006 0730
  0.1642801353E+006 0730
  0.1643401407E+006 0730
  0.1644000738E+006 0730
  0.1644600779E+006 0730
  0.1645200831E+006 0730
  0.1645800919E+006 0729
  0.1646401007E+006 0729
  0.1647001091E+006 0729
  0.1647601168E+006 0729
  0.1648201242E+006 0729
  0.1648801319E+006 0729
  0.1649400716E+006 0729
  0.1650000845E+006 0729
  0.1650600997E+006 0729
  0.1651201122E+006 0728
  0.1651801250E+006 0728
  0.1652401400E+006 0728
  0.1653000817E+006 0728
  0.1653600948E+006 0728
  0.1654201082E+006 0728
  0.1654801211E+006 0728
  0.1655401330E+006 0728
  0.1656000723E+006 0727
  0.1656600832E+006 0727
  0.1657200949E+006 0727
  0.1657801064E+006 0727
  0.1658401170E+006 0727
  0.1659001279E+006 0727
  0.1659601394E+006 0727
  0.1660200793E+006 0727
  0.1660800945E+006 0726
  0.1661401086E+006 0726
  0.1662001236E+006 0726
  0.1662601404E+006 0726
  0.1663200882E+006 0726
  0.1663801054E+006 0726
  0.1664401223E+006 0726
  0.1665001395E+006 0726
  0.1665600856E+006 0725
  0.1666201004E+006 0725
  0.1666801144E+006 0725
  0.1667401276E+006 0725
  0.1668000714E+006 0725
  0.1668600879E+006 0725
  0.1669201053E+006 0725
  0.1669801240E+006 0725
  0.1670400732E+006 0724
  0.1671000921E+006 0724
  0.1671601128E+006 0724
  0.1672201363E+006 0724
  0.1672800859E+006 0724
  0.1673401069E+006 0724
  0.1674001266E+006 0724
  0.1674600765E+006 0724
  0.1675200983E+006 0723
  0.1675801198E+006 0723
  0.1676401399E+006 0723
  0.1677000893E+006 0723
  0.1677601087E+006 0723
  0.1678201284E+006 0723
  0.1678800795E+006 0723
  0.1679401048E+006 0722
  0.1680001311E+006 0722
  0.1680600880E+006 0722
  0.1681201140E+006 0722
  0.1681801402E+006 0722
  0.1682400970E+006 0722
  0.1683001274E+006 0722
  0.1683600849E+006 0722
  0.1684201139E+006 0721
  0.1684800719E+006 0721
  0.1685401025E+006 0721
  0.1686001311E+006 0721
  0.1686600873E+006 0721
  0.1687201148E+006 0721
  0.1687801418E+006 0721
  0.1688400974E+006 0721
  0.1689001218E+006 0720
  0.1689600758E+006 0720
  0.1690201029E+006 0720
  0.1690801298E+006 0720
  0.1691400880E+006 0720
  0.1692001193E+006 0720
  0.1692600786E+006 0720
  0.1693201093E+006 0720
  0.1693801415E+006 0719
  0.1694401042E+006 0719
  0.1695001398E+006 0719
  0.1695601035E+006 0719
  0.1696201374E+006 0719
  0.1696801027E+006 0719
  0.1697401395E+006 0719
  0.1698001057E+006 0719
  0.1698600732E+006 0718
  0.1699201103E+006 0718
  0.1699800761E+006 0718
  0.1700401139E+006 0718
  0.1701000795E+006 0718
  0.1701601166E+006 0718
  0.1702200834E+006 0718
  0.1702801228E+006 0718
  0.1703400895E+006 0717
  0.1704001274E+006 0717
  0.1704600953E+006 0717
  0.1705201378E+006 0717
  0.1705801064E+006 0717
  0.1706400727E+006 0717
  0.1707001084E+006 0717
  0.1707600746E+006 0717
  0.1708201116E+006 0716
  0.1708800763E+006 0716
  0.1709401138E+006 0716
  0.1710000818E+006 0716
  0.1710601210E+006 0716
  0.1711200892E+006 0716
  0.1711801310E+006 0716
  0.1712401018E+006 0716
  0.1713000732E+006 0715
  0.1713601182E+006 0715
  0.1714200934E+006 0715
  0.1714801390E+006 0715
  0.1715401105E+006 0715
  0.1716000808E+006 0715
  0.1716601238E+006 0715
  0.1717200937E+006 0715
  0.1717801346E+006 0714
  0.1718401033E+006 0714
  0.1719000716E+006 0714
  0.1719601110E+006 0714
  0.1720200819E+006 0714
  0.1720801241E+006 0714
  0.1721400956E+006 0714
  0.1722001385E+006 0714
  0.1722601123E+006 0713
  0.1723200851E+006 0713
  0.1723801294E+006 0713
  0.1724401055E+006 0713
  0.1725000833E+006 0713
  0.1725601310E+006 0713
  0.1726201060E+006 0713
  0.1726800812E+006 0713
  0.1727401313E+006 0712
  0.1728000000E+006 0712
