 0058   0.100194E+00   0.292763E+09   0.292195E+10   0.110827E+10   0.113308E+15
 0059   0.104049E+00   0.302708E+09   0.258011E+10   0.114680E+10   0.107069E+15
 0060   0.112124E+00   0.315935E+09   0.163797E+10   0.114285E+10   0.101146E+15
 0061   0.120727E+00   0.329857E+09   0.161831E+10   0.113967E+10   0.955868E+14
 0062   0.130449E+00   0.344905E+09   0.154792E+10   0.112904E+10   0.903668E+14
 0063   0.140189E+00   0.360362E+09   0.158688E+10   0.112149E+10   0.854749E+14
 0064   0.150486E+00   0.376478E+09   0.156508E+10   0.111287E+10   0.808866E+14
 0065   0.161515E+00   0.393318E+09   0.152687E+10   0.110346E+10   0.765803E+14
 0066   0.173359E+00   0.410984E+09   0.149154E+10   0.109274E+10   0.725367E+14
 0067   0.185188E+00   0.429023E+09   0.152496E+10   0.108807E+10   0.687431E+14
 0068   0.197864E+00   0.448030E+09   0.149960E+10   0.107950E+10   0.651810E+14
 0069   0.211885E+00   0.468129E+09   0.143346E+10   0.106991E+10   0.618344E+14
 0070   0.226553E+00   0.489085E+09   0.142861E+10   0.105945E+10   0.586933E+14
 0071   0.241573E+00   0.510648E+09   0.143571E+10   0.105234E+10   0.557460E+14
 0072   0.257006E+00   0.532956E+09   0.144536E+10   0.106095E+10   0.529800E+14
 0073   0.274169E+00   0.557845E+09   0.145026E+10   0.107642E+10   0.503887E+14
 0074   0.295323E+00   0.587510E+09   0.140225E+10   0.105327E+10   0.479738E+14
 0075   0.315350E+00   0.616560E+09   0.145064E+10   0.104085E+10   0.457382E+14
 0076   0.336319E+00   0.646229E+09   0.141480E+10   0.102927E+10   0.436594E+14
 0077   0.358475E+00   0.676681E+09   0.137445E+10   0.101703E+10   0.417216E+14
 0078   0.382094E+00   0.708068E+09   0.132893E+10   0.100258E+10   0.399105E+14
 0079   0.405611E+00   0.739620E+09   0.134163E+10   0.992323E+09   0.382154E+14
 0080   0.431774E+00   0.772737E+09   0.126579E+10   0.976849E+09   0.366230E+14
 0081   0.456516E+00   0.805410E+09   0.132054E+10   0.967322E+09   0.351279E+14
 0082   0.484310E+00   0.839683E+09   0.123313E+10   0.952228E+09   0.337176E+14
 0083   0.510928E+00   0.873593E+09   0.127396E+10   0.943594E+09   0.323880E+14
 0084   0.540860E+00   0.909304E+09   0.119308E+10   0.927522E+09   0.311291E+14
 0085   0.569213E+00   0.944317E+09   0.123486E+10   0.920231E+09   0.299384E+14
 0086   0.598995E+00   0.980398E+09   0.121153E+10   0.910261E+09   0.288086E+14
 0087   0.630596E+00   0.101737E+10   0.117003E+10   0.898782E+09   0.277350E+14
 0088   0.664242E+00   0.105541E+10   0.113065E+10   0.885526E+09   0.267129E+14
 0089   0.696476E+00   0.109298E+10   0.116538E+10   0.877478E+09   0.257401E+14
 0090   0.732372E+00   0.113231E+10   0.109560E+10   0.865208E+09   0.248109E+14
 0091   0.767010E+00   0.117137E+10   0.112767E+10   0.856419E+09   0.239241E+14
 0092   0.804848E+00   0.121190E+10   0.107115E+10   0.844589E+09   0.230752E+14
 0093   0.842254E+00   0.125243E+10   0.108367E+10   0.835539E+09   0.222628E+14
 0094   0.879547E+00   0.129317E+10   0.109235E+10   0.828261E+09   0.214842E+14
 0095   0.918769E+00   0.133488E+10   0.106347E+10   0.821193E+09   0.207367E+14
 0096   0.961499E+00   0.137846E+10   0.101986E+10   0.809183E+09   0.200183E+14
 0097   0.100574E+01   0.142266E+10   0.999161E+09   0.798287E+09   0.193276E+14
 0098   0.104839E+01   0.146663E+10   0.103088E+10   0.791558E+09   0.186636E+14
 0099   0.109175E+01   0.151124E+10   0.102880E+10   0.785510E+09   0.180244E+14
 0100   0.114078E+01   0.155838E+10   0.961398E+09   0.773354E+09   0.174078E+14
 0101   0.118742E+01   0.160417E+10   0.981729E+09   0.764465E+09   0.168272E+14
 0102   0.123249E+01   0.164860E+10   0.985843E+09   0.758019E+09   0.162834E+14
 0103   0.128289E+01   0.169423E+10   0.905400E+09   0.747096E+09   0.157718E+14
 0104   0.132713E+01   0.173723E+10   0.971887E+09   0.743309E+09   0.152910E+14
 0105   0.137745E+01   0.178189E+10   0.887597E+09   0.732312E+09   0.148368E+14
 0106   0.142024E+01   0.182337E+10   0.969585E+09   0.730372E+09   0.144083E+14
 0107   0.147002E+01   0.186681E+10   0.872442E+09   0.720891E+09   0.140022E+14
 0108   0.151575E+01   0.190836E+10   0.908597E+09   0.716304E+09   0.136174E+14
 0109   0.156351E+01   0.195029E+10   0.877876E+09   0.709524E+09   0.132519E+14
 0110   0.160860E+01   0.199083E+10   0.899296E+09   0.705109E+09   0.129045E+14
 0111   0.165885E+01   0.203259E+10   0.830965E+09   0.695720E+09   0.125734E+14
 0112   0.170106E+01   0.207127E+10   0.916459E+09   0.695747E+09   0.122581E+14
 0113   0.174972E+01   0.211183E+10   0.833487E+09   0.689054E+09   0.119568E+14
 0114   0.179463E+01   0.215091E+10   0.870160E+09   0.686045E+09   0.116692E+14
 0115   0.184586E+01   0.219169E+10   0.795978E+09   0.677564E+09   0.113938E+14
 0116   0.188737E+01   0.222921E+10   0.903815E+09   0.678065E+09   0.111306E+14
 0117   0.193691E+01   0.226882E+10   0.799633E+09   0.670300E+09   0.108781E+14
 0118   0.198090E+01   0.230627E+10   0.851331E+09   0.668711E+09   0.106361E+14
 0119   0.202684E+01   0.234410E+10   0.823385E+09   0.665821E+09   0.104037E+14
 0120   0.207407E+01   0.238208E+10   0.804105E+09   0.661608E+09   0.101805E+14
 0121   0.212264E+01   0.242031E+10   0.787105E+09   0.656164E+09   0.996585E+13
 0122   0.217397E+01   0.245920E+10   0.757830E+09   0.648143E+09   0.975928E+13
 0123   0.221904E+01   0.249586E+10   0.813253E+09   0.646728E+09   0.956064E+13
 0124   0.226509E+01   0.253270E+10   0.800243E+09   0.644129E+09   0.936930E+13
 0125   0.231286E+01   0.256983E+10   0.777232E+09   0.640153E+09   0.918487E+13
 0126   0.236097E+01   0.260678E+10   0.767898E+09   0.635790E+09   0.900704E+13
 0127   0.240147E+01   0.264127E+10   0.851500E+09   0.638970E+09   0.883562E+13
 0128   0.245149E+01   0.267838E+10   0.741898E+09   0.633384E+09   0.866995E+13
 0129   0.250119E+01   0.271519E+10   0.740667E+09   0.627931E+09   0.850996E+13
 0130   0.254332E+01   0.274961E+10   0.817157E+09   0.629461E+09   0.835550E+13
 0131   0.259530E+01   0.278662E+10   0.711977E+09   0.622123E+09   0.820600E+13
 0132   0.263829E+01   0.282079E+10   0.794735E+09   0.623660E+09   0.806155E+13
 0133   0.269090E+01   0.285775E+10   0.702617E+09   0.615514E+09   0.792161E+13
 0134   0.273633E+01   0.289230E+10   0.760495E+09   0.614330E+09   0.778624E+13
 0135   0.278162E+01   0.292657E+10   0.756564E+09   0.613886E+09   0.765513E+13
 0136   0.282743E+01   0.296100E+10   0.751595E+09   0.612682E+09   0.752808E+13
 0137   0.287518E+01   0.299582E+10   0.729276E+09   0.609390E+09   0.740490E+13
 0138   0.292347E+01   0.303049E+10   0.717980E+09   0.606692E+09   0.728545E+13
 0139   0.297179E+01   0.306516E+10   0.717446E+09   0.602503E+09   0.716958E+13
 0140   0.302215E+01   0.310020E+10   0.695829E+09   0.597451E+09   0.705711E+13
 0141   0.306346E+01   0.313242E+10   0.779779E+09   0.600774E+09   0.694804E+13
 0142   0.311461E+01   0.316730E+10   0.682080E+09   0.594929E+09   0.684202E+13
 0143   0.315606E+01   0.319929E+10   0.771616E+09   0.598226E+09   0.673913E+13
 0144   0.320812E+01   0.323411E+10   0.668980E+09   0.592349E+09   0.663905E+13
 0145   0.324986E+01   0.326598E+10   0.763507E+09   0.595155E+09   0.654187E+13
 0146   0.330189E+01   0.330048E+10   0.663029E+09   0.589285E+09   0.644730E+13
 0147   0.335396E+01   0.333495E+10   0.661943E+09   0.583089E+09   0.639059E+13
 0148   0.339558E+01   0.336623E+10   0.751797E+09   0.586299E+09   0.630121E+13
 0149   0.344752E+01   0.340030E+10   0.655837E+09   0.580455E+09   0.621415E+13
 0150   0.348902E+01   0.343130E+10   0.747026E+09   0.583973E+09   0.612949E+13
 0151   0.354080E+01   0.346505E+10   0.651701E+09   0.578221E+09   0.604700E+13
 0152   0.358227E+01   0.349583E+10   0.742193E+09   0.581583E+09   0.596672E+13
 0153   0.363404E+01   0.352927E+10   0.645996E+09   0.576269E+09   0.585320E+13
 0154   0.368582E+01   0.356268E+10   0.645202E+09   0.570296E+09   0.577695E+13
 0155   0.372725E+01   0.359295E+10   0.730776E+09   0.573770E+09   0.570270E+13
 0156   0.377890E+01   0.362594E+10   0.638703E+09   0.568854E+09   0.563026E+13
 0157   0.382014E+01   0.365604E+10   0.729865E+09   0.573384E+09   0.555969E+13
 0158   0.387151E+01   0.368890E+10   0.639641E+09   0.568555E+09   0.549081E+13
 0159   0.391265E+01   0.371894E+10   0.730227E+09   0.572739E+09   0.542368E+13
 0160   0.396397E+01   0.375157E+10   0.635752E+09   0.568371E+09   0.535815E+13
 0161   0.401538E+01   0.378419E+10   0.634544E+09   0.563543E+09   0.529420E+13
 0162   0.405661E+01   0.381395E+10   0.721919E+09   0.567668E+09   0.523185E+13
 0163   0.410814E+01   0.384634E+10   0.628556E+09   0.563155E+09   0.520620E+13
 0164   0.415972E+01   0.387871E+10   0.627516E+09   0.558507E+09   0.518110E+13
 0165   0.420101E+01   0.390817E+10   0.713627E+09   0.562506E+09   0.512303E+13
 0166   0.425243E+01   0.394018E+10   0.622413E+09   0.558166E+09   0.509981E+13
 0167   0.429356E+01   0.396943E+10   0.711116E+09   0.562484E+09   0.507714E+13
 0168   0.434462E+01   0.400111E+10   0.620506E+09   0.558857E+09   0.505485E+13
 0169   0.439546E+01   0.403275E+10   0.622270E+09   0.555198E+09   0.503301E+13
 0170   0.444624E+01   0.406435E+10   0.622311E+09   0.551147E+09   0.501160E+13
 0171   0.448687E+01   0.409311E+10   0.707792E+09   0.555942E+09   0.499070E+13
 0172   0.453762E+01   0.412444E+10   0.617357E+09   0.552079E+09   0.497013E+13
 0173   0.458842E+01   0.415571E+10   0.615616E+09   0.547999E+09   0.494997E+13
 0174   0.462915E+01   0.418420E+10   0.699518E+09   0.552985E+09   0.493027E+13
 0175   0.468003E+01   0.421530E+10   0.611321E+09   0.549723E+09   0.491085E+13
 0176   0.473090E+01   0.424642E+10   0.611501E+09   0.546497E+09   0.489179E+13
 0177   0.477159E+01   0.427484E+10   0.698692E+09   0.551929E+09   0.486022E+13
 0178   0.482219E+01   0.430577E+10   0.611211E+09   0.548843E+09   0.485482E+13
 0179   0.487264E+01   0.433659E+10   0.610837E+09   0.545962E+09   0.483681E+13
 0180   0.492300E+01   0.436734E+10   0.610615E+09   0.543130E+09   0.481914E+13
 0181   0.496324E+01   0.439543E+10   0.698178E+09   0.548910E+09   0.479007E+13
 0182   0.501338E+01   0.442601E+10   0.609993E+09   0.546491E+09   0.477327E+13
 0183   0.506355E+01   0.445660E+10   0.609560E+09   0.543958E+09   0.475678E+13
 0184   0.511388E+01   0.448718E+10   0.607728E+09   0.540904E+09   0.474058E+13
 0185   0.515428E+01   0.451512E+10   0.691557E+09   0.546488E+09   0.472483E+13
 0186   0.520477E+01   0.454551E+10   0.601803E+09   0.543952E+09   0.470920E+13
 0187   0.525525E+01   0.457585E+10   0.601080E+09   0.541659E+09   0.469383E+13
 0188   0.530570E+01   0.460618E+10   0.601212E+09   0.539470E+09   0.467873E+13
 0189   0.535606E+01   0.463648E+10   0.601613E+09   0.537531E+09   0.466389E+13
 0190   0.539626E+01   0.466424E+10   0.690593E+09   0.543703E+09   0.464946E+13
 0191   0.544629E+01   0.469440E+10   0.602796E+09   0.542197E+09   0.463512E+13
 0192   0.549618E+01   0.472453E+10   0.603918E+09   0.540697E+09   0.462102E+13
 0193   0.554598E+01   0.475463E+10   0.604460E+09   0.539516E+09   0.460716E+13
 0194   0.559580E+01   0.478478E+10   0.605127E+09   0.538158E+09   0.459353E+13
 0195   0.564569E+01   0.481493E+10   0.604398E+09   0.536609E+09   0.458013E+13
 0196   0.569570E+01   0.484507E+10   0.602614E+09   0.535163E+09   0.456695E+13
 0197   0.574573E+01   0.487517E+10   0.601716E+09   0.533835E+09   0.455398E+13
 0198   0.578575E+01   0.490277E+10   0.689521E+09   0.540500E+09   0.454138E+13
 0199   0.583562E+01   0.493275E+10   0.601209E+09   0.539756E+09   0.452884E+13
 0200   0.588537E+01   0.496274E+10   0.602781E+09   0.539078E+09   0.451651E+13
 0201   0.593503E+01   0.499271E+10   0.603659E+09   0.538199E+09   0.450438E+13
 0202   0.598464E+01   0.502263E+10   0.603037E+09   0.537705E+09   0.449245E+13
 0203   0.603423E+01   0.505257E+10   0.603624E+09   0.537510E+09   0.448070E+13
 0204   0.608386E+01   0.508257E+10   0.604569E+09   0.537088E+09   0.446915E+13
 0205   0.613356E+01   0.511258E+10   0.603883E+09   0.536585E+09   0.445778E+13
 0206   0.618331E+01   0.514256E+10   0.602650E+09   0.535874E+09   0.444659E+13
 0207   0.623304E+01   0.517245E+10   0.600876E+09   0.535428E+09   0.443559E+13
 0208   0.628269E+01   0.520227E+10   0.600738E+09   0.535327E+09   0.442476E+13
 0209   0.633217E+01   0.523207E+10   0.602194E+09   0.535417E+09   0.441411E+13
 0210   0.638149E+01   0.526185E+10   0.603712E+09   0.535615E+09   0.440363E+13
 0211   0.643069E+01   0.529161E+10   0.604963E+09   0.536004E+09   0.439331E+13
 0212   0.647984E+01   0.532139E+10   0.605955E+09   0.536519E+09   0.438315E+13
 0213   0.653881E+01   0.535361E+10   0.546303E+09   0.529549E+09   0.437303E+13
 0214   0.658810E+01   0.538349E+10   0.606311E+09   0.530348E+09   0.436319E+13
 0215   0.663752E+01   0.541346E+10   0.606391E+09   0.530734E+09   0.435349E+13
 0216   0.668699E+01   0.544339E+10   0.605018E+09   0.530807E+09   0.434395E+13
 0217   0.673647E+01   0.547322E+10   0.602909E+09   0.531251E+09   0.433457E+13
 0218   0.678584E+01   0.550301E+10   0.603218E+09   0.532543E+09   0.432533E+13
 0219   0.683505E+01   0.553287E+10   0.606934E+09   0.533991E+09   0.431622E+13
 0220   0.688410E+01   0.556280E+10   0.610175E+09   0.535215E+09   0.430726E+13
 0221   0.694288E+01   0.559509E+10   0.549336E+09   0.528776E+09   0.429833E+13
 0222   0.699185E+01   0.562495E+10   0.609719E+09   0.530340E+09   0.428965E+13
 0223   0.704087E+01   0.565487E+10   0.610439E+09   0.531786E+09   0.428110E+13
 0224   0.708991E+01   0.568483E+10   0.610950E+09   0.533336E+09   0.427268E+13
 0225   0.713900E+01   0.571486E+10   0.611753E+09   0.535051E+09   0.426438E+13
 0226   0.719789E+01   0.574731E+10   0.550993E+09   0.529332E+09   0.425612E+13
 0227   0.724694E+01   0.577736E+10   0.612647E+09   0.531091E+09   0.424808E+13
 0228   0.729596E+01   0.580741E+10   0.613120E+09   0.532748E+09   0.424016E+13
 0229   0.734492E+01   0.583744E+10   0.613240E+09   0.534908E+09   0.423237E+13
 0230   0.740364E+01   0.586990E+10   0.552750E+09   0.530224E+09   0.422461E+13
 0231   0.745262E+01   0.590013E+10   0.617227E+09   0.533971E+09   0.421707E+13
 0232   0.750174E+01   0.593076E+10   0.623648E+09   0.538166E+09   0.420965E+13
 0233   0.756098E+01   0.596425E+10   0.565163E+09   0.535518E+09   0.420228E+13
 0234   0.761079E+01   0.599583E+10   0.634077E+09   0.540469E+09   0.419512E+13
 0235   0.767112E+01   0.603045E+10   0.573984E+09   0.537322E+09   0.418800E+13
 0236   0.772177E+01   0.606288E+10   0.640126E+09   0.542759E+09   0.418108E+13
 0237   0.778325E+01   0.609849E+10   0.579208E+09   0.540071E+09   0.417421E+13
 0238   0.783505E+01   0.613192E+10   0.645333E+09   0.544762E+09   0.416752E+13
 0239   0.789803E+01   0.616848E+10   0.580588E+09   0.541840E+09   0.416087E+13
 0240   0.795101E+01   0.620274E+10   0.646603E+09   0.545772E+09   0.415441E+13
 0241   0.801524E+01   0.624005E+10   0.580961E+09   0.541987E+09   0.414798E+13
 0242   0.806941E+01   0.627488E+10   0.642833E+09   0.545750E+09   0.414173E+13
 0243   0.812397E+01   0.631004E+10   0.644374E+09   0.549316E+09   0.413557E+13
 0244   0.818991E+01   0.634819E+10   0.578622E+09   0.545479E+09   0.412946E+13
 0245   0.824499E+01   0.638375E+10   0.645667E+09   0.548881E+09   0.412350E+13
 0246   0.831137E+01   0.642228E+10   0.580361E+09   0.544903E+09   0.411758E+13
 0247   0.836682E+01   0.645811E+10   0.646238E+09   0.548312E+09   0.411182E+13
 0248   0.843364E+01   0.649699E+10   0.581829E+09   0.544259E+09   0.410608E+13
 0249   0.848956E+01   0.653312E+10   0.646116E+09   0.548074E+09   0.410050E+13
 0250   0.854564E+01   0.656950E+10   0.648676E+09   0.552149E+09   0.409500E+13
 0251   0.861305E+01   0.660895E+10   0.585251E+09   0.548807E+09   0.408953E+13
 0252   0.866932E+01   0.664568E+10   0.652690E+09   0.552549E+09   0.408421E+13
 0253   0.873686E+01   0.668524E+10   0.585871E+09   0.548849E+09   0.407893E+13
 0254   0.880441E+01   0.672482E+10   0.585856E+09   0.544787E+09   0.407374E+13
 0255   0.886071E+01   0.676135E+10   0.648799E+09   0.548875E+09   0.406869E+13
 0256   0.892833E+01   0.680094E+10   0.585546E+09   0.545335E+09   0.406367E+13
 0257   0.898472E+01   0.683760E+10   0.650015E+09   0.549138E+09   0.405878E+13
 0258   0.905239E+01   0.687716E+10   0.584731E+09   0.545096E+09   0.405392E+13
 0259   0.910870E+01   0.691366E+10   0.648073E+09   0.549698E+09   0.404919E+13
 0260   0.917618E+01   0.695320E+10   0.585933E+09   0.546744E+09   0.404449E+13
 0261   0.923224E+01   0.698984E+10   0.653575E+09   0.550826E+09   0.403992E+13
 0262   0.929950E+01   0.702929E+10   0.586614E+09   0.548030E+09   0.403538E+13
 0263   0.936666E+01   0.706883E+10   0.588648E+09   0.545661E+09   0.403091E+13
 0264   0.942268E+01   0.710554E+10   0.655371E+09   0.550027E+09   0.402655E+13
 0265   0.949002E+01   0.714517E+10   0.588476E+09   0.547580E+09   0.402222E+13
 0266   0.954622E+01   0.718203E+10   0.655760E+09   0.552287E+09   0.401801E+13
 0267   0.961368E+01   0.722175E+10   0.588986E+09   0.549303E+09   0.401382E+13
 0268   0.968121E+01   0.726144E+10   0.587646E+09   0.547160E+09   0.400970E+13
 0269   0.973737E+01   0.729830E+10   0.656473E+09   0.552056E+09   0.400568E+13
 0270   0.980471E+01   0.733804E+10   0.589980E+09   0.550040E+09   0.400169E+13
 0271   0.987209E+01   0.737787E+10   0.591207E+09   0.548138E+09   0.399777E+13
 0272   0.992824E+01   0.741491E+10   0.659676E+09   0.553290E+09   0.399394E+13
 0273   0.999575E+01   0.745487E+10   0.591908E+09   0.551804E+09   0.399014E+13
 0274   0.100634E+02   0.749503E+10   0.593648E+09   0.550257E+09   0.398641E+13
 0275   0.101311E+02   0.753531E+10   0.595226E+09   0.548308E+09   0.398273E+13
 0276   0.101875E+02   0.757268E+10   0.661965E+09   0.554164E+09   0.397915E+13
 0277   0.102553E+02   0.761306E+10   0.595625E+09   0.552371E+09   0.397559E+13
 0278   0.103231E+02   0.765345E+10   0.595441E+09   0.551716E+09   0.397210E+13
 0279   0.103911E+02   0.769412E+10   0.598802E+09   0.550878E+09   0.396865E+13
 0280   0.104590E+02   0.773498E+10   0.601482E+09   0.549995E+09   0.396527E+13
 0281   0.105159E+02   0.777305E+10   0.669257E+09   0.557270E+09   0.396197E+13
 0282   0.105843E+02   0.781446E+10   0.605178E+09   0.557479E+09   0.395869E+13
 0283   0.106531E+02   0.785627E+10   0.608150E+09   0.557717E+09   0.395547E+13
 0284   0.107222E+02   0.789844E+10   0.610108E+09   0.557648E+09   0.395231E+13
 0285   0.107916E+02   0.794090E+10   0.611460E+09   0.558513E+09   0.394919E+13
 0286   0.108616E+02   0.798390E+10   0.614645E+09   0.559685E+09   0.394613E+13
 0287   0.109321E+02   0.802751E+10   0.618437E+09   0.561080E+09   0.394312E+13
 0288   0.109914E+02   0.806881E+10   0.696354E+09   0.582628E+09   0.394021E+13
 0289   0.110752E+02   0.812058E+10   0.617514E+09   0.576870E+09   0.393731E+13
 0290   0.111481E+02   0.816914E+10   0.666831E+09   0.577994E+09   0.393448E+13
 0291   0.112347E+02   0.822105E+10   0.599163E+09   0.572128E+09   0.393167E+13
 0292   0.113101E+02   0.826972E+10   0.645583E+09   0.572497E+09   0.392894E+13
 0293   0.113863E+02   0.831842E+10   0.639431E+09   0.573201E+09   0.392625E+13
 0294   0.114631E+02   0.836736E+10   0.636581E+09   0.573491E+09   0.392360E+13
 0295   0.115404E+02   0.841643E+10   0.634675E+09   0.573033E+09   0.392100E+13
 0296   0.116184E+02   0.846555E+10   0.630033E+09   0.572763E+09   0.391844E+13
 0297   0.116970E+02   0.851492E+10   0.627751E+09   0.571283E+09   0.391592E+13
 0298   0.117760E+02   0.856417E+10   0.623693E+09   0.569638E+09   0.391345E+13
 0299   0.118421E+02   0.860978E+10   0.689654E+09   0.575466E+09   0.391103E+13
 0300   0.119212E+02   0.865871E+10   0.619336E+09   0.574426E+09   0.390864E+13
 0301   0.120000E+02   0.870765E+10   0.620963E+09   0.573680E+09   0.390628E+13
 0302   0.120785E+02   0.875658E+10   0.623115E+09   0.572533E+09   0.390396E+13
 0303   0.121570E+02   0.880540E+10   0.622122E+09   0.570941E+09   0.390168E+13
 0304   0.122353E+02   0.885398E+10   0.619831E+09   0.569976E+09   0.389944E+13
 0305   0.123134E+02   0.890246E+10   0.620891E+09   0.569509E+09   0.389723E+13
 0306   0.123912E+02   0.895095E+10   0.623066E+09   0.568756E+09   0.389506E+13
 0307   0.124689E+02   0.899933E+10   0.622983E+09   0.568200E+09   0.389292E+13
 0308   0.125335E+02   0.904419E+10   0.694205E+09   0.575031E+09   0.389084E+13
 0309   0.126110E+02   0.909242E+10   0.622974E+09   0.574433E+09   0.388877E+13
 0310   0.126884E+02   0.914057E+10   0.621961E+09   0.573595E+09   0.388673E+13
 0311   0.127656E+02   0.918855E+10   0.620835E+09   0.573280E+09   0.388473E+13
 0312   0.128427E+02   0.923647E+10   0.621606E+09   0.572908E+09   0.388275E+13
 0313   0.129196E+02   0.928428E+10   0.621912E+09   0.572479E+09   0.388080E+13
 0314   0.129963E+02   0.933195E+10   0.621630E+09   0.572501E+09   0.387889E+13
 0315   0.130728E+02   0.937958E+10   0.622750E+09   0.572742E+09   0.387700E+13
 0316   0.131491E+02   0.942721E+10   0.623860E+09   0.572715E+09   0.387514E+13
 0317   0.132254E+02   0.947477E+10   0.623318E+09   0.572557E+09   0.387331E+13
 0318   0.133017E+02   0.952221E+10   0.622292E+09   0.572657E+09   0.387151E+13
 0319   0.133778E+02   0.956956E+10   0.622339E+09   0.572907E+09   0.386973E+13
 0320   0.134536E+02   0.961683E+10   0.623046E+09   0.573329E+09   0.386798E+13
 0321   0.135293E+02   0.966404E+10   0.624148E+09   0.573376E+09   0.386626E+13
 0322   0.136047E+02   0.971107E+10   0.623300E+09   0.573308E+09   0.386456E+13
 0323   0.136800E+02   0.975789E+10   0.621881E+09   0.574012E+09   0.386288E+13
 0324   0.137551E+02   0.980469E+10   0.623472E+09   0.575006E+09   0.386123E+13
 0325   0.138423E+02   0.985477E+10   0.573888E+09   0.568913E+09   0.385958E+13
 0326   0.139170E+02   0.990155E+10   0.626310E+09   0.569570E+09   0.385797E+13
 0327   0.139916E+02   0.994819E+10   0.625756E+09   0.570252E+09   0.385639E+13
 0328   0.140660E+02   0.999472E+10   0.624960E+09   0.571518E+09   0.385483E+13
 0329   0.141403E+02   0.100412E+11   0.626397E+09   0.572654E+09   0.385329E+13
 0330   0.142144E+02   0.100877E+11   0.626779E+09   0.574209E+09   0.385177E+13
 0331   0.142884E+02   0.101342E+11   0.628948E+09   0.575589E+09   0.385027E+13
 0332   0.143745E+02   0.101839E+11   0.577104E+09   0.569607E+09   0.384877E+13
 0333   0.144483E+02   0.102302E+11   0.627719E+09   0.570610E+09   0.384731E+13
 0334   0.145220E+02   0.102764E+11   0.626591E+09   0.572168E+09   0.384587E+13
 0335   0.145956E+02   0.103226E+11   0.627639E+09   0.574097E+09   0.384445E+13
 0336   0.146688E+02   0.103688E+11   0.629933E+09   0.576649E+09   0.384304E+13
 0337   0.147540E+02   0.104182E+11   0.580513E+09   0.572855E+09   0.384163E+13
 0338   0.148270E+02   0.104647E+11   0.637663E+09   0.576453E+09   0.384026E+13
 0339   0.149001E+02   0.105116E+11   0.641124E+09   0.579389E+09   0.383891E+13
 0340   0.149859E+02   0.105619E+11   0.586155E+09   0.574712E+09   0.383755E+13
 0341   0.150596E+02   0.106089E+11   0.637752E+09   0.577532E+09   0.383623E+13
 0342   0.151335E+02   0.106561E+11   0.638499E+09   0.580332E+09   0.383492E+13
 0343   0.152198E+02   0.107066E+11   0.584783E+09   0.575603E+09   0.383361E+13
 0344   0.152937E+02   0.107537E+11   0.637671E+09   0.577970E+09   0.383233E+13
 0345   0.153676E+02   0.108008E+11   0.637499E+09   0.580320E+09   0.383107E+13
 0346   0.154536E+02   0.108510E+11   0.583620E+09   0.575766E+09   0.382980E+13
 0347   0.155272E+02   0.108979E+11   0.637485E+09   0.578415E+09   0.382856E+13
 0348   0.156008E+02   0.109449E+11   0.638100E+09   0.580822E+09   0.382734E+13
 0349   0.156864E+02   0.109948E+11   0.583730E+09   0.576218E+09   0.382611E+13
 0350   0.157595E+02   0.110415E+11   0.637290E+09   0.578700E+09   0.382492E+13
 0351   0.158326E+02   0.110880E+11   0.637291E+09   0.581670E+09   0.382374E+13
 0352   0.159174E+02   0.111376E+11   0.584808E+09   0.577568E+09   0.382255E+13
 0353   0.159899E+02   0.111840E+11   0.640100E+09   0.580433E+09   0.382139E+13
 0354   0.160743E+02   0.112334E+11   0.585615E+09   0.576312E+09   0.382022E+13
 0355   0.161464E+02   0.112796E+11   0.639699E+09   0.579226E+09   0.381909E+13
 0356   0.162186E+02   0.113257E+11   0.639529E+09   0.582481E+09   0.381797E+13
 0357   0.163024E+02   0.113748E+11   0.586068E+09   0.578773E+09   0.381683E+13
 0358   0.163741E+02   0.114208E+11   0.641705E+09   0.581847E+09   0.381573E+13
 0359   0.164575E+02   0.114698E+11   0.586485E+09   0.577966E+09   0.381461E+13
 0360   0.165288E+02   0.115155E+11   0.641044E+09   0.581098E+09   0.381353E+13
 0361   0.166117E+02   0.115641E+11   0.586481E+09   0.577566E+09   0.381243E+13
 0362   0.166825E+02   0.116095E+11   0.641841E+09   0.581545E+09   0.381137E+13
 0363   0.167649E+02   0.116581E+11   0.589280E+09   0.577659E+09   0.381028E+13
 0364   0.168354E+02   0.117034E+11   0.642297E+09   0.580993E+09   0.380924E+13
 0365   0.169175E+02   0.117515E+11   0.586735E+09   0.577130E+09   0.380817E+13
 0366   0.169875E+02   0.117964E+11   0.640531E+09   0.580768E+09   0.380714E+13
 0367   0.170690E+02   0.118442E+11   0.586469E+09   0.577552E+09   0.380609E+13
 0368   0.171385E+02   0.118889E+11   0.642842E+09   0.581306E+09   0.380508E+13
 0369   0.172193E+02   0.119364E+11   0.588205E+09   0.577870E+09   0.380404E+13
 0370   0.172884E+02   0.119808E+11   0.642431E+09   0.581590E+09   0.380304E+13
 0371   0.173688E+02   0.120280E+11   0.587460E+09   0.578629E+09   0.380202E+13
 0372   0.174375E+02   0.120722E+11   0.643348E+09   0.582860E+09   0.380103E+13
 0373   0.175174E+02   0.121193E+11   0.589627E+09   0.580061E+09   0.380002E+13
 0374   0.175972E+02   0.121664E+11   0.590791E+09   0.577186E+09   0.379901E+13
 0375   0.176654E+02   0.122105E+11   0.645405E+09   0.582045E+09   0.379804E+13
 0376   0.177448E+02   0.122576E+11   0.593246E+09   0.580069E+09   0.379704E+13
 0377   0.178128E+02   0.123018E+11   0.650996E+09   0.584538E+09   0.379608E+13
 0378   0.178920E+02   0.123489E+11   0.594433E+09   0.582291E+09   0.379508E+13
 0379   0.179710E+02   0.123960E+11   0.594972E+09   0.579673E+09   0.379409E+13
 0380   0.180387E+02   0.124399E+11   0.649338E+09   0.584405E+09   0.379315E+13
 0381   0.181176E+02   0.124867E+11   0.593888E+09   0.582157E+09   0.379216E+13
 0382   0.181962E+02   0.125335E+11   0.594937E+09   0.579587E+09   0.379118E+13
 0383   0.182634E+02   0.125771E+11   0.648938E+09   0.584167E+09   0.379024E+13
 0384   0.183415E+02   0.126235E+11   0.593770E+09   0.581861E+09   0.378926E+13
 0385   0.184193E+02   0.126698E+11   0.594323E+09   0.579596E+09   0.378829E+13
 0386   0.184858E+02   0.127129E+11   0.649534E+09   0.584345E+09   0.378737E+13
 0387   0.185631E+02   0.127589E+11   0.594470E+09   0.582297E+09   0.378640E+13
 0388   0.186401E+02   0.128047E+11   0.595017E+09   0.580599E+09   0.378543E+13
 0389   0.187060E+02   0.128476E+11   0.652098E+09   0.585767E+09   0.378452E+13
 0390   0.187826E+02   0.128934E+11   0.596807E+09   0.584361E+09   0.378356E+13
 0391   0.188590E+02   0.129391E+11   0.598172E+09   0.582926E+09   0.378260E+13
 0392   0.189353E+02   0.129848E+11   0.599489E+09   0.581384E+09   0.378163E+13
 0393   0.190006E+02   0.130276E+11   0.655448E+09   0.586917E+09   0.378073E+13
 0394   0.190767E+02   0.130733E+11   0.599922E+09   0.585806E+09   0.377977E+13
 0395   0.191525E+02   0.131189E+11   0.601485E+09   0.584933E+09   0.377881E+13
 0396   0.192282E+02   0.131645E+11   0.603307E+09   0.584172E+09   0.377786E+13
 0397   0.193037E+02   0.132102E+11   0.604985E+09   0.583412E+09   0.377690E+13
 0398   0.193685E+02   0.132531E+11   0.662408E+09   0.589553E+09   0.377600E+13
 0399   0.194439E+02   0.132989E+11   0.606029E+09   0.588630E+09   0.377504E+13
 0400   0.195194E+02   0.133445E+11   0.605803E+09   0.587689E+09   0.377407E+13
 0401   0.195947E+02   0.133902E+11   0.605721E+09   0.587006E+09   0.377311E+13
 0402   0.196697E+02   0.134357E+11   0.606837E+09   0.586135E+09   0.377214E+13
 0403   0.197446E+02   0.134812E+11   0.606923E+09   0.585050E+09   0.377117E+13
 0404   0.198087E+02   0.135236E+11   0.663087E+09   0.591114E+09   0.377027E+13
 0405   0.198831E+02   0.135688E+11   0.606407E+09   0.590660E+09   0.376930E+13
 0406   0.199573E+02   0.136138E+11   0.607750E+09   0.590227E+09   0.376833E+13
 0407   0.200312E+02   0.136589E+11   0.608468E+09   0.589544E+09   0.376735E+13
 0408   0.201050E+02   0.137037E+11   0.608188E+09   0.588747E+09   0.376637E+13
 0409   0.201786E+02   0.137484E+11   0.607411E+09   0.588218E+09   0.376539E+13
 0410   0.202520E+02   0.137930E+11   0.607818E+09   0.588121E+09   0.376440E+13
 0411   0.203251E+02   0.138376E+11   0.609592E+09   0.588008E+09   0.376341E+13
 0412   0.203981E+02   0.138822E+11   0.610812E+09   0.587921E+09   0.376242E+13
 0413   0.204708E+02   0.139267E+11   0.611801E+09   0.588109E+09   0.376142E+13
 0414   0.205434E+02   0.139712E+11   0.613338E+09   0.588533E+09   0.376041E+13
 0415   0.206159E+02   0.140158E+11   0.614914E+09   0.588912E+09   0.375940E+13
 0416   0.206884E+02   0.140604E+11   0.615824E+09   0.589322E+09   0.375838E+13
 0417   0.207608E+02   0.141050E+11   0.616563E+09   0.589846E+09   0.375736E+13
 0418   0.208330E+02   0.141497E+11   0.617439E+09   0.590357E+09   0.375633E+13
 0419   0.209053E+02   0.141943E+11   0.617893E+09   0.590716E+09   0.375530E+13
 0420   0.209774E+02   0.142388E+11   0.617814E+09   0.591199E+09   0.375427E+13
 0421   0.210494E+02   0.142834E+11   0.618247E+09   0.591523E+09   0.375323E+13
 0422   0.211212E+02   0.143278E+11   0.618201E+09   0.592088E+09   0.375218E+13
 0423   0.211929E+02   0.143721E+11   0.618990E+09   0.594494E+09   0.375113E+13
 0424   0.212643E+02   0.144169E+11   0.626104E+09   0.597520E+09   0.375008E+13
 0425   0.213357E+02   0.144621E+11   0.633292E+09   0.600397E+09   0.374902E+13
 0426   0.214074E+02   0.145077E+11   0.636910E+09   0.603546E+09   0.374795E+13
 0427   0.214793E+02   0.145538E+11   0.641205E+09   0.607433E+09   0.374687E+13
 0428   0.215620E+02   0.146034E+11   0.598981E+09   0.605636E+09   0.374567E+13
 0429   0.216351E+02   0.146510E+11   0.651461E+09   0.610939E+09   0.374457E+13
 0430   0.217087E+02   0.146996E+11   0.659637E+09   0.616285E+09   0.374344E+13
 0431   0.217935E+02   0.147519E+11   0.617331E+09   0.614515E+09   0.374219E+13
 0432   0.218685E+02   0.148019E+11   0.667721E+09   0.618600E+09   0.374104E+13
 0433   0.219550E+02   0.148554E+11   0.618438E+09   0.615900E+09   0.373974E+13
 0434   0.220313E+02   0.149063E+11   0.666219E+09   0.619652E+09   0.373855E+13
 0435   0.221195E+02   0.149607E+11   0.617284E+09   0.616365E+09   0.373720E+13
 0436   0.221973E+02   0.150123E+11   0.663518E+09   0.619619E+09   0.373596E+13
 0437   0.222755E+02   0.150643E+11   0.664638E+09   0.622986E+09   0.373470E+13
 0438   0.223542E+02   0.151167E+11   0.665558E+09   0.626512E+09   0.373343E+13
 0439   0.224447E+02   0.151727E+11   0.618576E+09   0.623135E+09   0.373199E+13
 0440   0.225244E+02   0.152260E+11   0.668325E+09   0.626138E+09   0.373067E+13
 0441   0.226047E+02   0.152796E+11   0.667905E+09   0.627663E+09   0.372932E+13
 0442   0.226970E+02   0.153364E+11   0.615485E+09   0.621655E+09   0.372780E+13
 0443   0.227782E+02   0.153898E+11   0.657763E+09   0.622688E+09   0.372640E+13
 0444   0.228594E+02   0.154431E+11   0.655870E+09   0.624020E+09   0.372499E+13
 0445   0.229406E+02   0.154964E+11   0.656687E+09   0.625412E+09   0.372356E+13
 0446   0.230214E+02   0.155496E+11   0.658766E+09   0.626822E+09   0.372212E+13
 0447   0.231019E+02   0.156028E+11   0.660120E+09   0.628082E+09   0.372066E+13
 0448   0.231823E+02   0.156558E+11   0.660257E+09   0.629346E+09   0.371918E+13
 0449   0.232739E+02   0.157120E+11   0.612771E+09   0.623873E+09   0.371751E+13
 0450   0.233539E+02   0.157648E+11   0.660476E+09   0.625527E+09   0.371599E+13
 0451   0.234337E+02   0.158176E+11   0.661462E+09   0.626996E+09   0.371446E+13
 0452   0.235132E+02   0.158702E+11   0.661496E+09   0.628382E+09   0.371292E+13
 0453   0.235926E+02   0.159227E+11   0.661186E+09   0.629869E+09   0.371135E+13
 0454   0.236830E+02   0.159782E+11   0.614245E+09   0.624516E+09   0.370958E+13
 0455   0.237618E+02   0.160304E+11   0.661992E+09   0.626586E+09   0.370798E+13
 0456   0.238403E+02   0.160825E+11   0.664047E+09   0.628785E+09   0.370637E+13
 0457   0.239186E+02   0.161346E+11   0.666073E+09   0.631099E+09   0.370475E+13
 0458   0.240079E+02   0.161900E+11   0.619861E+09   0.626276E+09   0.370291E+13
 0459   0.240858E+02   0.162420E+11   0.667398E+09   0.628606E+09   0.370126E+13
 0460   0.241637E+02   0.162941E+11   0.668071E+09   0.630955E+09   0.369959E+13
 0461   0.242415E+02   0.163461E+11   0.668718E+09   0.633043E+09   0.369790E+13
 0462   0.243304E+02   0.164012E+11   0.620141E+09   0.628144E+09   0.369598E+13
 0463   0.244078E+02   0.164529E+11   0.667577E+09   0.630101E+09   0.369426E+13
 0464   0.244851E+02   0.165044E+11   0.667407E+09   0.632039E+09   0.369252E+13
 0465   0.245621E+02   0.165558E+11   0.667068E+09   0.633862E+09   0.369077E+13
 0466   0.246496E+02   0.166100E+11   0.618666E+09   0.628954E+09   0.368878E+13
 0467   0.247259E+02   0.166608E+11   0.666943E+09   0.631089E+09   0.368700E+13
 0468   0.248018E+02   0.167115E+11   0.667704E+09   0.633394E+09   0.368520E+13
 0469   0.248883E+02   0.167652E+11   0.620530E+09   0.628957E+09   0.368316E+13
 0470   0.249636E+02   0.168156E+11   0.669696E+09   0.631644E+09   0.368134E+13
 0471   0.250386E+02   0.168660E+11   0.671099E+09   0.634478E+09   0.367949E+13
 0472   0.251243E+02   0.169194E+11   0.623929E+09   0.630493E+09   0.367740E+13
 0473   0.251990E+02   0.169697E+11   0.673296E+09   0.633387E+09   0.367552E+13
 0474   0.252737E+02   0.170200E+11   0.673944E+09   0.635715E+09   0.367362E+13
 0475   0.253588E+02   0.170732E+11   0.623766E+09   0.630916E+09   0.367146E+13
 0476   0.254330E+02   0.171229E+11   0.670377E+09   0.633176E+09   0.366952E+13
 0477   0.255070E+02   0.171725E+11   0.670182E+09   0.635558E+09   0.366757E+13
 0478   0.255909E+02   0.172247E+11   0.622235E+09   0.631346E+09   0.366536E+13
 0479   0.256640E+02   0.172738E+11   0.672110E+09   0.634138E+09   0.366339E+13
 0480   0.257470E+02   0.173257E+11   0.625122E+09   0.629712E+09   0.366114E+13
 0481   0.258194E+02   0.173744E+11   0.672348E+09   0.632075E+09   0.365914E+13
 0482   0.258916E+02   0.174228E+11   0.671430E+09   0.634373E+09   0.365712E+13
 0483   0.259737E+02   0.174740E+11   0.622347E+09   0.629889E+09   0.365483E+13
 0484   0.260453E+02   0.175219E+11   0.670299E+09   0.632717E+09   0.365278E+13
 0485   0.261164E+02   0.175697E+11   0.671928E+09   0.635950E+09   0.365072E+13
 0486   0.261972E+02   0.176203E+11   0.625644E+09   0.632725E+09   0.364838E+13
 0487   0.262675E+02   0.176679E+11   0.677309E+09   0.636561E+09   0.364631E+13
 0488   0.263476E+02   0.177184E+11   0.630268E+09   0.633872E+09   0.364394E+13
 0489   0.264175E+02   0.177660E+11   0.681589E+09   0.637990E+09   0.364183E+13
 0490   0.264974E+02   0.178166E+11   0.633126E+09   0.635230E+09   0.363942E+13
 0491   0.265672E+02   0.178643E+11   0.682876E+09   0.639118E+09   0.363726E+13
 0492   0.266471E+02   0.179148E+11   0.633205E+09   0.635977E+09   0.363480E+13
 0493   0.267169E+02   0.179625E+11   0.682082E+09   0.639499E+09   0.363261E+13
 0494   0.267965E+02   0.180128E+11   0.632083E+09   0.636200E+09   0.363010E+13
 0495   0.268660E+02   0.180601E+11   0.681500E+09   0.639701E+09   0.362788E+13
 0496   0.269450E+02   0.181101E+11   0.632286E+09   0.636235E+09   0.362535E+13
 0497   0.270139E+02   0.181571E+11   0.681512E+09   0.639821E+09   0.362310E+13
 0498   0.270924E+02   0.182067E+11   0.632709E+09   0.636586E+09   0.362055E+13
 0499   0.271607E+02   0.182533E+11   0.682688E+09   0.640139E+09   0.361829E+13
 0500   0.272385E+02   0.183026E+11   0.633131E+09   0.636777E+09   0.361572E+13
 0501   0.273063E+02   0.183489E+11   0.682536E+09   0.640259E+09   0.361345E+13
 0502   0.273835E+02   0.183977E+11   0.633056E+09   0.637108E+09   0.361087E+13
 0503   0.274507E+02   0.184436E+11   0.683315E+09   0.641014E+09   0.360859E+13
 0504   0.275271E+02   0.184922E+11   0.634983E+09   0.638342E+09   0.360600E+13
 0505   0.275937E+02   0.185379E+11   0.686489E+09   0.642616E+09   0.360371E+13
 0506   0.276695E+02   0.185862E+11   0.637673E+09   0.640220E+09   0.360111E+13
 0507   0.277451E+02   0.186346E+11   0.639089E+09   0.637703E+09   0.359850E+13
 0508   0.278111E+02   0.186800E+11   0.688738E+09   0.642105E+09   0.359619E+13
 0509   0.278863E+02   0.187281E+11   0.639520E+09   0.640036E+09   0.359356E+13
 0510   0.279519E+02   0.187735E+11   0.691308E+09   0.644984E+09   0.359124E+13
 0511   0.280266E+02   0.188215E+11   0.642797E+09   0.643312E+09   0.358860E+13
 0512   0.281010E+02   0.188695E+11   0.645032E+09   0.641835E+09   0.358596E+13
 0513   0.281660E+02   0.189148E+11   0.697368E+09   0.647198E+09   0.358362E+13
 0514   0.282402E+02   0.189628E+11   0.647533E+09   0.645920E+09   0.358096E+13
 0515   0.283144E+02   0.190110E+11   0.648761E+09   0.644340E+09   0.357828E+13
 0516   0.283794E+02   0.190564E+11   0.699443E+09   0.649361E+09   0.357591E+13
 0517   0.284537E+02   0.191045E+11   0.647304E+09   0.647312E+09   0.357320E+13
 0518   0.285280E+02   0.191526E+11   0.646716E+09   0.644997E+09   0.357048E+13
 0519   0.285930E+02   0.191978E+11   0.696019E+09   0.649415E+09   0.356807E+13
 0520   0.286669E+02   0.192455E+11   0.644645E+09   0.647105E+09   0.356534E+13
 0521   0.287405E+02   0.192930E+11   0.645550E+09   0.644833E+09   0.356260E+13
 0522   0.288045E+02   0.193376E+11   0.696766E+09   0.649563E+09   0.356020E+13
 0523   0.288773E+02   0.193847E+11   0.646903E+09   0.647603E+09   0.355747E+13
 0524   0.289497E+02   0.194316E+11   0.648456E+09   0.645695E+09   0.355474E+13
 0525   0.290128E+02   0.194758E+11   0.700185E+09   0.650656E+09   0.355234E+13
 0526   0.290847E+02   0.195225E+11   0.649544E+09   0.648766E+09   0.354961E+13
 0527   0.291563E+02   0.195691E+11   0.650096E+09   0.646707E+09   0.354688E+13
 0528   0.292188E+02   0.196129E+11   0.700937E+09   0.651595E+09   0.354447E+13
 0529   0.292900E+02   0.196591E+11   0.649876E+09   0.649942E+09   0.354173E+13
 0530   0.293609E+02   0.197053E+11   0.651225E+09   0.648478E+09   0.353900E+13
 0531   0.294315E+02   0.197514E+11   0.653137E+09   0.647225E+09   0.353626E+13
 0532   0.294931E+02   0.197948E+11   0.705374E+09   0.653056E+09   0.353385E+13
 0533   0.295632E+02   0.198408E+11   0.655566E+09   0.652176E+09   0.353111E+13
 0534   0.296332E+02   0.198868E+11   0.656990E+09   0.651422E+09   0.352837E+13
 0535   0.297031E+02   0.199328E+11   0.658367E+09   0.650635E+09   0.352563E+13
 0536   0.297642E+02   0.199763E+11   0.710621E+09   0.656615E+09   0.352321E+13
 0537   0.298340E+02   0.200222E+11   0.659094E+09   0.655796E+09   0.352047E+13
 0538   0.299035E+02   0.200681E+11   0.659935E+09   0.654881E+09   0.351772E+13
 0539   0.299729E+02   0.201139E+11   0.660576E+09   0.653973E+09   0.351498E+13
 0540   0.300421E+02   0.201597E+11   0.661272E+09   0.653070E+09   0.351225E+13
 0541   0.301024E+02   0.202028E+11   0.713766E+09   0.659070E+09   0.350985E+13
 0542   0.301713E+02   0.202484E+11   0.662193E+09   0.658200E+09   0.350712E+13
 0543   0.302399E+02   0.202939E+11   0.662686E+09   0.657151E+09   0.350440E+13
 0544   0.303084E+02   0.203393E+11   0.662516E+09   0.655954E+09   0.350168E+13
 0545   0.303768E+02   0.203845E+11   0.662285E+09   0.654782E+09   0.349896E+13
 0546   0.304365E+02   0.204272E+11   0.714320E+09   0.660755E+09   0.349658E+13
 0547   0.305044E+02   0.204722E+11   0.662993E+09   0.660066E+09   0.349389E+13
 0548   0.305721E+02   0.205172E+11   0.664490E+09   0.659683E+09   0.349120E+13
 0549   0.306396E+02   0.205621E+11   0.666540E+09   0.659553E+09   0.348852E+13
 0550   0.307068E+02   0.206071E+11   0.668830E+09   0.659313E+09   0.348586E+13
 0551   0.307739E+02   0.206521E+11   0.669737E+09   0.659014E+09   0.348319E+13
 0552   0.308409E+02   0.206970E+11   0.670055E+09   0.658808E+09   0.348054E+13
 0553   0.308995E+02   0.207393E+11   0.723353E+09   0.665317E+09   0.347821E+13
 0554   0.309663E+02   0.207841E+11   0.670409E+09   0.664976E+09   0.347557E+13
 0555   0.310330E+02   0.208289E+11   0.670719E+09   0.664519E+09   0.347294E+13
 0556   0.310995E+02   0.208734E+11   0.671068E+09   0.663894E+09   0.347032E+13
 0557   0.311657E+02   0.209179E+11   0.670847E+09   0.663336E+09   0.346772E+13
 0558   0.312317E+02   0.209622E+11   0.671141E+09   0.662808E+09   0.346512E+13
 0559   0.312974E+02   0.210063E+11   0.671732E+09   0.662213E+09   0.346254E+13
 0560   0.313629E+02   0.210503E+11   0.672015E+09   0.661773E+09   0.345998E+13
 0561   0.314281E+02   0.210942E+11   0.672887E+09   0.661345E+09   0.345743E+13
 0562   0.314849E+02   0.211355E+11   0.726190E+09   0.667680E+09   0.345521E+13
 0563   0.315497E+02   0.211791E+11   0.672736E+09   0.667142E+09   0.345269E+13
 0564   0.316143E+02   0.212225E+11   0.672773E+09   0.666801E+09   0.345018E+13
 0565   0.316786E+02   0.212658E+11   0.673678E+09   0.666428E+09   0.344769E+13
 0566   0.317426E+02   0.213090E+11   0.674225E+09   0.665984E+09   0.344522E+13
 0567   0.318064E+02   0.213520E+11   0.674415E+09   0.665783E+09   0.344277E+13
 0568   0.318699E+02   0.213949E+11   0.675567E+09   0.665875E+09   0.344033E+13
 0569   0.319332E+02   0.214378E+11   0.677325E+09   0.666184E+09   0.343791E+13
 0570   0.319962E+02   0.214806E+11   0.679085E+09   0.666598E+09   0.343551E+13
 0571   0.320590E+02   0.215233E+11   0.680645E+09   0.667273E+09   0.343313E+13
 0572   0.321217E+02   0.215661E+11   0.682382E+09   0.668002E+09   0.343077E+13
 0573   0.321843E+02   0.216089E+11   0.683619E+09   0.668848E+09   0.342841E+13
 0574   0.322468E+02   0.216517E+11   0.684733E+09   0.669834E+09   0.342607E+13
 0575   0.323092E+02   0.216945E+11   0.686157E+09   0.670693E+09   0.342375E+13
 0576   0.323716E+02   0.217374E+11   0.686860E+09   0.671360E+09   0.342143E+13
 0577   0.324340E+02   0.217802E+11   0.686878E+09   0.671689E+09   0.341913E+13
 0578   0.324962E+02   0.218229E+11   0.686195E+09   0.671925E+09   0.341685E+13
 0579   0.325583E+02   0.218655E+11   0.685728E+09   0.672124E+09   0.341458E+13
 0580   0.326201E+02   0.219079E+11   0.685833E+09   0.672574E+09   0.341234E+13
 0581   0.326817E+02   0.219502E+11   0.687032E+09   0.673347E+09   0.341012E+13
 0582   0.327430E+02   0.219924E+11   0.689182E+09   0.674493E+09   0.340792E+13
 0583   0.328040E+02   0.220346E+11   0.691719E+09   0.675848E+09   0.340574E+13
 0584   0.328649E+02   0.220769E+11   0.693915E+09   0.677423E+09   0.340357E+13
 0585   0.329257E+02   0.221192E+11   0.695816E+09   0.678962E+09   0.340142E+13
 0586   0.329866E+02   0.221616E+11   0.696871E+09   0.680398E+09   0.339929E+13
 0587   0.330475E+02   0.222041E+11   0.697231E+09   0.681582E+09   0.339716E+13
 0588   0.331083E+02   0.222465E+11   0.697032E+09   0.682552E+09   0.339505E+13
 0589   0.331692E+02   0.222889E+11   0.696471E+09   0.683097E+09   0.339296E+13
 0590   0.332299E+02   0.223311E+11   0.695199E+09   0.683563E+09   0.339087E+13
 0591   0.332904E+02   0.223731E+11   0.694436E+09   0.684129E+09   0.338881E+13
 0592   0.333582E+02   0.224173E+11   0.652199E+09   0.677859E+09   0.338652E+13
 0593   0.334182E+02   0.224591E+11   0.695757E+09   0.678648E+09   0.338451E+13
 0594   0.334780E+02   0.225007E+11   0.696581E+09   0.679279E+09   0.338251E+13
 0595   0.335376E+02   0.225422E+11   0.696564E+09   0.679836E+09   0.338053E+13
 0596   0.335970E+02   0.225836E+11   0.696211E+09   0.680226E+09   0.337857E+13
 0597   0.336562E+02   0.226248E+11   0.695705E+09   0.680739E+09   0.337663E+13
 0598   0.337151E+02   0.226658E+11   0.695993E+09   0.681665E+09   0.337471E+13
 0599   0.337737E+02   0.227067E+11   0.697998E+09   0.683191E+09   0.337281E+13
 0600   0.338319E+02   0.227475E+11   0.701502E+09   0.685094E+09   0.337093E+13
 0601   0.338899E+02   0.227884E+11   0.705150E+09   0.687143E+09   0.336908E+13
 0602   0.339476E+02   0.228293E+11   0.707900E+09   0.689392E+09   0.336724E+13
 0603   0.340124E+02   0.228724E+11   0.666127E+09   0.684565E+09   0.336520E+13
 0604   0.340700E+02   0.229133E+11   0.710247E+09   0.686501E+09   0.336340E+13
 0605   0.341277E+02   0.229543E+11   0.709901E+09   0.688286E+09   0.336161E+13
 0606   0.341853E+02   0.229952E+11   0.709680E+09   0.689892E+09   0.335983E+13
 0607   0.342429E+02   0.230361E+11   0.709426E+09   0.691334E+09   0.335806E+13
 0608   0.343005E+02   0.230769E+11   0.709120E+09   0.692592E+09   0.335631E+13
 0609   0.343579E+02   0.231176E+11   0.708851E+09   0.693866E+09   0.335458E+13
 0610   0.344223E+02   0.231604E+11   0.665094E+09   0.688257E+09   0.335265E+13
 0611   0.344794E+02   0.232009E+11   0.709571E+09   0.689562E+09   0.335096E+13
 0612   0.345361E+02   0.232412E+11   0.710142E+09   0.690994E+09   0.334929E+13
 0613   0.345927E+02   0.232814E+11   0.711111E+09   0.692615E+09   0.334764E+13
 0614   0.346489E+02   0.233215E+11   0.712585E+09   0.694322E+09   0.334601E+13
 0615   0.347050E+02   0.233615E+11   0.713647E+09   0.696000E+09   0.334440E+13
 0616   0.347678E+02   0.234036E+11   0.669946E+09   0.690709E+09   0.334261E+13
 0617   0.348236E+02   0.234434E+11   0.714132E+09   0.692587E+09   0.334104E+13
 0618   0.348792E+02   0.234832E+11   0.715146E+09   0.694638E+09   0.333949E+13
 0619   0.349346E+02   0.235229E+11   0.716611E+09   0.696590E+09   0.333795E+13
 0620   0.349898E+02   0.235625E+11   0.717463E+09   0.698535E+09   0.333643E+13
 0621   0.350518E+02   0.236042E+11   0.673664E+09   0.693732E+09   0.333474E+13
 0622   0.351067E+02   0.236437E+11   0.719168E+09   0.696035E+09   0.333326E+13
 0623   0.351614E+02   0.236832E+11   0.720736E+09   0.698486E+09   0.333179E+13
 0624   0.352160E+02   0.237226E+11   0.722502E+09   0.701090E+09   0.333034E+13
 0625   0.352772E+02   0.237642E+11   0.679702E+09   0.696718E+09   0.332874E+13
 0626   0.353316E+02   0.238037E+11   0.725378E+09   0.699405E+09   0.332732E+13
 0627   0.353859E+02   0.238431E+11   0.726618E+09   0.702080E+09   0.332591E+13
 0628   0.354402E+02   0.238826E+11   0.727817E+09   0.704657E+09   0.332452E+13
 0629   0.355011E+02   0.239243E+11   0.683138E+09   0.700071E+09   0.332298E+13
 0630   0.355553E+02   0.239637E+11   0.728014E+09   0.702581E+09   0.332162E+13
 0631   0.356093E+02   0.240031E+11   0.728862E+09   0.705011E+09   0.332027E+13
 0632   0.356632E+02   0.240424E+11   0.729774E+09   0.707346E+09   0.331894E+13
 0633   0.357237E+02   0.240838E+11   0.684559E+09   0.702532E+09   0.331746E+13
 0634   0.357774E+02   0.241230E+11   0.729672E+09   0.704799E+09   0.331615E+13
 0635   0.358308E+02   0.241620E+11   0.730319E+09   0.706978E+09   0.331486E+13
 0636   0.358841E+02   0.242010E+11   0.730802E+09   0.709278E+09   0.331359E+13
 0637   0.359439E+02   0.242419E+11   0.685846E+09   0.704930E+09   0.331217E+13
 0638   0.359968E+02   0.242807E+11   0.733110E+09   0.708018E+09   0.331093E+13
 0639   0.360495E+02   0.243195E+11   0.736212E+09   0.711053E+09   0.330970E+13
 0640   0.361086E+02   0.243605E+11   0.692134E+09   0.707203E+09   0.330833E+13
 0641   0.361611E+02   0.243992E+11   0.739065E+09   0.710638E+09   0.330713E+13
 0642   0.362135E+02   0.244381E+11   0.741364E+09   0.714066E+09   0.330594E+13
 0643   0.362723E+02   0.244790E+11   0.696385E+09   0.710236E+09   0.330463E+13
 0644   0.363246E+02   0.245178E+11   0.742505E+09   0.713244E+09   0.330346E+13
 0645   0.363768E+02   0.245566E+11   0.742659E+09   0.716352E+09   0.330231E+13
 0646   0.364355E+02   0.245975E+11   0.696844E+09   0.712448E+09   0.330103E+13
 0647   0.364876E+02   0.246363E+11   0.743676E+09   0.715567E+09   0.329991E+13
 0648   0.365396E+02   0.246750E+11   0.744752E+09   0.718514E+09   0.329879E+13
 0649   0.365980E+02   0.247158E+11   0.698597E+09   0.714484E+09   0.329756E+13
 0650   0.366498E+02   0.247545E+11   0.745511E+09   0.717651E+09   0.329647E+13
 0651   0.367015E+02   0.247931E+11   0.747079E+09   0.720897E+09   0.329540E+13
 0652   0.367596E+02   0.248338E+11   0.701496E+09   0.717068E+09   0.329421E+13
 0653   0.368110E+02   0.248723E+11   0.749248E+09   0.720283E+09   0.329316E+13
 0654   0.368624E+02   0.249109E+11   0.750527E+09   0.723343E+09   0.329213E+13
 0655   0.369200E+02   0.249514E+11   0.703530E+09   0.719442E+09   0.329098E+13
 0656   0.369711E+02   0.249898E+11   0.751181E+09   0.722680E+09   0.328998E+13
 0657   0.370284E+02   0.250303E+11   0.705845E+09   0.718827E+09   0.328886E+13
 0658   0.370793E+02   0.250686E+11   0.752730E+09   0.722345E+09   0.328788E+13
 0659   0.371300E+02   0.251069E+11   0.754910E+09   0.725824E+09   0.328691E+13
 0660   0.371870E+02   0.251472E+11   0.708997E+09   0.722083E+09   0.328584E+13
 0661   0.372375E+02   0.251855E+11   0.756191E+09   0.725148E+09   0.328490E+13
 0662   0.372879E+02   0.252236E+11   0.756222E+09   0.727807E+09   0.328396E+13
 0663   0.373444E+02   0.252636E+11   0.707317E+09   0.723150E+09   0.328293E+13
 0664   0.373945E+02   0.253012E+11   0.753336E+09   0.725804E+09   0.328203E+13
 0665   0.374504E+02   0.253408E+11   0.707307E+09   0.721566E+09   0.328103E+13
 0666   0.374998E+02   0.253781E+11   0.754873E+09   0.725443E+09   0.328015E+13
 0667   0.375490E+02   0.254155E+11   0.759531E+09   0.729885E+09   0.327929E+13
 0668   0.376040E+02   0.254549E+11   0.716552E+09   0.727503E+09   0.327833E+13
 0669   0.376528E+02   0.254924E+11   0.767827E+09   0.732236E+09   0.327749E+13
 0670   0.377077E+02   0.255320E+11   0.721865E+09   0.729890E+09   0.327655E+13
 0671   0.377565E+02   0.255696E+11   0.771218E+09   0.734540E+09   0.327572E+13
 0672   0.378115E+02   0.256094E+11   0.723535E+09   0.731749E+09   0.327480E+13
 0673   0.378605E+02   0.256472E+11   0.771266E+09   0.735811E+09   0.327399E+13
 0674   0.379156E+02   0.256870E+11   0.722825E+09   0.732502E+09   0.327309E+13
 0675   0.379646E+02   0.257248E+11   0.770388E+09   0.736496E+09   0.327229E+13
 0676   0.380196E+02   0.257646E+11   0.723590E+09   0.733236E+09   0.327141E+13
 0677   0.380684E+02   0.258023E+11   0.771868E+09   0.737211E+09   0.327064E+13
 0678   0.381171E+02   0.258399E+11   0.773515E+09   0.741124E+09   0.326987E+13
 0679   0.381718E+02   0.258796E+11   0.725265E+09   0.738023E+09   0.326903E+13
 0680   0.382203E+02   0.259172E+11   0.775416E+09   0.742189E+09   0.326828E+13
 0681   0.382748E+02   0.259568E+11   0.727700E+09   0.739169E+09   0.326746E+13
 0682   0.383231E+02   0.259944E+11   0.777535E+09   0.743224E+09   0.326674E+13
 0683   0.383773E+02   0.260340E+11   0.729330E+09   0.740128E+09   0.326594E+13
 0684   0.384255E+02   0.260715E+11   0.778680E+09   0.744530E+09   0.326524E+13
 0685   0.384796E+02   0.261110E+11   0.731748E+09   0.741789E+09   0.326446E+13
 0686   0.385275E+02   0.261485E+11   0.782034E+09   0.746508E+09   0.326378E+13
 0687   0.385814E+02   0.261881E+11   0.735272E+09   0.744085E+09   0.326302E+13
 0688   0.386291E+02   0.262257E+11   0.786256E+09   0.748972E+09   0.326236E+13
 0689   0.386828E+02   0.262653E+11   0.738561E+09   0.746592E+09   0.326163E+13
 0690   0.387304E+02   0.263029E+11   0.789057E+09   0.751280E+09   0.326099E+13
 0691   0.387840E+02   0.263425E+11   0.739947E+09   0.749025E+09   0.326027E+13
 0692   0.388315E+02   0.263802E+11   0.791284E+09   0.754058E+09   0.325965E+13
 0693   0.388850E+02   0.264198E+11   0.742870E+09   0.751720E+09   0.325896E+13
 0694   0.389325E+02   0.264576E+11   0.794103E+09   0.756420E+09   0.325835E+13
 0695   0.389858E+02   0.264972E+11   0.743932E+09   0.753810E+09   0.325768E+13
 0696   0.390391E+02   0.265369E+11   0.744898E+09   0.750990E+09   0.325702E+13
 0697   0.390864E+02   0.265745E+11   0.794220E+09   0.755557E+09   0.325644E+13
 0698   0.391394E+02   0.266141E+11   0.745545E+09   0.752845E+09   0.325580E+13
 0699   0.391865E+02   0.266515E+11   0.796140E+09   0.757646E+09   0.325524E+13
 0700   0.392393E+02   0.266910E+11   0.748253E+09   0.755080E+09   0.325461E+13
 0701   0.392861E+02   0.267285E+11   0.799469E+09   0.759909E+09   0.325406E+13
 0702   0.393387E+02   0.267679E+11   0.750530E+09   0.757474E+09   0.325346E+13
 0703   0.393853E+02   0.268053E+11   0.802348E+09   0.762364E+09   0.325292E+13
 0704   0.394376E+02   0.268447E+11   0.752485E+09   0.759841E+09   0.325233E+13
 0705   0.394898E+02   0.268840E+11   0.753734E+09   0.756931E+09   0.325175E+13
 0706   0.395361E+02   0.269212E+11   0.802602E+09   0.761546E+09   0.325124E+13
 0707   0.395881E+02   0.269604E+11   0.753313E+09   0.758728E+09   0.325067E+13
 0708   0.396342E+02   0.269974E+11   0.803474E+09   0.763542E+09   0.325017E+13
 0709   0.396859E+02   0.270364E+11   0.754677E+09   0.761253E+09   0.324962E+13
 0710   0.397317E+02   0.270734E+11   0.807046E+09   0.766579E+09   0.324914E+13
 0711   0.397831E+02   0.271124E+11   0.758466E+09   0.764601E+09   0.324861E+13
 0712   0.398288E+02   0.271494E+11   0.811455E+09   0.770103E+09   0.324814E+13
 0713   0.398800E+02   0.271884E+11   0.761451E+09   0.768695E+09   0.324763E+13
 0714   0.399312E+02   0.272276E+11   0.764412E+09   0.767511E+09   0.324712E+13
 0715   0.399768E+02   0.272649E+11   0.818625E+09   0.774112E+09   0.324667E+13
 0716   0.400279E+02   0.273043E+11   0.770347E+09   0.773552E+09   0.324618E+13
 0717   0.400792E+02   0.273439E+11   0.773656E+09   0.772832E+09   0.324569E+13
 0718   0.401248E+02   0.273817E+11   0.827701E+09   0.779112E+09   0.324526E+13
 0719   0.401762E+02   0.274216E+11   0.775327E+09   0.777639E+09   0.324479E+13
 0720   0.402278E+02   0.274615E+11   0.774694E+09   0.775920E+09   0.324432E+13
 0721   0.402736E+02   0.274994E+11   0.826166E+09   0.781339E+09   0.324391E+13
 0722   0.403252E+02   0.275393E+11   0.773302E+09   0.779238E+09   0.324345E+13
 0723   0.403768E+02   0.275792E+11   0.773893E+09   0.777216E+09   0.324301E+13
 0724   0.404225E+02   0.276170E+11   0.826760E+09   0.782973E+09   0.324262E+13
 0725   0.404738E+02   0.276568E+11   0.776765E+09   0.781304E+09   0.324219E+13
 0726   0.405249E+02   0.276967E+11   0.779137E+09   0.779800E+09   0.324177E+13
 0727   0.405703E+02   0.277345E+11   0.832922E+09   0.785875E+09   0.324140E+13
 0728   0.406213E+02   0.277744E+11   0.782311E+09   0.784591E+09   0.324099E+13
 0729   0.406723E+02   0.278143E+11   0.784194E+09   0.783288E+09   0.324060E+13
 0730   0.407175E+02   0.278523E+11   0.838088E+09   0.789524E+09   0.324025E+13
 0731   0.407685E+02   0.278923E+11   0.786545E+09   0.788312E+09   0.323986E+13
 0732   0.408194E+02   0.279324E+11   0.788241E+09   0.787121E+09   0.323949E+13
 0733   0.408646E+02   0.279706E+11   0.842645E+09   0.793302E+09   0.323915E+13
 0734   0.409155E+02   0.280107E+11   0.790210E+09   0.791563E+09   0.323879E+13
 0735   0.409663E+02   0.280509E+11   0.790073E+09   0.789343E+09   0.323842E+13
 0736   0.410114E+02   0.280889E+11   0.841790E+09   0.794670E+09   0.323811E+13
 0737   0.410621E+02   0.281288E+11   0.788180E+09   0.792547E+09   0.323776E+13
 0738   0.411125E+02   0.281686E+11   0.789441E+09   0.790987E+09   0.323741E+13
 0739   0.411572E+02   0.282064E+11   0.844883E+09   0.797976E+09   0.323711E+13
 0740   0.412074E+02   0.282463E+11   0.796565E+09   0.797678E+09   0.323678E+13
 0741   0.412574E+02   0.282864E+11   0.801126E+09   0.797583E+09   0.323646E+13
 0742   0.413020E+02   0.283247E+11   0.858589E+09   0.805154E+09   0.323617E+13
 0743   0.413521E+02   0.283651E+11   0.806382E+09   0.804945E+09   0.323586E+13
 0744   0.414024E+02   0.284057E+11   0.807198E+09   0.804435E+09   0.323555E+13
 0745   0.414528E+02   0.284464E+11   0.807226E+09   0.803870E+09   0.323524E+13
 0746   0.415033E+02   0.284872E+11   0.808225E+09   0.802853E+09   0.323494E+13
 0747   0.415481E+02   0.285259E+11   0.862602E+09   0.809351E+09   0.323468E+13
 0748   0.415986E+02   0.285667E+11   0.807952E+09   0.808176E+09   0.323439E+13
 0749   0.416490E+02   0.286074E+11   0.808863E+09   0.807268E+09   0.323410E+13
 0750   0.416993E+02   0.286482E+11   0.810960E+09   0.806693E+09   0.323383E+13
 0751   0.417441E+02   0.286871E+11   0.867696E+09   0.813979E+09   0.323358E+13
 0752   0.417944E+02   0.287281E+11   0.815341E+09   0.813494E+09   0.323331E+13
 0753   0.418447E+02   0.287693E+11   0.817034E+09   0.812940E+09   0.323305E+13
 0754   0.418951E+02   0.288105E+11   0.818347E+09   0.812375E+09   0.323280E+13
 0755   0.419399E+02   0.288497E+11   0.874855E+09   0.819817E+09   0.323257E+13
 0756   0.419903E+02   0.288910E+11   0.821585E+09   0.819488E+09   0.323233E+13
 0757   0.420406E+02   0.289325E+11   0.823704E+09   0.819222E+09   0.323209E+13
 0758   0.420909E+02   0.289740E+11   0.825786E+09   0.818731E+09   0.323185E+13
 0759   0.421411E+02   0.290156E+11   0.827105E+09   0.818296E+09   0.323162E+13
 0760   0.421858E+02   0.290551E+11   0.883846E+09   0.825465E+09   0.323142E+13
 0761   0.422361E+02   0.290967E+11   0.828369E+09   0.824966E+09   0.323120E+13
 0762   0.422864E+02   0.291385E+11   0.829359E+09   0.824682E+09   0.323099E+13
 0763   0.423368E+02   0.291803E+11   0.831636E+09   0.824547E+09   0.323078E+13
 0764   0.423815E+02   0.292202E+11   0.890296E+09   0.832268E+09   0.323060E+13
 0765   0.424319E+02   0.292622E+11   0.835624E+09   0.832827E+09   0.323040E+13
 0766   0.424822E+02   0.293045E+11   0.839597E+09   0.833975E+09   0.323020E+13
 0767   0.425325E+02   0.293470E+11   0.844438E+09   0.834822E+09   0.323001E+13
 0768   0.425829E+02   0.293897E+11   0.846762E+09   0.835553E+09   0.322983E+13
 0769   0.426335E+02   0.294326E+11   0.848074E+09   0.836096E+09   0.322964E+13
 0770   0.426842E+02   0.294756E+11   0.849121E+09   0.836624E+09   0.322946E+13
 0771   0.427351E+02   0.295189E+11   0.849859E+09   0.836919E+09   0.322929E+13
 0772   0.427805E+02   0.295601E+11   0.907728E+09   0.845600E+09   0.322913E+13
 0773   0.428317E+02   0.296037E+11   0.852745E+09   0.846272E+09   0.322896E+13
 0774   0.428829E+02   0.296475E+11   0.855002E+09   0.846651E+09   0.322880E+13
 0775   0.429343E+02   0.296915E+11   0.855801E+09   0.847179E+09   0.322864E+13
 0776   0.429858E+02   0.297356E+11   0.857587E+09   0.848028E+09   0.322848E+13
 0777   0.430373E+02   0.297800E+11   0.860598E+09   0.848485E+09   0.322833E+13
 0778   0.430889E+02   0.298245E+11   0.861768E+09   0.848310E+09   0.322818E+13
 0779   0.431349E+02   0.298668E+11   0.919383E+09   0.855960E+09   0.322805E+13
 0780   0.431866E+02   0.299113E+11   0.860740E+09   0.856602E+09   0.322790E+13
 0781   0.432384E+02   0.299560E+11   0.864236E+09   0.857741E+09   0.322777E+13
 0782   0.432901E+02   0.300009E+11   0.868863E+09   0.858785E+09   0.322763E+13
 0783   0.433419E+02   0.300461E+11   0.871963E+09   0.859178E+09   0.322750E+13
 0784   0.433938E+02   0.300914E+11   0.872475E+09   0.859427E+09   0.322738E+13
 0785   0.434458E+02   0.301367E+11   0.872501E+09   0.860423E+09   0.322726E+13
 0786   0.434978E+02   0.301823E+11   0.875146E+09   0.862222E+09   0.322714E+13
 0787   0.435442E+02   0.302259E+11   0.940468E+09   0.872692E+09   0.322704E+13
 0788   0.435964E+02   0.302722E+11   0.886457E+09   0.875416E+09   0.322693E+13
 0789   0.436546E+02   0.303212E+11   0.843322E+09   0.869650E+09   0.322681E+13
 0790   0.437071E+02   0.303683E+11   0.894621E+09   0.872066E+09   0.322670E+13
 0791   0.437600E+02   0.304156E+11   0.897087E+09   0.874104E+09   0.322661E+13
 0792   0.438130E+02   0.304633E+11   0.897775E+09   0.875751E+09   0.322651E+13
 0793   0.438664E+02   0.305112E+11   0.898017E+09   0.877310E+09   0.322642E+13
 0794   0.439198E+02   0.305593E+11   0.899004E+09   0.879112E+09   0.322633E+13
 0795   0.439735E+02   0.306076E+11   0.900824E+09   0.880462E+09   0.322624E+13
 0796   0.440274E+02   0.306562E+11   0.901836E+09   0.881402E+09   0.322616E+13
 0797   0.440754E+02   0.307024E+11   0.963736E+09   0.890837E+09   0.322609E+13
 0798   0.441294E+02   0.307513E+11   0.904441E+09   0.893114E+09   0.322602E+13
 0799   0.441835E+02   0.308006E+11   0.909774E+09   0.896045E+09   0.322594E+13
 0800   0.442378E+02   0.308503E+11   0.915964E+09   0.898418E+09   0.322588E+13
 0801   0.442924E+02   0.309004E+11   0.918657E+09   0.899890E+09   0.322581E+13
 0802   0.443472E+02   0.309507E+11   0.917931E+09   0.901873E+09   0.322575E+13
 0803   0.444021E+02   0.310013E+11   0.920032E+09   0.904869E+09   0.322569E+13
 0804   0.444573E+02   0.310523E+11   0.924850E+09   0.908697E+09   0.322563E+13
 0805   0.445127E+02   0.311039E+11   0.932244E+09   0.913636E+09   0.322557E+13
 0806   0.445745E+02   0.311589E+11   0.889839E+09   0.909867E+09   0.322552E+13
 0807   0.446304E+02   0.312119E+11   0.947309E+09   0.912801E+09   0.322547E+13
 0808   0.446867E+02   0.312652E+11   0.945788E+09   0.916361E+09   0.322543E+13
 0809   0.447435E+02   0.313189E+11   0.946989E+09   0.921031E+09   0.322538E+13
 0810   0.448006E+02   0.313734E+11   0.952576E+09   0.924419E+09   0.322534E+13
 0811   0.448581E+02   0.314282E+11   0.954789E+09   0.927060E+09   0.322531E+13
 0812   0.449224E+02   0.314861E+11   0.900460E+09   0.921663E+09   0.322527E+13
 0813   0.449806E+02   0.315416E+11   0.953285E+09   0.925014E+09   0.322524E+13
 0814   0.450392E+02   0.315977E+11   0.956201E+09   0.929629E+09   0.322522E+13
 0815   0.450981E+02   0.316544E+11   0.963968E+09   0.935592E+09   0.322519E+13
 0816   0.451574E+02   0.317122E+11   0.974558E+09   0.942074E+09   0.322517E+13
 0817   0.452170E+02   0.317709E+11   0.985468E+09   0.947632E+09   0.322515E+13
 0818   0.452835E+02   0.318331E+11   0.935563E+09   0.943226E+09   0.322514E+13
 0819   0.453438E+02   0.318927E+11   0.988038E+09   0.948335E+09   0.322513E+13
 0820   0.454045E+02   0.319529E+11   0.990045E+09   0.955248E+09   0.322512E+13
 0821   0.454657E+02   0.320139E+11   0.999386E+09   0.963134E+09   0.322512E+13
 0822   0.455341E+02   0.320791E+11   0.952618E+09   0.963065E+09   0.322511E+13
 0823   0.455961E+02   0.321424E+11   0.101974E+10   0.972310E+09   0.322512E+13
 0824   0.456656E+02   0.322100E+11   0.972473E+09   0.973353E+09   0.322512E+13
 0825   0.457356E+02   0.322787E+11   0.982279E+09   0.973710E+09   0.322513E+13
 0826   0.457989E+02   0.323450E+11   0.104626E+10   0.980933E+09   0.322514E+13
 0827   0.458698E+02   0.324148E+11   0.985146E+09   0.982141E+09   0.322516E+13
 0828   0.459410E+02   0.324855E+11   0.993161E+09   0.986343E+09   0.322518E+13
 0829   0.460057E+02   0.325546E+11   0.106847E+10   0.999676E+09   0.322520E+13
 0830   0.460780E+02   0.326286E+11   0.102254E+10   0.100355E+10   0.322523E+13
 0831   0.461510E+02   0.327037E+11   0.102952E+10   0.100871E+10   0.322526E+13
 0832   0.462247E+02   0.327803E+11   0.103900E+10   0.101627E+10   0.322529E+13
 0833   0.463067E+02   0.328624E+11   0.100094E+10   0.101581E+10   0.322533E+13
 0834   0.463819E+02   0.329427E+11   0.106804E+10   0.102511E+10   0.322537E+13
 0835   0.464577E+02   0.330249E+11   0.108488E+10   0.103425E+10   0.322542E+13
 0836   0.465419E+02   0.331124E+11   0.103912E+10   0.103531E+10   0.322547E+13
 0837   0.466190E+02   0.331976E+11   0.110599E+10   0.104777E+10   0.322553E+13
 0838   0.467044E+02   0.332887E+11   0.106516E+10   0.105379E+10   0.322559E+13
 0839   0.467907E+02   0.333821E+11   0.108347E+10   0.106450E+10   0.322566E+13
 0840   0.468781E+02   0.334792E+11   0.111148E+10   0.107610E+10   0.322573E+13
 0841   0.469745E+02   0.335838E+11   0.108367E+10   0.108753E+10   0.322581E+13
 0842   0.470717E+02   0.336935E+11   0.112940E+10   0.109458E+10   0.322590E+13
 0843   0.471699E+02   0.338061E+11   0.114642E+10   0.110410E+10   0.322599E+13
 0844   0.472692E+02   0.339220E+11   0.116642E+10   0.112251E+10   0.322609E+13
 0845   0.473784E+02   0.340481E+11   0.115583E+10   0.113475E+10   0.322620E+13
 0846   0.474890E+02   0.341801E+11   0.119289E+10   0.115439E+10   0.322632E+13
 0847   0.476096E+02   0.343244E+11   0.119629E+10   0.117153E+10   0.322646E+13
 0848   0.477319E+02   0.344773E+11   0.124974E+10   0.119703E+10   0.322660E+13
 0849   0.478738E+02   0.346507E+11   0.122278E+10   0.121799E+10   0.322677E+13
 0850   0.480183E+02   0.348380E+11   0.129646E+10   0.124945E+10   0.322695E+13
 0851   0.481748E+02   0.350482E+11   0.134290E+10   0.128787E+10   0.322716E+13
 0852   0.483528E+02   0.352924E+11   0.137167E+10   0.133625E+10   0.322740E+13
 0853   0.485532E+02   0.355836E+11   0.145294E+10   0.141049E+10   0.322768E+13
 0854   0.487883E+02   0.359583E+11   0.159400E+10   0.154809E+10   0.322594E+13
 0855   0.490721E+02   0.365266E+11   0.200227E+10   0.237779E+10   0.322444E+13
 0856   0.512235E+02   0.420411E+11   0.256324E+10   0.205851E+10   0.216291E+13
 0857   0.524410E+02   0.451857E+11   0.258285E+10   0.206228E+10   0.194806E+13
 0858   0.544641E+02   0.487589E+11   0.176621E+10   0.201315E+10   0.168111E+13
 0859   0.564443E+02   0.521724E+11   0.172379E+10   0.198420E+10   0.146391E+13
 0860   0.583412E+02   0.555230E+11   0.176643E+10   0.196357E+10   0.128438E+13
 0861   0.602136E+02   0.588685E+11   0.178674E+10   0.194346E+10   0.113451E+13
 0862   0.620782E+02   0.621995E+11   0.178638E+10   0.192403E+10   0.100842E+13
 0863   0.639824E+02   0.655367E+11   0.175257E+10   0.190265E+10   0.901384E+12
 0864   0.658633E+02   0.688262E+11   0.174889E+10   0.188536E+10   0.809961E+12
 0865   0.677707E+02   0.721091E+11   0.172116E+10   0.186729E+10   0.731171E+12
 0866   0.696841E+02   0.753698E+11   0.170410E+10   0.185017E+10   0.662865E+12
 0867   0.715803E+02   0.785906E+11   0.169857E+10   0.183582E+10   0.603357E+12
 0868   0.734808E+02   0.817911E+11   0.168402E+10   0.182198E+10   0.551152E+12
 0869   0.753934E+02   0.849741E+11   0.166425E+10   0.180830E+10   0.505087E+12
 0870   0.772996E+02   0.881269E+11   0.165398E+10   0.179592E+10   0.464286E+12
 0871   0.792432E+02   0.912838E+11   0.162419E+10   0.178110E+10   0.427873E+12
 0872   0.811660E+02   0.944015E+11   0.162146E+10   0.176865E+10   0.395369E+12
 0873   0.830742E+02   0.974858E+11   0.161635E+10   0.175783E+10   0.366248E+12
 0874   0.849580E+02   0.100532E+12   0.161730E+10   0.174918E+10   0.340068E+12
 0875   0.868743E+02   0.103581E+12   0.159092E+10   0.173816E+10   0.316345E+12
 0876   0.887585E+02   0.106586E+12   0.159495E+10   0.172980E+10   0.294894E+12
 0877   0.906699E+02   0.109591E+12   0.157201E+10   0.171936E+10   0.275344E+12
 0878   0.925489E+02   0.112554E+12   0.157660E+10   0.171155E+10   0.257564E+12
 0879   0.944520E+02   0.115513E+12   0.155499E+10   0.170185E+10   0.241279E+12
 0880   0.963690E+02   0.118463E+12   0.153874E+10   0.169104E+10   0.226330E+12
 0881   0.981980E+02   0.121333E+12   0.156918E+10   0.168696E+10   0.212712E+12
 0882   0.100099E+03   0.124233E+12   0.152612E+10   0.167730E+10   0.200092E+12
 0883   0.101963E+03   0.127091E+12   0.153289E+10   0.167012E+10   0.188485E+12
 0884   0.103840E+03   0.129940E+12   0.151818E+10   0.166186E+10   0.177745E+12
 0885   0.105672E+03   0.132742E+12   0.152931E+10   0.165673E+10   0.167833E+12
 0886   0.107521E+03   0.135538E+12   0.151161E+10   0.164996E+10   0.158619E+12
 0887   0.109378E+03   0.138323E+12   0.149996E+10   0.164237E+10   0.150047E+12
 0888   0.111192E+03   0.141063E+12   0.151039E+10   0.163758E+10   0.142086E+12
 0889   0.113015E+03   0.143792E+12   0.149698E+10   0.163181E+10   0.134658E+12
 0890   0.114850E+03   0.146514E+12   0.148327E+10   0.162476E+10   0.127715E+12
 0891   0.116696E+03   0.149227E+12   0.147016E+10   0.161640E+10   0.121216E+12
 0892   0.118494E+03   0.151894E+12   0.148266E+10   0.161131E+10   0.115152E+12
 0893   0.120299E+03   0.154549E+12   0.147135E+10   0.160520E+10   0.109462E+12
 0894   0.122050E+03   0.157154E+12   0.148831E+10   0.160279E+10   0.104140E+12
 0895   0.123816E+03   0.159755E+12   0.147237E+10   0.159869E+10   0.991319E+11
 0896   0.125586E+03   0.162342E+12   0.146201E+10   0.159395E+10   0.944221E+11
 0897   0.127365E+03   0.164922E+12   0.144983E+10   0.158790E+10   0.899904E+11
 0898   0.129154E+03   0.167494E+12   0.143745E+10   0.158064E+10   0.858164E+11
 0899   0.130888E+03   0.170016E+12   0.145462E+10   0.157709E+10   0.818865E+11
 0900   0.132632E+03   0.172531E+12   0.144181E+10   0.157215E+10   0.781774E+11
 0901   0.134315E+03   0.174993E+12   0.146284E+10   0.157132E+10   0.746694E+11
 0902   0.136075E+03   0.177491E+12   0.141951E+10   0.156408E+10   0.713630E+11
 0903   0.137783E+03   0.179942E+12   0.143537E+10   0.156025E+10   0.682300E+11
 0904   0.139492E+03   0.182382E+12   0.142684E+10   0.155563E+10   0.652662E+11
 0905   0.141145E+03   0.184772E+12   0.144614E+10   0.155483E+10   0.624498E+11
 0906   0.142879E+03   0.187201E+12   0.140139E+10   0.154720E+10   0.597958E+11
 0907   0.144556E+03   0.189582E+12   0.141917E+10   0.154331E+10   0.572696E+11
 0908   0.146236E+03   0.191951E+12   0.141041E+10   0.153860E+10   0.548738E+11
 0909   0.147844E+03   0.194263E+12   0.143759E+10   0.153887E+10   0.525840E+11
 0910   0.149519E+03   0.196604E+12   0.139799E+10   0.153341E+10   0.504233E+11
 0911   0.151125E+03   0.198891E+12   0.142354E+10   0.153260E+10   0.483540E+11
 0912   0.152795E+03   0.201205E+12   0.138562E+10   0.152619E+10   0.464019E+11
 0913   0.154397E+03   0.203465E+12   0.141083E+10   0.152447E+10   0.445282E+11
 0914   0.155994E+03   0.205710E+12   0.140598E+10   0.152249E+10   0.427434E+11
 0915   0.157657E+03   0.207984E+12   0.136778E+10   0.151464E+10   0.410621E+11
 0916   0.159249E+03   0.210204E+12   0.139389E+10   0.151169E+10   0.394423E+11
 0917   0.160773E+03   0.212370E+12   0.142113E+10   0.151351E+10   0.378788E+11
 0918   0.162362E+03   0.214565E+12   0.138175E+10   0.150948E+10   0.364057E+11
 0919   0.163949E+03   0.216747E+12   0.137545E+10   0.150494E+10   0.350006E+11
 0920   0.165534E+03   0.218919E+12   0.136944E+10   0.149973E+10   0.336606E+11
 0921   0.167049E+03   0.221035E+12   0.139698E+10   0.149958E+10   0.323592E+11
 0922   0.168563E+03   0.223141E+12   0.139079E+10   0.149883E+10   0.311159E+11
 0923   0.170139E+03   0.225273E+12   0.135335E+10   0.149240E+10   0.299469E+11
 0924   0.171649E+03   0.227355E+12   0.137874E+10   0.149060E+10   0.288094E+11
 0925   0.173156E+03   0.229425E+12   0.137295E+10   0.148836E+10   0.277212E+11
 0926   0.174663E+03   0.231484E+12   0.136640E+10   0.148539E+10   0.266803E+11
 0927   0.176167E+03   0.233531E+12   0.136139E+10   0.148208E+10   0.256836E+11
 0928   0.177605E+03   0.235528E+12   0.138855E+10   0.148346E+10   0.247098E+11
 0929   0.179104E+03   0.237552E+12   0.134978E+10   0.147905E+10   0.237950E+11
 0930   0.180603E+03   0.239565E+12   0.134394E+10   0.147397E+10   0.229200E+11
 0931   0.182034E+03   0.241529E+12   0.137131E+10   0.147383E+10   0.220608E+11
 0932   0.183463E+03   0.243480E+12   0.136649E+10   0.147324E+10   0.212373E+11
 0933   0.184955E+03   0.245461E+12   0.132745E+10   0.146644E+10   0.204671E+11
 0934   0.186379E+03   0.247392E+12   0.135515E+10   0.146470E+10   0.197084E+11
 0935   0.187807E+03   0.249314E+12   0.134703E+10   0.146197E+10   0.189821E+11
 0936   0.189164E+03   0.251186E+12   0.137839E+10   0.146457E+10   0.182645E+11
 0937   0.190589E+03   0.253088E+12   0.133557E+10   0.146065E+10   0.175950E+11
 0938   0.192011E+03   0.254980E+12   0.133024E+10   0.145611E+10   0.169532E+11
 0939   0.193369E+03   0.256824E+12   0.135835E+10   0.145658E+10   0.163176E+11
 0940   0.194723E+03   0.258658E+12   0.135367E+10   0.145650E+10   0.157075E+11
 0941   0.196144E+03   0.260522E+12   0.131228E+10   0.144988E+10   0.151400E+11
 0942   0.197496E+03   0.262336E+12   0.134201E+10   0.144854E+10   0.145757E+11
 0943   0.198849E+03   0.264143E+12   0.133481E+10   0.144629E+10   0.140345E+11
 0944   0.200199E+03   0.265939E+12   0.133040E+10   0.144360E+10   0.135140E+11
 0945   0.201484E+03   0.267688E+12   0.136079E+10   0.144604E+10   0.129947E+11
 0946   0.202834E+03   0.269467E+12   0.131801E+10   0.144184E+10   0.125139E+11
 0947   0.204116E+03   0.271197E+12   0.134997E+10   0.144313E+10   0.120337E+11
 0948   0.205462E+03   0.272957E+12   0.130786E+10   0.143774E+10   0.115887E+11
 0949   0.206744E+03   0.274671E+12   0.133655E+10   0.143746E+10   0.111439E+11
 0950   0.208020E+03   0.276373E+12   0.133408E+10   0.143702E+10   0.107146E+11
 0951   0.209300E+03   0.278069E+12   0.132539E+10   0.143540E+10   0.103025E+11
 0952   0.210575E+03   0.279755E+12   0.132135E+10   0.143348E+10   0.990494E+10
 0953   0.211849E+03   0.281432E+12   0.131694E+10   0.143099E+10   0.952161E+10
 0954   0.213124E+03   0.283102E+12   0.130922E+10   0.142749E+10   0.915379E+10
 0955   0.214332E+03   0.284724E+12   0.134328E+10   0.142972E+10   0.878202E+10
 0956   0.215603E+03   0.286376E+12   0.129922E+10   0.142506E+10   0.843995E+10
 0957   0.216812E+03   0.287983E+12   0.133010E+10   0.142569E+10   0.809495E+10
 0958   0.218018E+03   0.289582E+12   0.132498E+10   0.142577E+10   0.776281E+10
 0959   0.219286E+03   0.291208E+12   0.128362E+10   0.141914E+10   0.745710E+10
 0960   0.220492E+03   0.292792E+12   0.131243E+10   0.141762E+10   0.714805E+10
 0961   0.221696E+03   0.294367E+12   0.130767E+10   0.141563E+10   0.684999E+10
 0962   0.222834E+03   0.295895E+12   0.134370E+10   0.141944E+10   0.654629E+10
 0963   0.224039E+03   0.297456E+12   0.129530E+10   0.141579E+10   0.626905E+10
 0964   0.225240E+03   0.299007E+12   0.129111E+10   0.141168E+10   0.600233E+10
 0965   0.226374E+03   0.300512E+12   0.132723E+10   0.141360E+10   0.572853E+10
 0966   0.227513E+03   0.302013E+12   0.131834E+10   0.141426E+10   0.546661E+10
 0967   0.228711E+03   0.303541E+12   0.127546E+10   0.140814E+10   0.522646E+10
 0968   0.229842E+03   0.305023E+12   0.131057E+10   0.140802E+10   0.498016E+10
 0969   0.230975E+03   0.306501E+12   0.130303E+10   0.140682E+10   0.474334E+10
 0970   0.232108E+03   0.307970E+12   0.129730E+10   0.140496E+10   0.451487E+10
 0971   0.233237E+03   0.309431E+12   0.129389E+10   0.140269E+10   0.429382E+10
 0972   0.234304E+03   0.310849E+12   0.132919E+10   0.140616E+10   0.406713E+10
 0973   0.235434E+03   0.312297E+12   0.128137E+10   0.140223E+10   0.386090E+10
 0974   0.236563E+03   0.313738E+12   0.127644E+10   0.139758E+10   0.366320E+10
 0975   0.237626E+03   0.315134E+12   0.131294E+10   0.139918E+10   0.345705E+10
 0976   0.238690E+03   0.316524E+12   0.130688E+10   0.139990E+10   0.325904E+10
 0977   0.239755E+03   0.317909E+12   0.129938E+10   0.139964E+10   0.306839E+10
 0978   0.240818E+03   0.319285E+12   0.129550E+10   0.139902E+10   0.288359E+10
 0979   0.241878E+03   0.320654E+12   0.129158E+10   0.139787E+10   0.270442E+10
 0980   0.242941E+03   0.322018E+12   0.128350E+10   0.139553E+10   0.253171E+10
 0981   0.244004E+03   0.323377E+12   0.127697E+10   0.139233E+10   0.236533E+10
 0982   0.245062E+03   0.324725E+12   0.127536E+10   0.138900E+10   0.220422E+10
 0983   0.246058E+03   0.326033E+12   0.131241E+10   0.139172E+10   0.203585E+10
 0984   0.247121E+03   0.327373E+12   0.126074E+10   0.138612E+10   0.188693E+10
 0985   0.248118E+03   0.328668E+12   0.129922E+10   0.138728E+10   0.172947E+10
 0986   0.249111E+03   0.329956E+12   0.129650E+10   0.138808E+10   0.157712E+10
 0987   0.250107E+03   0.331239E+12   0.128929E+10   0.138778E+10   0.143045E+10
 0988   0.251105E+03   0.332518E+12   0.128116E+10   0.138639E+10   0.128913E+10
 0989   0.252099E+03   0.333789E+12   0.127790E+10   0.138468E+10   0.115192E+10
 0990   0.253091E+03   0.335053E+12   0.127419E+10   0.138244E+10   0.101896E+10
 0991   0.254085E+03   0.336312E+12   0.126696E+10   0.137905E+10   0.891467E+09
 0992   0.255019E+03   0.337531E+12   0.130572E+10   0.138218E+10   0.756276E+09
 0993   0.256012E+03   0.338778E+12   0.125621E+10   0.137734E+10   0.637235E+09
 0994   0.256941E+03   0.339984E+12   0.129679E+10   0.137935E+10   0.510108E+09
 0995   0.257871E+03   0.341184E+12   0.129110E+10   0.138052E+10   0.387960E+09
 0996   0.258864E+03   0.342415E+12   0.124017E+10   0.137317E+10   0.281307E+09
 0997   0.259794E+03   0.343605E+12   0.127837E+10   0.137266E+10   0.163020E+09
 0998   0.260723E+03   0.344788E+12   0.127398E+10   0.137174E+10   0.292414E+05
 0999   0.261589E+03   0.345932E+12   0.132099E+10   0.139120E+10   0.994736E+04
