  0.0000000000E+000 0000
  0.6003601186E+002 1000
  0.1201220998E+003 1000
  0.1801892758E+003 1000
  0.2402684674E+003 1000
  0.3002571131E+003 1000
  0.3603277630E+003 1000
  0.4203729022E+003 1000
  0.4803885800E+003 1000
  0.5405167836E+003 1000
  0.6005812130E+003 1000
  0.6606202148E+003 1000
  0.7205992854E+003 1000
  0.7804412422E+003 1000
  0.8408434397E+003 1000
  0.9008901837E+003 1000
  0.9610369021E+003 1000
  0.1021085937E+004 1000
  0.1080949753E+004 1000
  0.1140991349E+004 1000
  0.1200773257E+004 1000
  0.1260759608E+004 1000
  0.1321296371E+004 1000
  0.1380848342E+004 1000
  0.1441371302E+004 1000
  0.1501090759E+004 1000
  0.1560865398E+004 1000
  0.1621142576E+004 1000
  0.1681142832E+004 1000
  0.1740779823E+004 1000
  0.1800661757E+004 1000
  0.1861025518E+004 1000
  0.1920669232E+004 1000
  0.1980791062E+004 1000
  0.2040965984E+004 1000
  0.2100712564E+004 1000
  0.2160786727E+004 1000
  0.2220600353E+004 1000
  0.2280457443E+004 1000
  0.2340727362E+004 1000
  0.2400727259E+004 1000
  0.2460426007E+004 1000
  0.2520483498E+004 1000
  0.2580499527E+004 1000
  0.2640497946E+004 1000
  0.2700520122E+004 1000
  0.2760414285E+004 1000
  0.2820474541E+004 1000
  0.2880516572E+004 1000
  0.2940287963E+004 1000
  0.3000519493E+004 1000
  0.3060314074E+004 1000
  0.3120497639E+004 1000
  0.3180397185E+004 1000
  0.3240490503E+004 1000
  0.3300338728E+004 1000
  0.3360407477E+004 1000
  0.3420411616E+004 1000
  0.3480516067E+004 1000
  0.3540458283E+004 1000
  0.3600321260E+004 1000
  0.3660420605E+004 1000
  0.3720479105E+004 0999
  0.3780572747E+004 0999
  0.3840579318E+004 0999
  0.3900675206E+004 0999
  0.3960353903E+004 0999
  0.4020534140E+004 0999
  0.4080527004E+004 0999
  0.4140655332E+004 0999
  0.4200594019E+004 0999
  0.4260835266E+004 0999
  0.4320850570E+004 0999
  0.4380517783E+004 0999
  0.4440894192E+004 0999
  0.4500869605E+004 0999
  0.4560842965E+004 0999
  0.4620886153E+004 0999
  0.4681031188E+004 0999
  0.4740802057E+004 0999
  0.4800870989E+004 0999
  0.4860719960E+004 0998
  0.4920553563E+004 0998
  0.4980528037E+004 0998
  0.5040768125E+004 0998
  0.5100485574E+004 0998
  0.5160641215E+004 0998
  0.5220414665E+004 0998
  0.5280658663E+004 0998
  0.5340530669E+004 0998
  0.5400768094E+004 0998
  0.5460536711E+004 0998
  0.5520554355E+004 0998
  0.5580432773E+004 0998
  0.5640682244E+004 0997
  0.5700503669E+004 0997
  0.5760672375E+004 0997
  0.5820548194E+004 0997
  0.5880482703E+004 0997
  0.5940427968E+004 0997
  0.6000602233E+004 0997
  0.6060406763E+004 0997
  0.6120618630E+004 0997
  0.6180533234E+004 0997
  0.6240432231E+004 0997
  0.6300374809E+004 0997
  0.6360372549E+004 0996
  0.6420678568E+004 0996
  0.6480667087E+004 0996
  0.6540398281E+004 0996
  0.6600642892E+004 0996
  0.6660660903E+004 0996
  0.6720471227E+004 0996
  0.6780567793E+004 0996
  0.6840748300E+004 0996
  0.6900753906E+004 0996
  0.6960609602E+004 0996
  0.7020669395E+004 0995
  0.7080455742E+004 0995
  0.7140740287E+004 0995
  0.7200665365E+004 0995
  0.7260699235E+004 0995
  0.7320843814E+004 0995
  0.7380560697E+004 0995
  0.7440623202E+004 0995
  0.7500900350E+004 0995
  0.7560836761E+004 0994
  0.7620591111E+004 0994
  0.7680519203E+004 0994
  0.7740529450E+004 0994
  0.7800553938E+004 0994
  0.7860534226E+004 0994
  0.7920444073E+004 0994
  0.7980725638E+004 0994
  0.8040645075E+004 0994
  0.8100797409E+004 0993
  0.8160523445E+004 0993
  0.8220742896E+004 0993
  0.8280726735E+004 0993
  0.8340531884E+004 0993
  0.8400598866E+004 0993
  0.8460545901E+004 0993
  0.8520410063E+004 0993
  0.8580659341E+004 0993
  0.8640538025E+004 0992
  0.8700462069E+004 0992
  0.8760418839E+004 0992
  0.8820436531E+004 0992
  0.8880624140E+004 0992
  0.8940740658E+004 0992
  0.9000696595E+004 0992
  0.9060607226E+004 0992
  0.9120512946E+004 0991
  0.9180524350E+004 0991
  0.9240787056E+004 0991
  0.9300686934E+004 0991
  0.9360801528E+004 0991
  0.9420438080E+004 0991
  0.9480459425E+004 0991
  0.9540504689E+004 0991
  0.9600589002E+004 0990
  0.9660730948E+004 0990
  0.9720536774E+004 0990
  0.9780428685E+004 0990
  0.9840788065E+004 0990
  0.9900671417E+004 0990
  0.9960834348E+004 0990
  0.1002077900E+005 0989
  0.1008047741E+005 0989
  0.1014079555E+005 0989
  0.1020085374E+005 0989
  0.1026063924E+005 0989
  0.1032059477E+005 0989
  0.1038047898E+005 0989
  0.1044048259E+005 0988
  0.1050057525E+005 0988
  0.1056074371E+005 0988
  0.1062056912E+005 0988
  0.1068050198E+005 0988
  0.1074057719E+005 0988
  0.1080082379E+005 0988
  0.1086082402E+005 0987
  0.1092057223E+005 0987
  0.1098045357E+005 0987
  0.1104044270E+005 0987
  0.1110053857E+005 0987
  0.1116078551E+005 0987
  0.1122046230E+005 0987
  0.1128050482E+005 0986
  0.1134061600E+005 0986
  0.1140041511E+005 0986
  0.1146068647E+005 0986
  0.1152058204E+005 0986
  0.1158049819E+005 0986
  0.1164042518E+005 0986
  0.1170075883E+005 0985
  0.1176070323E+005 0985
  0.1182071456E+005 0985
  0.1188042651E+005 0985
  0.1194061042E+005 0985
  0.1200068283E+005 0985
  0.1206066253E+005 0984
  0.1212057569E+005 0984
  0.1218044177E+005 0984
  0.1224070139E+005 0984
  0.1230056011E+005 0984
  0.1236044710E+005 0984
  0.1242081081E+005 0983
  0.1248045349E+005 0983
  0.1254063235E+005 0983
  0.1260056263E+005 0983
  0.1266070816E+005 0983
  0.1272065585E+005 0983
  0.1278076701E+005 0982
  0.1284056525E+005 0982
  0.1290044154E+005 0982
  0.1296082770E+005 0982
  0.1302048468E+005 0982
  0.1308067146E+005 0982
  0.1314077463E+005 0981
  0.1320072104E+005 0981
  0.1326052703E+005 0981
  0.1332063920E+005 0981
  0.1338064441E+005 0981
  0.1344051422E+005 0981
  0.1350062647E+005 0980
  0.1356054120E+005 0980
  0.1362065965E+005 0980
  0.1368060513E+005 0980
  0.1374044179E+005 0980
  0.1380062274E+005 0980
  0.1386076342E+005 0979
  0.1392047335E+005 0979
  0.1398058435E+005 0979
  0.1404068239E+005 0979
  0.1410073762E+005 0979
  0.1416071383E+005 0978
  0.1422062094E+005 0978
  0.1428050112E+005 0978
  0.1434080853E+005 0978
  0.1440074766E+005 0978
  0.1446074909E+005 0978
  0.1452042198E+005 0977
  0.1458057224E+005 0977
  0.1464066418E+005 0977
  0.1470065748E+005 0977
  0.1476053932E+005 0977
  0.1482072749E+005 0976
  0.1488044123E+005 0976
  0.1494056224E+005 0976
  0.1500077602E+005 0976
  0.1506073840E+005 0976
  0.1512046933E+005 0976
  0.1518076311E+005 0975
  0.1524078307E+005 0975
  0.1530053122E+005 0975
  0.1536042630E+005 0975
  0.1542044678E+005 0975
  0.1548057322E+005 0974
  0.1554080435E+005 0974
  0.1560070881E+005 0974
  0.1566066886E+005 0974
  0.1572065398E+005 0974
  0.1578064763E+005 0974
  0.1584063771E+005 0973
  0.1590061961E+005 0973
  0.1596059831E+005 0973
  0.1602058467E+005 0973
  0.1608056504E+005 0973
  0.1614050292E+005 0972
  0.1620079819E+005 0972
  0.1626061759E+005 0972
  0.1632080983E+005 0972
  0.1638057795E+005 0972
  0.1644080367E+005 0971
  0.1650071594E+005 0971
  0.1656075212E+005 0971
  0.1662046245E+005 0971
  0.1668063748E+005 0971
  0.1674042654E+005 0971
  0.1680065977E+005 0970
  0.1686050856E+005 0970
  0.1692081416E+005 0970
  0.1698073395E+005 0970
  0.1704063610E+005 0970
  0.1710052362E+005 0969
  0.1716043006E+005 0969
  0.1722075198E+005 0969
  0.1728060397E+005 0969
  0.1734083124E+005 0969
  0.1740061394E+005 0968
  0.1746081229E+005 0968
  0.1752061095E+005 0968
  0.1758043644E+005 0968
  0.1764069246E+005 0968
  0.1770054613E+005 0967
  0.1776083079E+005 0967
  0.1782069559E+005 0967
  0.1788054480E+005 0967
  0.1794080551E+005 0967
  0.1800067646E+005 0966
  0.1806060772E+005 0966
  0.1812062816E+005 0966
  0.1818073403E+005 0966
  0.1824049085E+005 0966
  0.1830074059E+005 0965
  0.1836064184E+005 0965
  0.1842062340E+005 0965
  0.1848069409E+005 0965
  0.1854045799E+005 0965
  0.1860078575E+005 0964
  0.1866082915E+005 0964
  0.1872057363E+005 0964
  0.1878085085E+005 0964
  0.1884077853E+005 0964
  0.1890074392E+005 0963
  0.1896073391E+005 0963
  0.1902074607E+005 0963
  0.1908071864E+005 0963
  0.1914062111E+005 0963
  0.1920045216E+005 0962
  0.1926064169E+005 0962
  0.1932075594E+005 0962
  0.1938079257E+005 0962
  0.1944076569E+005 0962
  0.1950070715E+005 0961
  0.1956063108E+005 0961
  0.1962053559E+005 0961
  0.1968082963E+005 0961
  0.1974064807E+005 0960
  0.1980082140E+005 0960
  0.1986047985E+005 0960
  0.1992047278E+005 0960
  0.1998081165E+005 0960
  0.2004067435E+005 0959
  0.2010051305E+005 0959
  0.2016077144E+005 0959
  0.2022062342E+005 0959
  0.2028049206E+005 0959
  0.2034079176E+005 0958
  0.2040066565E+005 0958
  0.2046054035E+005 0958
  0.2052045148E+005 0958
  0.2058042593E+005 0958
  0.2064080130E+005 0957
  0.2070070017E+005 0957
  0.2076056899E+005 0957
  0.2082042470E+005 0957
  0.2088071405E+005 0956
  0.2094062135E+005 0956
  0.2100057757E+005 0956
  0.2106058454E+005 0956
  0.2112063208E+005 0956
  0.2118070860E+005 0955
  0.2124080102E+005 0955
  0.2130048880E+005 0955
  0.2136061848E+005 0955
  0.2142077286E+005 0955
  0.2148053989E+005 0954
  0.2154076719E+005 0954
  0.2160059536E+005 0954
  0.2166084176E+005 0954
  0.2172064747E+005 0953
  0.2178045963E+005 0953
  0.2184071009E+005 0953
  0.2190051371E+005 0953
  0.2196074298E+005 0953
  0.2202056572E+005 0952
  0.2208077554E+005 0952
  0.2214051242E+005 0952
  0.2220064439E+005 0952
  0.2226076645E+005 0952
  0.2232047442E+005 0951
  0.2238063729E+005 0951
  0.2244083308E+005 0951
  0.2250058314E+005 0951
  0.2256074608E+005 0950
  0.2262049123E+005 0950
  0.2268067164E+005 0950
  0.2274044500E+005 0950
  0.2280065583E+005 0950
  0.2286044297E+005 0949
  0.2292065162E+005 0949
  0.2298044564E+005 0949
  0.2304065495E+005 0949
  0.2310082461E+005 0948
  0.2316051912E+005 0948
  0.2322057144E+005 0948
  0.2328053862E+005 0948
  0.2334083671E+005 0948
  0.2340063580E+005 0947
  0.2346080253E+005 0947
  0.2352050974E+005 0947
  0.2358058780E+005 0947
  0.2364061417E+005 0946
  0.2370058023E+005 0946
  0.2376048230E+005 0946
  0.2382073964E+005 0946
  0.2388053441E+005 0946
  0.2394072905E+005 0945
  0.2400050384E+005 0945
  0.2406070619E+005 0945
  0.2412050383E+005 0945
  0.2418072267E+005 0944
  0.2424050790E+005 0944
  0.2430068773E+005 0944
  0.2436044345E+005 0944
  0.2442063283E+005 0943
  0.2448044885E+005 0943
  0.2454072772E+005 0943
  0.2460056933E+005 0943
  0.2466079665E+005 0943
  0.2472058233E+005 0942
  0.2478077895E+005 0942
  0.2484057439E+005 0942
  0.2490081170E+005 0942
  0.2496065082E+005 0941
  0.2502050527E+005 0941
  0.2508078953E+005 0941
  0.2514067017E+005 0941
  0.2520056991E+005 0941
  0.2526050532E+005 0940
  0.2532048262E+005 0940
  0.2538050092E+005 0940
  0.2544055278E+005 0940
  0.2550060102E+005 0939
  0.2556064295E+005 0939
  0.2562069460E+005 0939
  0.2568074529E+005 0939
  0.2574079072E+005 0938
  0.2580082489E+005 0938
  0.2586080855E+005 0938
  0.2592074291E+005 0938
  0.2598064097E+005 0938
  0.2604050569E+005 0937
  0.2610075468E+005 0937
  0.2616055276E+005 0937
  0.2622072976E+005 0937
  0.2628044516E+005 0936
  0.2634053036E+005 0936
  0.2640056748E+005 0936
  0.2646056657E+005 0936
  0.2652053967E+005 0935
  0.2658049731E+005 0935
  0.2664043936E+005 0935
  0.2670078177E+005 0935
  0.2676067456E+005 0935
  0.2682051945E+005 0934
  0.2688073292E+005 0934
  0.2694048476E+005 0934
  0.2700060743E+005 0934
  0.2706069341E+005 0933
  0.2712076994E+005 0933
  0.2718044491E+005 0933
  0.2724054693E+005 0933
  0.2730065097E+005 0932
  0.2736074904E+005 0932
  0.2742043607E+005 0932
  0.2748056190E+005 0932
  0.2754073124E+005 0932
  0.2760047065E+005 0931
  0.2766057437E+005 0931
  0.2772063916E+005 0931
  0.2778069162E+005 0931
  0.2784074866E+005 0930
  0.2790081814E+005 0930
  0.2796048910E+005 0930
  0.2802058766E+005 0930
  0.2808069266E+005 0929
  0.2814080590E+005 0929
  0.2820053379E+005 0929
  0.2826073005E+005 0929
  0.2832057641E+005 0928
  0.2838048713E+005 0928
  0.2844046747E+005 0928
  0.2850051870E+005 0928
  0.2856064389E+005 0928
  0.2862082747E+005 0927
  0.2868063566E+005 0927
  0.2874048872E+005 0927
  0.2880081284E+005 0927
  0.2886076863E+005 0926
  0.2892071795E+005 0926
  0.2898062994E+005 0926
  0.2904052300E+005 0926
  0.2910083077E+005 0925
  0.2916071969E+005 0925
  0.2922060392E+005 0925
  0.2928047683E+005 0925
  0.2934074743E+005 0924
  0.2940056504E+005 0924
  0.2946076664E+005 0924
  0.2952052557E+005 0924
  0.2958069908E+005 0923
  0.2964046413E+005 0923
  0.2970065094E+005 0923
  0.2976082136E+005 0923
  0.2982055346E+005 0923
  0.2988069419E+005 0922
  0.2994082884E+005 0922
  0.3000054897E+005 0922
  0.3006070028E+005 0922
  0.3012046052E+005 0921
  0.3018063813E+005 0921
  0.3024078831E+005 0921
  0.3030050409E+005 0921
  0.3036063581E+005 0920
  0.3042077469E+005 0920
  0.3048050694E+005 0920
  0.3054065926E+005 0920
  0.3060080425E+005 0919
  0.3066051784E+005 0919
  0.3072063681E+005 0919
  0.3078075723E+005 0919
  0.3084046429E+005 0918
  0.3090061108E+005 0918
  0.3096080660E+005 0918
  0.3102064082E+005 0918
  0.3108052129E+005 0917
  0.3114043115E+005 0917
  0.3120079242E+005 0917
  0.3126077783E+005 0917
  0.3132081891E+005 0917
  0.3138050544E+005 0916
  0.3144067396E+005 0916
  0.3150047402E+005 0916
  0.3156067441E+005 0916
  0.3162042076E+005 0915
  0.3168056264E+005 0915
  0.3174067938E+005 0915
  0.3180076704E+005 0915
  0.3186082018E+005 0914
  0.3192082644E+005 0914
  0.3198077492E+005 0914
  0.3204067294E+005 0914
  0.3210053465E+005 0913
  0.3216077914E+005 0913
  0.3222057258E+005 0913
  0.3228075739E+005 0913
  0.3234051093E+005 0912
  0.3240067270E+005 0912
  0.3246081535E+005 0912
  0.3252051906E+005 0912
  0.3258062637E+005 0911
  0.3264074604E+005 0911
  0.3270048188E+005 0911
  0.3276068194E+005 0911
  0.3282047996E+005 0910
  0.3288065827E+005 0910
  0.3294081863E+005 0910
  0.3300056744E+005 0910
  0.3306074168E+005 0909
  0.3312050449E+005 0909
  0.3318069098E+005 0909
  0.3324046178E+005 0909
  0.3330064821E+005 0908
  0.3336042088E+005 0908
  0.3342063651E+005 0908
  0.3348047481E+005 0908
  0.3354077571E+005 0908
  0.3360069164E+005 0907
  0.3366062716E+005 0907
  0.3372058426E+005 0907
  0.3378055955E+005 0907
  0.3384055292E+005 0906
  0.3390055541E+005 0906
  0.3396057465E+005 0906
  0.3402062320E+005 0906
  0.3408067087E+005 0905
  0.3414068520E+005 0905
  0.3420067224E+005 0905
  0.3426064449E+005 0905
  0.3432061482E+005 0904
  0.3438058435E+005 0904
  0.3444054934E+005 0904
  0.3450050080E+005 0904
  0.3456043811E+005 0903
  0.3462077962E+005 0903
  0.3468068522E+005 0903
  0.3474058104E+005 0903
  0.3480047833E+005 0902
  0.3486080773E+005 0902
  0.3492071638E+005 0902
  0.3498059774E+005 0902
  0.3504043855E+005 0901
  0.3510065956E+005 0901
  0.3516043412E+005 0901
  0.3522060594E+005 0901
  0.3528077212E+005 0900
  0.3534052228E+005 0900
  0.3540069633E+005 0900
  0.3546046377E+005 0900
  0.3552065420E+005 0899
  0.3558043303E+005 0899
  0.3564063217E+005 0899
  0.3570042366E+005 0899
  0.3576064366E+005 0898
  0.3582042200E+005 0898
  0.3588058889E+005 0898
  0.3594073865E+005 0898
  0.3600046480E+005 0897
  0.3606061108E+005 0897
  0.3612076302E+005 0897
  0.3618051616E+005 0897
  0.3624071064E+005 0896
  0.3630049709E+005 0896
  0.3636070233E+005 0896
  0.3642048557E+005 0896
  0.3648069978E+005 0895
  0.3654053042E+005 0895
  0.3660082899E+005 0895
  0.3666076322E+005 0895
  0.3672074536E+005 0894
  0.3678077044E+005 0894
  0.3684082246E+005 0894
  0.3690047615E+005 0894
  0.3696057137E+005 0893
  0.3702068961E+005 0893
  0.3708083080E+005 0893
  0.3714057505E+005 0893
  0.3720076916E+005 0892
  0.3726055958E+005 0892
  0.3732077035E+005 0892
  0.3738055523E+005 0892
  0.3744076024E+005 0891
  0.3750054988E+005 0891
  0.3756076967E+005 0891
  0.3762057802E+005 0891
  0.3768082003E+005 0890
  0.3774062999E+005 0890
  0.3780083518E+005 0890
  0.3786060088E+005 0890
  0.3792078578E+005 0889
  0.3798055158E+005 0889
  0.3804073787E+005 0889
  0.3810050056E+005 0889
  0.3816066531E+005 0888
  0.3822080118E+005 0888
  0.3828048909E+005 0888
  0.3834058301E+005 0888
  0.3840066776E+005 0887
  0.3846074985E+005 0887
  0.3852083972E+005 0887
  0.3858051399E+005 0887
  0.3864060462E+005 0887
  0.3870067179E+005 0886
  0.3876070346E+005 0886
  0.3882070897E+005 0886
  0.3888070238E+005 0886
  0.3894069893E+005 0885
  0.3900069931E+005 0885
  0.3906071052E+005 0885
  0.3912073835E+005 0885
  0.3918078481E+005 0884
  0.3924082863E+005 0884
  0.3930044205E+005 0884
  0.3936046204E+005 0884
  0.3942047675E+005 0883
  0.3948047969E+005 0883
  0.3954046682E+005 0883
  0.3960044243E+005 0883
  0.3966083270E+005 0882
  0.3972081722E+005 0882
  0.3978082620E+005 0882
  0.3984044573E+005 0882
  0.3990051271E+005 0881
  0.3996060740E+005 0881
  0.4002072792E+005 0881
  0.4008044158E+005 0881
  0.4014058238E+005 0880
  0.4020073755E+005 0880
  0.4026050964E+005 0880
  0.4032075268E+005 0880
  0.4038061848E+005 0879
  0.4044052363E+005 0879
  0.4050043553E+005 0879
  0.4056074679E+005 0879
  0.4062060799E+005 0878
  0.4068043325E+005 0878
  0.4074063646E+005 0878
  0.4080078408E+005 0878
  0.4086045394E+005 0877
  0.4092048640E+005 0877
  0.4098046629E+005 0877
  0.4104082554E+005 0877
  0.4110074421E+005 0876
  0.4116065637E+005 0876
  0.4122055818E+005 0876
  0.4128044543E+005 0876
  0.4134074005E+005 0875
  0.4140060630E+005 0875
  0.4146045760E+005 0875
  0.4152070868E+005 0875
  0.4158053484E+005 0874
  0.4164078639E+005 0874
  0.4170064382E+005 0874
  0.4176052581E+005 0874
  0.4182042116E+005 0873
  0.4188074316E+005 0873
  0.4194064522E+005 0873
  0.4200054972E+005 0873
  0.4206045932E+005 0872
  0.4212077327E+005 0872
  0.4218064878E+005 0872
  0.4224051441E+005 0872
  0.4230079619E+005 0871
  0.4236066449E+005 0871
  0.4242054610E+005 0871
  0.4248045185E+005 0871
  0.4254079700E+005 0870
  0.4260072838E+005 0870
  0.4266065904E+005 0870
  0.4272058621E+005 0870
  0.4278051983E+005 0869
  0.4284046550E+005 0869
  0.4290042300E+005 0869
  0.4296081183E+005 0869
  0.4302079785E+005 0868
  0.4308080485E+005 0868
  0.4314082357E+005 0868
  0.4320042998E+005 0868
  0.4326045898E+005 0867
  0.4332049625E+005 0867
  0.4338052701E+005 0867
  0.4344052057E+005 0867
  0.4350046401E+005 0866
  0.4356077832E+005 0866
  0.4362063277E+005 0866
  0.4368045438E+005 0866
  0.4374066577E+005 0865
  0.4380043860E+005 0865
  0.4386060758E+005 0865
  0.4392075191E+005 0865
  0.4398044024E+005 0864
  0.4404050345E+005 0864
  0.4410054117E+005 0864
  0.4416057045E+005 0864
  0.4422060158E+005 0863
  0.4428063320E+005 0863
  0.4434066577E+005 0863
  0.4440070007E+005 0863
  0.4446073245E+005 0862
  0.4452076907E+005 0862
  0.4458081303E+005 0862
  0.4464045616E+005 0862
  0.4470053916E+005 0861
  0.4476060460E+005 0861
  0.4482063569E+005 0861
  0.4488064321E+005 0861
  0.4494063874E+005 0860
  0.4500064276E+005 0860
  0.4506065980E+005 0860
  0.4512069053E+005 0860
  0.4518073730E+005 0859
  0.4524080442E+005 0859
  0.4530047464E+005 0859
  0.4536057639E+005 0859
  0.4542070173E+005 0858
  0.4548044802E+005 0858
  0.4554065893E+005 0858
  0.4560049417E+005 0858
  0.4566077595E+005 0857
  0.4572065648E+005 0857
  0.4578054812E+005 0857
  0.4584045827E+005 0857
  0.4590081132E+005 0856
  0.4596077730E+005 0856
  0.4602077938E+005 0856
  0.4608079998E+005 0856
  0.4614080103E+005 0855
  0.4620077870E+005 0855
  0.4626074213E+005 0855
  0.4632070371E+005 0855
  0.4638065935E+005 0854
  0.4644060074E+005 0854
  0.4650051853E+005 0854
  0.4656083685E+005 0854
  0.4662072114E+005 0853
  0.4668058930E+005 0853
  0.4674044535E+005 0853
  0.4680070956E+005 0853
  0.4686055342E+005 0852
  0.4692081491E+005 0852
  0.4698064626E+005 0852
  0.4704045172E+005 0852
  0.4710064330E+005 0851
  0.4716080509E+005 0851
  0.4722052848E+005 0851
  0.4728066466E+005 0851
  0.4734080678E+005 0850
  0.4740053725E+005 0850
  0.4746068582E+005 0850
  0.4752083397E+005 0850
  0.4758056472E+005 0849
  0.4764071455E+005 0849
  0.4770045224E+005 0849
  0.4776062524E+005 0849
  0.4782079348E+005 0848
  0.4788051623E+005 0848
  0.4794064101E+005 0848
  0.4800076680E+005 0848
  0.4806048392E+005 0847
  0.4812062165E+005 0847
  0.4818076384E+005 0847
  0.4824049554E+005 0847
  0.4830065248E+005 0846
  0.4836081560E+005 0846
  0.4842057192E+005 0846
  0.4848076465E+005 0846
  0.4854056440E+005 0845
  0.4860081847E+005 0845
  0.4866069616E+005 0845
  0.4872061434E+005 0845
  0.4878055773E+005 0844
  0.4884051710E+005 0844
  0.4890048997E+005 0844
  0.4896045465E+005 0844
  0.4902081406E+005 0843
  0.4908072706E+005 0843
  0.4914060599E+005 0843
  0.4920044756E+005 0843
  0.4926068124E+005 0842
  0.4932048943E+005 0842
  0.4938071656E+005 0842
  0.4944052104E+005 0842
  0.4950072998E+005 0841
  0.4956049619E+005 0841
  0.4962065208E+005 0841
  0.4968077954E+005 0841
  0.4974046928E+005 0840
  0.4980056071E+005 0840
  0.4986064247E+005 0840
  0.4992071862E+005 0840
  0.4998079138E+005 0839
  0.5004044492E+005 0839
  0.5010051195E+005 0839
  0.5016057014E+005 0839
  0.5022061976E+005 0838
  0.5028067628E+005 0838
  0.5034074837E+005 0838
  0.5040083270E+005 0838
  0.5046051402E+005 0837
  0.5052060836E+005 0837
  0.5058069074E+005 0837
  0.5064077230E+005 0837
  0.5070044212E+005 0836
  0.5076053243E+005 0836
  0.5082061599E+005 0836
  0.5088068156E+005 0836
  0.5094073291E+005 0835
  0.5100077776E+005 0835
  0.5106083199E+005 0835
  0.5112048714E+005 0835
  0.5118058355E+005 0835
  0.5124070144E+005 0834
  0.5130082919E+005 0834
  0.5136055391E+005 0834
  0.5142071438E+005 0834
  0.5148047500E+005 0833
  0.5154067636E+005 0833
  0.5160048990E+005 0833
  0.5166075873E+005 0833
  0.5172060960E+005 0832
  0.5178044242E+005 0832
  0.5184067914E+005 0832
  0.5190048183E+005 0832
  0.5196068449E+005 0831
  0.5202044736E+005 0831
  0.5208060664E+005 0831
  0.5214073537E+005 0831
  0.5220082606E+005 0830
  0.5226046656E+005 0830
  0.5232049765E+005 0830
  0.5238051638E+005 0830
  0.5244053308E+005 0829
  0.5250055732E+005 0829
  0.5256058084E+005 0829
  0.5262060097E+005 0829
  0.5268062088E+005 0828
  0.5274065071E+005 0828
  0.5280070317E+005 0828
  0.5286077146E+005 0828
  0.5292081220E+005 0827
  0.5298082535E+005 0827
  0.5304082131E+005 0827
  0.5310081391E+005 0827
  0.5316082295E+005 0826
  0.5322043239E+005 0826
  0.5328046814E+005 0826
  0.5334050972E+005 0826
  0.5340056246E+005 0825
  0.5346063013E+005 0825
  0.5352071753E+005 0825
  0.5358083254E+005 0825
  0.5364055912E+005 0824
  0.5370073503E+005 0824
  0.5376052480E+005 0824
  0.5382076368E+005 0824
  0.5388060887E+005 0824
  0.5394047281E+005 0823
  0.5400076898E+005 0823
  0.5406066736E+005 0823
  0.5412059601E+005 0823
  0.5418055551E+005 0822
  0.5424051733E+005 0822
  0.5430046239E+005 0822
  0.5436080764E+005 0822
  0.5442072642E+005 0821
  0.5448064691E+005 0821
  0.5454056367E+005 0821
  0.5460046593E+005 0821
  0.5466075773E+005 0820
  0.5472059459E+005 0820
  0.5478081678E+005 0820
  0.5484059538E+005 0820
  0.5490077336E+005 0819
  0.5496051576E+005 0819
  0.5502065649E+005 0819
  0.5508077258E+005 0819
  0.5514044653E+005 0818
  0.5520051605E+005 0818
  0.5526057084E+005 0818
  0.5532061379E+005 0818
  0.5538065593E+005 0817
  0.5544071229E+005 0817
  0.5550079293E+005 0817
  0.5556047504E+005 0817
  0.5562058855E+005 0816
  0.5568070717E+005 0816
  0.5574081352E+005 0816
  0.5580049242E+005 0816
  0.5586058187E+005 0816
  0.5592066427E+005 0815
  0.5598073395E+005 0815
  0.5604079094E+005 0815
  0.5610042760E+005 0815
  0.5616049195E+005 0814
  0.5622057656E+005 0814
  0.5628068469E+005 0814
  0.5634081477E+005 0814
  0.5640054017E+005 0813
  0.5646069157E+005 0813
  0.5652043832E+005 0813
  0.5658063306E+005 0813
  0.5664044151E+005 0812
  0.5670070311E+005 0812
  0.5676058353E+005 0812
  0.5682049768E+005 0812
  0.5688043756E+005 0811
  0.5694080674E+005 0811
  0.5700076109E+005 0811
  0.5706072223E+005 0811
  0.5712069501E+005 0810
  0.5718065919E+005 0810
  0.5724060677E+005 0810
  0.5730053841E+005 0810
  0.5736045257E+005 0810
  0.5742077221E+005 0809
  0.5748066680E+005 0809
  0.5754055556E+005 0809
  0.5760044252E+005 0809
  0.5766074271E+005 0808
  0.5772060925E+005 0808
  0.5778045340E+005 0808
  0.5784069654E+005 0808
  0.5790051409E+005 0807
  0.5796075393E+005 0807
  0.5802058714E+005 0807
  0.5808042727E+005 0807
  0.5814069262E+005 0806
  0.5820054583E+005 0806
  0.5826081334E+005 0806
  0.5832065358E+005 0806
  0.5838048697E+005 0805
  0.5844074907E+005 0805
  0.5850060031E+005 0805
  0.5856043910E+005 0805
  0.5862068906E+005 0805
  0.5868051982E+005 0804
  0.5874077084E+005 0804
  0.5880060648E+005 0804
  0.5886043731E+005 0804
  0.5892067948E+005 0803
  0.5898049643E+005 0803
  0.5904072348E+005 0803
  0.5910053041E+005 0803
  0.5916075267E+005 0802
  0.5922056529E+005 0802
  0.5928081865E+005 0802
  0.5934068301E+005 0802
  0.5940057316E+005 0801
  0.5946048114E+005 0801
  0.5952082721E+005 0801
  0.5958077312E+005 0801
  0.5964073810E+005 0800
  0.5970072340E+005 0800
  0.5976073846E+005 0800
  0.5982078983E+005 0800
  0.5988045936E+005 0800
  0.5994058287E+005 0799
  0.6000072743E+005 0799
  0.6006046227E+005 0799
  0.6012062862E+005 0799
  0.6018080919E+005 0798
  0.6024056932E+005 0798
  0.6030071497E+005 0798
  0.6036082552E+005 0798
  0.6042048883E+005 0797
  0.6048054908E+005 0797
  0.6054059131E+005 0797
  0.6060062067E+005 0797
  0.6066065102E+005 0796
  0.6072068118E+005 0796
  0.6078070515E+005 0796
  0.6084072135E+005 0796
  0.6090073134E+005 0796
  0.6096074226E+005 0795
  0.6102075846E+005 0795
  0.6108078380E+005 0795
  0.6114081916E+005 0795
  0.6120044703E+005 0794
  0.6126048688E+005 0794
  0.6132052126E+005 0794
  0.6138055572E+005 0794
  0.6144059688E+005 0793
  0.6150064290E+005 0793
  0.6156068791E+005 0793
  0.6162072352E+005 0793
  0.6168074088E+005 0792
  0.6174075053E+005 0792
  0.6180076274E+005 0792
  0.6186078773E+005 0792
  0.6192082623E+005 0792
  0.6198045830E+005 0791
  0.6204052316E+005 0791
  0.6210059765E+005 0791
  0.6216067868E+005 0791
  0.6222075956E+005 0790
  0.6228042738E+005 0790
  0.6234053657E+005 0790
  0.6240067232E+005 0790
  0.6246083293E+005 0789
  0.6252059042E+005 0789
  0.6258078427E+005 0789
  0.6264056562E+005 0789
  0.6270077324E+005 0789
  0.6276056598E+005 0788
  0.6282078790E+005 0788
  0.6288059819E+005 0788
  0.6294084123E+005 0788
  0.6300066330E+005 0787
  0.6306045823E+005 0787
  0.6312064629E+005 0787
  0.6318081651E+005 0787
  0.6324055325E+005 0786
  0.6330069641E+005 0786
  0.6336081610E+005 0786
  0.6342049101E+005 0786
  0.6348056048E+005 0785
  0.6354059654E+005 0785
  0.6360060015E+005 0785
  0.6366058018E+005 0785
  0.6372055063E+005 0785
  0.6378051822E+005 0784
  0.6384048119E+005 0784
  0.6390043842E+005 0784
  0.6396079812E+005 0784
  0.6402072218E+005 0783
  0.6408063257E+005 0783
  0.6414053953E+005 0783
  0.6420045170E+005 0783
  0.6426079273E+005 0782
  0.6432072842E+005 0782
  0.6438067998E+005 0782
  0.6444064362E+005 0782
  0.6450059142E+005 0782
  0.6456053288E+005 0781
  0.6462047061E+005 0781
  0.6468082094E+005 0781
  0.6474073995E+005 0781
  0.6480065293E+005 0780
  0.6486056474E+005 0780
  0.6492048210E+005 0780
  0.6498083107E+005 0780
  0.6504078108E+005 0779
  0.6510075997E+005 0779
  0.6516076925E+005 0779
  0.6522080615E+005 0779
  0.6528043813E+005 0779
  0.6534049809E+005 0778
  0.6540056651E+005 0778
  0.6546064476E+005 0778
  0.6552074596E+005 0778
  0.6558045496E+005 0777
  0.6564061138E+005 0777
  0.6570077695E+005 0777
  0.6576051353E+005 0777
  0.6582066068E+005 0776
  0.6588079979E+005 0776
  0.6594051329E+005 0776
  0.6600063766E+005 0776
  0.6606074281E+005 0776
  0.6612082619E+005 0775
  0.6618046783E+005 0775
  0.6624051744E+005 0775
  0.6630056143E+005 0775
  0.6636060220E+005 0774
  0.6642064131E+005 0774
  0.6648068044E+005 0774
  0.6654071941E+005 0774
  0.6660074970E+005 0773
  0.6666077065E+005 0773
  0.6672077624E+005 0773
  0.6678076544E+005 0773
  0.6684074376E+005 0773
  0.6690071886E+005 0772
  0.6696069822E+005 0772
  0.6702067429E+005 0772
  0.6708063884E+005 0772
  0.6714058822E+005 0771
  0.6720052440E+005 0771
  0.6726045644E+005 0771
  0.6732080741E+005 0771
  0.6738074904E+005 0771
  0.6744070968E+005 0770
  0.6750067492E+005 0770
  0.6756062365E+005 0770
  0.6762057050E+005 0770
  0.6768051813E+005 0769
  0.6774046834E+005 0769
  0.6780083574E+005 0769
  0.6786078031E+005 0769
  0.6792071815E+005 0768
  0.6798065277E+005 0768
  0.6804059270E+005 0768
  0.6810054147E+005 0768
  0.6816050298E+005 0768
  0.6822047853E+005 0767
  0.6828047576E+005 0767
  0.6834049472E+005 0767
  0.6840052983E+005 0767
  0.6846057491E+005 0766
  0.6852062545E+005 0766
  0.6858069249E+005 0766
  0.6864078378E+005 0766
  0.6870048051E+005 0766
  0.6876062607E+005 0765
  0.6882079910E+005 0765
  0.6888057116E+005 0765
  0.6894075314E+005 0765
  0.6900050919E+005 0764
  0.6906068249E+005 0764
  0.6912042605E+005 0764
  0.6918057599E+005 0764
  0.6924070189E+005 0763
  0.6930080446E+005 0763
  0.6936046865E+005 0763
  0.6942054331E+005 0763
  0.6948061717E+005 0763
  0.6954068557E+005 0762
  0.6960074458E+005 0762
  0.6966079323E+005 0762
  0.6972083408E+005 0762
  0.6978044195E+005 0761
  0.6984045210E+005 0761
  0.6990045368E+005 0761
  0.6996045338E+005 0761
  0.7002046264E+005 0761
  0.7008048210E+005 0760
  0.7014051087E+005 0760
  0.7020054820E+005 0760
  0.7026059116E+005 0760
  0.7032063432E+005 0759
  0.7038067788E+005 0759
  0.7044072110E+005 0759
  0.7050076124E+005 0759
  0.7056079198E+005 0759
  0.7062081271E+005 0758
  0.7068082657E+005 0758
  0.7074083860E+005 0758
  0.7080044420E+005 0758
  0.7086048558E+005 0757
  0.7092053648E+005 0757
  0.7098058731E+005 0757
  0.7104063134E+005 0757
  0.7110067263E+005 0756
  0.7116071145E+005 0756
  0.7122075204E+005 0756
  0.7128080018E+005 0756
  0.7134044528E+005 0756
  0.7140053386E+005 0755
  0.7146063969E+005 0755
  0.7152075742E+005 0755
  0.7158046095E+005 0755
  0.7164059589E+005 0754
  0.7170074195E+005 0754
  0.7176047980E+005 0754
  0.7182065613E+005 0754
  0.7188084098E+005 0754
  0.7194058988E+005 0753
  0.7200073928E+005 0753
  0.7206044592E+005 0753
  0.7212055691E+005 0753
  0.7218065504E+005 0752
  0.7224074348E+005 0752
  0.7230081079E+005 0752
  0.7236042619E+005 0752
  0.7242042505E+005 0752
  0.7248080928E+005 0751
  0.7254074946E+005 0751
  0.7260066552E+005 0751
  0.7266056568E+005 0751
  0.7272045953E+005 0750
  0.7278076769E+005 0750
  0.7284064806E+005 0750
  0.7290051622E+005 0750
  0.7296079698E+005 0750
  0.7302065793E+005 0749
  0.7308053039E+005 0749
  0.7314042546E+005 0749
  0.7320076580E+005 0749
  0.7326067839E+005 0748
  0.7332057793E+005 0748
  0.7338047147E+005 0748
  0.7344078171E+005 0748
  0.7350067248E+005 0748
  0.7356056705E+005 0747
  0.7362046934E+005 0747
  0.7368079132E+005 0747
  0.7374069244E+005 0747
  0.7380059192E+005 0746
  0.7386050418E+005 0746
  0.7392043360E+005 0746
  0.7398080120E+005 0746
  0.7404077156E+005 0746
  0.7410076086E+005 0745
  0.7416076803E+005 0745
  0.7422078738E+005 0745
  0.7428081599E+005 0745
  0.7434043612E+005 0744
  0.7440049301E+005 0744
  0.7446057487E+005 0744
  0.7452068224E+005 0744
  0.7458081102E+005 0744
  0.7464052304E+005 0743
  0.7470065674E+005 0743
  0.7476079221E+005 0743
  0.7482050424E+005 0743
  0.7488062881E+005 0742
  0.7494074301E+005 0742
  0.7500042415E+005 0742
  0.7506050724E+005 0742
  0.7512057051E+005 0742
  0.7518062153E+005 0741
  0.7524066259E+005 0741
  0.7530069711E+005 0741
  0.7536072111E+005 0741
  0.7542072859E+005 0740
  0.7548072057E+005 0740
  0.7554069477E+005 0740
  0.7560065506E+005 0740
  0.7566060275E+005 0740
  0.7572054551E+005 0739
  0.7578048976E+005 0739
  0.7584043862E+005 0739
  0.7590081595E+005 0739
  0.7596078137E+005 0739
  0.7602074588E+005 0738
  0.7608070145E+005 0738
  0.7614065239E+005 0738
  0.7620061058E+005 0738
  0.7626058348E+005 0737
  0.7632054398E+005 0737
  0.7638049182E+005 0737
  0.7644043040E+005 0737
  0.7650078392E+005 0737
  0.7656071922E+005 0736
  0.7662066163E+005 0736
  0.7668061171E+005 0736
  0.7674056069E+005 0736
  0.7680050720E+005 0735
  0.7686045472E+005 0735
  0.7692082906E+005 0735
  0.7698079992E+005 0735
  0.7704079306E+005 0735
  0.7710081595E+005 0734
  0.7716044243E+005 0734
  0.7722051134E+005 0734
  0.7728060240E+005 0734
  0.7734071441E+005 0734
  0.7740042189E+005 0733
  0.7746056102E+005 0733
  0.7752071159E+005 0733
  0.7758046088E+005 0733
  0.7764065013E+005 0732
  0.7770082785E+005 0732
  0.7776057011E+005 0732
  0.7782072457E+005 0732
  0.7788044724E+005 0732
  0.7794058250E+005 0731
  0.7800070984E+005 0731
  0.7806082019E+005 0731
  0.7812048823E+005 0731
  0.7818055110E+005 0730
  0.7824059358E+005 0730
  0.7830062245E+005 0730
  0.7836064914E+005 0730
  0.7842068058E+005 0730
  0.7848071544E+005 0729
  0.7854074983E+005 0729
  0.7860077501E+005 0729
  0.7866079362E+005 0729
  0.7872080998E+005 0729
  0.7878082525E+005 0728
  0.7884083865E+005 0728
  0.7890043159E+005 0728
  0.7896045053E+005 0728
  0.7902047522E+005 0727
  0.7908049914E+005 0727
  0.7914051539E+005 0727
  0.7920052269E+005 0727
  0.7926052288E+005 0727
  0.7932052037E+005 0726
  0.7938052208E+005 0726
  0.7944053198E+005 0726
  0.7950054784E+005 0726
  0.7956055050E+005 0726
  0.7962054563E+005 0725
  0.7968053854E+005 0725
  0.7974053781E+005 0725
  0.7980054474E+005 0725
  0.7986055768E+005 0724
  0.7992056836E+005 0724
  0.7998057077E+005 0724
  0.8004057004E+005 0724
  0.8010057768E+005 0724
  0.8016060134E+005 0723
  0.8022063949E+005 0723
  0.8028069088E+005 0723
  0.8034075577E+005 0723
  0.8040083093E+005 0723
  0.8046049337E+005 0722
  0.8052057929E+005 0722
  0.8058067142E+005 0722
  0.8064077006E+005 0722
  0.8070042984E+005 0721
  0.8076048627E+005 0721
  0.8082051460E+005 0721
  0.8088051879E+005 0721
  0.8094050087E+005 0721
  0.8100046321E+005 0720
  0.8106082599E+005 0720
  0.8112074992E+005 0720
  0.8118065903E+005 0720
  0.8124054809E+005 0720
  0.8130083032E+005 0719
  0.8136066959E+005 0719
  0.8142049274E+005 0719
  0.8148073050E+005 0719
  0.8154055319E+005 0718
  0.8160079647E+005 0718
  0.8166061671E+005 0718
  0.8172043331E+005 0718
  0.8178066301E+005 0718
  0.8184046776E+005 0717
  0.8190068845E+005 0717
  0.8196049933E+005 0717
  0.8202074567E+005 0717
  0.8208058933E+005 0717
  0.8214042084E+005 0716
  0.8220066047E+005 0716
  0.8226048015E+005 0716
  0.8232072056E+005 0716
  0.8238054386E+005 0715
  0.8244078225E+005 0715
  0.8250060120E+005 0715
  0.8256042203E+005 0715
  0.8262066768E+005 0715
  0.8268050297E+005 0714
  0.8274076349E+005 0714
  0.8280062058E+005 0714
  0.8286049989E+005 0714
  0.8292081649E+005 0714
  0.8298072269E+005 0713
  0.8304063378E+005 0713
  0.8310054937E+005 0713
  0.8316047242E+005 0713
  0.8322082352E+005 0712
  0.8328077027E+005 0712
  0.8334073687E+005 0712
  0.8340072111E+005 0712
  0.8346071187E+005 0712
  0.8352069412E+005 0711
  0.8358067106E+005 0711
  0.8364064119E+005 0711
  0.8370060004E+005 0711
  0.8376053772E+005 0711
  0.8382044751E+005 0710
  0.8388074909E+005 0710
  0.8394061599E+005 0710
  0.8400047151E+005 0710
  0.8406073327E+005 0710
  0.8412056426E+005 0709
  0.8418080418E+005 0709
  0.8424061615E+005 0709
  0.8430083007E+005 0709
  0.8436060644E+005 0708
  0.8442078447E+005 0708
  0.8448053618E+005 0708
  0.8454070407E+005 0708
  0.8460045997E+005 0708
  0.8466064223E+005 0707
  0.8472041997E+005 0707
  0.8478063014E+005 0707
  0.8484043159E+005 0707
  0.8490064305E+005 0707
  0.8496042478E+005 0706
  0.8502061460E+005 0706
  0.8508079370E+005 0706
  0.8514054119E+005 0706
  0.8520069524E+005 0706
  0.8526043568E+005 0705
  0.8532061169E+005 0705
  0.8538081143E+005 0705
  0.8544061193E+005 0705
  0.8550042911E+005 0704
  0.8556068035E+005 0704
  0.8562052699E+005 0704
  0.8568080903E+005 0704
  0.8574068823E+005 0704
  0.8580059003E+005 0703
  0.8586052005E+005 0703
  0.8592047537E+005 0703
  0.8598045244E+005 0703
  0.8604044447E+005 0703
  0.8610044750E+005 0702
  0.8616045578E+005 0702
  0.8622045833E+005 0702
  0.8628044574E+005 0702
  0.8634083549E+005 0702
  0.8640079009E+005 0701
  0.8646072694E+005 0701
  0.8652064448E+005 0701
  0.8658054860E+005 0701
  0.8664044568E+005 0701
  0.8670076384E+005 0700
  0.8676066019E+005 0700
  0.8682054538E+005 0700
  0.8688083184E+005 0700
  0.8694068536E+005 0699
  0.8700052542E+005 0699
  0.8706077283E+005 0699
  0.8712060048E+005 0699
  0.8718042954E+005 0699
  0.8724067964E+005 0698
  0.8730051086E+005 0698
  0.8736075644E+005 0698
  0.8742057875E+005 0698
  0.8748081376E+005 0698
  0.8754063449E+005 0697
  0.8760046817E+005 0697
  0.8766073033E+005 0697
  0.8772055991E+005 0697
  0.8778080120E+005 0697
  0.8784062204E+005 0696
  0.8790044320E+005 0696
  0.8796068108E+005 0696
  0.8802050858E+005 0696
  0.8808076048E+005 0696
  0.8814059446E+005 0695
  0.8820042668E+005 0695
  0.8826067668E+005 0695
  0.8832051445E+005 0695
  0.8838078142E+005 0694
  0.8844064552E+005 0694
  0.8850052720E+005 0694
  0.8856042405E+005 0694
  0.8862075384E+005 0694
  0.8868067431E+005 0693
  0.8874060549E+005 0693
  0.8880054758E+005 0693
  0.8886050691E+005 0693
  0.8892048691E+005 0693
  0.8898047537E+005 0692
  0.8904044168E+005 0692
  0.8910081234E+005 0692
  0.8916075854E+005 0692
  0.8922069770E+005 0692
  0.8928062440E+005 0691
  0.8934053864E+005 0691
  0.8940043795E+005 0691
  0.8946074237E+005 0691
  0.8952061123E+005 0691
  0.8958046705E+005 0690
  0.8964073551E+005 0690
  0.8970058266E+005 0690
  0.8976043222E+005 0690
  0.8982069882E+005 0690
  0.8988054572E+005 0689
  0.8994080858E+005 0689
  0.9000064925E+005 0689
  0.9006049078E+005 0689
  0.9012075871E+005 0689
  0.9018061957E+005 0688
  0.9024048434E+005 0688
  0.9030075261E+005 0688
  0.9036058859E+005 0688
  0.9042042023E+005 0688
  0.9048067628E+005 0687
  0.9054052732E+005 0687
  0.9060080431E+005 0687
  0.9066066393E+005 0687
  0.9072052088E+005 0686
  0.9078079602E+005 0686
  0.9084065775E+005 0686
  0.9090052717E+005 0686
  0.9096082648E+005 0686
  0.9102072099E+005 0685
  0.9108062962E+005 0685
  0.9114054491E+005 0685
  0.9120046412E+005 0685
  0.9126080491E+005 0685
  0.9132072981E+005 0684
  0.9138066399E+005 0684
  0.9144061518E+005 0684
  0.9150058592E+005 0684
  0.9156057498E+005 0684
  0.9162057861E+005 0683
  0.9168059444E+005 0683
  0.9174062394E+005 0683
  0.9180066531E+005 0683
  0.9186071310E+005 0683
  0.9192076736E+005 0682
  0.9198082816E+005 0682
  0.9204044919E+005 0682
  0.9210046895E+005 0682
  0.9216047051E+005 0682
  0.9222045660E+005 0681
  0.9228043134E+005 0681
  0.9234081446E+005 0681
  0.9240076487E+005 0681
  0.9246069689E+005 0681
  0.9252060874E+005 0680
  0.9258049788E+005 0680
  0.9264078735E+005 0680
  0.9270064755E+005 0680
  0.9276050662E+005 0680
  0.9282079239E+005 0679
  0.9288066926E+005 0679
  0.9294055234E+005 0679
  0.9300043609E+005 0679
  0.9306074154E+005 0679
  0.9312063858E+005 0678
  0.9318054462E+005 0678
  0.9324044128E+005 0678
  0.9330074680E+005 0678
  0.9336062180E+005 0678
  0.9342048932E+005 0677
  0.9348077351E+005 0677
  0.9354064492E+005 0677
  0.9360052636E+005 0677
  0.9366083635E+005 0677
  0.9372073529E+005 0676
  0.9378063977E+005 0676
  0.9384054837E+005 0676
  0.9390046174E+005 0676
  0.9396080422E+005 0676
  0.9402074407E+005 0675
  0.9408070399E+005 0675
  0.9414068738E+005 0675
  0.9420069493E+005 0675
  0.9426072527E+005 0675
  0.9432076472E+005 0674
  0.9438080892E+005 0674
  0.9444044291E+005 0674
  0.9450051208E+005 0674
  0.9456059657E+005 0674
  0.9462067277E+005 0673
  0.9468073565E+005 0673
  0.9474078786E+005 0673
  0.9480083087E+005 0673
  0.9486044846E+005 0673
  0.9492048149E+005 0672
  0.9498050563E+005 0672
  0.9504051505E+005 0672
  0.9510050576E+005 0672
  0.9516047718E+005 0672
  0.9522042781E+005 0671
  0.9528078316E+005 0671
  0.9534071069E+005 0671
  0.9540063085E+005 0671
  0.9546054259E+005 0671
  0.9552044911E+005 0670
  0.9558077057E+005 0670
  0.9564066686E+005 0670
  0.9570055399E+005 0670
  0.9576043188E+005 0670
  0.9582072966E+005 0669
  0.9588062172E+005 0669
  0.9594052823E+005 0669
  0.9600044747E+005 0669
  0.9606078413E+005 0669
  0.9612069620E+005 0668
  0.9618060581E+005 0668
  0.9624051386E+005 0668
  0.9630083535E+005 0668
  0.9636072750E+005 0668
  0.9642060970E+005 0667
  0.9648048601E+005 0667
  0.9654077706E+005 0667
  0.9660065579E+005 0667
  0.9666054835E+005 0667
  0.9672045722E+005 0666
  0.9678080066E+005 0666
  0.9684073443E+005 0666
  0.9690068045E+005 0666
  0.9696064292E+005 0666
  0.9702062612E+005 0665
  0.9708062927E+005 0665
  0.9714065197E+005 0665
  0.9720070014E+005 0665
  0.9726077447E+005 0665
  0.9732045181E+005 0664
  0.9738056174E+005 0664
  0.9744067458E+005 0664
  0.9750078352E+005 0664
  0.9756046536E+005 0664
  0.9762055579E+005 0663
  0.9768062901E+005 0663
  0.9774068364E+005 0663
  0.9780072046E+005 0663
  0.9786074411E+005 0663
  0.9792075946E+005 0662
  0.9798077071E+005 0662
  0.9804078334E+005 0662
  0.9810079601E+005 0662
  0.9816080081E+005 0662
  0.9822079388E+005 0661
  0.9828077778E+005 0661
  0.9834076491E+005 0661
  0.9840075862E+005 0661
  0.9846076112E+005 0661
  0.9852077334E+005 0660
  0.9858079026E+005 0660
  0.9864080092E+005 0660
  0.9870080981E+005 0660
  0.9876082032E+005 0660
  0.9882083516E+005 0659
  0.9888043152E+005 0659
  0.9894044508E+005 0659
  0.9900045389E+005 0659
  0.9906045615E+005 0659
  0.9912045439E+005 0658
  0.9918045241E+005 0658
  0.9924045560E+005 0658
  0.9930046397E+005 0658
  0.9936047703E+005 0658
  0.9942049725E+005 0658
  0.9948052131E+005 0657
  0.9954054596E+005 0657
  0.9960056724E+005 0657
  0.9966059355E+005 0657
  0.9972063528E+005 0657
  0.9978069785E+005 0656
  0.9984078184E+005 0656
  0.9990045764E+005 0656
  0.9996056368E+005 0656
  0.1000206769E+006 0656
  0.1000807956E+006 0655
  0.1001405003E+006 0655
  0.1002006354E+006 0655
  0.1002607858E+006 0655
  0.1003205295E+006 0655
  0.1003807081E+006 0654
  0.1004404617E+006 0654
  0.1005006273E+006 0654
  0.1005607877E+006 0654
  0.1006205191E+006 0654
  0.1006806574E+006 0653
  0.1007407783E+006 0653
  0.1008004602E+006 0653
  0.1008605447E+006 0653
  0.1009206090E+006 0653
  0.1009806539E+006 0652
  0.1010406824E+006 0652
  0.1011007075E+006 0652
  0.1011607343E+006 0652
  0.1012207585E+006 0652
  0.1012807768E+006 0651
  0.1013407856E+006 0651
  0.1014007862E+006 0651
  0.1014607803E+006 0651
  0.1015207750E+006 0651
  0.1015807782E+006 0650
  0.1016407906E+006 0650
  0.1017008147E+006 0650
  0.1017604262E+006 0650
  0.1018204523E+006 0650
  0.1018804773E+006 0650
  0.1019405030E+006 0649
  0.1020005265E+006 0649
  0.1020605431E+006 0649
  0.1021205466E+006 0649
  0.1021805450E+006 0649
  0.1022405458E+006 0648
  0.1023005524E+006 0648
  0.1023605656E+006 0648
  0.1024205882E+006 0648
  0.1024806257E+006 0648
  0.1025406756E+006 0647
  0.1026007361E+006 0647
  0.1026608027E+006 0647
  0.1027204534E+006 0647
  0.1027805310E+006 0647
  0.1028406181E+006 0646
  0.1029007200E+006 0646
  0.1029608347E+006 0646
  0.1030205408E+006 0646
  0.1030806748E+006 0646
  0.1031408097E+006 0645
  0.1032005251E+006 0645
  0.1032606611E+006 0645
  0.1033207993E+006 0645
  0.1033805221E+006 0645
  0.1034406574E+006 0645
  0.1035007722E+006 0644
  0.1035604509E+006 0644
  0.1036205433E+006 0644
  0.1036806288E+006 0644
  0.1037407056E+006 0644
  0.1038007715E+006 0643
  0.1038608224E+006 0643
  0.1039204377E+006 0643
  0.1039804547E+006 0643
  0.1040404533E+006 0643
  0.1041004359E+006 0642
  0.1041608263E+006 0642
  0.1042207896E+006 0642
  0.1042807459E+006 0642
  0.1043406986E+006 0642
  0.1044006417E+006 0641
  0.1044605746E+006 0641
  0.1045204993E+006 0641
  0.1045804217E+006 0641
  0.1046407661E+006 0641
  0.1047006972E+006 0640
  0.1047606426E+006 0640
  0.1048206038E+006 0640
  0.1048805515E+006 0640
  0.1049404872E+006 0640
  0.1050004217E+006 0640
  0.1050607780E+006 0639
  0.1051207164E+006 0639
  0.1051806493E+006 0639
  0.1052405803E+006 0639
  0.1053005125E+006 0639
  0.1053604480E+006 0638
  0.1054208158E+006 0638
  0.1054807810E+006 0638
  0.1055407663E+006 0638
  0.1056007683E+006 0638
  0.1056607865E+006 0637
  0.1057208178E+006 0637
  0.1057804378E+006 0637
  0.1058404863E+006 0637
  0.1059005483E+006 0637
  0.1059606308E+006 0636
  0.1060207336E+006 0636
  0.1060804329E+006 0636
  0.1061405665E+006 0636
  0.1062006968E+006 0636
  0.1062608131E+006 0636
  0.1063205002E+006 0635
  0.1063806019E+006 0635
  0.1064406952E+006 0635
  0.1065007729E+006 0635
  0.1065608332E+006 0635
  0.1066204538E+006 0634
  0.1066804804E+006 0634
  0.1067404981E+006 0634
  0.1068005128E+006 0634
  0.1068605288E+006 0634
  0.1069205419E+006 0633
  0.1069805511E+006 0633
  0.1070405519E+006 0633
  0.1071005431E+006 0633
  0.1071605241E+006 0633
  0.1072204970E+006 0633
  0.1072804712E+006 0632
  0.1073404549E+006 0632
  0.1074004485E+006 0632
  0.1074604434E+006 0632
  0.1075204391E+006 0632
  0.1075804390E+006 0631
  0.1076404429E+006 0631
  0.1077004435E+006 0631
  0.1077604399E+006 0631
  0.1078204277E+006 0631
  0.1078808276E+006 0630
  0.1079408022E+006 0630
  0.1080007742E+006 0630
  0.1080607506E+006 0630
  0.1081207349E+006 0630
  0.1081807309E+006 0629
  0.1082407356E+006 0629
  0.1083007454E+006 0629
  0.1083607571E+006 0629
  0.1084207708E+006 0629
  0.1084807923E+006 0629
  0.1085408208E+006 0628
  0.1086004416E+006 0628
  0.1086605010E+006 0628
  0.1087205817E+006 0628
  0.1087806803E+006 0628
  0.1088407882E+006 0627
  0.1089004810E+006 0627
  0.1089606013E+006 0627
  0.1090207362E+006 0627
  0.1090804522E+006 0627
  0.1091405678E+006 0626
  0.1092006633E+006 0626
  0.1092607368E+006 0626
  0.1093207946E+006 0626
  0.1093808397E+006 0626
  0.1094404517E+006 0626
  0.1095004731E+006 0625
  0.1095604831E+006 0625
  0.1096204787E+006 0625
  0.1096804547E+006 0625
  0.1097408336E+006 0625
  0.1098007836E+006 0624
  0.1098607269E+006 0624
  0.1099206683E+006 0624
  0.1099806079E+006 0624
  0.1100405521E+006 0624
  0.1101005019E+006 0623
  0.1101604557E+006 0623
  0.1102208286E+006 0623
  0.1102807803E+006 0623
  0.1103407387E+006 0623
  0.1104007096E+006 0623
  0.1104606712E+006 0622
  0.1105206216E+006 0622
  0.1105805659E+006 0622
  0.1106405117E+006 0622
  0.1107004667E+006 0622
  0.1107604288E+006 0621
  0.1108208175E+006 0621
  0.1108807907E+006 0621
  0.1109407650E+006 0621
  0.1110007403E+006 0621
  0.1110607145E+006 0620
  0.1111206947E+006 0620
  0.1111806847E+006 0620
  0.1112406888E+006 0620
  0.1113007021E+006 0620
  0.1113607182E+006 0620
  0.1114207371E+006 0619
  0.1114807623E+006 0619
  0.1115407936E+006 0619
  0.1116008285E+006 0619
  0.1116604512E+006 0619
  0.1117205067E+006 0618
  0.1117805770E+006 0618
  0.1118406617E+006 0618
  0.1119007438E+006 0618
  0.1119608215E+006 0618
  0.1120204776E+006 0618
  0.1120805506E+006 0617
  0.1121406179E+006 0617
  0.1122006715E+006 0617
  0.1122607104E+006 0617
  0.1123207327E+006 0617
  0.1123807394E+006 0616
  0.1124407320E+006 0616
  0.1125007137E+006 0616
  0.1125606927E+006 0616
  0.1126206653E+006 0616
  0.1126806238E+006 0615
  0.1127405632E+006 0615
  0.1128004854E+006 0615
  0.1128608158E+006 0615
  0.1129207217E+006 0615
  0.1129806264E+006 0615
  0.1130405330E+006 0614
  0.1131004462E+006 0614
  0.1131607850E+006 0614
  0.1132207111E+006 0614
  0.1132806431E+006 0614
  0.1133405806E+006 0613
  0.1134005211E+006 0613
  0.1134604573E+006 0613
  0.1135208016E+006 0613
  0.1135807146E+006 0613
  0.1136406212E+006 0613
  0.1137005274E+006 0612
  0.1137604370E+006 0612
  0.1138207693E+006 0612
  0.1138806920E+006 0612
  0.1139406255E+006 0612
  0.1140005664E+006 0611
  0.1140605104E+006 0611
  0.1141204555E+006 0611
  0.1141808276E+006 0611
  0.1142407972E+006 0611
  0.1143007886E+006 0610
  0.1143608026E+006 0610
  0.1144208356E+006 0610
  0.1144804627E+006 0610
  0.1145405200E+006 0610
  0.1146005846E+006 0610
  0.1146606580E+006 0609
  0.1147207420E+006 0609
  0.1147808345E+006 0609
  0.1148405037E+006 0609
  0.1149005788E+006 0609
  0.1149606411E+006 0608
  0.1150206957E+006 0608
  0.1150807469E+006 0608
  0.1151407917E+006 0608
  0.1152008274E+006 0608
  0.1152604315E+006 0608
  0.1153204453E+006 0607
  0.1153804458E+006 0607
  0.1154404283E+006 0607
  0.1155008137E+006 0607
  0.1155607701E+006 0607
  0.1156207234E+006 0606
  0.1156806752E+006 0606
  0.1157406258E+006 0606
  0.1158005712E+006 0606
  0.1158605061E+006 0606
  0.1159204301E+006 0606
  0.1159807692E+006 0605
  0.1160406896E+006 0605
  0.1161006147E+006 0605
  0.1161605478E+006 0605
  0.1162204889E+006 0605
  0.1162804388E+006 0604
  0.1163408070E+006 0604
  0.1164007547E+006 0604
  0.1164607013E+006 0604
  0.1165206417E+006 0604
  0.1165805698E+006 0604
  0.1166404874E+006 0603
  0.1167008191E+006 0603
  0.1167607319E+006 0603
  0.1168206481E+006 0603
  0.1168805719E+006 0603
  0.1169405077E+006 0602
  0.1170004578E+006 0602
  0.1170604246E+006 0602
  0.1171208243E+006 0602
  0.1171808164E+006 0602
  0.1172408196E+006 0602
  0.1173008367E+006 0601
  0.1173604523E+006 0601
  0.1174205090E+006 0601
  0.1174805807E+006 0601
  0.1175406423E+006 0601
  0.1176006908E+006 0600
  0.1176607271E+006 0600
  0.1177207549E+006 0600
  0.1177807753E+006 0600
  0.1178407847E+006 0600
  0.1179007729E+006 0600
  0.1179607375E+006 0599
  0.1180206810E+006 0599
  0.1180806097E+006 0599
  0.1181405297E+006 0599
  0.1182004436E+006 0599
  0.1182607690E+006 0598
  0.1183206686E+006 0598
  0.1183805610E+006 0598
  0.1184404465E+006 0598
  0.1185007468E+006 0598
  0.1185606263E+006 0598
  0.1186205078E+006 0597
  0.1186808136E+006 0597
  0.1187407116E+006 0597
  0.1188006222E+006 0597
  0.1188605374E+006 0597
  0.1189204498E+006 0596
  0.1189807795E+006 0596
  0.1190406871E+006 0596
  0.1191005924E+006 0596
  0.1191604953E+006 0596
  0.1192208120E+006 0596
  0.1192807039E+006 0595
  0.1193405884E+006 0595
  0.1194004747E+006 0595
  0.1194607895E+006 0595
  0.1195206975E+006 0595
  0.1195806150E+006 0594
  0.1196405380E+006 0594
  0.1197004649E+006 0594
  0.1197608124E+006 0594
  0.1198207469E+006 0594
  0.1198806946E+006 0594
  0.1199406573E+006 0593
  0.1200006357E+006 0593
  0.1200606272E+006 0593
  0.1201206338E+006 0593
  0.1201806482E+006 0593
  0.1202406667E+006 0592
  0.1203006872E+006 0592
  0.1203607139E+006 0592
  0.1204207532E+006 0592
  0.1204807908E+006 0592
  0.1205408169E+006 0592
  0.1206008297E+006 0591
  0.1206608262E+006 0591
  0.1207208098E+006 0591
  0.1207807820E+006 0591
  0.1208407464E+006 0591
  0.1209007009E+006 0590
  0.1209606426E+006 0590
  0.1210205684E+006 0590
  0.1210804762E+006 0590
  0.1211407908E+006 0590
  0.1212006816E+006 0590
  0.1212605749E+006 0589
  0.1213204729E+006 0589
  0.1213807927E+006 0589
  0.1214406955E+006 0589
  0.1215006002E+006 0589
  0.1215605078E+006 0588
  0.1216208339E+006 0588
  0.1216807471E+006 0588
  0.1217406663E+006 0588
  0.1218005699E+006 0588
  0.1218604617E+006 0588
  0.1219207700E+006 0587
  0.1219806603E+006 0587
  0.1220405542E+006 0587
  0.1221004517E+006 0587
  0.1221607723E+006 0587
  0.1222206789E+006 0586
  0.1222805896E+006 0586
  0.1223405080E+006 0586
  0.1224004338E+006 0586
  0.1224607906E+006 0586
  0.1225207432E+006 0586
  0.1225807151E+006 0585
  0.1226407095E+006 0585
  0.1227007180E+006 0585
  0.1227607349E+006 0585
  0.1228207574E+006 0585
  0.1228807868E+006 0585
  0.1229408228E+006 0584
  0.1230004447E+006 0584
  0.1230604970E+006 0584
  0.1231205627E+006 0584
  0.1231806402E+006 0584
  0.1232407167E+006 0583
  0.1233007925E+006 0583
  0.1233604503E+006 0583
  0.1234205227E+006 0583
  0.1234805855E+006 0583
  0.1235406339E+006 0583
  0.1236006650E+006 0582
  0.1236606802E+006 0582
  0.1237206830E+006 0582
  0.1237806775E+006 0582
  0.1238406614E+006 0582
  0.1239006382E+006 0581
  0.1239606104E+006 0581
  0.1240205745E+006 0581
  0.1240805267E+006 0581
  0.1241404637E+006 0581
  0.1242008114E+006 0581
  0.1242607351E+006 0580
  0.1243206571E+006 0580
  0.1243805788E+006 0580
  0.1244405023E+006 0580
  0.1245004321E+006 0580
  0.1245607868E+006 0579
  0.1246207246E+006 0579
  0.1246806634E+006 0579
  0.1247406083E+006 0579
  0.1248005536E+006 0579
  0.1248604862E+006 0579
  0.1249208225E+006 0578
  0.1249807312E+006 0578
  0.1250406393E+006 0578
  0.1251005549E+006 0578
  0.1251604803E+006 0578
  0.1252208324E+006 0578
  0.1252807739E+006 0577
  0.1253407213E+006 0577
  0.1254006761E+006 0577
  0.1254606368E+006 0577
  0.1255206069E+006 0577
  0.1255805920E+006 0576
  0.1256405981E+006 0576
  0.1257006241E+006 0576
  0.1257606630E+006 0576
  0.1258207125E+006 0576
  0.1258807731E+006 0576
  0.1259404237E+006 0575
  0.1260005026E+006 0575
  0.1260605882E+006 0575
  0.1261206662E+006 0575
  0.1261807283E+006 0575
  0.1262407723E+006 0575
  0.1263007988E+006 0574
  0.1263608107E+006 0574
  0.1264208174E+006 0574
  0.1264808195E+006 0574
  0.1265408165E+006 0574
  0.1266008033E+006 0573
  0.1266607773E+006 0573
  0.1267207427E+006 0573
  0.1267806993E+006 0573
  0.1268406490E+006 0573
  0.1269005970E+006 0573
  0.1269605496E+006 0572
  0.1270205080E+006 0572
  0.1270804672E+006 0572
  0.1271404231E+006 0572
  0.1272007923E+006 0572
  0.1272607409E+006 0571
  0.1273206937E+006 0571
  0.1273806554E+006 0571
  0.1274406216E+006 0571
  0.1275005794E+006 0571
  0.1275605288E+006 0571
  0.1276204747E+006 0570
  0.1276804193E+006 0570
  0.1277407842E+006 0570
  0.1278007339E+006 0570
  0.1278606891E+006 0570
  0.1279206458E+006 0570
  0.1279805992E+006 0569
  0.1280405535E+006 0569
  0.1281005133E+006 0569
  0.1281604826E+006 0569
  0.1282204628E+006 0569
  0.1282804553E+006 0568
  0.1283404616E+006 0568
  0.1284004811E+006 0568
  0.1284605083E+006 0568
  0.1285205397E+006 0568
  0.1285805782E+006 0568
  0.1286406301E+006 0567
  0.1287007018E+006 0567
  0.1287607946E+006 0567
  0.1288204877E+006 0567
  0.1288806018E+006 0567
  0.1289407071E+006 0566
  0.1290008012E+006 0566
  0.1290604622E+006 0566
  0.1291205290E+006 0566
  0.1291805808E+006 0566
  0.1292406162E+006 0566
  0.1293006325E+006 0565
  0.1293606316E+006 0565
  0.1294206176E+006 0565
  0.1294805995E+006 0565
  0.1295405782E+006 0565
  0.1296005523E+006 0565
  0.1296605208E+006 0564
  0.1297204864E+006 0564
  0.1297804498E+006 0564
  0.1298408285E+006 0564
  0.1299007847E+006 0564
  0.1299607445E+006 0563
  0.1300207131E+006 0563
  0.1300806945E+006 0563
  0.1301406770E+006 0563
  0.1302006483E+006 0563
  0.1302606174E+006 0563
  0.1303205885E+006 0562
  0.1303805623E+006 0562
  0.1304405337E+006 0562
  0.1305005006E+006 0562
  0.1305604657E+006 0562
  0.1306204321E+006 0562
  0.1306808215E+006 0561
  0.1307407985E+006 0561
  0.1308007887E+006 0561
  0.1308607954E+006 0561
  0.1309208153E+006 0561
  0.1309804208E+006 0560
  0.1310404502E+006 0560
  0.1311004847E+006 0560
  0.1311605255E+006 0560
  0.1312205768E+006 0560
  0.1312806392E+006 0560
  0.1313407137E+006 0559
  0.1314007999E+006 0559
  0.1314604778E+006 0559
  0.1315205856E+006 0559
  0.1315806988E+006 0559
  0.1316408149E+006 0559
  0.1317005099E+006 0558
  0.1317606194E+006 0558
  0.1318207150E+006 0558
  0.1318807936E+006 0558
  0.1319404395E+006 0558
  0.1320004956E+006 0557
  0.1320605407E+006 0557
  0.1321205791E+006 0557
  0.1321806129E+006 0557
  0.1322406406E+006 0557
  0.1323006565E+006 0557
  0.1323606556E+006 0556
  0.1324206362E+006 0556
  0.1324806038E+006 0556
  0.1325405636E+006 0556
  0.1326005200E+006 0556
  0.1326604751E+006 0556
  0.1327204272E+006 0555
  0.1327807941E+006 0555
  0.1328407376E+006 0555
  0.1329006801E+006 0555
  0.1329606256E+006 0555
  0.1330205739E+006 0554
  0.1330805300E+006 0554
  0.1331404977E+006 0554
  0.1332004580E+006 0554
  0.1332608270E+006 0554
  0.1333207730E+006 0554
  0.1333807197E+006 0553
  0.1334406699E+006 0553
  0.1335006209E+006 0553
  0.1335605745E+006 0553
  0.1336205299E+006 0553
  0.1336804857E+006 0553
  0.1337404412E+006 0552
  0.1338008187E+006 0552
  0.1338607880E+006 0552
  0.1339207730E+006 0552
  0.1339807760E+006 0552
  0.1340407946E+006 0551
  0.1341008244E+006 0551
  0.1341604412E+006 0551
  0.1342204837E+006 0551
  0.1342805404E+006 0551
  0.1343406117E+006 0551
  0.1344006985E+006 0550
  0.1344607980E+006 0550
  0.1345204768E+006 0550
  0.1345805655E+006 0550
  0.1346406485E+006 0550
  0.1347007309E+006 0550
  0.1347608120E+006 0549
  0.1348204670E+006 0549
  0.1348805333E+006 0549
  0.1349405899E+006 0549
  0.1350006385E+006 0549
  0.1350606779E+006 0548
  0.1351207093E+006 0548
  0.1351807355E+006 0548
  0.1352407564E+006 0548
  0.1353007751E+006 0548
  0.1353607902E+006 0548
  0.1354207985E+006 0547
  0.1354807950E+006 0547
  0.1355407801E+006 0547
  0.1356007579E+006 0547
  0.1356607359E+006 0547
  0.1357207217E+006 0547
  0.1357807122E+006 0546
  0.1358407067E+006 0546
  0.1359007044E+006 0546
  0.1359607054E+006 0546
  0.1360207078E+006 0546
  0.1360807102E+006 0545
  0.1361407130E+006 0545
  0.1362007051E+006 0545
  0.1362606856E+006 0545
  0.1363206590E+006 0545
  0.1363806313E+006 0545
  0.1364406061E+006 0544
  0.1365005874E+006 0544
  0.1365605728E+006 0544
  0.1366205639E+006 0544
  0.1366805591E+006 0544
  0.1367405591E+006 0544
  0.1368005677E+006 0543
  0.1368605836E+006 0543
  0.1369206102E+006 0543
  0.1369806516E+006 0543
  0.1370407152E+006 0543
  0.1371008006E+006 0542
  0.1371604816E+006 0542
  0.1372205946E+006 0542
  0.1372807174E+006 0542
  0.1373404292E+006 0542
  0.1374005689E+006 0542
  0.1374607090E+006 0541
  0.1375208366E+006 0541
  0.1375805245E+006 0541
  0.1376406142E+006 0541
  0.1377006898E+006 0541
  0.1377607567E+006 0540
  0.1378208159E+006 0540
  0.1378804458E+006 0540
  0.1379404842E+006 0540
  0.1380005051E+006 0540
  0.1380605089E+006 0540
  0.1381205009E+006 0539
  0.1381804869E+006 0539
  0.1382404695E+006 0539
  0.1383004492E+006 0539
  0.1383604333E+006 0539
  0.1384204230E+006 0539
  0.1384808369E+006 0538
  0.1385408324E+006 0538
  0.1386008275E+006 0538
  0.1386608260E+006 0538
  0.1387208316E+006 0538
  0.1387804212E+006 0537
  0.1388404232E+006 0537
  0.1389008372E+006 0537
  0.1389608255E+006 0537
  0.1390208134E+006 0537
  0.1390808035E+006 0537
  0.1391408007E+006 0536
  0.1392008028E+006 0536
  0.1392608100E+006 0536
  0.1393208162E+006 0536
  0.1393808183E+006 0536
  0.1394408208E+006 0536
  0.1395008306E+006 0535
  0.1395604346E+006 0535
  0.1396204727E+006 0535
  0.1396805237E+006 0535
  0.1397405846E+006 0535
  0.1398006542E+006 0534
  0.1398607323E+006 0534
  0.1399208137E+006 0534
  0.1399804806E+006 0534
  0.1400405778E+006 0534
  0.1401006884E+006 0534
  0.1401608070E+006 0533
  0.1402204973E+006 0533
  0.1402806010E+006 0533
  0.1403406976E+006 0533
  0.1404007874E+006 0533
  0.1404604481E+006 0533
  0.1405205169E+006 0532
  0.1405805743E+006 0532
  0.1406406148E+006 0532
  0.1407006360E+006 0532
  0.1407606368E+006 0532
  0.1408206207E+006 0531
  0.1408805964E+006 0531
  0.1409405665E+006 0531
  0.1410005310E+006 0531
  0.1410604849E+006 0531
  0.1411204301E+006 0531
  0.1411807873E+006 0530
  0.1412407202E+006 0530
  0.1413006518E+006 0530
  0.1413605876E+006 0530
  0.1414205352E+006 0530
  0.1414804964E+006 0530
  0.1415404665E+006 0529
  0.1416004320E+006 0529
  0.1416608149E+006 0529
  0.1417207758E+006 0529
  0.1417807333E+006 0529
  0.1418406839E+006 0528
  0.1419006292E+006 0528
  0.1419605701E+006 0528
  0.1420205116E+006 0528
  0.1420804582E+006 0528
  0.1421408284E+006 0528
  0.1422007891E+006 0527
  0.1422607637E+006 0527
  0.1423207528E+006 0527
  0.1423807520E+006 0527
  0.1424407568E+006 0527
  0.1425007698E+006 0526
  0.1425607929E+006 0526
  0.1426208289E+006 0526
  0.1426804580E+006 0526
  0.1427405209E+006 0526
  0.1428005973E+006 0526
  0.1428606844E+006 0525
  0.1429207757E+006 0525
  0.1429804471E+006 0525
  0.1430405396E+006 0525
  0.1431006343E+006 0525
  0.1431607316E+006 0525
  0.1432208179E+006 0524
  0.1432804690E+006 0524
  0.1433405320E+006 0524
  0.1434005892E+006 0524
  0.1434606410E+006 0524
  0.1435206865E+006 0523
  0.1435807228E+006 0523
  0.1436407521E+006 0523
  0.1437007716E+006 0523
  0.1437607794E+006 0523
  0.1438207752E+006 0523
  0.1438807631E+006 0522
  0.1439407505E+006 0522
  0.1440007366E+006 0522
  0.1440607208E+006 0522
  0.1441207033E+006 0522
  0.1441806831E+006 0522
  0.1442406581E+006 0521
  0.1443006280E+006 0521
  0.1443605956E+006 0521
  0.1444205631E+006 0521
  0.1444805353E+006 0521
  0.1445405178E+006 0520
  0.1446005036E+006 0520
  0.1446604781E+006 0520
  0.1447204502E+006 0520
  0.1447804238E+006 0520
  0.1448408188E+006 0520
  0.1449007910E+006 0519
  0.1449607584E+006 0519
  0.1450207240E+006 0519
  0.1450806894E+006 0519
  0.1451406570E+006 0519
  0.1452006312E+006 0518
  0.1452606192E+006 0518
  0.1453206228E+006 0518
  0.1453806400E+006 0518
  0.1454406678E+006 0518
  0.1455007035E+006 0518
  0.1455607460E+006 0517
  0.1456207978E+006 0517
  0.1456804418E+006 0517
  0.1457405190E+006 0517
  0.1458006095E+006 0517
  0.1458607114E+006 0516
  0.1459208110E+006 0516
  0.1459804784E+006 0516
  0.1460405542E+006 0516
  0.1461006225E+006 0516
  0.1461606857E+006 0516
  0.1462207353E+006 0515
  0.1462807671E+006 0515
  0.1463407816E+006 0515
  0.1464007823E+006 0515
  0.1464607723E+006 0515
  0.1465207546E+006 0515
  0.1465807347E+006 0514
  0.1466407143E+006 0514
  0.1467006938E+006 0514
  0.1467606693E+006 0514
  0.1468206378E+006 0514
  0.1468805985E+006 0513
  0.1469405549E+006 0513
  0.1470005121E+006 0513
  0.1470604752E+006 0513
  0.1471204457E+006 0513
  0.1471804206E+006 0513
  0.1472408156E+006 0512
  0.1473007920E+006 0512
  0.1473607725E+006 0512
  0.1474207527E+006 0512
  0.1474807304E+006 0512
  0.1475407032E+006 0511
  0.1476006685E+006 0511
  0.1476606262E+006 0511
  0.1477205792E+006 0511
  0.1477805344E+006 0511
  0.1478404952E+006 0511
  0.1479004631E+006 0510
  0.1479604375E+006 0510
  0.1480208380E+006 0510
  0.1480808238E+006 0510
  0.1481408128E+006 0510
  0.1482008041E+006 0509
  0.1482608028E+006 0509
  0.1483208121E+006 0509
  0.1483808355E+006 0509
  0.1484404570E+006 0509
  0.1485005134E+006 0509
  0.1485605799E+006 0508
  0.1486206508E+006 0508
  0.1486807282E+006 0508
  0.1487408171E+006 0508
  0.1488004835E+006 0508
  0.1488605551E+006 0507
  0.1489206102E+006 0507
  0.1489806469E+006 0507
  0.1490406677E+006 0507
  0.1491006768E+006 0507
  0.1491606778E+006 0507
  0.1492206703E+006 0506
  0.1492806516E+006 0506
  0.1493406215E+006 0506
  0.1494005794E+006 0506
  0.1494605266E+006 0506
  0.1495204670E+006 0505
  0.1495808231E+006 0505
  0.1496407589E+006 0505
  0.1497006976E+006 0505
  0.1497606419E+006 0505
  0.1498205921E+006 0505
  0.1498805483E+006 0504
  0.1499405053E+006 0504
  0.1500004645E+006 0504
  0.1500604291E+006 0504
  0.1501208049E+006 0504
  0.1501807471E+006 0503
  0.1502406809E+006 0503
  0.1503006119E+006 0503
  0.1503605440E+006 0503
  0.1504204809E+006 0503
  0.1504804280E+006 0503
  0.1505408044E+006 0502
  0.1506007683E+006 0502
  0.1506607379E+006 0502
  0.1507207113E+006 0502
  0.1507806935E+006 0502
  0.1508406871E+006 0501
  0.1509006958E+006 0501
  0.1509607210E+006 0501
  0.1510207599E+006 0501
  0.1510808091E+006 0501
  0.1511404454E+006 0501
  0.1512005119E+006 0500
  0.1512605871E+006 0500
  0.1513206682E+006 0500
  0.1513807560E+006 0500
  0.1514404341E+006 0500
  0.1515005405E+006 0499
  0.1515606352E+006 0499
  0.1516207200E+006 0499
  0.1516807982E+006 0499
  0.1517404506E+006 0499
  0.1518005158E+006 0499
  0.1518605734E+006 0498
  0.1519206212E+006 0498
  0.1519806558E+006 0498
  0.1520406750E+006 0498
  0.1521006829E+006 0498
  0.1521606818E+006 0497
  0.1522206769E+006 0497
  0.1522806692E+006 0497
  0.1523406586E+006 0497
  0.1524006393E+006 0497
  0.1524606057E+006 0496
  0.1525205624E+006 0496
  0.1525805140E+006 0496
  0.1526404649E+006 0496
  0.1527008353E+006 0496
  0.1527607909E+006 0496
  0.1528207553E+006 0495
  0.1528807291E+006 0495
  0.1529407089E+006 0495
  0.1530006869E+006 0495
  0.1530606607E+006 0495
  0.1531206292E+006 0494
  0.1531805924E+006 0494
  0.1532405500E+006 0494
  0.1533005044E+006 0494
  0.1533604550E+006 0494
  0.1534208280E+006 0493
  0.1534807885E+006 0493
  0.1535407584E+006 0493
  0.1536007401E+006 0493
  0.1536607343E+006 0493
  0.1537207388E+006 0493
  0.1537807466E+006 0492
  0.1538407590E+006 0492
  0.1539007795E+006 0492
  0.1539608141E+006 0492
  0.1540204474E+006 0492
  0.1540805145E+006 0491
  0.1541405930E+006 0491
  0.1542006776E+006 0491
  0.1542607573E+006 0491
  0.1543208334E+006 0491
  0.1543804853E+006 0490
  0.1544405499E+006 0490
  0.1545006022E+006 0490
  0.1545606433E+006 0490
  0.1546206734E+006 0490
  0.1546806937E+006 0489
  0.1547407099E+006 0489
  0.1548007216E+006 0489
  0.1548607299E+006 0489
  0.1549207318E+006 0489
  0.1549807267E+006 0489
  0.1550407149E+006 0488
  0.1551006941E+006 0488
  0.1551606623E+006 0488
  0.1552206196E+006 0488
  0.1552805750E+006 0488
  0.1553405337E+006 0487
  0.1554004954E+006 0487
  0.1554604578E+006 0487
  0.1555208363E+006 0487
  0.1555807940E+006 0487
  0.1556407494E+006 0486
  0.1557007063E+006 0486
  0.1557606687E+006 0486
  0.1558206388E+006 0486
  0.1558806034E+006 0486
  0.1559405602E+006 0485
  0.1560005127E+006 0485
  0.1560604676E+006 0485
  0.1561204253E+006 0485
  0.1561808058E+006 0485
  0.1562407672E+006 0484
  0.1563007238E+006 0484
  0.1563606787E+006 0484
  0.1564206348E+006 0484
  0.1564805963E+006 0484
  0.1565405641E+006 0483
  0.1566005387E+006 0483
  0.1566605259E+006 0483
  0.1567205272E+006 0483
  0.1567805415E+006 0483
  0.1568405647E+006 0482
  0.1569005958E+006 0482
  0.1569606367E+006 0482
  0.1570206912E+006 0482
  0.1570807598E+006 0482
  0.1571404225E+006 0481
  0.1572005070E+006 0481
  0.1572605803E+006 0481
  0.1573206438E+006 0481
  0.1573807005E+006 0481
  0.1574407498E+006 0480
  0.1575007935E+006 0480
  0.1575608257E+006 0480
  0.1576204213E+006 0480
  0.1576808380E+006 0480
  0.1577408215E+006 0479
  0.1578007994E+006 0479
  0.1578607724E+006 0479
  0.1579207426E+006 0479
  0.1579807085E+006 0479
  0.1580406712E+006 0478
  0.1581006335E+006 0478
  0.1581605936E+006 0478
  0.1582205517E+006 0478
  0.1582805128E+006 0478
  0.1583404830E+006 0477
  0.1584004644E+006 0477
  0.1584604421E+006 0477
  0.1585208298E+006 0477
  0.1585807942E+006 0476
  0.1586407578E+006 0476
  0.1587007241E+006 0476
  0.1587606925E+006 0476
  0.1588206631E+006 0476
  0.1588806364E+006 0475
  0.1589406089E+006 0475
  0.1590005814E+006 0475
  0.1590605542E+006 0475
  0.1591205341E+006 0474
  0.1591805278E+006 0474
  0.1592405364E+006 0474
  0.1593005538E+006 0474
  0.1593605761E+006 0474
  0.1594206049E+006 0473
  0.1594806402E+006 0473
  0.1595406829E+006 0473
  0.1596007359E+006 0473
  0.1596608027E+006 0472
  0.1597204636E+006 0472
  0.1597805575E+006 0472
  0.1598406606E+006 0472
  0.1599007698E+006 0472
  0.1599604596E+006 0471
  0.1600205661E+006 0471
  0.1600806626E+006 0471
  0.1601407476E+006 0471
  0.1602008170E+006 0470
  0.1602604526E+006 0470
  0.1603204947E+006 0470
  0.1603805204E+006 0470
  0.1604405316E+006 0469
  0.1605005327E+006 0469
  0.1605605266E+006 0469
  0.1606205110E+006 0469
  0.1606804808E+006 0468
  0.1607404361E+006 0468
  0.1608007996E+006 0468
  0.1608607381E+006 0468
  0.1609206752E+006 0467
  0.1609806168E+006 0467
  0.1610405655E+006 0467
  0.1611005222E+006 0467
  0.1611604845E+006 0466
  0.1612204506E+006 0466
  0.1612804207E+006 0466
  0.1613408143E+006 0466
  0.1614007835E+006 0465
  0.1614607429E+006 0465
  0.1615206911E+006 0465
  0.1615806333E+006 0464
  0.1616405774E+006 0464
  0.1617005266E+006 0464
  0.1617604808E+006 0464
  0.1618204397E+006 0463
  0.1618808252E+006 0463
  0.1619407991E+006 0463
  0.1620007790E+006 0463
  0.1620607649E+006 0462
  0.1621207582E+006 0462
  0.1621807636E+006 0462
  0.1622407845E+006 0461
  0.1623008226E+006 0461
  0.1623604556E+006 0461
  0.1624205223E+006 0461
  0.1624805972E+006 0460
  0.1625406777E+006 0460
  0.1626007639E+006 0460
  0.1626604341E+006 0459
  0.1627205247E+006 0459
  0.1627806066E+006 0459
  0.1628406755E+006 0459
  0.1629007318E+006 0458
  0.1629607817E+006 0458
  0.1630208300E+006 0458
  0.1630804568E+006 0457
  0.1631404961E+006 0457
  0.1632005241E+006 0457
  0.1632605410E+006 0456
  0.1633205479E+006 0456
  0.1633805442E+006 0456
  0.1634405319E+006 0455
  0.1635005164E+006 0455
  0.1635604999E+006 0455
  0.1636204831E+006 0454
  0.1636804656E+006 0454
  0.1637404462E+006 0454
  0.1638004211E+006 0453
  0.1638608116E+006 0453
  0.1639207811E+006 0453
  0.1639807532E+006 0452
  0.1640407298E+006 0452
  0.1641007109E+006 0452
  0.1641606992E+006 0451
  0.1642206840E+006 0451
  0.1642806629E+006 0451
  0.1643406409E+006 0450
  0.1644006220E+006 0450
  0.1644606024E+006 0449
  0.1645205773E+006 0449
  0.1645805438E+006 0449
  0.1646405063E+006 0448
  0.1647004682E+006 0448
  0.1647604350E+006 0448
  0.1648208306E+006 0447
  0.1648808165E+006 0447
  0.1649408142E+006 0446
  0.1650008204E+006 0446
  0.1650608347E+006 0446
  0.1651204361E+006 0445
  0.1651804653E+006 0445
  0.1652405064E+006 0444
  0.1653005615E+006 0444
  0.1653606332E+006 0444
  0.1654207194E+006 0443
  0.1654808146E+006 0443
  0.1655404945E+006 0442
  0.1656005896E+006 0442
  0.1656606766E+006 0441
  0.1657207572E+006 0441
  0.1657808295E+006 0440
  0.1658404694E+006 0440
  0.1659005133E+006 0439
  0.1659605426E+006 0439
  0.1660205601E+006 0438
  0.1660805711E+006 0438
  0.1661405785E+006 0437
  0.1662005831E+006 0437
  0.1662605841E+006 0436
  0.1663205794E+006 0436
  0.1663805686E+006 0435
  0.1664405502E+006 0435
  0.1665005287E+006 0434
  0.1665605063E+006 0434
  0.1666204861E+006 0433
  0.1666804732E+006 0433
  0.1667404658E+006 0432
  0.1668004597E+006 0432
  0.1668604491E+006 0431
  0.1669204357E+006 0430
  0.1669804236E+006 0430
  0.1670408371E+006 0429
  0.1671008317E+006 0429
  0.1671608209E+006 0428
  0.1672208030E+006 0427
  0.1672807805E+006 0427
  0.1673407550E+006 0426
  0.1674007322E+006 0426
  0.1674607147E+006 0425
  0.1675207001E+006 0424
  0.1675806896E+006 0424
  0.1676406811E+006 0423
  0.1677006740E+006 0422
  0.1677606699E+006 0422
  0.1678206729E+006 0421
  0.1678806868E+006 0421
  0.1679407102E+006 0420
  0.1680007456E+006 0419
  0.1680607919E+006 0419
  0.1681204280E+006 0418
  0.1681804889E+006 0418
  0.1682405508E+006 0417
  0.1683006184E+006 0416
  0.1683606971E+006 0416
  0.1684207798E+006 0415
  0.1684804284E+006 0415
  0.1685404839E+006 0414
  0.1686005279E+006 0413
  0.1686605598E+006 0413
  0.1687205821E+006 0412
  0.1687805929E+006 0412
  0.1688405906E+006 0411
  0.1689005749E+006 0411
  0.1689605429E+006 0410
  0.1690204981E+006 0410
  0.1690804422E+006 0409
  0.1691408004E+006 0409
  0.1692007384E+006 0408
  0.1692606765E+006 0408
  0.1693206137E+006 0407
  0.1693805489E+006 0407
  0.1694404857E+006 0407
  0.1695004245E+006 0406
  0.1695607832E+006 0406
  0.1696207250E+006 0405
  0.1696806765E+006 0405
  0.1697406298E+006 0404
  0.1698005703E+006 0404
  0.1698605026E+006 0404
  0.1699204336E+006 0403
  0.1699807854E+006 0403
  0.1700407215E+006 0402
  0.1701006613E+006 0402
  0.1701606021E+006 0402
  0.1702205449E+006 0401
  0.1702804899E+006 0401
  0.1703404425E+006 0400
  0.1704008249E+006 0400
  0.1704608013E+006 0400
  0.1705207945E+006 0399
  0.1705808037E+006 0399
  0.1706408253E+006 0399
  0.1707004331E+006 0398
  0.1707604666E+006 0398
  0.1708205107E+006 0397
  0.1708805653E+006 0397
  0.1709406298E+006 0397
  0.1710007037E+006 0396
  0.1710607875E+006 0396
  0.1711204520E+006 0396
  0.1711805273E+006 0395
  0.1712405985E+006 0395
  0.1713006649E+006 0395
  0.1713607257E+006 0394
  0.1714207770E+006 0394
  0.1714808168E+006 0393
  0.1715404235E+006 0393
  0.1716004353E+006 0393
  0.1716604383E+006 0392
  0.1717204343E+006 0392
  0.1717804250E+006 0392
  0.1718408307E+006 0391
  0.1719008141E+006 0391
  0.1719607922E+006 0390
  0.1720207583E+006 0390
  0.1720807130E+006 0390
  0.1721406608E+006 0389
  0.1722006092E+006 0389
  0.1722605628E+006 0388
  0.1723205209E+006 0388
  0.1723804835E+006 0388
  0.1724404521E+006 0387
  0.1725004268E+006 0387
  0.1725608224E+006 0386
  0.1726207929E+006 0386
  0.1726807566E+006 0385
  0.1727407134E+006 0385
  0.1728000000E+006 0384
