 0001  0.9994203638491418E+000
 0002  0.9994203638491418E+000
 0003  0.9994239040968336E+000
 0004  0.9994239040968336E+000
 0005  0.9994239040968336E+000
 0006  0.9994278014843716E+000
 0007  0.9994278014843716E+000
 0008  0.9994278014843716E+000
 0009  0.9994320673803752E+000
 0010  0.9994320673803752E+000
 0011  0.9994320673803752E+000
 0012  0.9994362821845877E+000
 0013  0.9994362821845877E+000
 0014  0.9994362821845877E+000
 0015  0.9994409066130432E+000
 0016  0.9994409066130432E+000
 0017  0.9994409066130432E+000
 0018  0.9994454837140921E+000
 0019  0.9994454837140921E+000
 0020  0.9994454837140921E+000
 0021  0.9994504892938320E+000
 0022  0.9994504892938320E+000
 0023  0.9994558589634215E+000
 0024  0.9994558589634215E+000
 0025  0.9994558589634215E+000
 0026  0.9994611884008300E+000
 0027  0.9994611884008300E+000
 0028  0.9994669184610632E+000
 0029  0.9994669184610632E+000
 0030  0.9994725154584683E+000
 0031  0.9994725154584683E+000
 0032  0.9994725154584683E+000
 0033  0.9994786604774640E+000
 0034  0.9994786604774640E+000
 0035  0.9994852106051926E+000
 0036  0.9994852106051926E+000
 0037  0.9994916086265760E+000
 0038  0.9994916086265760E+000
 0039  0.9994984535257854E+000
 0040  0.9994984535257854E+000
 0041  0.9995057434006157E+000
 0042  0.9995057434006157E+000
 0043  0.9995128639907753E+000
 0044  0.9995128639907753E+000
 0045  0.9995204753985338E+000
 0046  0.9995204753985338E+000
 0047  0.9995285359409590E+000
 0048  0.9995285359409590E+000
 0049  0.9995364093023555E+000
 0050  0.9995364093023555E+000
 0051  0.9995447876604215E+000
 0052  0.9995534025116876E+000
 0053  0.9995534025116876E+000
 0054  0.9995624963519072E+000
 0055  0.9995624963519072E+000
 0056  0.9995713790159705E+000
 0057  0.9995804877393757E+000
 0058  0.9995804877393757E+000
 0059  0.9995901052485787E+000
 0060  0.9995901052485787E+000
 0061  0.9995994994210421E+000
 0062  0.9996090626513291E+000
 0063  0.9996090626513291E+000
 0064  0.9996191370159171E+000
 0065  0.9996191370159171E+000
 0066  0.9996297146428240E+000
 0067  0.9996396101178866E+000
 0068  0.9996396101178866E+000
 0069  0.9996500656962733E+000
 0070  0.9996605727501183E+000
 0071  0.9996605727501183E+000
 0072  0.9996716047128846E+000
 0073  0.9996818587048180E+000
 0074  0.9996818587048180E+000
 0075  0.9996926750161094E+000
 0076  0.9997034284283302E+000
 0077  0.9997140696470175E+000
 0078  0.9997140696470175E+000
 0079  0.9997251360461137E+000
 0080  0.9997359652495861E+000
 0081  0.9997359652495861E+000
 0082  0.9997465429784876E+000
 0083  0.9997569211234919E+000
 0084  0.9997670721214804E+000
 0085  0.9997670721214804E+000
 0086  0.9997776192858101E+000
 0087  0.9997878303671897E+000
 0088  0.9997979793185841E+000
 0089  0.9997979793185841E+000
 0090  0.9998081388355843E+000
 0091  0.9998176127165751E+000
 0092  0.9998264858850890E+000
 0093  0.9998348291249276E+000
 0094  0.9998427019923145E+000
 0095  0.9998427019923145E+000
 0096  0.9998507888705188E+000
 0097  0.9998584246804283E+000
 0098  0.9998656579578675E+000
 0099  0.9998725305236476E+000
 0100  0.9998850079666823E+000
 0101  0.9998906606433553E+000
 0102  0.9998960539441515E+000
 0103  0.9999011984462606E+000
 0104  0.9999061043887066E+000
 0105  0.9999107816763441E+000
 0106  0.9999152398843818E+000
 0107  0.9999194909677892E+000
 0108  0.9999235430888742E+000
 0109  0.9999274042489462E+000
 0110  0.9999311915395886E+000
 0111  0.9999379068505523E+000
 0112  0.9999408899264718E+000
 0113  0.9999437355358248E+000
 0114  0.9999464508240896E+000
 0115  0.9999490411728175E+000
 0116  0.9999515117910316E+000
 0117  0.9999538677160061E+000
 0118  0.9999561694062324E+000
 0119  0.9999583549846848E+000
 0120  0.9999604310938427E+000
 0121  0.9999641359056692E+000
 0122  0.9999657913316660E+000
 0123  0.9999673726886696E+000
 0124  0.9999688830730336E+000
 0125  0.9999703254674710E+000
 0126  0.9999717322117025E+000
 0127  0.9999730714742244E+000
 0128  0.9999743464960550E+000
 0129  0.9999755603622837E+000
 0130  0.9999777388712973E+000
 0131  0.9999787175619412E+000
 0132  0.9999796715945580E+000
 0133  0.9999805820943767E+000
 0134  0.9999814510492373E+000
 0135  0.9999822803555456E+000
 0136  0.9999830718225337E+000
 0137  0.9999838273017858E+000
 0138  0.9999845484120747E+000
 0139  0.9999858603229863E+000
 0140  0.9999864568788586E+000
 0141  0.9999870275411800E+000
 0142  0.9999875735021186E+000
 0143  0.9999880958195628E+000
 0144  0.9999885955065854E+000
 0145  0.9999890735333093E+000
 0146  0.9999899530722711E+000
 0147  0.9999903513983354E+000
 0148  0.9999907332738915E+000
 0149  0.9999910993160206E+000
 0150  0.9999914482648650E+000
 0151  0.9999917517265805E+000
 0152  0.9999919949975106E+000
 0153  0.9999921462525448E+000
 0154  0.9999918608710058E+000
 0155  0.9999910606161604E+000
 0156  0.9999895099013733E+000
 0157  0.9999854063052394E+000
 0158  0.9999788413960244E+000
 0159  0.9999693658227955E+000
 0160  0.9999564455039367E+000
 0161  0.9999128354796357E+000
 0162  0.9998801493414241E+000
 0163  0.9998410213241440E+000
 0164  0.9997949917663622E+000
 0165  0.9997415260563521E+000
 0166  0.9996788459342842E+000
 0167  0.9995032615585480E+000
 0168  0.9994015906065303E+000
 0169  0.9992879755438853E+000
 0170  0.9991620072383587E+000
 0171  0.9990024402397081E+000
 0172  0.9988283338651951E+000
 0173  0.9986390854628729E+000
 0174  0.9982237888659565E+000
 0175  0.9979643008786345E+000
 0176  0.9976846949719149E+000
 0177  0.9973787617751928E+000
 0178  0.9970435304866405E+000
 0179  0.9962293306515253E+000
 0180  0.9957339294908968E+000
 0181  0.9951850995763578E+000
 0182  0.9945785615004967E+000
 0183  0.9938998190074491E+000
 0184  0.9930376700842112E+000
 0185  0.9910946595820671E+000
 0186  0.9900105772022448E+000
 0187  0.9886838706474780E+000
 0188  0.9872561767867516E+000
 0189  0.9857259190621915E+000
 0190  0.9822323203769397E+000
 0191  0.9802699123247733E+000
 0192  0.9781946059827078E+000
 0193  0.9760070485889227E+000
 0194  0.9736986411318151E+000
 0195  0.9684454026473224E+000
 0196  0.9657108957844635E+000
 0197  0.9626561611881878E+000
 0198  0.9594999868960614E+000
 0199  0.9562444335938624E+000
 0200  0.9493602258546581E+000
 0201  0.9457435376905264E+000
 0202  0.9420367420887963E+000
 0203  0.9382424804654036E+000
 0204  0.9341412322694500E+000
 0205  0.9258791655580713E+000
 0206  0.9215110851793631E+000
 0207  0.9170793031963396E+000
 0208  0.9125814996069800E+000
 0209  0.9033764351576521E+000
 0210  0.8986810790790055E+000
 0211  0.8939328462666064E+000
 0212  0.8889353787527435E+000
 0213  0.8790211890042855E+000
 0214  0.8739132687875655E+000
 0215  0.8687766371651008E+000
 0216  0.8636133868612412E+000
 0217  0.8582423320981478E+000
 0218  0.8476553702835513E+000
 0219  0.8422664316324886E+000
 0220  0.8368681583807334E+000
 0221  0.8260841624920455E+000
 0222  0.8207025798241040E+000
 0223  0.8153168943215632E+000
 0224  0.8097756136016163E+000
 0225  0.7989082141528320E+000
 0226  0.7934353976815607E+000
 0227  0.7879721385964793E+000
 0228  0.7825195234372733E+000
 0229  0.7715724647634439E+000
 0230  0.7660895922318989E+000
 0231  0.7606270293743338E+000
 0232  0.7498252398689430E+000
 0233  0.7444873329618659E+000
 0234  0.7390582757609625E+000
 0235  0.7336567280941999E+000
 0236  0.7229008817424654E+000
 0237  0.7176553569021722E+000
 0238  0.7123361596805526E+000
 0239  0.7018676394479191E+000
 0240  0.6967173049083925E+000
 0241  0.6915086034211700E+000
 0242  0.6812737701266742E+000
 0243  0.6762462025980953E+000
 0244  0.6712529419735365E+000
 0245  0.6613635306727474E+000
 0246  0.6564713490515477E+000
 0247  0.6516156697819373E+000
 0248  0.6420145430203579E+000
 0249  0.6372723897810528E+000
 0250  0.6325675048636661E+000
 0251  0.6232155902147192E+000
 0252  0.6186351082378896E+000
 0253  0.6140335572688342E+000
 0254  0.6050234994197243E+000
 0255  0.6006127909594511E+000
 0256  0.5961867232318599E+000
 0257  0.5875237749613325E+000
 0258  0.5832368464072053E+000
 0259  0.5789890524801122E+000
 0260  0.5706331592840650E+000
 0261  0.5665258167858638E+000
 0262  0.5584510899890207E+000
 0263  0.5544840425298787E+000
 0264  0.5505157928112097E+000
 0265  0.5427593564539499E+000
 0266  0.5389341297586012E+000
 0267  0.5314576716177046E+000
 0268  0.5277724791855751E+000
 0269  0.5205399948124749E+000
 0270  0.5169923139883450E+000
 0271  0.5134506032979549E+000
 0272  0.5065043959138584E+000
 0273  0.5030992785025123E+000
 0274  0.4963973881210949E+000
 0275  0.4931014273121612E+000
 0276  0.4866625083731980E+000
 0277  0.4834962200997752E+000
 0278  0.4772695731337052E+000
 0279  0.4742095476702647E+000
 0280  0.4711609325960716E+000
 0281  0.4652062759350143E+000
 0282  0.4622810537524359E+000
 0283  0.4565334458228840E+000
 0284  0.4537110212020220E+000
 0285  0.4481677918361950E+000
 0286  0.4454471407746511E+000
 0287  0.4401064919720177E+000
 0288  0.4374742305961451E+000
 0289  0.4323109257451381E+000
 0290  0.4273173297172377E+000
 0291  0.4248690621203034E+000
 0292  0.4200582088976068E+000
 0293  0.4176957275191129E+000
 0294  0.4130642220728015E+000
 0295  0.4107867031175463E+000
 0296  0.4063230629891108E+000
 0297  0.4041292384394470E+000
 0298  0.3998239558991985E+000
 0299  0.3956574569893497E+000
 0300  0.3936107589304102E+000
 0301  0.3895896835837920E+000
 0302  0.3876153610977445E+000
 0303  0.3837429359939921E+000
 0304  0.3799873899528434E+000
 0305  0.3781440469727925E+000
 0306  0.3745210061444741E+000
 0307  0.3710050959214209E+000
 0308  0.3692782629410373E+000
 0309  0.3658859416961270E+000
 0310  0.3625952888779986E+000
 0311  0.3609796439515977E+000
 0312  0.3578014489598853E+000
 0313  0.3547170920650073E+000
 0314  0.3517215583337381E+000
 0315  0.3502482630074798E+000
 0316  0.3473540963359670E+000
 0317  0.3445410317429194E+000
 0318  0.3418057147972877E+000
 0319  0.3404606734451704E+000
 0320  0.3378154694800809E+000
 0321  0.3352414800848555E+000
 0322  0.3327375592468849E+000
 0323  0.3303023548838975E+000
 0324  0.3291041869244605E+000
 0325  0.3267458010550972E+000
 0326  0.3244496042149625E+000
 0327  0.3222136736750199E+000
 0328  0.3200362718655604E+000
 0329  0.3179146095755426E+000
 0330  0.3158470475205440E+000
 0331  0.3148290819392666E+000
 0332  0.3128233529625138E+000
 0333  0.3108681048765298E+000
 0334  0.3089614991145780E+000
 0335  0.3071020828617322E+000
 0336  0.3052880625326098E+000
 0337  0.3035260218878689E+000
 0338  0.3018171436757138E+000
 0339  0.3001592471237919E+000
 0340  0.2985502640754494E+000
 0341  0.2969882320193059E+000
 0342  0.2947373049208858E+000
 0343  0.2932951166576633E+000
 0344  0.2918932481431511E+000
 0345  0.2905301658698830E+000
 0346  0.2892044098840025E+000
 0347  0.2879145895509861E+000
 0348  0.2866593796046385E+000
 0349  0.2848449409975830E+000
 0350  0.2836788594292714E+000
 0351  0.2825428602440370E+000
 0352  0.2814358876016839E+000
 0353  0.2798330019815306E+000
 0354  0.2788011572844977E+000
 0355  0.2777947092357081E+000
 0356  0.2763355635339235E+000
 0357  0.2753951002960718E+000
 0358  0.2740304254861810E+000
 0359  0.2731500957618772E+000
 0360  0.2722901288469911E+000
 0361  0.2710408938152449E+000
 0362  0.2698413387136845E+000
 0363  0.2690662990964353E+000
 0364  0.2679390129420572E+000
 0365  0.2672101343805785E+000
 0366  0.2661492404313907E+000
 0367  0.2651280924628697E+000
 0368  0.2644670892514327E+000
 0369  0.2635039304071446E+000
 0370  0.2625756120415891E+000
 0371  0.2616804207221771E+000
 0372  0.2608167509526287E+000
 0373  0.2599830969207400E+000
 0374  0.2591780449842621E+000
 0375  0.2584002668195902E+000
 0376  0.2576485131665381E+000
 0377  0.2569216081100376E+000
 0378  0.2562184438461348E+000
 0379  0.2555379758854774E+000
 0380  0.2546658685385091E+000
 0381  0.2540368942826825E+000
 0382  0.2534274315297005E+000
 0383  0.2526451522227201E+000
 0384  0.2520801385329047E+000
 0385  0.2513541964707507E+000
 0386  0.2506590546727108E+000
 0387  0.2501562213747260E+000
 0388  0.2495092358087977E+000
 0389  0.2488886893543039E+000
 0390  0.2482931629547405E+000
 0391  0.2477213349733407E+000
 0392  0.2470388468449382E+000
 0393  0.2465172489771054E+000
 0394  0.2460155645744228E+000
 0395  0.2454156909698827E+000
 0396  0.2448449506847256E+000
 0397  0.2443015325978390E+000
 0398  0.2437837685620122E+000
 0399  0.2432901196381975E+000
 0400  0.2428191638846340E+000
 0401  0.2423695855004315E+000
 0402  0.2418570663393209E+000
 0403  0.2413724990164416E+000
 0404  0.2409139930508493E+000
 0405  0.2404100808334105E+000
 0406  0.2400029052560116E+000
 0407  0.2395546626111099E+000
 0408  0.2390757814687043E+000
 0409  0.2386837492008980E+000
 0410  0.2382641215977405E+000
 0411  0.2378258701366498E+000
 0412  0.2374205704404693E+000
 0413  0.2370055645721308E+000
 0414  0.2366244833896358E+000
 0415  0.2362408381183235E+000
 0416  0.2358309519470013E+000
 0417  0.2354632316671845E+000
 0418  0.2350852617199486E+000
 0419  0.2347302174125673E+000
 0420  0.2343644950368674E+000
 0421  0.2340056207380703E+000
 0422  0.2336677266010575E+000
 0423  0.2333226165763665E+000
 0424  0.2329838241930974E+000
 0425  0.2326451970674640E+000
 0426  0.2326206814598957E+000
 0427  0.2326206814598957E+000
 0428  0.2326206814598957E+000
 0429  0.2326206814598957E+000
 0430  0.2326206814598957E+000
 0431  0.2326206814598957E+000
 0432  0.2326206814598957E+000
 0433  0.2326206814598957E+000
 0434  0.2326206814598957E+000
 0435  0.2326206814598957E+000
 0436  0.2326206814598957E+000
 0437  0.2326206814598957E+000
 0438  0.2326206814598957E+000
 0439  0.2326206814598957E+000
 0440  0.2326206814598957E+000
 0441  0.2326206814598957E+000
 0442  0.2326206814598957E+000
 0443  0.2326206814598957E+000
 0444  0.2326206814598957E+000
 0445  0.2326206814598957E+000
 0446  0.2326206814598957E+000
 0447  0.2326206814598957E+000
 0448  0.2326206814598957E+000
 0449  0.2326206814598957E+000
 0450  0.2326206814598957E+000
 0451  0.2326206814598957E+000
 0452  0.2326206814598957E+000
 0453  0.2326206814598957E+000
 0454  0.2326206814598957E+000
 0455  0.2326206814598957E+000
 0456  0.2326206814598957E+000
 0457  0.2326206814598957E+000
 0458  0.2326206814598957E+000
 0459  0.2326206814598957E+000
 0460  0.2326206814598957E+000
 0461  0.2326206814598957E+000
 0462  0.2326206814598957E+000
 0463  0.2326206814598957E+000
 0464  0.2326206814598957E+000
 0465  0.2326206814598957E+000
 0466  0.2326206814598957E+000
 0467  0.2326206814598957E+000
 0468  0.2326206814598957E+000
 0469  0.2326206814598957E+000
 0470  0.2326206814598957E+000
 0471  0.2326206814598957E+000
 0472  0.2326206814598957E+000
 0473  0.2326206814598957E+000
 0474  0.2326206814598957E+000
 0475  0.2326206814598957E+000
 0476  0.2326206814598957E+000
 0477  0.2326206814598957E+000
 0478  0.2326206814598957E+000
 0479  0.2326206814598957E+000
 0480  0.2326206814598957E+000
 0481  0.2326206814598957E+000
 0482  0.2326206814598957E+000
 0483  0.2326206814598957E+000
 0484  0.2326206814598957E+000
 0485  0.2326206814598957E+000
 0486  0.2326206814598957E+000
 0487  0.2326206814598957E+000
 0488  0.2326206814598957E+000
 0489  0.2326206814598957E+000
 0490  0.2326206814598957E+000
 0491  0.2326206814598957E+000
 0492  0.2326206814598957E+000
 0493  0.2326206814598957E+000
 0494  0.2326206814598957E+000
 0495  0.2326206814598957E+000
 0496  0.2326206814598957E+000
 0497  0.2326206814598957E+000
 0498  0.2326206814598957E+000
 0499  0.2326206814598957E+000
 0500  0.2326206814598957E+000
 0501  0.2326206814598957E+000
 0502  0.2326206814598957E+000
 0503  0.2326206814598957E+000
 0504  0.2326206814598957E+000
 0505  0.2326206814598957E+000
 0506  0.2326206814598957E+000
 0507  0.2326206814598957E+000
 0508  0.2326206814598957E+000
 0509  0.2326206814598957E+000
 0510  0.2326206814598957E+000
 0511  0.2326206814598957E+000
 0512  0.2326206814598957E+000
 0513  0.2326206814598957E+000
 0514  0.2326206814598957E+000
 0515  0.2326206814598957E+000
 0516  0.2326206814598957E+000
 0517  0.2326206814598957E+000
 0518  0.2326206814598957E+000
 0519  0.2326206814598957E+000
 0520  0.2326206814598957E+000
 0521  0.2326206814598957E+000
 0522  0.2326206814598957E+000
 0523  0.2326206814598957E+000
 0524  0.2326206814598957E+000
 0525  0.2326206814598957E+000
 0526  0.2326206814598957E+000
 0527  0.2326206814598957E+000
 0528  0.2326206814598957E+000
 0529  0.2326206814598957E+000
 0530  0.2326206814598957E+000
 0531  0.2326206814598957E+000
 0532  0.2326206814598957E+000
 0533  0.2326206814598957E+000
 0534  0.2326206814598957E+000
 0535  0.2326206814598957E+000
 0536  0.2326206814598957E+000
 0537  0.2326206814598957E+000
 0538  0.2326206814598957E+000
 0539  0.2326206814598957E+000
 0540  0.2326206814598957E+000
 0541  0.2326206814598957E+000
 0542  0.2326206814598957E+000
 0543  0.2326206814598957E+000
 0544  0.2326206814598957E+000
 0545  0.2326206814598957E+000
 0546  0.2326206814598957E+000
 0547  0.2326206814598957E+000
 0548  0.2326206814598957E+000
 0549  0.2326206814598957E+000
 0550  0.2326206814598957E+000
 0551  0.2326206814598957E+000
 0552  0.2326206814598957E+000
 0553  0.2326206814598957E+000
 0554  0.2326206814598957E+000
 0555  0.2326206814598957E+000
 0556  0.2326206814598957E+000
 0557  0.2326206814598957E+000
 0558  0.2326206814598957E+000
 0559  0.2326206814598957E+000
 0560  0.2326206814598957E+000
 0561  0.2326206814598957E+000
 0562  0.2326206814598957E+000
 0563  0.2326206814598957E+000
 0564  0.2326206814598957E+000
 0565  0.2326206814598957E+000
 0566  0.2326206814598957E+000
 0567  0.2326206814598957E+000
 0568  0.2326206814598957E+000
 0569  0.2326206814598957E+000
 0570  0.2326206814598957E+000
 0571  0.2326206814598957E+000
 0572  0.2326206814598957E+000
 0573  0.2326206814598957E+000
 0574  0.2326206814598957E+000
 0575  0.2326206814598957E+000
 0576  0.2326206814598957E+000
 0577  0.2326206814598957E+000
 0578  0.2326206814598957E+000
 0579  0.2326206814598957E+000
 0580  0.2326206814598957E+000
 0581  0.2326206814598957E+000
 0582  0.2326206814598957E+000
 0583  0.2326206814598957E+000
 0584  0.2326206814598957E+000
 0585  0.2326206814598957E+000
 0586  0.2326206814598957E+000
 0587  0.2326206814598957E+000
 0588  0.2326206814598957E+000
 0589  0.2326206814598957E+000
 0590  0.2326206814598957E+000
 0591  0.2326206814598957E+000
 0592  0.2326206814598957E+000
 0593  0.2326206814598957E+000
 0594  0.2326206814598957E+000
 0595  0.2326206814598957E+000
 0596  0.2326206814598957E+000
 0597  0.2326206814598957E+000
 0598  0.2326206814598957E+000
 0599  0.2326206814598957E+000
 0600  0.2326206814598957E+000
 0601  0.2326206814598957E+000
 0602  0.2326206814598957E+000
 0603  0.2326206814598957E+000
 0604  0.2326206814598957E+000
 0605  0.2326206814598957E+000
 0606  0.2326206814598957E+000
 0607  0.2326206814598957E+000
 0608  0.2326206814598957E+000
 0609  0.2326206814598957E+000
 0610  0.2326206814598957E+000
 0611  0.2326206814598957E+000
 0612  0.2326206814598957E+000
 0613  0.2326206814598957E+000
 0614  0.2326206814598957E+000
 0615  0.2326206814598957E+000
 0616  0.2326206814598957E+000
 0617  0.2326206814598957E+000
 0618  0.2326206814598957E+000
 0619  0.2326206814598957E+000
 0620  0.2326206814598957E+000
 0621  0.2326206814598957E+000
 0622  0.2326206814598957E+000
 0623  0.2326206814598957E+000
 0624  0.2326206814598957E+000
 0625  0.2326206814598957E+000
 0626  0.2326206814598957E+000
 0627  0.2326206814598957E+000
 0628  0.2326206814598957E+000
 0629  0.2326206814598957E+000
 0630  0.2326206814598957E+000
 0631  0.2326206814598957E+000
 0632  0.2326206814598957E+000
 0633  0.2326206814598957E+000
 0634  0.2326206814598957E+000
 0635  0.2326206814598957E+000
 0636  0.2326206814598957E+000
 0637  0.2326206814598957E+000
 0638  0.2326206814598957E+000
 0639  0.2326206814598957E+000
 0640  0.2326206814598957E+000
 0641  0.2326206814598957E+000
 0642  0.2326206814598957E+000
 0643  0.2326206814598957E+000
 0644  0.2326206814598957E+000
 0645  0.2326206814598957E+000
 0646  0.2326206814598957E+000
 0647  0.2326206814598957E+000
 0648  0.2326206814598957E+000
 0649  0.2326206814598957E+000
 0650  0.2326206814598957E+000
 0651  0.2326206814598957E+000
 0652  0.2326206814598957E+000
 0653  0.2326206814598957E+000
 0654  0.2326206814598957E+000
 0655  0.2326206814598957E+000
 0656  0.2326206814598957E+000
 0657  0.2326206814598957E+000
 0658  0.2326206814598957E+000
 0659  0.2326206814598957E+000
 0660  0.2326206814598957E+000
 0661  0.2326206814598957E+000
 0662  0.2326206814598957E+000
 0663  0.2326206814598957E+000
 0664  0.2326206814598957E+000
 0665  0.2326206814598957E+000
 0666  0.2326206814598957E+000
 0667  0.2326206814598957E+000
 0668  0.2326206814598957E+000
 0669  0.2326206814598957E+000
 0670  0.2326206814598957E+000
 0671  0.2326206814598957E+000
 0672  0.2326206814598957E+000
 0673  0.2326206814598957E+000
 0674  0.2326206814598957E+000
 0675  0.2326206814598957E+000
 0676  0.2326206814598957E+000
 0677  0.2326206814598957E+000
 0678  0.2326206814598957E+000
 0679  0.2326206814598957E+000
 0680  0.2326206814598957E+000
 0681  0.2326206814598957E+000
 0682  0.2326206814598957E+000
 0683  0.2326206814598957E+000
 0684  0.2326206814598957E+000
 0685  0.2326206814598957E+000
 0686  0.2326206814598957E+000
 0687  0.2326206814598957E+000
 0688  0.2326206814598957E+000
 0689  0.2326206814598957E+000
 0690  0.2326206814598957E+000
 0691  0.2326206814598957E+000
 0692  0.2326206814598957E+000
 0693  0.2326206814598957E+000
 0694  0.2326206814598957E+000
 0695  0.2326206814598957E+000
 0696  0.2326206814598957E+000
 0697  0.2326206814598957E+000
 0698  0.2326206814598957E+000
 0699  0.2326206814598957E+000
 0700  0.2326206814598957E+000
 0701  0.2326206814598957E+000
 0702  0.2326206814598957E+000
 0703  0.2326206814598957E+000
 0704  0.2326206814598957E+000
 0705  0.2326206814598957E+000
 0706  0.2326206814598957E+000
 0707  0.2326206814598957E+000
 0708  0.2326206814598957E+000
 0709  0.2326206814598957E+000
 0710  0.2326206814598957E+000
 0711  0.2326206814598957E+000
 0712  0.2326206814598957E+000
 0713  0.2326206814598957E+000
 0714  0.2326206814598957E+000
 0715  0.2326206814598957E+000
 0716  0.2326206814598957E+000
 0717  0.2326206814598957E+000
 0718  0.2326206814598957E+000
 0719  0.2326206814598957E+000
 0720  0.2326206814598957E+000
 0721  0.2326206814598957E+000
 0722  0.2326206814598957E+000
 0723  0.2326206814598957E+000
 0724  0.2326206814598957E+000
 0725  0.2326206814598957E+000
 0726  0.2326206814598957E+000
 0727  0.2326206814598957E+000
 0728  0.2326206814598957E+000
 0729  0.2326206814598957E+000
 0730  0.2326206814598957E+000
 0731  0.2326206814598957E+000
 0732  0.2326206814598957E+000
 0733  0.2326206814598957E+000
 0734  0.2326206814598957E+000
 0735  0.2326206814598957E+000
 0736  0.2326206814598957E+000
 0737  0.2326206814598957E+000
 0738  0.2326206814598957E+000
 0739  0.2326206814598957E+000
 0740  0.2326206814598957E+000
 0741  0.2326206814598957E+000
 0742  0.2326206814598957E+000
 0743  0.2326206814598957E+000
 0744  0.2326206814598957E+000
 0745  0.2326206814598957E+000
 0746  0.2326206814598957E+000
 0747  0.2326206814598957E+000
 0748  0.2326206814598957E+000
 0749  0.2326206814598957E+000
 0750  0.2326206814598957E+000
 0751  0.2326206814598957E+000
 0752  0.2326206814598957E+000
 0753  0.2326206814598957E+000
 0754  0.2326206814598957E+000
 0755  0.2326206814598957E+000
 0756  0.2326206814598957E+000
 0757  0.2326206814598957E+000
 0758  0.2326206814598957E+000
 0759  0.2326206814598957E+000
 0760  0.2326206814598957E+000
 0761  0.2326206814598957E+000
 0762  0.2326206814598957E+000
 0763  0.2326206814598957E+000
 0764  0.2326206814598957E+000
 0765  0.2326206814598957E+000
 0766  0.2326206814598957E+000
 0767  0.2326206814598957E+000
 0768  0.2326206814598957E+000
 0769  0.2326206814598957E+000
 0770  0.2326206814598957E+000
 0771  0.2326206814598957E+000
 0772  0.2326206814598957E+000
 0773  0.2326206814598957E+000
 0774  0.2326206814598957E+000
 0775  0.2326206814598957E+000
 0776  0.2326206814598957E+000
 0777  0.2326206814598957E+000
 0778  0.2326206814598957E+000
 0779  0.2326206814598957E+000
 0780  0.2326206814598957E+000
 0781  0.2326206814598957E+000
 0782  0.2326206814598957E+000
 0783  0.2326206814598957E+000
 0784  0.2326206814598957E+000
 0785  0.2326206814598957E+000
 0786  0.2326206814598957E+000
 0787  0.2326206814598957E+000
 0788  0.2326206814598957E+000
 0789  0.2326206814598957E+000
 0790  0.2326206814598957E+000
 0791  0.2326206814598957E+000
 0792  0.2326206814598957E+000
 0793  0.2326206814598957E+000
 0794  0.2326206814598957E+000
 0795  0.2326206814598957E+000
 0796  0.2326206814598957E+000
 0797  0.2326206814598957E+000
 0798  0.2326206814598957E+000
 0799  0.2326206814598957E+000
 0800  0.2326206814598957E+000
 0801  0.2326206814598957E+000
 0802  0.2326206814598957E+000
 0803  0.2326206814598957E+000
 0804  0.2326206814598957E+000
 0805  0.2326206814598957E+000
 0806  0.2326206814598957E+000
 0807  0.2326206814598957E+000
 0808  0.2326206814598957E+000
 0809  0.2326206814598957E+000
 0810  0.2326206814598957E+000
 0811  0.2326206814598957E+000
 0812  0.2326206814598957E+000
 0813  0.2326206814598957E+000
 0814  0.2326206814598957E+000
 0815  0.2326206814598957E+000
 0816  0.2326206814598957E+000
 0817  0.2326206814598957E+000
 0818  0.2326206814598957E+000
 0819  0.2326206814598957E+000
 0820  0.2326206814598957E+000
 0821  0.2326206814598957E+000
 0822  0.2326206814598957E+000
 0823  0.2326206814598957E+000
 0824  0.2326206814598957E+000
 0825  0.2326206814598957E+000
 0826  0.2326206814598957E+000
 0827  0.2326206814598957E+000
 0828  0.2326206814598957E+000
 0829  0.2326206814598957E+000
 0830  0.2326206814598957E+000
 0831  0.2326206814598957E+000
 0832  0.2326206814598957E+000
 0833  0.2326206814598957E+000
 0834  0.2326206814598957E+000
 0835  0.2326206814598957E+000
 0836  0.2326206814598957E+000
 0837  0.2326206814598957E+000
 0838  0.2326206814598957E+000
 0839  0.2326206814598957E+000
 0840  0.2326206814598957E+000
 0841  0.2326206814598957E+000
 0842  0.2326206814598957E+000
 0843  0.2326206814598957E+000
 0844  0.2326206814598957E+000
 0845  0.2326206814598957E+000
 0846  0.2326206814598957E+000
 0847  0.2326206814598957E+000
 0848  0.2326206814598957E+000
 0849  0.2326206814598957E+000
 0850  0.2326206814598957E+000
 0851  0.2326206814598957E+000
 0852  0.2326206814598957E+000
 0853  0.2326206814598957E+000
 0854  0.2326206814598957E+000
 0855  0.2326206814598957E+000
 0856  0.2326206814598957E+000
 0857  0.2326206814598957E+000
 0858  0.2326206814598957E+000
 0859  0.2326206814598957E+000
 0860  0.2326206814598957E+000
 0861  0.2326206814598957E+000
 0862  0.2326206814598957E+000
 0863  0.2326206814598957E+000
 0864  0.2326206814598957E+000
 0865  0.2326206814598957E+000
 0866  0.2326206814598957E+000
 0867  0.2326206814598957E+000
 0868  0.2326206814598957E+000
 0869  0.2326206814598957E+000
 0870  0.2326206814598957E+000
 0871  0.2326206814598957E+000
 0872  0.2326206814598957E+000
 0873  0.2326206814598957E+000
 0874  0.2326206814598957E+000
 0875  0.2326206814598957E+000
 0876  0.2326206814598957E+000
 0877  0.2326206814598957E+000
 0878  0.2326206814598957E+000
 0879  0.2326206814598957E+000
 0880  0.2326206814598957E+000
 0881  0.2326206814598957E+000
 0882  0.2326206814598957E+000
 0883  0.2326206814598957E+000
 0884  0.2326206814598957E+000
 0885  0.2326206814598957E+000
 0886  0.2326206814598957E+000
 0887  0.2326206814598957E+000
 0888  0.2326206814598957E+000
 0889  0.2326206814598957E+000
 0890  0.2326206814598957E+000
 0891  0.2326206814598957E+000
 0892  0.2326206814598957E+000
 0893  0.2326206814598957E+000
 0894  0.2326206814598957E+000
 0895  0.2326206814598957E+000
 0896  0.2326206814598957E+000
 0897  0.2326206814598957E+000
 0898  0.2326206814598957E+000
 0899  0.2326206814598957E+000
 0900  0.2326206814598957E+000
 0901  0.2326206814598957E+000
 0902  0.2326206814598957E+000
 0903  0.2326206814598957E+000
 0904  0.2326206814598957E+000
 0905  0.2326206814598957E+000
 0906  0.2326206814598957E+000
 0907  0.2326206814598957E+000
 0908  0.2326206814598957E+000
 0909  0.2326206814598957E+000
 0910  0.2326206814598957E+000
 0911  0.2326206814598957E+000
 0912  0.2326206814598957E+000
 0913  0.2326206814598957E+000
 0914  0.2326206814598957E+000
 0915  0.2326206814598957E+000
 0916  0.2326206814598957E+000
 0917  0.2326206814598957E+000
 0918  0.2326206814598957E+000
 0919  0.2326206814598957E+000
 0920  0.2326206814598957E+000
 0921  0.2326206814598957E+000
 0922  0.2326206814598957E+000
 0923  0.2326206814598957E+000
 0924  0.2326206814598957E+000
 0925  0.2326206814598957E+000
 0926  0.2326206814598957E+000
 0927  0.2326206814598957E+000
 0928  0.2326206814598957E+000
 0929  0.2326206814598957E+000
 0930  0.2326206814598957E+000
 0931  0.2326206814598957E+000
 0932  0.2326206814598957E+000
 0933  0.2326206814598957E+000
 0934  0.2326206814598957E+000
 0935  0.2326206814598957E+000
 0936  0.2326206814598957E+000
 0937  0.2326206814598957E+000
 0938  0.2326206814598957E+000
 0939  0.2326206814598957E+000
 0940  0.2326206814598957E+000
 0941  0.2326206814598957E+000
 0942  0.2326206814598957E+000
 0943  0.2326206814598957E+000
 0944  0.2326206814598957E+000
 0945  0.2326206814598957E+000
 0946  0.2326206814598957E+000
 0947  0.2326206814598957E+000
 0948  0.2326206814598957E+000
 0949  0.2326206814598957E+000
 0950  0.2326206814598957E+000
 0951  0.2326206814598957E+000
 0952  0.2326206814598957E+000
 0953  0.2326206814598957E+000
 0954  0.2326206814598957E+000
 0955  0.2326206814598957E+000
 0956  0.2326206814598957E+000
 0957  0.2326206814598957E+000
 0958  0.2326206814598957E+000
 0959  0.2326206814598957E+000
 0960  0.2326206814598957E+000
 0961  0.2326206814598957E+000
 0962  0.2326206814598957E+000
 0963  0.2326206814598957E+000
 0964  0.2326206814598957E+000
 0965  0.2326206814598957E+000
 0966  0.2326206814598957E+000
 0967  0.2326206814598957E+000
 0968  0.2326206814598957E+000
 0969  0.2326206814598957E+000
 0970  0.2326206814598957E+000
 0971  0.2326206814598957E+000
 0972  0.2326206814598957E+000
 0973  0.2326206814598957E+000
 0974  0.2326206814598957E+000
 0975  0.2326206814598957E+000
 0976  0.2326206814598957E+000
 0977  0.2326206814598957E+000
 0978  0.2326206814598957E+000
 0979  0.2326206814598957E+000
 0980  0.2326206814598957E+000
 0981  0.2326206814598957E+000
 0982  0.2326206814598957E+000
 0983  0.2326206814598957E+000
 0984  0.2326206814598957E+000
 0985  0.2326206814598957E+000
 0986  0.2326206814598957E+000
 0987  0.2326206814598957E+000
 0988  0.2326206814598957E+000
 0989  0.2326206814598957E+000
 0990  0.2326206814598957E+000
 0991  0.2326206814598957E+000
 0992  0.2326206814598957E+000
 0993  0.2326206814598957E+000
 0994  0.2326206814598957E+000
 0995  0.2326206814598957E+000
 0996  0.2326206814598957E+000
 0997  0.2326206814598957E+000
 0998  0.2326206814598957E+000
 0999  0.2326206814598957E+000
 1000  0.2326206814598957E+000
