 0001  0.6250000000000004E-003
 0002  0.6250000000000004E-003
 0003  0.6250000000000003E-003
 0004  0.6250000000000004E-003
 0005  0.6250000000000003E-003
 0006  0.6250000000000002E-003
 0007  0.6250000000000002E-003
 0008  0.6250000000000002E-003
 0009  0.6249921857580122E-003
 0010  0.6249921857580120E-003
 0011  0.6249921857580120E-003
 0012  0.6249844651056515E-003
 0013  0.6249844651056515E-003
 0014  0.6249844651056516E-003
 0015  0.6249533975111430E-003
 0016  0.6249533975111430E-003
 0017  0.6249533975111430E-003
 0018  0.6249226478691526E-003
 0019  0.6249226478691526E-003
 0020  0.6249226478691526E-003
 0021  0.6248680259232531E-003
 0022  0.6248680259232531E-003
 0023  0.6247748817627812E-003
 0024  0.6247748817627812E-003
 0025  0.6247748817627812E-003
 0026  0.6246824354837468E-003
 0027  0.6246824354837467E-003
 0028  0.6245250340613396E-003
 0029  0.6245250340613396E-003
 0030  0.6243712877974356E-003
 0031  0.6243712877974357E-003
 0032  0.6243712877974359E-003
 0033  0.6241130071091167E-003
 0034  0.6241130071091167E-003
 0035  0.6237603067398482E-003
 0036  0.6237603067398480E-003
 0037  0.6234157967397259E-003
 0038  0.6234157967397261E-003
 0039  0.6229276866536650E-003
 0040  0.6229276866536650E-003
 0041  0.6222508485698894E-003
 0042  0.6222508485698895E-003
 0043  0.6215897279455826E-003
 0044  0.6215897279455826E-003
 0045  0.6206674641930012E-003
 0046  0.6206674641930012E-003
 0047  0.6195028830519105E-003
 0048  0.6195028830519106E-003
 0049  0.6183653456858704E-003
 0050  0.6183653456858705E-003
 0051  0.6168956434359755E-003
 0052  0.6150865477460311E-003
 0053  0.6150865477460311E-003
 0054  0.6128376697292014E-003
 0055  0.6128376697292013E-003
 0056  0.6106410149101006E-003
 0057  0.6079910532485286E-003
 0058  0.6079910532485286E-003
 0059  0.6047638680618250E-003
 0060  0.6047638680618250E-003
 0061  0.6016116242142479E-003
 0062  0.5980006948732964E-003
 0063  0.5980006948732964E-003
 0064  0.5937494262120155E-003
 0065  0.5937494262120156E-003
 0066  0.5887966632030977E-003
 0067  0.5841633042014834E-003
 0068  0.5841633042014833E-003
 0069  0.5787049524550293E-003
 0070  0.5726514769078261E-003
 0071  0.5726514769078260E-003
 0072  0.5656256067723710E-003
 0073  0.5590951989728136E-003
 0074  0.5590951989728135E-003
 0075  0.5514936054184032E-003
 0076  0.5432679771578849E-003
 0077  0.5344972019804357E-003
 0078  0.5344972019804357E-003
 0079  0.5247438343228982E-003
 0080  0.5145965093672914E-003
 0081  0.5145965093672914E-003
 0082  0.5046848244746894E-003
 0083  0.4942966739493475E-003
 0084  0.4835084606693825E-003
 0085  0.4835084606693826E-003
 0086  0.4716644345982093E-003
 0087  0.4595925573033922E-003
 0088  0.4464555573346154E-003
 0089  0.4464555573346154E-003
 0090  0.4327662488006620E-003
 0091  0.4194997558536217E-003
 0092  0.4066074981540250E-003
 0093  0.3940491426228210E-003
 0094  0.3817907648397139E-003
 0095  0.3817907648397140E-003
 0096  0.3687840152408469E-003
 0097  0.3561112502868983E-003
 0098  0.3437367217425323E-003
 0099  0.3316292896876676E-003
 0100  0.3084029007586051E-003
 0101  0.2973467495877719E-003
 0102  0.2865636993043724E-003
 0103  0.2760555382838264E-003
 0104  0.2658233178786097E-003
 0105  0.2558673952693537E-003
 0106  0.2461874770767326E-003
 0107  0.2367677383656216E-003
 0108  0.2276108691382726E-003
 0109  0.2187181528575522E-003
 0110  0.2096964493651285E-003
 0111  0.1933421862610901E-003
 0112  0.1859110202529531E-003
 0113  0.1787195145917000E-003
 0114  0.1717556471145605E-003
 0115  0.1650162744705872E-003
 0116  0.1584978964397425E-003
 0117  0.1521967059286765E-003
 0118  0.1458871850564302E-003
 0119  0.1398285443621006E-003
 0120  0.1340068085377253E-003
 0121  0.1234443242533282E-003
 0122  0.1186443093814467E-003
 0123  0.1140095295062326E-003
 0124  0.1095358100190706E-003
 0125  0.1052189622990498E-003
 0126  0.1009271274321902E-003
 0127  0.9680449137492337E-004
 0128  0.9284472326237800E-004
 0129  0.8904169421908883E-004
 0130  0.8212899251812611E-004
 0131  0.7898272082896353E-004
 0132  0.7586606210997731E-004
 0133  0.7286952532562820E-004
 0134  0.6998862526860905E-004
 0135  0.6721903723712156E-004
 0136  0.6455659159930573E-004
 0137  0.6199635275456444E-004
 0138  0.5953463742095618E-004
 0139  0.5499439441068578E-004
 0140  0.5290218281082612E-004
 0141  0.5088826245076184E-004
 0142  0.4894921449574785E-004
 0143  0.4708237811627873E-004
 0144  0.4528517880284108E-004
 0145  0.4355512613215331E-004
 0146  0.4032555679867969E-004
 0147  0.3885040924443102E-004
 0148  0.3742830304230366E-004
 0149  0.3605739087849049E-004
 0150  0.3473588465837838E-004
 0151  0.3343847106157355E-004
 0152  0.3219030448195196E-004
 0153  0.3098947777988410E-004
 0154  0.2878827601235034E-004
 0155  0.2777838342375819E-004
 0156  0.2680329240551639E-004
 0157  0.2584626685439437E-004
 0158  0.2492382810165273E-004
 0159  0.2403471448061434E-004
 0160  0.2317771015491295E-004
 0161  0.2158878084211326E-004
 0162  0.2085226368214687E-004
 0163  0.2014117364380059E-004
 0164  0.1945462417663053E-004
 0165  0.1879175960446221E-004
 0166  0.1815167786503504E-004
 0167  0.1695304168385332E-004
 0168  0.1639997181808144E-004
 0169  0.1586510457908318E-004
 0170  0.1534783939038481E-004
 0171  0.1484108810842580E-004
 0172  0.1435156425353310E-004
 0173  0.1387866511142512E-004
 0174  0.1300310943779331E-004
 0175  0.1259264254256995E-004
 0176  0.1219549477861781E-004
 0177  0.1181119302971316E-004
 0178  0.1143931249840589E-004
 0179  0.1074456177412079E-004
 0180  0.1042005098373357E-004
 0181  0.1010558226089291E-004
 0182  0.9800838108344423E-005
 0183  0.9505492181895334E-005
 0184  0.9216208794534169E-005
 0185  0.8677592531273206E-005
 0186  0.8426755645592658E-005
 0187  0.8180889857507831E-005
 0188  0.7942461967135132E-005
 0189  0.7711239364317942E-005
 0190  0.7277409877457839E-005
 0191  0.7073897741264669E-005
 0192  0.6876268798952081E-005
 0193  0.6684347998709228E-005
 0194  0.6497957529470598E-005
 0195  0.6145792797927931E-005
 0196  0.5980968111510443E-005
 0197  0.5819340108872539E-005
 0198  0.5662269859083897E-005
 0199  0.5509623943520021E-005
 0200  0.5222055207895472E-005
 0201  0.5086604458542285E-005
 0202  0.4954810394968820E-005
 0203  0.4826570876370898E-005
 0204  0.4700819640951154E-005
 0205  0.4464404813605933E-005
 0206  0.4352433007458068E-005
 0207  0.4243406292753545E-005
 0208  0.4137241322304711E-005
 0209  0.3936480448092479E-005
 0210  0.3841560476811348E-005
 0211  0.3749033453647339E-005
 0212  0.3658226024602908E-005
 0213  0.3486811951401192E-005
 0214  0.3405369569675813E-005
 0215  0.3325929022500601E-005
 0216  0.3248439020730232E-005
 0217  0.3172377681115701E-005
 0218  0.3028559221275259E-005
 0219  0.2960149643277023E-005
 0220  0.2893374490112323E-005
 0221  0.2766506432148313E-005
 0222  0.2706240134176268E-005
 0223  0.2647359078923480E-005
 0224  0.2589508460625874E-005
 0225  0.2479742219310687E-005
 0226  0.2427381532349275E-005
 0227  0.2376192888218128E-005
 0228  0.2326148852725673E-005
 0229  0.2230536460632102E-005
 0230  0.2184879308369086E-005
 0231  0.2140217094102342E-005
 0232  0.2055006648290906E-005
 0233  0.2014360229183371E-005
 0234  0.1974380258697802E-005
 0235  0.1935248037193541E-005
 0236  0.1860334859922243E-005
 0237  0.1824646590586839E-005
 0238  0.1789532778976362E-005
 0239  0.1722388340073396E-005
 0240  0.1690287282468033E-005
 0241  0.1658694821289277E-005
 0242  0.1598219552761044E-005
 0243  0.1569276297401726E-005
 0244  0.1540895520482359E-005
 0245  0.1486389138793688E-005
 0246  0.1460222239839474E-005
 0247  0.1434551133579280E-005
 0248  0.1385205632716531E-005
 0249  0.1361495268028142E-005
 0250  0.1338222755978334E-005
 0251  0.1293373616062840E-005
 0252  0.1271844578752816E-005
 0253  0.1250631680270929E-005
 0254  0.1209864366249215E-005
 0255  0.1190276245077546E-005
 0256  0.1170969824792274E-005
 0257  0.1133832400244770E-005
 0258  0.1115917270864494E-005
 0259  0.1098310669937370E-005
 0260  0.1064362961026330E-005
 0261  0.1048000252857240E-005
 0262  0.1016427263930737E-005
 0263  0.1001197619433061E-005
 0264  0.9861764731612389E-006
 0265  0.9572139493383778E-006
 0266  0.9432156613719711E-006
 0267  0.9162043637276864E-006
 0268  0.9031404108723535E-006
 0269  0.8778824542038356E-006
 0270  0.8656744818523135E-006
 0271  0.8536250712784292E-006
 0272  0.8303157791944649E-006
 0273  0.8190433573177686E-006
 0274  0.7971989600670923E-006
 0275  0.7866172754039655E-006
 0276  0.7661444764798239E-006
 0277  0.7562210405697610E-006
 0278  0.7369706465410425E-006
 0279  0.7276355791911135E-006
 0280  0.7184145976287760E-006
 0281  0.7005539555603381E-006
 0282  0.6918885727559734E-006
 0283  0.6750631841632491E-006
 0284  0.6668964106756122E-006
 0285  0.6510323631318970E-006
 0286  0.6433289646380545E-006
 0287  0.6283589225907927E-006
 0288  0.6210752646441375E-006
 0289  0.6069166257732093E-006
 0290  0.5933814921985102E-006
 0291  0.5868009531509436E-006
 0292  0.5739890300839163E-006
 0293  0.5677535841395322E-006
 0294  0.5556177966648403E-006
 0295  0.5497058040433149E-006
 0296  0.5381957537102162E-006
 0297  0.5325871366628055E-006
 0298  0.5216579871013643E-006
 0299  0.5111735619146243E-006
 0300  0.5060616004672096E-006
 0301  0.4960885157272559E-006
 0302  0.4912248618108719E-006
 0303  0.4817387001552298E-006
 0304  0.4726165355692927E-006
 0305  0.4681653313860053E-006
 0306  0.4594709372689542E-006
 0307  0.4510999768378613E-006
 0308  0.4470116892942979E-006
 0309  0.4390227985763973E-006
 0310  0.4313254678544213E-006
 0311  0.4275644757166178E-006
 0312  0.4202070007024731E-006
 0313  0.4131109017337253E-006
 0314  0.4062622000625137E-006
 0315  0.4029108367087941E-006
 0316  0.3963533019245109E-006
 0317  0.3900176276382894E-006
 0318  0.3838931832989464E-006
 0319  0.3808943161107599E-006
 0320  0.3750197114046716E-006
 0321  0.3693354086305142E-006
 0322  0.3638342301448714E-006
 0323  0.3585091841069213E-006
 0324  0.3558988913123987E-006
 0325  0.3507794222047534E-006
 0326  0.3458186315384203E-006
 0327  0.3410100154310485E-006
 0328  0.3363475188323090E-006
 0329  0.3318243668950076E-006
 0330  0.3274350927867583E-006
 0331  0.3252805510276466E-006
 0332  0.3210486094907290E-006
 0333  0.3169393104491938E-006
 0334  0.3129476549064189E-006
 0335  0.3090691820375298E-006
 0336  0.3052992823646632E-006
 0337  0.3016412875898110E-006
 0338  0.2980936579766240E-006
 0339  0.2946518662436823E-006
 0340  0.2913116188996562E-006
 0341  0.2880688417727045E-006
 0342  0.2833959191649489E-006
 0343  0.2804019376430318E-006
 0344  0.2774916598827429E-006
 0345  0.2746619023239769E-006
 0346  0.2719096341038576E-006
 0347  0.2692319682663782E-006
 0348  0.2666261535601247E-006
 0349  0.2628593806631947E-006
 0350  0.2604385963886288E-006
 0351  0.2580802631139534E-006
 0352  0.2557821889158824E-006
 0353  0.2524545998272279E-006
 0354  0.2503124911752671E-006
 0355  0.2482231059419458E-006
 0356  0.2451939207930064E-006
 0357  0.2432415199671410E-006
 0358  0.2404084563037960E-006
 0359  0.2385808925973278E-006
 0360  0.2367956020646785E-006
 0361  0.2342021912756999E-006
 0362  0.2317119159765739E-006
 0363  0.2301029344365263E-006
 0364  0.2277626894059799E-006
 0365  0.2262495381757001E-006
 0366  0.2240471233027038E-006
 0367  0.2219272210493994E-006
 0368  0.2205549789840333E-006
 0369  0.2185554620998609E-006
 0370  0.2166282740178284E-006
 0371  0.2147698576534418E-006
 0372  0.2129768799978837E-006
 0373  0.2112462149863895E-006
 0374  0.2095749278989382E-006
 0375  0.2079602611369337E-006
 0376  0.2063996212373677E-006
 0377  0.2048905670016274E-006
 0378  0.2034307986297141E-006
 0379  0.2020181477626821E-006
 0380  0.2002076537040781E-006
 0381  0.1989019037214100E-006
 0382  0.1976366596008900E-006
 0383  0.1960126484715498E-006
 0384  0.1948396805657110E-006
 0385  0.1933326255053582E-006
 0386  0.1918895117652738E-006
 0387  0.1908456302962843E-006
 0388  0.1895024888502373E-006
 0389  0.1882142349754662E-006
 0390  0.1869779227119600E-006
 0391  0.1857908083429943E-006
 0392  0.1843739636095627E-006
 0393  0.1832911269106473E-006
 0394  0.1822496305472605E-006
 0395  0.1810042934901797E-006
 0396  0.1798194371776224E-006
 0397  0.1786913017238099E-006
 0398  0.1776164240566499E-006
 0399  0.1765916093400785E-006
 0400  0.1756139056242957E-006
 0401  0.1746805813078521E-006
 0402  0.1736165919958285E-006
 0403  0.1726106306745345E-006
 0404  0.1716587727072491E-006
 0405  0.1706126514024567E-006
 0406  0.1697673552743461E-006
 0407  0.1688368039514746E-006
 0408  0.1678426471356701E-006
 0409  0.1670287885044921E-006
 0410  0.1661576419822383E-006
 0411  0.1652478323478668E-006
 0412  0.1644064305474588E-006
 0413  0.1635448787424849E-006
 0414  0.1627537545544469E-006
 0415  0.1619573073203569E-006
 0416  0.1611063840017282E-006
 0417  0.1603429970354896E-006
 0418  0.1595583317690156E-006
 0419  0.1588212601100178E-006
 0420  0.1580620207909063E-006
 0421  0.1573169980732152E-006
 0422  0.1566155301522928E-006
 0423  0.1558990820551176E-006
 0424  0.1551957493757860E-006
 0425  0.1544927597711540E-006
 0426  0.1544418653921543E-006
 0427  0.1544418653921543E-006
 0428  0.1544418653921543E-006
 0429  0.1544418653921543E-006
 0430  0.1544418653921543E-006
 0431  0.1544418653921543E-006
 0432  0.1544418653921543E-006
 0433  0.1544418653921543E-006
 0434  0.1544418653921543E-006
 0435  0.1544418653921543E-006
 0436  0.1544418653921543E-006
 0437  0.1544418653921543E-006
 0438  0.1544418653921543E-006
 0439  0.1544418653921543E-006
 0440  0.1544418653921543E-006
 0441  0.1544418653921543E-006
 0442  0.1544418653921543E-006
 0443  0.1544418653921543E-006
 0444  0.1544418653921543E-006
 0445  0.1544418653921543E-006
 0446  0.1544418653921543E-006
 0447  0.1544418653921543E-006
 0448  0.1544418653921543E-006
 0449  0.1544418653921543E-006
 0450  0.1544418653921543E-006
 0451  0.1544418653921543E-006
 0452  0.1544418653921543E-006
 0453  0.1544418653921543E-006
 0454  0.1544418653921543E-006
 0455  0.1544418653921543E-006
 0456  0.1544418653921543E-006
 0457  0.1544418653921543E-006
 0458  0.1544418653921543E-006
 0459  0.1544418653921543E-006
 0460  0.1544418653921543E-006
 0461  0.1544418653921543E-006
 0462  0.1544418653921543E-006
 0463  0.1544418653921543E-006
 0464  0.1544418653921543E-006
 0465  0.1544418653921543E-006
 0466  0.1544418653921543E-006
 0467  0.1544418653921543E-006
 0468  0.1544418653921543E-006
 0469  0.1544418653921543E-006
 0470  0.1544418653921543E-006
 0471  0.1544418653921543E-006
 0472  0.1544418653921543E-006
 0473  0.1544418653921543E-006
 0474  0.1544418653921543E-006
 0475  0.1544418653921543E-006
 0476  0.1544418653921543E-006
 0477  0.1544418653921543E-006
 0478  0.1544418653921543E-006
 0479  0.1544418653921543E-006
 0480  0.1544418653921543E-006
 0481  0.1544418653921543E-006
 0482  0.1544418653921543E-006
 0483  0.1544418653921543E-006
 0484  0.1544418653921543E-006
 0485  0.1544418653921543E-006
 0486  0.1544418653921543E-006
 0487  0.1544418653921543E-006
 0488  0.1544418653921543E-006
 0489  0.1544418653921543E-006
 0490  0.1544418653921543E-006
 0491  0.1544418653921543E-006
 0492  0.1544418653921543E-006
 0493  0.1544418653921543E-006
 0494  0.1544418653921543E-006
 0495  0.1544418653921543E-006
 0496  0.1544418653921543E-006
 0497  0.1544418653921543E-006
 0498  0.1544418653921543E-006
 0499  0.1544418653921543E-006
 0500  0.1544418653921543E-006
 0501  0.1544418653921543E-006
 0502  0.1544418653921543E-006
 0503  0.1544418653921543E-006
 0504  0.1544418653921543E-006
 0505  0.1544418653921543E-006
 0506  0.1544418653921543E-006
 0507  0.1544418653921543E-006
 0508  0.1544418653921543E-006
 0509  0.1544418653921543E-006
 0510  0.1544418653921543E-006
 0511  0.1544418653921543E-006
 0512  0.1544418653921543E-006
 0513  0.1544418653921543E-006
 0514  0.1544418653921543E-006
 0515  0.1544418653921543E-006
 0516  0.1544418653921543E-006
 0517  0.1544418653921543E-006
 0518  0.1544418653921543E-006
 0519  0.1544418653921543E-006
 0520  0.1544418653921543E-006
 0521  0.1544418653921543E-006
 0522  0.1544418653921543E-006
 0523  0.1544418653921543E-006
 0524  0.1544418653921543E-006
 0525  0.1544418653921543E-006
 0526  0.1544418653921543E-006
 0527  0.1544418653921543E-006
 0528  0.1544418653921543E-006
 0529  0.1544418653921543E-006
 0530  0.1544418653921543E-006
 0531  0.1544418653921543E-006
 0532  0.1544418653921543E-006
 0533  0.1544418653921543E-006
 0534  0.1544418653921543E-006
 0535  0.1544418653921543E-006
 0536  0.1544418653921543E-006
 0537  0.1544418653921543E-006
 0538  0.1544418653921543E-006
 0539  0.1544418653921543E-006
 0540  0.1544418653921543E-006
 0541  0.1544418653921543E-006
 0542  0.1544418653921543E-006
 0543  0.1544418653921543E-006
 0544  0.1544418653921543E-006
 0545  0.1544418653921543E-006
 0546  0.1544418653921543E-006
 0547  0.1544418653921543E-006
 0548  0.1544418653921543E-006
 0549  0.1544418653921543E-006
 0550  0.1544418653921543E-006
 0551  0.1544418653921543E-006
 0552  0.1544418653921543E-006
 0553  0.1544418653921543E-006
 0554  0.1544418653921543E-006
 0555  0.1544418653921543E-006
 0556  0.1544418653921543E-006
 0557  0.1544418653921543E-006
 0558  0.1544418653921543E-006
 0559  0.1544418653921543E-006
 0560  0.1544418653921543E-006
 0561  0.1544418653921543E-006
 0562  0.1544418653921543E-006
 0563  0.1544418653921543E-006
 0564  0.1544418653921543E-006
 0565  0.1544418653921543E-006
 0566  0.1544418653921543E-006
 0567  0.1544418653921543E-006
 0568  0.1544418653921543E-006
 0569  0.1544418653921543E-006
 0570  0.1544418653921543E-006
 0571  0.1544418653921543E-006
 0572  0.1544418653921543E-006
 0573  0.1544418653921543E-006
 0574  0.1544418653921543E-006
 0575  0.1544418653921543E-006
 0576  0.1544418653921543E-006
 0577  0.1544418653921543E-006
 0578  0.1544418653921543E-006
 0579  0.1544418653921543E-006
 0580  0.1544418653921543E-006
 0581  0.1544418653921543E-006
 0582  0.1544418653921543E-006
 0583  0.1544418653921543E-006
 0584  0.1544418653921543E-006
 0585  0.1544418653921543E-006
 0586  0.1544418653921543E-006
 0587  0.1544418653921543E-006
 0588  0.1544418653921543E-006
 0589  0.1544418653921543E-006
 0590  0.1544418653921543E-006
 0591  0.1544418653921543E-006
 0592  0.1544418653921543E-006
 0593  0.1544418653921543E-006
 0594  0.1544418653921543E-006
 0595  0.1544418653921543E-006
 0596  0.1544418653921543E-006
 0597  0.1544418653921543E-006
 0598  0.1544418653921543E-006
 0599  0.1544418653921543E-006
 0600  0.1544418653921543E-006
 0601  0.1544418653921543E-006
 0602  0.1544418653921543E-006
 0603  0.1544418653921543E-006
 0604  0.1544418653921543E-006
 0605  0.1544418653921543E-006
 0606  0.1544418653921543E-006
 0607  0.1544418653921543E-006
 0608  0.1544418653921543E-006
 0609  0.1544418653921543E-006
 0610  0.1544418653921543E-006
 0611  0.1544418653921543E-006
 0612  0.1544418653921543E-006
 0613  0.1544418653921543E-006
 0614  0.1544418653921543E-006
 0615  0.1544418653921543E-006
 0616  0.1544418653921543E-006
 0617  0.1544418653921543E-006
 0618  0.1544418653921543E-006
 0619  0.1544418653921543E-006
 0620  0.1544418653921543E-006
 0621  0.1544418653921543E-006
 0622  0.1544418653921543E-006
 0623  0.1544418653921543E-006
 0624  0.1544418653921543E-006
 0625  0.1544418653921543E-006
 0626  0.1544418653921543E-006
 0627  0.1544418653921543E-006
 0628  0.1544418653921543E-006
 0629  0.1544418653921543E-006
 0630  0.1544418653921543E-006
 0631  0.1544418653921543E-006
 0632  0.1544418653921543E-006
 0633  0.1544418653921543E-006
 0634  0.1544418653921543E-006
 0635  0.1544418653921543E-006
 0636  0.1544418653921543E-006
 0637  0.1544418653921543E-006
 0638  0.1544418653921543E-006
 0639  0.1544418653921543E-006
 0640  0.1544418653921543E-006
 0641  0.1544418653921543E-006
 0642  0.1544418653921543E-006
 0643  0.1544418653921543E-006
 0644  0.1544418653921543E-006
 0645  0.1544418653921543E-006
 0646  0.1544418653921543E-006
 0647  0.1544418653921543E-006
 0648  0.1544418653921543E-006
 0649  0.1544418653921543E-006
 0650  0.1544418653921543E-006
 0651  0.1544418653921543E-006
 0652  0.1544418653921543E-006
 0653  0.1544418653921543E-006
 0654  0.1544418653921543E-006
 0655  0.1544418653921543E-006
 0656  0.1544418653921543E-006
 0657  0.1544418653921543E-006
 0658  0.1544418653921543E-006
 0659  0.1544418653921543E-006
 0660  0.1544418653921543E-006
 0661  0.1544418653921543E-006
 0662  0.1544418653921543E-006
 0663  0.1544418653921543E-006
 0664  0.1544418653921543E-006
 0665  0.1544418653921543E-006
 0666  0.1544418653921543E-006
 0667  0.1544418653921543E-006
 0668  0.1544418653921543E-006
 0669  0.1544418653921543E-006
 0670  0.1544418653921543E-006
 0671  0.1544418653921543E-006
 0672  0.1544418653921543E-006
 0673  0.1544418653921543E-006
 0674  0.1544418653921543E-006
 0675  0.1544418653921543E-006
 0676  0.1544418653921543E-006
 0677  0.1544418653921543E-006
 0678  0.1544418653921543E-006
 0679  0.1544418653921543E-006
 0680  0.1544418653921543E-006
 0681  0.1544418653921543E-006
 0682  0.1544418653921543E-006
 0683  0.1544418653921543E-006
 0684  0.1544418653921543E-006
 0685  0.1544418653921543E-006
 0686  0.1544418653921543E-006
 0687  0.1544418653921543E-006
 0688  0.1544418653921543E-006
 0689  0.1544418653921543E-006
 0690  0.1544418653921543E-006
 0691  0.1544418653921543E-006
 0692  0.1544418653921543E-006
 0693  0.1544418653921543E-006
 0694  0.1544418653921543E-006
 0695  0.1544418653921543E-006
 0696  0.1544418653921543E-006
 0697  0.1544418653921543E-006
 0698  0.1544418653921543E-006
 0699  0.1544418653921543E-006
 0700  0.1544418653921543E-006
 0701  0.1544418653921543E-006
 0702  0.1544418653921543E-006
 0703  0.1544418653921543E-006
 0704  0.1544418653921543E-006
 0705  0.1544418653921543E-006
 0706  0.1544418653921543E-006
 0707  0.1544418653921543E-006
 0708  0.1544418653921543E-006
 0709  0.1544418653921543E-006
 0710  0.1544418653921543E-006
 0711  0.1544418653921543E-006
 0712  0.1544418653921543E-006
 0713  0.1544418653921543E-006
 0714  0.1544418653921543E-006
 0715  0.1544418653921543E-006
 0716  0.1544418653921543E-006
 0717  0.1544418653921543E-006
 0718  0.1544418653921543E-006
 0719  0.1544418653921543E-006
 0720  0.1544418653921543E-006
 0721  0.1544418653921543E-006
 0722  0.1544418653921543E-006
 0723  0.1544418653921543E-006
 0724  0.1544418653921543E-006
 0725  0.1544418653921543E-006
 0726  0.1544418653921543E-006
 0727  0.1544418653921543E-006
 0728  0.1544418653921543E-006
 0729  0.1544418653921543E-006
 0730  0.1544418653921543E-006
 0731  0.1544418653921543E-006
 0732  0.1544418653921543E-006
 0733  0.1544418653921543E-006
 0734  0.1544418653921543E-006
 0735  0.1544418653921543E-006
 0736  0.1544418653921543E-006
 0737  0.1544418653921543E-006
 0738  0.1544418653921543E-006
 0739  0.1544418653921543E-006
 0740  0.1544418653921543E-006
 0741  0.1544418653921543E-006
 0742  0.1544418653921543E-006
 0743  0.1544418653921543E-006
 0744  0.1544418653921543E-006
 0745  0.1544418653921543E-006
 0746  0.1544418653921543E-006
 0747  0.1544418653921543E-006
 0748  0.1544418653921543E-006
 0749  0.1544418653921543E-006
 0750  0.1544418653921543E-006
 0751  0.1544418653921543E-006
 0752  0.1544418653921543E-006
 0753  0.1544418653921543E-006
 0754  0.1544418653921543E-006
 0755  0.1544418653921543E-006
 0756  0.1544418653921543E-006
 0757  0.1544418653921543E-006
 0758  0.1544418653921543E-006
 0759  0.1544418653921543E-006
 0760  0.1544418653921543E-006
 0761  0.1544418653921543E-006
 0762  0.1544418653921543E-006
 0763  0.1544418653921543E-006
 0764  0.1544418653921543E-006
 0765  0.1544418653921543E-006
 0766  0.1544418653921543E-006
 0767  0.1544418653921543E-006
 0768  0.1544418653921543E-006
 0769  0.1544418653921543E-006
 0770  0.1544418653921543E-006
 0771  0.1544418653921543E-006
 0772  0.1544418653921543E-006
 0773  0.1544418653921543E-006
 0774  0.1544418653921543E-006
 0775  0.1544418653921543E-006
 0776  0.1544418653921543E-006
 0777  0.1544418653921543E-006
 0778  0.1544418653921543E-006
 0779  0.1544418653921543E-006
 0780  0.1544418653921543E-006
 0781  0.1544418653921543E-006
 0782  0.1544418653921543E-006
 0783  0.1544418653921543E-006
 0784  0.1544418653921543E-006
 0785  0.1544418653921543E-006
 0786  0.1544418653921543E-006
 0787  0.1544418653921543E-006
 0788  0.1544418653921543E-006
 0789  0.1544418653921543E-006
 0790  0.1544418653921543E-006
 0791  0.1544418653921543E-006
 0792  0.1544418653921543E-006
 0793  0.1544418653921543E-006
 0794  0.1544418653921543E-006
 0795  0.1544418653921543E-006
 0796  0.1544418653921543E-006
 0797  0.1544418653921543E-006
 0798  0.1544418653921543E-006
 0799  0.1544418653921543E-006
 0800  0.1544418653921543E-006
 0801  0.1544418653921543E-006
 0802  0.1544418653921543E-006
 0803  0.1544418653921543E-006
 0804  0.1544418653921543E-006
 0805  0.1544418653921543E-006
 0806  0.1544418653921543E-006
 0807  0.1544418653921543E-006
 0808  0.1544418653921543E-006
 0809  0.1544418653921543E-006
 0810  0.1544418653921543E-006
 0811  0.1544418653921543E-006
 0812  0.1544418653921543E-006
 0813  0.1544418653921543E-006
 0814  0.1544418653921543E-006
 0815  0.1544418653921543E-006
 0816  0.1544418653921543E-006
 0817  0.1544418653921543E-006
 0818  0.1544418653921543E-006
 0819  0.1544418653921543E-006
 0820  0.1544418653921543E-006
 0821  0.1544418653921543E-006
 0822  0.1544418653921543E-006
 0823  0.1544418653921543E-006
 0824  0.1544418653921543E-006
 0825  0.1544418653921543E-006
 0826  0.1544418653921543E-006
 0827  0.1544418653921543E-006
 0828  0.1544418653921543E-006
 0829  0.1544418653921543E-006
 0830  0.1544418653921543E-006
 0831  0.1544418653921543E-006
 0832  0.1544418653921543E-006
 0833  0.1544418653921543E-006
 0834  0.1544418653921543E-006
 0835  0.1544418653921543E-006
 0836  0.1544418653921543E-006
 0837  0.1544418653921543E-006
 0838  0.1544418653921543E-006
 0839  0.1544418653921543E-006
 0840  0.1544418653921543E-006
 0841  0.1544418653921543E-006
 0842  0.1544418653921543E-006
 0843  0.1544418653921543E-006
 0844  0.1544418653921543E-006
 0845  0.1544418653921543E-006
 0846  0.1544418653921543E-006
 0847  0.1544418653921543E-006
 0848  0.1544418653921543E-006
 0849  0.1544418653921543E-006
 0850  0.1544418653921543E-006
 0851  0.1544418653921543E-006
 0852  0.1544418653921543E-006
 0853  0.1544418653921543E-006
 0854  0.1544418653921543E-006
 0855  0.1544418653921543E-006
 0856  0.1544418653921543E-006
 0857  0.1544418653921543E-006
 0858  0.1544418653921543E-006
 0859  0.1544418653921543E-006
 0860  0.1544418653921543E-006
 0861  0.1544418653921543E-006
 0862  0.1544418653921543E-006
 0863  0.1544418653921543E-006
 0864  0.1544418653921543E-006
 0865  0.1544418653921543E-006
 0866  0.1544418653921543E-006
 0867  0.1544418653921543E-006
 0868  0.1544418653921543E-006
 0869  0.1544418653921543E-006
 0870  0.1544418653921543E-006
 0871  0.1544418653921543E-006
 0872  0.1544418653921543E-006
 0873  0.1544418653921543E-006
 0874  0.1544418653921543E-006
 0875  0.1544418653921543E-006
 0876  0.1544418653921543E-006
 0877  0.1544418653921543E-006
 0878  0.1544418653921543E-006
 0879  0.1544418653921543E-006
 0880  0.1544418653921543E-006
 0881  0.1544418653921543E-006
 0882  0.1544418653921543E-006
 0883  0.1544418653921543E-006
 0884  0.1544418653921543E-006
 0885  0.1544418653921543E-006
 0886  0.1544418653921543E-006
 0887  0.1544418653921543E-006
 0888  0.1544418653921543E-006
 0889  0.1544418653921543E-006
 0890  0.1544418653921543E-006
 0891  0.1544418653921543E-006
 0892  0.1544418653921543E-006
 0893  0.1544418653921543E-006
 0894  0.1544418653921543E-006
 0895  0.1544418653921543E-006
 0896  0.1544418653921543E-006
 0897  0.1544418653921543E-006
 0898  0.1544418653921543E-006
 0899  0.1544418653921543E-006
 0900  0.1544418653921543E-006
 0901  0.1544418653921543E-006
 0902  0.1544418653921543E-006
 0903  0.1544418653921543E-006
 0904  0.1544418653921543E-006
 0905  0.1544418653921543E-006
 0906  0.1544418653921543E-006
 0907  0.1544418653921543E-006
 0908  0.1544418653921543E-006
 0909  0.1544418653921543E-006
 0910  0.1544418653921543E-006
 0911  0.1544418653921543E-006
 0912  0.1544418653921543E-006
 0913  0.1544418653921543E-006
 0914  0.1544418653921543E-006
 0915  0.1544418653921543E-006
 0916  0.1544418653921543E-006
 0917  0.1544418653921543E-006
 0918  0.1544418653921543E-006
 0919  0.1544418653921543E-006
 0920  0.1544418653921543E-006
 0921  0.1544418653921543E-006
 0922  0.1544418653921543E-006
 0923  0.1544418653921543E-006
 0924  0.1544418653921543E-006
 0925  0.1544418653921543E-006
 0926  0.1544418653921543E-006
 0927  0.1544418653921543E-006
 0928  0.1544418653921543E-006
 0929  0.1544418653921543E-006
 0930  0.1544418653921543E-006
 0931  0.1544418653921543E-006
 0932  0.1544418653921543E-006
 0933  0.1544418653921543E-006
 0934  0.1544418653921543E-006
 0935  0.1544418653921543E-006
 0936  0.1544418653921543E-006
 0937  0.1544418653921543E-006
 0938  0.1544418653921543E-006
 0939  0.1544418653921543E-006
 0940  0.1544418653921543E-006
 0941  0.1544418653921543E-006
 0942  0.1544418653921543E-006
 0943  0.1544418653921543E-006
 0944  0.1544418653921543E-006
 0945  0.1544418653921543E-006
 0946  0.1544418653921543E-006
 0947  0.1544418653921543E-006
 0948  0.1544418653921543E-006
 0949  0.1544418653921543E-006
 0950  0.1544418653921543E-006
 0951  0.1544418653921543E-006
 0952  0.1544418653921543E-006
 0953  0.1544418653921543E-006
 0954  0.1544418653921543E-006
 0955  0.1544418653921543E-006
 0956  0.1544418653921543E-006
 0957  0.1544418653921543E-006
 0958  0.1544418653921543E-006
 0959  0.1544418653921543E-006
 0960  0.1544418653921543E-006
 0961  0.1544418653921543E-006
 0962  0.1544418653921543E-006
 0963  0.1544418653921543E-006
 0964  0.1544418653921543E-006
 0965  0.1544418653921543E-006
 0966  0.1544418653921543E-006
 0967  0.1544418653921543E-006
 0968  0.1544418653921543E-006
 0969  0.1544418653921543E-006
 0970  0.1544418653921543E-006
 0971  0.1544418653921543E-006
 0972  0.1544418653921543E-006
 0973  0.1544418653921543E-006
 0974  0.1544418653921543E-006
 0975  0.1544418653921543E-006
 0976  0.1544418653921543E-006
 0977  0.1544418653921543E-006
 0978  0.1544418653921543E-006
 0979  0.1544418653921543E-006
 0980  0.1544418653921543E-006
 0981  0.1544418653921543E-006
 0982  0.1544418653921543E-006
 0983  0.1544418653921543E-006
 0984  0.1544418653921543E-006
 0985  0.1544418653921543E-006
 0986  0.1544418653921543E-006
 0987  0.1544418653921543E-006
 0988  0.1544418653921543E-006
 0989  0.1544418653921543E-006
 0990  0.1544418653921543E-006
 0991  0.1544418653921543E-006
 0992  0.1544418653921543E-006
 0993  0.1544418653921543E-006
 0994  0.1544418653921543E-006
 0995  0.1544418653921543E-006
 0996  0.1544418653921543E-006
 0997  0.1544418653921543E-006
 0998  0.1544418653921543E-006
 0999  0.1544418653921543E-006
 1000  0.1544418653921543E-006
