  2.9715439792E+011  5.8086943456E-011  3.5450213165E+028
  5.2254996414E+011  8.0425935926E-011  7.1173868626E+028
  7.1172626112E+011  9.9841930023E-011  1.0717307556E+029
  8.7028640901E+011  1.2350233487E-010  1.4344995940E+029
  1.0093621110E+012  1.4543480146E-010  1.8000666200E+029
  1.1325959176E+012  1.6907490632E-010  2.1684534171E+029
  1.2474019025E+012  1.8661283821E-010  2.5396817353E+029
  1.3554770859E+012  2.0361043176E-010  2.9137734926E+029
  1.4572777161E+012  2.2181200033E-010  3.2907507758E+029
  1.5547237352E+012  2.3760124240E-010  3.6706358422E+029
  1.6489491927E+012  2.5182417866E-010  4.0534511207E+029
  1.7387167666E+012  2.7074752961E-010  4.4392192133E+029
  1.8257642212E+012  2.8584112483E-010  4.8279628962E+029
  1.9100263774E+012  3.0219238016E-010  5.2197051215E+029
  1.9914539244E+012  3.1989672354E-010  5.6144690182E+029
  2.0706653169E+012  3.3628440632E-010  6.0122778936E+029
  2.1481917796E+012  3.5127578720E-010  6.4131552349E+029
  2.2232614993E+012  3.7077922291E-010  6.8171247106E+029
  2.2958439223E+012  3.9180800296E-010  7.2242101715E+029
  2.3675859042E+012  4.0491243769E-010  7.6344356526E+029
  2.4385489184E+012  4.1812449121E-010  8.0478253741E+029
  2.5084011968E+012  4.3383210890E-010  8.4644037430E+029
  2.5761000969E+012  4.5707579891E-010  8.8841953549E+029
  2.6421809803E+012  4.7801434674E-010  9.3072249948E+029
  2.7070647864E+012  4.9687213441E-010  9.7335176389E+029
  2.7714122724E+012  5.1129915385E-010  1.0163098456E+030
  2.8352638279E+012  5.2583745491E-010  1.0595992810E+030
  2.8984985965E+012  5.4183890451E-010  1.1032226258E+030
  2.9609462946E+012  5.5986906898E-010  1.1471824557E+030
  3.0220803520E+012  5.8349750982E-010  1.1914813661E+030
  3.0827016436E+012  6.0030173232E-010  1.2361219726E+030
  3.1428917088E+012  6.1678491877E-010  1.2811069106E+030
  3.2017675487E+012  6.4319174419E-010  1.3264388363E+030
  3.2595288333E+012  6.6862610581E-010  1.3721204260E+030
  3.3167198886E+012  6.8863667558E-010  1.4181543770E+030
  3.3733793700E+012  7.0880159522E-010  1.4645434070E+030
  3.4296105822E+012  7.2825879630E-010  1.5112902549E+030
  3.4855592144E+012  7.4634132383E-010  1.5583976808E+030
  3.5412499293E+012  7.6456332944E-010  1.6058684660E+030
  3.5958252550E+012  7.9549245482E-010  1.6537054131E+030
  3.6492280231E+012  8.2875880205E-010  1.7019113466E+030
  3.7022072350E+012  8.5153056703E-010  1.7504891126E+030
  3.7547920990E+012  8.7447798015E-010  1.7994415792E+030
  3.8070103085E+012  8.9760239624E-010  1.8487716366E+030
  3.8590252705E+012  9.1849186036E-010  1.8984821973E+030
  3.9108593648E+012  9.3949777320E-010  1.9485761963E+030
  3.9621190495E+012  9.6835628069E-010  1.9990565913E+030
  4.0123360234E+012  1.0074196737E-009  2.0499263626E+030
  4.0622317697E+012  1.0332576316E-009  2.1011885137E+030
  4.1118297004E+012  1.0592948884E-009  2.1528460712E+030
  4.1611166663E+012  1.0863106938E-009  2.2049020850E+030
  4.2099851421E+012  1.1164885688E-009  2.2573596286E+030
  4.2584628066E+012  1.1468992183E-009  2.3102217991E+030
  4.3067728611E+012  1.1727688912E-009  2.3634917176E+030
  4.3549788963E+012  1.1976917078E-009  2.4171725292E+030
  4.4030831756E+012  1.2231398816E-009  2.4712674033E+030
  4.4509488373E+012  1.2527352904E-009  2.5257795338E+030
  4.4985618583E+012  1.2834637370E-009  2.5807121391E+030
  4.5457994381E+012  1.3183869889E-009  2.6360684625E+030
  4.5926671040E+012  1.3541517740E-009  2.6918517724E+030
  4.6391418192E+012  1.3916233521E-009  2.7480653622E+030
  4.6852496583E+012  1.4293839641E-009  2.8047125509E+030
  4.7311291509E+012  1.4638145945E-009  2.8617966830E+030
  4.7768377194E+012  1.4972489694E-009  2.9193211289E+030
  4.8223920800E+012  1.5309412375E-009  2.9772892849E+030
  4.8678139495E+012  1.5647042148E-009  3.0357045734E+030
  4.9133255894E+012  1.5915075890E-009  3.0945704434E+030
  4.9589382927E+012  1.6185177089E-009  3.1538903705E+030
  5.0046634262E+012  1.6457361691E-009  3.2136678570E+030
  5.0503916183E+012  1.6775601606E-009  3.2739064321E+030
  5.0955983724E+012  1.7298410312E-009  3.3346096526E+030
  5.1404754707E+012  1.7762900979E-009  3.3957811023E+030
  5.1853602261E+012  1.8104218563E-009  3.4574243929E+030
  5.2302653525E+012  1.8448168873E-009  3.5195431640E+030
  5.2752034850E+012  1.8794772214E-009  3.5821410831E+030
  5.3200721274E+012  1.9192860481E-009  3.6452218461E+030
  5.3648435466E+012  1.9612494269E-009  3.7087891774E+030
  5.4095253095E+012  2.0038904580E-009  3.7728468300E+030
  5.4540840698E+012  2.0490850076E-009  3.8373985861E+030
  5.4985361708E+012  2.0946281616E-009  3.9024482568E+030
  5.5428865792E+012  2.1410484908E-009  3.9679996827E+030
  5.5871400732E+012  2.1883708390E-009  4.0340567342E+030
  5.6313124316E+012  2.2360582043E-009  4.1006233113E+030
  5.6752681193E+012  2.2919108392E-009  4.1677033442E+030
  5.7189462633E+012  2.3525014221E-009  4.2353007935E+030
  5.7623689837E+012  2.4135593656E-009  4.3034196500E+030
  5.8058122291E+012  2.4606580129E-009  4.3720639358E+030
  5.8493916158E+012  2.5022606439E-009  4.4412377035E+030
  5.8931191830E+012  2.5441841733E-009  4.5109450375E+030
  5.9370071484E+012  2.5864310764E-009  4.5811900532E+030
  5.9809507364E+012  2.6359711279E-009  4.6519768980E+030
  6.0247483065E+012  2.6990115770E-009  4.7233097513E+030
  6.0682788448E+012  2.7713290611E-009  4.7951928248E+030
  6.1112848699E+012  2.8626279290E-009  4.8676303623E+030
  6.1538028954E+012  2.9546310232E-009  4.9406266409E+030
  6.1963776138E+012  3.0110175244E-009  5.0141859702E+030
  6.2390752511E+012  3.0640510474E-009  5.0883126933E+030
  6.2819084866E+012  3.1174936401E-009  5.1630111868E+030
  6.3248901684E+012  3.1713484579E-009  5.2382858610E+030
  6.3680333409E+012  3.2256186803E-009  5.3141411602E+030
  6.4111590719E+012  3.2948305052E-009  5.3905815629E+030
  6.4542214220E+012  3.3693693216E-009  5.4676115824E+030
  6.4972191449E+012  3.4459363955E-009  5.5452357666E+030
  6.5401193875E+012  3.5271744322E-009  5.6234586986E+030
  6.5829403048E+012  3.6090390917E-009  5.7022849967E+030
  6.6256299169E+012  3.6975245912E-009  5.7817193149E+030
  6.6681793782E+012  3.7891852322E-009  5.8617663432E+030
  6.7106083804E+012  3.8815528901E-009  5.9424308077E+030
  6.7531024571E+012  3.9591749511E-009  6.0237174708E+030
  6.7956874162E+012  4.0363921045E-009  6.1056311319E+030
  6.8383783435E+012  4.1142048661E-009  6.1881766273E+030
  6.8808641054E+012  4.2245958182E-009  6.2713588306E+030
  6.9229684795E+012  4.3562111680E-009  6.3551826529E+030
  6.9648328483E+012  4.4771001347E-009  6.4396530433E+030
  7.0066304022E+012  4.5826424277E-009  6.5247749892E+030
  7.0483794618E+012  4.6889988124E-009  6.6105535161E+030
  7.0900980252E+012  4.7961755684E-009  6.6969936887E+030
  7.1318601532E+012  4.8976119114E-009  6.7841006104E+030
  7.1737431214E+012  4.9926268658E-009  6.8718794242E+030
  7.2157627312E+012  5.0883747103E-009  6.9603353126E+030
  7.2579350038E+012  5.1848610978E-009  7.0494734981E+030
  7.3000927603E+012  5.3049066400E-009  7.1392992438E+030
  7.3421545824E+012  5.4387367103E-009  7.2298178529E+030
  7.3839622835E+012  5.5973484622E-009  7.3210346699E+030
  7.4253770038E+012  5.7800930734E-009  7.4129550802E+030
  7.4664758334E+012  5.9580499540E-009  7.5055845110E+030
  7.5075915611E+012  6.0924907783E-009  7.5989284314E+030
  7.5487424665E+012  6.2279686009E-009  7.6929923523E+030
  7.5899467663E+012  6.3644914205E-009  7.7877818276E+030
  7.6312226730E+012  6.5020672976E-009  7.8833024536E+030
  7.6725211270E+012  6.6514454243E-009  7.9795598702E+030
  7.7138467978E+012  6.8043850448E-009  8.0765597603E+030
  7.7552193247E+012  6.9585043524E-009  8.1743078511E+030
  7.7965736148E+012  7.1282663744E-009  8.2728099138E+030
  7.8378747753E+012  7.3091791859E-009  8.3720717640E+030
  7.8791450751E+012  7.4915057938E-009  8.4720992623E+030
  7.9202902532E+012  7.6967562772E-009  8.5728983144E+030
  7.9613353091E+012  7.9035899433E-009  8.6744748718E+030
  8.0023586450E+012  8.1014176681E-009  8.7768349315E+030
  8.0434598904E+012  8.2853029214E-009  8.8799845371E+030
  8.0846598462E+012  8.4706065584E-009  8.9839297787E+030
  8.1257024202E+012  8.7152805451E-009  9.0886767933E+030
  8.1663495571E+012  9.0199390105E-009  9.1942317654E+030
  8.2068029785E+012  9.2897754195E-009  9.3006009271E+030
  8.2472678048E+012  9.5204233885E-009  9.4077905585E+030
  8.2877668055E+012  9.7528504416E-009  9.5158069883E+030
  8.3283226685E+012  9.9870703015E-009  9.6246565939E+030
  8.3689408379E+012  1.0227401171E-008  9.7343458020E+030
  8.4096428981E+012  1.0469964244E-008  9.8448810887E+030
  8.4504190901E+012  1.0722984859E-008  9.9562689803E+030
  8.4910160254E+012  1.1052252402E-008  1.0068516053E+031
  8.5314728495E+012  1.1381900720E-008  1.0181628935E+031
  8.5718827371E+012  1.1695960688E-008  1.0295614303E+031
  8.6122729821E+012  1.2012443131E-008  1.0410478888E+031
  8.6523643291E+012  1.2424662443E-008  1.0526229471E+031
  8.6920270582E+012  1.2893831500E-008  1.0642872888E+031
  8.7314600912E+012  1.3315027515E-008  1.0760416023E+031
  8.7710294720E+012  1.3625334380E-008  1.0878865818E+031
  8.8107593928E+012  1.3938034772E-008  1.0998229265E+031
  8.8506745190E+012  1.4253147153E-008  1.1118513413E+031
  8.8907905237E+012  1.4574134689E-008  1.1239725362E+031
  8.9310829937E+012  1.4916048856E-008  1.1361872270E+031
  8.9714338859E+012  1.5314902435E-008  1.1484961348E+031
  9.0112206339E+012  1.5971735396E-008  1.1608999864E+031
  9.0505936653E+012  1.6595707481E-008  1.1733995140E+031
  9.0896017013E+012  1.7224492522E-008  1.1859954557E+031
  9.1287420503E+012  1.7654061106E-008  1.1986885551E+031
  9.1680813915E+012  1.8069235031E-008  1.2114795618E+031
  9.2076477771E+012  1.8487611366E-008  1.2243692308E+031
  9.2472863888E+012  1.8995932142E-008  1.2373583232E+031
  9.2866782566E+012  1.9679903384E-008  1.2504476059E+031
  9.3259932033E+012  2.0304134446E-008  1.2636378517E+031
  9.3652951807E+012  2.0918561496E-008  1.2769298394E+031
  9.4045247859E+012  2.1588884839E-008  1.2903243537E+031
  9.4436924517E+012  2.2279434928E-008  1.3038221855E+031
  9.4825102187E+012  2.3165729039E-008  1.3174241317E+031
  9.5210195002E+012  2.4064792937E-008  1.3311309954E+031
  9.5596148727E+012  2.4749423603E-008  1.3449435859E+031
  9.5983304957E+012  2.5439335111E-008  1.3588627187E+031
  9.6370895207E+012  2.6208835218E-008  1.3728892155E+031
  9.6755466331E+012  2.7249396760E-008  1.3870239046E+031
  9.7137815775E+012  2.8277200609E-008  1.4012676204E+031
  9.7518719741E+012  2.9289821888E-008  1.4156212039E+031
  9.7898614198E+012  3.0310594187E-008  1.4300855027E+031
  9.8277860489E+012  3.1344686717E-008  1.4446613706E+031
  9.8656880056E+012  3.2386755634E-008  1.4593496682E+031
  9.9035728993E+012  3.3468193060E-008  1.4741512629E+031
  9.9414457690E+012  3.4591504838E-008  1.4890670284E+031
  9.9793554668E+012  3.5718058701E-008  1.5040978454E+031
  1.0017363550E+013  3.6835271771E-008  1.5192446014E+031
  1.0055261217E+013  3.8209616515E-008  1.5345081907E+031
  1.0092697141E+013  4.0013291177E-008  1.5498895144E+031
  1.0130027242E+013  4.1514964515E-008  1.5653894806E+031
  1.0167301475E+013  4.3028220886E-008  1.5810090046E+031
  1.0204419877E+013  4.4729459199E-008  1.5967490085E+031
  1.0241435312E+013  4.6444968952E-008  1.6126104216E+031
  1.0278256517E+013  4.8358903601E-008  1.6285941804E+031
  1.0314936848E+013  5.0292660730E-008  1.6447012287E+031
  1.0351582739E+013  5.2169361438E-008  1.6609325173E+031
  1.0388251490E+013  5.4052835589E-008  1.6772890046E+031
  1.0424755959E+013  5.6311336540E-008  1.6937716563E+031
  1.0461050425E+013  5.8755120092E-008  1.7103814456E+031
  1.0497156144E+013  6.1287155999E-008  1.7271193532E+031
  1.0533133922E+013  6.3841439163E-008  1.7439863672E+031
  1.0569051341E+013  6.6402146799E-008  1.7609834835E+031
  1.0604967413E+013  6.8981901552E-008  1.7781117057E+031
  1.0640943284E+013  7.1575442521E-008  1.7953720450E+031
  1.0676888113E+013  7.4491425825E-008  1.8127655206E+031
  1.0712311165E+013  7.8620234930E-008  1.8302931592E+031
  1.0747710251E+013  8.1850033922E-008  1.8479559959E+031
  1.0783082600E+013  8.5261308876E-008  1.8657550734E+031
  1.0818264468E+013  8.9266687106E-008  1.8836914426E+031
  1.0853374336E+013  9.3186919411E-008  1.9017661625E+031
  1.0888187345E+013  9.7945606712E-008  1.9199803003E+031
  1.0922006160E+013  1.0507130170E-007  1.9383349313E+031
  1.0955887567E+013  1.0930557659E-007  1.9568311393E+031
  1.0989895806E+013  1.1357251221E-007  1.9754700162E+031
  1.1024069728E+013  1.1796217467E-007  1.9942526626E+031
  1.1057876748E+013  1.2451949845E-007  2.0131801874E+031
  1.1091441780E+013  1.3100924476E-007  2.0322537080E+031
  1.1124866678E+013  1.3748591815E-007  2.0514743507E+031
  1.1158417102E+013  1.4323813889E-007  2.0708432503E+031
  1.1191917544E+013  1.5012639723E-007  2.0903615502E+031
  1.1225102839E+013  1.5868549017E-007  2.1100304030E+031
  1.1258557840E+013  1.6493389965E-007  2.1298509698E+031
  1.1291226193E+013  1.7706579920E-007  2.1498244209E+031
  1.1323431940E+013  1.8829158940E-007  2.1699519356E+031
  1.1355546124E+013  1.9804525826E-007  2.1902347022E+031
  1.1387689824E+013  2.0768214898E-007  2.2106739183E+031
  1.1420003866E+013  2.1705116478E-007  2.2312707906E+031
  1.1451885628E+013  2.3130243511E-007  2.2520265351E+031
  1.1483140896E+013  2.4811575080E-007  2.2729423774E+031
  1.1514272694E+013  2.6206200786E-007  2.2940195523E+031
  1.1545339770E+013  2.7649765024E-007  2.3152593043E+031
  1.1576355034E+013  2.9187036442E-007  2.3366628873E+031
  1.1607226103E+013  3.0929223804E-007  2.3582315651E+031
  1.1637509873E+013  3.3272599728E-007  2.3799666111E+031
  1.1667358818E+013  3.5634438164E-007  2.4018693086E+031
  1.1697098391E+013  3.7779500008E-007  2.4239409508E+031
  1.1727029814E+013  3.9698842901E-007  2.4461828407E+031
  1.1756168716E+013  4.3156663344E-007  2.4685962916E+031
  1.1785259339E+013  4.5772306689E-007  2.4911826269E+031
  1.1813837873E+013  4.9372160546E-007  2.5139431799E+031
  1.1842361914E+013  5.2458577005E-007  2.5368792946E+031
  1.1870940796E+013  5.5599173176E-007  2.5599923252E+031
  1.1898767998E+013  6.0681249317E-007  2.5832836362E+031
  1.1926350938E+013  6.5087638629E-007  2.6067546028E+031
  1.1953868810E+013  6.9445576253E-007  2.6304066108E+031
  1.1981168080E+013  7.4605521986E-007  2.6542410566E+031
  1.2008068540E+013  8.0768173071E-007  2.6782593474E+031
  1.2034632511E+013  8.7329243299E-007  2.7024629013E+031
  1.2061224612E+013  9.3271375765E-007  2.7268531473E+031
  1.2087029725E+013  1.0285987556E-006  2.7514315255E+031
  1.2112138797E+013  1.1313774714E-006  2.7761994870E+031
  1.2136905937E+013  1.2282916711E-006  2.8011584941E+031
  1.2161139146E+013  1.3453902859E-006  2.8263100205E+031
  1.2184348306E+013  1.5053651517E-006  2.8516555511E+031
  1.2206971450E+013  1.6545764889E-006  2.8771965823E+031
  1.2228318708E+013  1.8773577397E-006  2.9029346222E+031
  1.2249228917E+013  2.0508155599E-006  2.9288711903E+031
  1.2269466333E+013  2.2678601265E-006  2.9550078180E+031
  1.2288440619E+013  2.5859410807E-006  2.9813460484E+031
  1.2306956246E+013  2.8304738587E-006  3.0078874366E+031
  1.2324777520E+013  3.1406420765E-006  3.0346335496E+031
  1.2342007434E+013  3.4678099804E-006  3.0615859666E+031
  1.2358301715E+013  3.9110172365E-006  3.0887462788E+031
  1.2374024331E+013  4.3186582989E-006  3.1161160898E+031
  1.2389136078E+013  4.7848624805E-006  3.1436970156E+031
  1.2403844401E+013  5.2334617102E-006  3.1714906846E+031
  1.2418115568E+013  5.7416018224E-006  3.1994987377E+031
  1.2431530580E+013  6.4954182926E-006  3.2277228287E+031
  1.2444596994E+013  7.0848847830E-006  3.2561646239E+031
  1.2457305070E+013  7.7390182610E-006  3.2848258025E+031
  1.2469489160E+013  8.5714589932E-006  3.3137080568E+031
  1.2480981086E+013  9.6381529277E-006  3.3428130919E+031
  1.2492283394E+013  1.0386742324E-005  3.3721426263E+031
  1.2503275282E+013  1.1321464415E-005  3.4016983917E+031
  1.2513955359E+013  1.2349871986E-005  3.4314821330E+031
  1.2524291311E+013  1.3521564640E-005  3.4614956088E+031
  1.2534416722E+013  1.4624077123E-005  3.4917405910E+031
  1.2544242921E+013  1.5965995445E-005  3.5222188654E+031
  1.2553576230E+013  1.7795466268E-005  3.5529322315E+031
  1.2562703932E+013  1.9252049469E-005  3.5838825026E+031
  1.2571734395E+013  2.0596307428E-005  3.6150715060E+031
  1.2580418467E+013  2.2669093571E-005  3.6465010833E+031
  1.2588921733E+013  2.4496683260E-005  3.6781730900E+031
  1.2597152007E+013  2.6777151151E-005  3.7100893961E+031
  1.2605277510E+013  2.8697599028E-005  3.7422518860E+031
  1.2613242193E+013  3.0989692810E-005  3.7746624586E+031
  1.2621045610E+013  3.3487712167E-005  3.8073230275E+031
  1.2628694815E+013  3.6177286038E-005  3.8402355211E+031
  1.2636130150E+013  3.9413904332E-005  3.8734018824E+031
  1.2643346552E+013  4.2996539467E-005  3.9068240697E+031
  1.2650421133E+013  4.6435769387E-005  3.9405040563E+031
  1.2657421297E+013  4.9710766776E-005  3.9744438307E+031
  1.2664347870E+013  5.3255355910E-005  4.0086453967E+031
  1.2671023394E+013  5.8581319415E-005  4.0431107737E+031
  1.2677691787E+013  6.2190346455E-005  4.0778419965E+031
  1.2684187748E+013  6.7744177757E-005  4.1128411158E+031
  1.2690644262E+013  7.2361367218E-005  4.1481101979E+031
  1.2696868343E+013  7.9713638838E-005  4.1836513251E+031
  1.2703054178E+013  8.5195780617E-005  4.2194665959E+031
  1.2708908761E+013  9.5596370651E-005  4.2555581249E+031
  1.2714670634E+013  1.0310313008E-004  4.2919280428E+031
  1.2720132767E+013  1.1539370746E-004  4.3285784972E+031
  1.2725276794E+013  1.2979616805E-004  4.3655116518E+031
  1.2730265661E+013  1.4162279900E-004  4.4027296872E+031
  1.2735060304E+013  1.5585532574E-004  4.4402348009E+031
  1.2739616858E+013  1.7327778332E-004  4.4780292071E+031
  1.2743880792E+013  1.9532614990E-004  4.5161151375E+031
  1.2747811883E+013  2.2297569925E-004  4.5544948404E+031
  1.2751519890E+013  2.4827107143E-004  4.5931705821E+031
  1.2755069843E+013  2.7201623837E-004  4.6321446459E+031
  1.2758442204E+013  3.0002711877E-004  4.6714193330E+031
  1.2761525892E+013  3.4313479871E-004  4.7109969621E+031
  1.2764482266E+013  3.7363945009E-004  4.7508798700E+031
  1.2767250366E+013  4.1606453931E-004  4.7910704114E+031
  1.2769765229E+013  4.7648082211E-004  4.8315709592E+031
  1.2772157083E+013  5.2030071535E-004  4.8723839046E+031
  1.2774440488E+013  5.6546330525E-004  4.9135116574E+031
  1.2776564424E+013  6.2992711730E-004  4.9549566457E+031
  1.2778552294E+013  6.9635449329E-004  4.9967213165E+031
  1.2780439671E+013  7.5792689837E-004  5.0388081356E+031
  1.2782245229E+013  8.1800783051E-004  5.0812195879E+031
  1.2783964013E+013  8.8648204617E-004  5.1239581775E+031
  1.2785564503E+013  9.8102130078E-004  5.1670264276E+031
  1.2787093447E+013  1.0571222622E-003  5.2104268812E+031
  1.2788553806E+013  1.1384701443E-003  5.2541621006E+031
  1.2789951702E+013  1.2225478423E-003  5.2982346679E+031
  1.2791317725E+013  1.2854039464E-003  5.3426471854E+031
  1.2792655827E+013  1.3479170964E-003  5.3874022752E+031
  1.2793948723E+013  1.4325035159E-003  5.4325025797E+031
  1.2795167173E+013  1.5597665823E-003  5.4779507617E+031
  1.2796363190E+013  1.6296761129E-003  5.5237495044E+031
  1.2797535278E+013  1.7051783162E-003  5.5699015120E+031
  1.2798651332E+013  1.8354558133E-003  5.6164095093E+031
  1.2799736572E+013  1.9336681049E-003  5.6632762422E+031
  1.2800794434E+013  2.0315426403E-003  5.7105044778E+031
  1.2801830628E+013  2.1235141164E-003  5.7580970045E+031
  1.2802844392E+013  2.2218223614E-003  5.8060566322E+031
  1.2803828887E+013  2.3413269794E-003  5.8543861925E+031
  1.2804782868E+013  2.4718133033E-003  5.9030885389E+031
  1.2805707762E+013  2.6072865289E-003  5.9521665469E+031
  1.2806619254E+013  2.7049178010E-003  6.0016231140E+031
  1.2807520472E+013  2.7968420460E-003  6.0514611602E+031
  1.2808410335E+013  2.8955786435E-003  6.1016836282E+031
  1.2809282474E+013  3.0197821450E-003  6.1522934830E+031
  1.2810122937E+013  3.2019580519E-003  6.2032937127E+031
  1.2810939858E+013  3.3649055704E-003  6.2546873285E+031
  1.2811744219E+013  3.4900380284E-003  6.3064773647E+031
  1.2812536934E+013  3.6161356852E-003  6.3586668791E+031
  1.2813317819E+013  3.7480757373E-003  6.4112589530E+031
  1.2814087049E+013  3.8844028724E-003  6.4642566915E+031
  1.2814843431E+013  4.0324764852E-003  6.5176632237E+031
  1.2815582281E+013  4.2131997659E-003  6.5714817028E+031
  1.2816305994E+013  4.3890539253E-003  6.6257153063E+031
  1.2817019570E+013  4.5415734290E-003  6.6803672363E+031
  1.2817723702E+013  4.6952693794E-003  6.7354407193E+031
  1.2818419239E+013  4.8487215272E-003  6.7909390072E+031
  1.2819107156E+013  5.0005140961E-003  6.8468653765E+031
  1.2819787972E+013  5.1534775044E-003  6.9032231293E+031
  1.2820458593E+013  5.3357599044E-003  6.9600155929E+031
  1.2821118934E+013  5.5258769683E-003  7.0172461205E+031
  1.2821770315E+013  5.7119636470E-003  7.0749180911E+031
  1.2822413392E+013  5.8989028955E-003  7.1330349096E+031
  1.2823045503E+013  6.1179866163E-003  7.1916000075E+031
  1.2823666562E+013  6.3471312213E-003  7.2506168424E+031
  1.2824278215E+013  6.5684317570E-003  7.3100888988E+031
  1.2824881395E+013  6.7878275095E-003  7.3700196880E+031
  1.2825476681E+013  7.0085077517E-003  7.4304127484E+031
  1.2826069435E+013  7.1719011287E-003  7.4912716457E+031
  1.2826659883E+013  7.3365548270E-003  7.5525999730E+031
  1.2827247527E+013  7.5115628704E-003  7.6144013514E+031
  1.2827817720E+013  7.8874514321E-003  7.6766794296E+031
  1.2828377999E+013  8.1767599350E-003  7.7394378846E+031
  1.2828931361E+013  8.4325219438E-003  7.8026804218E+031
  1.2829478232E+013  8.6902567518E-003  7.8664107751E+031
  1.2830021080E+013  8.9159859607E-003  7.9306327072E+031
  1.2830561151E+013  9.1268896196E-003  7.9953500099E+031
  1.2831098654E+013  9.3394200664E-003  8.0605665041E+031
  1.2831632627E+013  9.5743142060E-003  8.1262860404E+031
  1.2832161625E+013  9.8420707029E-003  8.1925124990E+031
  1.2832683736E+013  1.0154627340E-002  8.2592497898E+031
  1.2833197222E+013  1.0513337749E-002  8.3265018533E+031
  1.2833703582E+013  1.0854421903E-002  8.3942726600E+031
  1.2834203615E+013  1.1189955418E-002  8.4625662112E+031
  1.2834697683E+013  1.1528393282E-002  8.5313865391E+031
  1.2835185754E+013  1.1878720552E-002  8.6007377069E+031
  1.2835668183E+013  1.2231750042E-002  8.6706238093E+031
  1.2836145296E+013  1.2587502596E-002  8.7410489723E+031
  1.2836619773E+013  1.2881689786E-002  8.8120173540E+031
  1.2837092437E+013  1.3160152507E-002  8.8835331445E+031
  1.2837563439E+013  1.3440763126E-002  8.9556005661E+031
  1.2838032922E+013  1.3723538213E-002  9.0282238738E+031
  1.2838495594E+013  1.4172089269E-002  9.1014073555E+031
  1.2838951784E+013  1.4626597246E-002  9.1751553318E+031
  1.2839402413E+013  1.5066665300E-002  9.2494721571E+031
  1.2839847935E+013  1.5505448324E-002  9.3243622192E+031
  1.2840288640E+013  1.5947615864E-002  9.3998299395E+031
  1.2840726100E+013  1.6344745382E-002  9.4758797739E+031
  1.2841161433E+013  1.6709420410E-002  9.5525162124E+031
  1.2841594786E+013  1.7076908329E-002  9.6297437797E+031
  1.2842026298E+013  1.7447230836E-002  9.7075670355E+031
  1.2842454378E+013  1.7891899435E-002  9.7859905746E+031
  1.2842878257E+013  1.8381704434E-002  9.8650190272E+031
  1.2843298171E+013  1.8875287504E-002  9.9446570593E+031
  1.2843712998E+013  1.9435132876E-002  1.0024909373E+032
  1.2844122775E+013  2.0011363535E-002  1.0105780706E+032
  1.2844527785E+013  2.0592038901E-002  1.0187275833E+032
  1.2844930565E+013  2.1058178571E-002  1.0269399566E+032
  1.2845332799E+013  2.1445702038E-002  1.0352156754E+032
  1.2845734575E+013  2.1836214636E-002  1.0435552283E+032
  1.2846135981E+013  2.2229739420E-002  1.0519591076E+032
  1.2846536248E+013  2.2674439765E-002  1.0604278096E+032
  1.2846929908E+013  2.3448336178E-002  1.0689618342E+032
  1.2847317676E+013  2.4208350331E-002  1.0775616853E+032
  1.2847703480E+013  2.4742853234E-002  1.0862278706E+032
  1.2848087448E+013  2.5281478981E-002  1.0949609018E+032
  1.2848469697E+013  2.5824259373E-002  1.1037612946E+032
  1.2848849357E+013  2.6439632092E-002  1.1126295684E+032
  1.2849224828E+013  2.7185043272E-002  1.1215662470E+032
  1.2849596339E+013  2.7936204121E-002  1.1305718579E+032
  1.2849965218E+013  2.8606903297E-002  1.1396469328E+032
  1.2850333132E+013  2.9162329806E-002  1.1487920076E+032
  1.2850700170E+013  2.9722040553E-002  1.1580076221E+032
  1.2851066419E+013  3.0286068582E-002  1.1672943205E+032
  1.2851431476E+013  3.0895480046E-002  1.1766526511E+032
  1.2851794874E+013  3.1558234920E-002  1.1860831665E+032
  1.2852156271E+013  3.2266183466E-002  1.1955864233E+032
  1.2852511153E+013  3.3408491232E-002  1.2051629827E+032
  1.2852860618E+013  3.4490430629E-002  1.2148134101E+032
  1.2853208329E+013  3.5238815930E-002  1.2245382753E+032
  1.2853554395E+013  3.5992973840E-002  1.2343381524E+032
  1.2853898920E+013  3.6752948884E-002  1.2442136201E+032
  1.2854241094E+013  3.7618080045E-002  1.2541652614E+032
  1.2854578739E+013  3.8751923898E-002  1.2641936638E+032
  1.2854912101E+013  3.9894513563E-002  1.2742994195E+032
  1.2855241493E+013  4.1035705370E-002  1.2844831251E+032
  1.2855567705E+013  4.2111208821E-002  1.2947453819E+032
  1.2855890902E+013  4.3195008079E-002  1.3050867958E+032
  1.2856211240E+013  4.4287167134E-002  1.3155079773E+032
  1.2856528865E+013  4.5387750467E-002  1.3260095417E+032
  1.2856844272E+013  4.6444947186E-002  1.3365921091E+032
  1.2857158836E+013  4.7320952702E-002  1.3472563042E+032
  1.2857472627E+013  4.8203715214E-002  1.3580027568E+032
  1.2857785713E+013  4.9093286842E-002  1.3688321012E+032
  1.2858098162E+013  4.9989720108E-002  1.3797449768E+032
  1.2858410037E+013  5.0893067938E-002  1.3907420281E+032
  1.2858721118E+013  5.1850792887E-002  1.4018239041E+032
  1.2859030844E+013  5.2922661346E-002  1.4129912594E+032
  1.2859339301E+013  5.4002797574E-002  1.4242447530E+032
  1.2859646571E+013  5.5091265345E-002  1.4355850496E+032
  1.2859950002E+013  5.6691660623E-002  1.4470128186E+032
  1.2860249453E+013  5.8371244061E-002  1.4585287348E+032
  1.2860545856E+013  5.9918445990E-002  1.4701334781E+032
  1.2860841269E+013  6.1083304198E-002  1.4818277335E+032
  1.2861135762E+013  6.2257147443E-002  1.4936121917E+032
  1.2861429403E+013  6.3440045032E-002  1.5054875483E+032
  1.2861721869E+013  6.4717488048E-002  1.5174545045E+032
  1.2862011369E+013  6.6428978517E-002  1.5295137668E+032
  1.2862298053E+013  6.8153670425E-002  1.5416660472E+032
  1.2862581237E+013  7.0094679477E-002  1.5539120633E+032
  1.2862860599E+013  7.2180219097E-002  1.5662525380E+032
  1.2863136340E+013  7.4281845355E-002  1.5786881999E+032
  1.2863409811E+013  7.6075969227E-002  1.5912197832E+032
  1.2863682519E+013  7.7487335939E-002  1.6038480279E+032
  1.2863954522E+013  7.8909589112E-002  1.6165736796E+032
  1.2864225875E+013  8.0342812718E-002  1.6293974895E+032
  1.2864496634E+013  8.1787091375E-002  1.6423202148E+032
  1.2864765305E+013  8.3719973311E-002  1.6553426184E+032
  1.2865031308E+013  8.5887034152E-002  1.6684654693E+032
  1.2865293583E+013  8.8469721686E-002  1.6816895423E+032
  1.2865549505E+013  9.2072213520E-002  1.6950156180E+032
  1.2865799500E+013  9.5702492876E-002  1.7084444833E+032
  1.2866046206E+013  9.8457172720E-002  1.7219769311E+032
  1.2866291542E+013  1.0051149843E-001  1.7356137603E+032
  1.2866535579E+013  1.0258167000E-001  1.7493557760E+032
  1.2866778382E+013  1.0466780968E-001  1.7632037897E+032
  1.2867020014E+013  1.0677004062E-001  1.7771586188E+032
  1.2867260538E+013  1.0888848694E-001  1.7912210874E+032
  1.2867498939E+013  1.1152086087E-001  1.8053920257E+032
  1.2867733158E+013  1.1522218177E-001  1.8196722703E+032
  1.2867963428E+013  1.1895205251E-001  1.8340626644E+032
  1.2868189965E+013  1.2271069329E-001  1.8485640577E+032
  1.2868414409E+013  1.2568817313E-001  1.8631773062E+032
  1.2868637240E+013  1.2846803035E-001  1.8779032728E+032
  1.2868858531E+013  1.3126932978E-001  1.8927428270E+032
  1.2869078353E+013  1.3409223680E-001  1.9076968448E+032
  1.2869296773E+013  1.3693691808E-001  1.9227662093E+032
  1.2869513602E+013  1.3996572270E-001  1.9379518100E+032
  1.2869728369E+013  1.4337836337E-001  1.9532545436E+032
  1.2869941168E+013  1.4681732717E-001  1.9686753136E+032
  1.2870152088E+013  1.5028281713E-001  1.9842150304E+032
  1.2870360705E+013  1.5414641158E-001  1.9998746115E+032
  1.2870566112E+013  1.5881822320E-001  2.0156549815E+032
  1.2870768471E+013  1.6352607046E-001  2.0315570721E+032
  1.2870967936E+013  1.6827023130E-001  2.0475818222E+032
  1.2871165749E+013  1.7209193188E-001  2.0637301779E+032
  1.2871362313E+013  1.7564723095E-001  2.0800030925E+032
  1.2871557681E+013  1.7922995352E-001  2.0964015270E+032
  1.2871751907E+013  1.8284031113E-001  2.1129264494E+032
  1.2871945039E+013  1.8647851693E-001  2.1295788355E+032
  1.2872133848E+013  1.9343648153E-001  2.1463596683E+032
  1.2872318258E+013  2.0081562700E-001  2.1632699387E+032
  1.2872498544E+013  2.0825169090E-001  2.1803106451E+032
  1.2872677305E+013  2.1291816011E-001  2.1974827936E+032
  1.2872855360E+013  2.1669951028E-001  2.2147873981E+032
  1.2873032742E+013  2.2051002759E-001  2.2322254802E+032
  1.2873209482E+013  2.2434993701E-001  2.2497980694E+032
  1.2873385611E+013  2.2821946526E-001  2.2675062034E+032
  1.2873561157E+013  2.3211884079E-001  2.2853509277E+032
  1.2873736151E+013  2.3604829383E-001  2.3033332957E+032
  1.2873909038E+013  2.4219557738E-001  2.3214543693E+032
  1.2874079827E+013  2.4851653217E-001  2.3397152182E+032
  1.2874248610E+013  2.5488624313E-001  2.3581169208E+032
  1.2874415934E+013  2.6059014177E-001  2.3766605633E+032
  1.2874582328E+013  2.6559094895E-001  2.3953472407E+032
  1.2874747828E+013  2.7063032945E-001  2.4141780562E+032
  1.2874912472E+013  2.7570858079E-001  2.4331541217E+032
  1.2875076293E+013  2.8082600280E-001  2.4522765575E+032
  1.2875237712E+013  2.8883638037E-001  2.4715464926E+032
  1.2875396280E+013  2.9795576119E-001  2.4909650648E+032
  1.2875552147E+013  3.0714548361E-001  2.5105334205E+032
  1.2875705448E+013  3.1640609019E-001  2.5302527152E+032
  1.2875858623E+013  3.2083609514E-001  2.5501241129E+032
  1.2876011734E+013  3.2520178830E-001  2.5701487871E+032
  1.2876164792E+013  3.2960115588E-001  2.5903279200E+032
  1.2876317814E+013  3.3403445762E-001  2.6106627029E+032
  1.2876470812E+013  3.3850195526E-001  2.6311543365E+032
  1.2876623799E+013  3.4300391258E-001  2.6518040306E+032
  1.2876776789E+013  3.4754059538E-001  2.6726130044E+032
  1.2876929438E+013  3.5293616636E-001  2.6935824866E+032
  1.2877079809E+013  3.6301806554E-001  2.7147137151E+032
  1.2877228011E+013  3.7317773062E-001  2.7360079376E+032
  1.2877374300E+013  3.8300771953E-001  2.7574664113E+032
  1.2877520125E+013  3.8925007299E-001  2.7790904032E+032
  1.2877665505E+013  3.9554057632E-001  2.8008811900E+032
  1.2877810461E+013  4.0187960093E-001  2.8228400582E+032
  1.2877955012E+013  4.0826752108E-001  2.8449683043E+032
  1.2878099178E+013  4.1470471393E-001  2.8672672348E+032
  1.2878242979E+013  4.2119155954E-001  2.8897381663E+032
  1.2878386372E+013  4.2790315893E-001  2.9123824255E+032
  1.2878529377E+013  4.3466936134E-001  2.9352013493E+032
  1.2878672012E+013  4.4148775431E-001  2.9581962850E+032
  1.2878814295E+013  4.4835874038E-001  2.9813685902E+032
  1.2878955990E+013  4.5610050779E-001  3.0047196331E+032
  1.2879096974E+013  4.6437982756E-001  3.0282507923E+032
  1.2879237275E+013  4.7272300919E-001  3.0519634572E+032
  1.2879377005E+013  4.8083816788E-001  3.0758590278E+032
  1.2879516261E+013  4.8875574625E-001  3.0999389149E+032
  1.2879655064E+013  4.9673439620E-001  3.1242045402E+032
  1.2879793433E+013  5.0477458881E-001  3.1486573364E+032
  1.2879931387E+013  5.1287679879E-001  3.1732987472E+032
  1.2880069187E+013  5.2013626906E-001  3.1981302275E+032
  1.2880206998E+013  5.2686804303E-001  3.2231532434E+032
  1.2880344830E+013  5.3365174198E-001  3.2483692723E+032
  1.2880482696E+013  5.4048776643E-001  3.2737798029E+032
  1.2880620606E+013  5.4737652000E-001  3.2993863356E+032
  1.2880758571E+013  5.5431840940E-001  3.3251903821E+032
  1.2880896602E+013  5.6131384448E-001  3.3511934660E+032
  1.2881034809E+013  5.6795269346E-001  3.3773971226E+032
  1.2881173226E+013  5.7454862697E-001  3.4038028989E+032
  1.2881311861E+013  5.8119543767E-001  3.4304123540E+032
  1.2881450724E+013  5.8789351800E-001  3.4572270589E+032
  1.2881589825E+013  5.9464326341E-001  3.4842485969E+032
  1.2881729174E+013  6.0144507243E-001  3.5114785632E+032
  1.2881868305E+013  6.1037136050E-001  3.5389185657E+032
  1.2882007120E+013  6.1987536858E-001  3.5665702243E+032
  1.2882145635E+013  6.2945268504E-001  3.5944351717E+032
  1.2882283869E+013  6.3910387534E-001  3.6225150532E+032
  1.2882421908E+013  6.4849739547E-001  3.6508115264E+032
  1.2882559832E+013  6.5766076369E-001  3.6793262622E+032
  1.2882697654E+013  6.6689481280E-001  3.7080609440E+032
  1.2882835388E+013  6.7620008798E-001  3.7370172684E+032
  1.2882973046E+013  6.8557713864E-001  3.7661969451E+032
  1.2883110643E+013  6.9502651840E-001  3.7956016968E+032
  1.2883248514E+013  7.0290923300E-001  3.8252332596E+032
  1.2883386753E+013  7.1040979670E-001  3.8550933830E+032
  1.2883525371E+013  7.1796821538E-001  3.8851838300E+032
  1.2883664378E+013  7.2558493530E-001  3.9155063772E+032
  1.2883803783E+013  7.3326040615E-001  3.9460628149E+032
  1.2883943597E+013  7.4099508113E-001  3.9768549471E+032
  1.2884083544E+013  7.5030514202E-001  4.0078845919E+032
  1.2884223159E+013  7.6228315800E-001  4.0391535813E+032
  1.2884362460E+013  7.7435356542E-001  4.0706637615E+032
  1.2884501465E+013  7.8651707693E-001  4.1024169929E+032
  1.2884640603E+013  7.9643040745E-001  4.1344151502E+032
  1.2884780209E+013  8.0455615615E-001  4.1666601226E+032
  1.2884920293E+013  8.1274458215E-001  4.1991538140E+032
  1.2885060865E+013  8.2099616889E-001  4.2318981427E+032
  1.2885201936E+013  8.2931140357E-001  4.2648950422E+032
  1.2885343345E+013  8.3870721236E-001  4.2981464605E+032
  1.2885483942E+013  8.5515175029E-001  4.3316543609E+032
  1.2885623762E+013  8.7172313181E-001  4.3654207218E+032
  1.2885763031E+013  8.8718297335E-001  4.3994475366E+032
  1.2885902376E+013  8.9888834180E-001  4.4337368145E+032
  1.2886041807E+013  9.1068399864E-001  4.4682905799E+032
  1.2886181340E+013  9.2257064031E-001  4.5031108730E+032
  1.2886320985E+013  9.3454896861E-001  4.5381997494E+032
  1.2886460756E+013  9.4661969076E-001  4.5735592811E+032
  1.2886600784E+013  9.5797639991E-001  4.6091915556E+032
  1.2886741198E+013  9.6860621338E-001  4.6450986767E+032
  1.2886882010E+013  9.7931801905E-001  4.6812827644E+032
  1.2887023232E+013  9.9011244935E-001  4.7177459550E+032
  1.2887164875E+013  1.0009901416E+000  4.7544904015E+032
  1.2887306951E+013  1.0119517380E+000  4.7915182733E+032
  1.2887449127E+013  1.0254606003E+000  4.8288317565E+032
  1.2887591356E+013  1.0395339645E+000  4.8664330541E+032
  1.2887733651E+013  1.0537158825E+000  4.9043243863E+032
  1.2887875906E+013  1.0689132955E+000  4.9425079901E+032
  1.2888017124E+013  1.0919843654E+000  4.9809861201E+032
  1.2888157349E+013  1.1152333921E+000  5.0197610479E+032
  1.2888296623E+013  1.1386617482E+000  5.0588350629E+032
  1.2888435082E+013  1.1614722387E+000  5.0982104721E+032
  1.2888573806E+013  1.1755591781E+000  5.1378896002E+032
  1.2888712809E+013  1.1897547759E+000  5.1778747901E+032
  1.2888852102E+013  1.2040598704E+000  5.2181684024E+032
  1.2888991698E+013  1.2184753060E+000  5.2587728162E+032
  1.2889131609E+013  1.2330019338E+000  5.2996904288E+032
  1.2889271848E+013  1.2476406117E+000  5.3409236560E+032
  1.2889412427E+013  1.2623922037E+000  5.3824749323E+032
  1.2889553360E+013  1.2772575809E+000  5.4243467109E+032
  1.2889694658E+013  1.2922376211E+000  5.4665414640E+032
  1.2889836529E+013  1.3055614096E+000  5.5090616830E+032
  1.2889978997E+013  1.3188771255E+000  5.5519098781E+032
  1.2890122075E+013  1.3322955510E+000  5.5950885792E+032
  1.2890265777E+013  1.3458174785E+000  5.6386003357E+032
  1.2890410117E+013  1.3594437062E+000  5.6824477165E+032
  1.2890555109E+013  1.3731750388E+000  5.7266333104E+032
  1.2890700768E+013  1.3870122868E+000  5.7711597264E+032
  1.2890845801E+013  1.4135330792E+000  5.8160295931E+032
  1.2890990141E+013  1.4412467629E+000  5.8612455599E+032
  1.2891133823E+013  1.4691742137E+000  5.9068102963E+032
  1.2891277544E+013  1.4904310846E+000  5.9527264925E+032
  1.2891421845E+013  1.5063627556E+000  5.9989968595E+032
  1.2891566743E+013  1.5224173142E+000  6.0456241292E+032
  1.2891712252E+013  1.5385957083E+000  6.0926110545E+032
  1.2891858386E+013  1.5548988931E+000  6.1399604095E+032
  1.2892005162E+013  1.5713278312E+000  6.1876749899E+032
  1.2892152554E+013  1.5883216686E+000  6.2357576128E+032
  1.2892299894E+013  1.6128782763E+000  6.2842111171E+032
  1.2892447202E+013  1.6376242993E+000  6.3330383634E+032
  1.2892594499E+013  1.6625611987E+000  6.3822422347E+032
  1.2892741795E+013  1.6878143008E+000  6.4318256360E+032
  1.2892889103E+013  1.7133406790E+000  6.4817914947E+032
  1.2893036443E+013  1.7390639529E+000  6.5321427610E+032
  1.2893183835E+013  1.7649856411E+000  6.5828824076E+032
  1.2893331322E+013  1.7908482663E+000  6.6340134303E+032
  1.2893478959E+013  1.8164460225E+000  6.6855388480E+032
  1.2893626767E+013  1.8422412248E+000  6.7374617027E+032
  1.2893774764E+013  1.8682353963E+000  6.7897850600E+032
  1.2893922969E+013  1.8944300718E+000  6.8425120093E+032
  1.2894071230E+013  1.9230551131E+000  6.8956456635E+032
  1.2894219280E+013  1.9556525290E+000  6.9491891598E+032
  1.2894367147E+013  1.9885013825E+000  7.0031456594E+032
  1.2894514854E+013  2.0216036128E+000  7.0575183481E+032
  1.2894662428E+013  2.0549611745E+000  7.1123104360E+032
  1.2894810050E+013  2.0863257215E+000  7.1675251581E+032
  1.2894958123E+013  2.1125373004E+000  7.2231657745E+032
  1.2895106664E+013  2.1389510602E+000  7.2792355701E+032
  1.2895255692E+013  2.1655685604E+000  7.3357378555E+032
  1.2895405226E+013  2.1923913724E+000  7.3926759666E+032
  1.2895555285E+013  2.2194210800E+000  7.4500532652E+032
  1.2895705888E+013  2.2466592790E+000  7.5078731388E+032
  1.2895857046E+013  2.2742471728E+000  7.5661390012E+032
  1.2896008758E+013  2.3023867506E+000  7.6248542926E+032
  1.2896161042E+013  2.3307433808E+000  7.6840224795E+032
  1.2896313921E+013  2.3593187374E+000  7.7436470553E+032
  1.2896467415E+013  2.3881145078E+000  7.8037315404E+032
  1.2896621155E+013  2.4232691041E+000  7.8642794822E+032
  1.2896774593E+013  2.4677941793E+000  7.9252944556E+032
  1.2896927762E+013  2.5126626950E+000  7.9867800630E+032
  1.2897080714E+013  2.5575417420E+000  8.0487399344E+032
  1.2897233587E+013  2.6009644560E+000  8.1111777283E+032
  1.2897386408E+013  2.6447221076E+000  8.1740971309E+032
  1.2897539207E+013  2.6888172802E+000  8.2375018572E+032
  1.2897692011E+013  2.7332525773E+000  8.3013956506E+032
  1.2897844989E+013  2.7754879528E+000  8.3657822835E+032
  1.2897998471E+013  2.8124386509E+000  8.4306655573E+032
  1.2898152483E+013  2.8496743653E+000  8.4960493030E+032
  1.2898307048E+013  2.8871972942E+000  8.5619373808E+032
  1.2898462191E+013  2.9250096532E+000  8.6283336808E+032
  1.2898617935E+013  2.9631136747E+000  8.6952421232E+032
  1.2898774214E+013  3.0032732412E+000  8.7626666584E+032
  1.2898930810E+013  3.0484601022E+000  8.8306112672E+032
  1.2899087750E+013  3.0939955083E+000  8.8990799611E+032
  1.2899245062E+013  3.1398821481E+000  8.9680767826E+032
  1.2899402769E+013  3.1862177762E+000  9.0376058054E+032
  1.2899560738E+013  3.2361633037E+000  9.1076711346E+032
  1.2899719000E+013  3.2864940820E+000  9.1782769069E+032
  1.2899877584E+013  3.3372130826E+000  9.2494272911E+032
  1.2900036453E+013  3.3897215932E+000  9.3211264878E+032
  1.2900195205E+013  3.4520051338E+000  9.3933787305E+032
  1.2900353876E+013  3.5147690934E+000  9.4661882848E+032
  1.2900512502E+013  3.5780171777E+000  9.5395594496E+032
  1.2900671302E+013  3.6375732776E+000  9.6134965568E+032
  1.2900830653E+013  3.6896384867E+000  9.6880039718E+032
  1.2900990586E+013  3.7421052964E+000  9.7630860937E+032
  1.2901151132E+013  3.7949768046E+000  9.8387473552E+032
  1.2901312322E+013  3.8482561329E+000  9.9149922237E+032
  1.2901473710E+013  3.9134165718E+000  9.9918252007E+032
  1.2901634787E+013  3.9924918286E+000  1.0069250823E+033
  1.2901795599E+013  4.0721770259E+000  1.0147273660E+033
  1.2901956189E+013  4.1524768684E+000  1.0225898321E+033
  1.2902117424E+013  4.2119022363E+000  1.0305129447E+033
  1.2902279413E+013  4.2698016612E+000  1.0384971715E+033
  1.2902442191E+013  4.3281476886E+000  1.0465429840E+033
  1.2902605793E+013  4.3869437632E+000  1.0546508572E+033
  1.2902770253E+013  4.4461933565E+000  1.0628212698E+033
  1.2902935192E+013  4.5172694051E+000  1.0710547043E+033
  1.2903100525E+013  4.5922795113E+000  1.0793516466E+033
  1.2903266290E+013  4.6678682018E+000  1.0877125867E+033
  1.2903432408E+013  4.7474771656E+000  1.0961380183E+033
  1.2903598874E+013  4.8290114738E+000  1.1046284387E+033
  1.2903765731E+013  4.9111746902E+000  1.1131843493E+033
  1.2903932981E+013  4.9951519802E+000  1.1218062552E+033
  1.2904100662E+013  5.0799395621E+000  1.1304946654E+033
  1.2904268815E+013  5.1654697905E+000  1.1392500930E+033
  1.2904437456E+013  5.2525064301E+000  1.1480730549E+033
  1.2904606631E+013  5.3402144196E+000  1.1569640719E+033
  1.2904776265E+013  5.4324035423E+000  1.1659236691E+033
  1.2904946286E+013  5.5291822684E+000  1.1749523754E+033
  1.2905116492E+013  5.6348771142E+000  1.1840507238E+033
  1.2905285966E+013  5.7740505790E+000  1.1932192517E+033
  1.2905454782E+013  5.9142975469E+000  1.2024585002E+033
  1.2905624543E+013  6.0014050942E+000  1.2117690149E+033
  1.2905795385E+013  6.0860242122E+000  1.2211513454E+033
  1.2905967360E+013  6.1712960329E+000  1.2306060459E+033
  1.2906140436E+013  6.2601843986E+000  1.2401336743E+033
  1.2906311968E+013  6.4489913728E+000  1.2497347934E+033
  1.2906482332E+013  6.6292390523E+000  1.2594099698E+033
  1.2906653597E+013  6.7330465561E+000  1.2691597750E+033
  1.2906825816E+013  6.8376547706E+000  1.2789847845E+033
  1.2906999043E+013  6.9430698719E+000  1.2888855783E+033
  1.2907173334E+013  7.0492980839E+000  1.2988627412E+033
  1.2907348104E+013  7.1824622854E+000  1.3089168620E+033
  1.2907523283E+013  7.3221442623E+000  1.3190485345E+033
  1.2907699204E+013  7.4514932452E+000  1.3292583568E+033
  1.2907876411E+013  7.5613106155E+000  1.3395469317E+033
  1.2908054970E+013  7.6719750529E+000  1.3499148667E+033
  1.2908234029E+013  7.8231681344E+000  1.3603627740E+033
  1.2908411535E+013  8.0701273275E+000  1.3708912702E+033
  1.2908588807E+013  8.2639259263E+000  1.3815009772E+033
  1.2908766481E+013  8.4330297768E+000  1.3921925213E+033
  1.2908944750E+013  8.5976624628E+000  1.4029665337E+033
  1.2909124380E+013  8.7299877172E+000  1.4138236506E+033
  1.2909305443E+013  8.8633336516E+000  1.4247645129E+033
  1.2909487357E+013  9.0300540082E+000  1.4357897667E+033
  1.2909668710E+013  9.2730974867E+000  1.4469000629E+033
  1.2909849256E+013  9.5362984197E+000  1.4580960574E+033
  1.2910030208E+013  9.7425351119E+000  1.4693784113E+033
  1.2910211593E+013  9.9533679799E+000  1.4807477907E+033
  1.2910392813E+013  1.0203922027E+001  1.4922048669E+033
  1.2910573965E+013  1.0456408702E+001  1.5037503163E+033
  1.2910756036E+013  1.0658909299E+001  1.5153848206E+033
  1.2910939338E+013  1.0849793546E+001  1.5271090666E+033
  1.2911123958E+013  1.1042150163E+001  1.5389237467E+033
  1.2911307794E+013  1.1369058742E+001  1.5508295583E+033
  1.2911491465E+013  1.1667567199E+001  1.5628272044E+033
  1.2911676686E+013  1.1865564006E+001  1.5749173934E+033
  1.2911863559E+013  1.2065088045E+001  1.5871008390E+033
  1.2912050493E+013  1.2376200642E+001  1.5993782607E+033
  1.2912237000E+013  1.2730538128E+001  1.6117503832E+033
  1.2912423962E+013  1.3035514155E+001  1.6242179371E+033
  1.2912611259E+013  1.3359166775E+001  1.6367816584E+033
  1.2912798752E+013  1.3703893082E+001  1.6494422890E+033
  1.2912986599E+013  1.4048654280E+001  1.6622005763E+033
  1.2913174952E+013  1.4393650311E+001  1.6750572735E+033
  1.2913364180E+013  1.4722422819E+001  1.6880131399E+033
  1.2913554828E+013  1.5020550804E+001  1.7010689403E+033
  1.2913746682E+013  1.5348033259E+001  1.7142254455E+033
  1.2913938874E+013  1.5758409421E+001  1.7274834323E+033
  1.2914130246E+013  1.6280997751E+001  1.7408436835E+033
  1.2914322020E+013  1.6717057053E+001  1.7543069879E+033
  1.2914514050E+013  1.7182397327E+001  1.7678741404E+033
  1.2914705134E+013  1.7775112014E+001  1.7815459420E+033
  1.2914896259E+013  1.8297018455E+001  1.7953231999E+033
  1.2915088714E+013  1.8714018388E+001  1.8092067276E+033
  1.2915282648E+013  1.9134234817E+001  1.8231973447E+033
  1.2915477750E+013  1.9604330869E+001  1.8372958772E+033
  1.2915673917E+013  2.0104858219E+001  1.8515031577E+033
  1.2915870588E+013  2.0685310160E+001  1.8658200248E+033
  1.2916066801E+013  2.1392685314E+001  1.8802473239E+033
  1.2916262757E+013  2.2107131147E+001  1.8947859068E+033
  1.2916459186E+013  2.2767343636E+001  1.9094366319E+033
  1.2916656338E+013  2.3426403568E+001  1.9242003641E+033
  1.2916854456E+013  2.4085291774E+001  1.9390779751E+033
  1.2917051660E+013  2.5007109136E+001  1.9540703434E+033
  1.2917247669E+013  2.6007035453E+001  1.9691783540E+033
  1.2917445195E+013  2.6685806339E+001  1.9844028991E+033
  1.2917644450E+013  2.7369812869E+001  1.9997448774E+033
  1.2917844734E+013  2.8186991086E+001  2.0152051948E+033
  1.2918045033E+013  2.9188806324E+001  2.0307847641E+033
  1.2918245678E+013  3.0188901779E+001  2.0464845051E+033
  1.2918447100E+013  3.1170722335E+001  2.0623053448E+033
  1.2918650181E+013  3.2064078207E+001  2.0782482172E+033
  1.2918853690E+013  3.3203518103E+001  2.0943140637E+033
  1.2919056466E+013  3.4594882875E+001  2.1105038327E+033
  1.2919258772E+013  3.6011059843E+001  2.1268184802E+033
  1.2919462701E+013  3.7121108887E+001  2.1432589693E+033
  1.2919668301E+013  3.8286646645E+001  2.1598262709E+033
  1.2919873640E+013  3.9887662376E+001  2.1765213629E+033
  1.2920078787E+013  4.1561626901E+001  2.1933452312E+033
  1.2920285308E+013  4.3004725779E+001  2.2102988689E+033
  1.2920494393E+013  4.4285726564E+001  2.2273832772E+033
  1.2920705532E+013  4.5766383139E+001  2.2445994646E+033
  1.2920912827E+013  4.8670248540E+001  2.2619484477E+033
  1.2921112642E+013  5.2699613160E+001  2.2794312507E+033
  1.2921301289E+013  5.8200676051E+001  2.2970489059E+033
  1.2921487053E+013  6.1583556048E+001  2.3148024534E+033
  1.2921672839E+013  6.4178547998E+001  2.3326929415E+033
  1.2921857739E+013  6.7245801275E+001  2.3507214263E+033
  1.2922040373E+013  7.1013941588E+001  2.3688889724E+033
  1.2922222373E+013  7.4357203269E+001  2.3871966523E+033
  1.2922404837E+013  7.7436168895E+001  2.4056455471E+033
  1.2922588661E+013  8.0316270287E+001  2.4242367458E+033
  1.2922772535E+013  8.3969658700E+001  2.4429713463E+033
  1.2922955657E+013  8.8229275457E+001  2.4618504545E+033
  1.2923138563E+013  9.2492448547E+001  2.4808751851E+033
  1.2923322303E+013  9.6485875176E+001  2.5000466615E+033
  1.2923504258E+013  1.0217167734E+002  2.5193660155E+033
  1.2923686404E+013  1.0709743970E+002  2.5388343877E+033
  1.2923869408E+013  1.1195768575E+002  2.5584529276E+033
  1.2924053515E+013  1.1701451077E+002  2.5782227935E+033
  1.2924238806E+013  1.2239666092E+002  2.5981451526E+033
  1.2924423994E+013  1.2906504752E+002  2.6182211811E+033
  1.2924609494E+013  1.3593608054E+002  2.6384520645E+033
  1.2924795055E+013  1.4352623180E+002  2.6588389971E+033
  1.2924979511E+013  1.5265129126E+002  2.6793831827E+033
  1.2925164425E+013  1.6116492619E+002  2.7000858341E+033
  1.2925348515E+013  1.7154381417E+002  2.7209481738E+033
  1.2925533950E+013  1.8070410345E+002  2.7419714333E+033
  1.2925719164E+013  1.9226907980E+002  2.7631568541E+033
  1.2925904009E+013  2.0501696781E+002  2.7845056868E+033
  1.2926088772E+013  2.1858948613E+002  2.8060191920E+033
  1.2926273692E+013  2.3313778079E+002  2.8276986398E+033
  1.2926458168E+013  2.4987971078E+002  2.8495453103E+033
  1.2926642590E+013  2.6772028797E+002  2.8715604933E+033
  1.2926827539E+013  2.8650619133E+002  2.8937454885E+033
  1.2927012557E+013  3.0803664783E+002  2.9161016059E+033
  1.2927196817E+013  3.3335544107E+002  2.9386301654E+033
  1.2927380971E+013  3.6027089658E+002  2.9613324971E+033
  1.2927565042E+013  3.9026337397E+002  2.9842099413E+033
  1.2927749706E+013  4.2238057566E+002  3.0072638488E+033
  1.2927911638E+013  5.2204215369E+002  3.0304955807E+033
  1.2928065040E+013  5.9475911762E+002  3.0539065086E+033
  1.2928217089E+013  6.4771675828E+002  3.0774980149E+033
  1.2928363203E+013  7.2810697441E+002  3.1012714922E+033
  1.2928501908E+013  8.2789153332E+002  3.1252283443E+033
  1.2928632071E+013  9.5073320428E+002  3.1493699857E+033
  1.2928758128E+013  1.0568927076E+003  3.1736978415E+033
  1.2928876573E+013  1.2098579092E+003  3.1982133483E+033
  1.2928986943E+013  1.3934677613E+003  3.2229179534E+033
  1.2929090602E+013  1.5888397749E+003  3.2478131155E+033
  1.2929182078E+013  1.9209236630E+003  3.2729003043E+033
  1.2929265002E+013  2.2502974879E+003  3.2981810011E+033
  1.2929340897E+013  2.6020640257E+003  3.3236566985E+033
  1.2929411890E+013  2.9362592323E+003  3.3493289006E+033
  1.2929480396E+013  3.2076792772E+003  3.3751991231E+033
  1.2929544868E+013  3.5888732320E+003  3.4012688934E+033
  1.2929606678E+013  3.9366549889E+003  3.4275397507E+033
  1.2929667252E+013  4.2223708740E+003  3.4540132461E+033
  1.2929726001E+013  4.5754162875E+003  3.4806909427E+033
  1.2929783420E+013  4.9187205793E+003  3.5075744154E+033
  1.2929839772E+013  5.2660040520E+003  3.5346652516E+033
  1.2929894851E+013  5.6607857172E+003  3.5619650507E+033
  1.2929948623E+013  6.0918167684E+003  3.5894754246E+033
  1.2930001436E+013  6.5160948099E+003  3.6171979975E+033
  1.2930053235E+013  6.9803998118E+003  3.6451344062E+033
  1.2930104156E+013  7.4613466590E+003  3.6732863000E+033
  1.2930154319E+013  7.9604095915E+003  3.7016553412E+033
  1.2930203635E+013  8.5120978825E+003  3.7302432046E+033
  1.2930252208E+013  9.0871664858E+003  3.7590515782E+033
  1.2930300242E+013  9.6651694535E+003  3.7880821627E+033
  1.2930347844E+013  1.0263551723E+004  3.8173366723E+033
  1.2930394484E+013  1.1026813571E+004  3.8468168341E+033
  1.2930440545E+013  1.1756547400E+004  3.8765243888E+033
  1.2930486118E+013  1.2516922228E+004  3.9064610902E+033
  1.2930531378E+013  1.3284582584E+004  3.9366287058E+033
  1.2930576151E+013  1.4163556151E+004  3.9670290169E+033
  1.2930620353E+013  1.5139182339E+004  3.9976638183E+033
  1.2930664140E+013  1.6135581898E+004  4.0285349187E+033
  1.2930707047E+013  1.7393067200E+004  4.0596441408E+033
  1.2930749667E+013  1.8503664796E+004  4.0909933213E+033
  1.2930791995E+013  1.9704722968E+004  4.1225843111E+033
  1.2930834278E+013  2.0883988936E+004  4.1544189754E+033
  1.2930875859E+013  2.2499677310E+004  4.1864991938E+033
  1.2930916799E+013  2.4224136158E+004  4.2188268603E+033
  1.2930957267E+013  2.5992178028E+004  4.2514038836E+033
  1.2930997673E+013  2.7638907382E+004  4.2842321871E+033
  1.2931037557E+013  2.9757817758E+004  4.3173137089E+033
  1.2931076736E+013  3.2214925023E+004  4.3506504024E+033
  1.2931116264E+013  3.3997058952E+004  4.3842442357E+033
  1.2931155806E+013  3.6251100178E+004  4.4180971923E+033
  1.2931195499E+013  3.8588835568E+004  4.4522112708E+033
  1.2931234831E+013  4.1681347297E+004  4.4865884855E+033
  1.2931274233E+013  4.4605834432E+004  4.5212308660E+033
  1.2931313397E+013  4.8199674809E+004  4.5561404577E+033
  1.2931352404E+013  5.2066823308E+004  4.5913193216E+033
  1.2931391187E+013  5.6449967143E+004  4.6267695347E+033
  1.2931429578E+013  6.1110681034E+004  4.6622197479E+033
  1.2931466613E+013  6.6363759524E+004  4.6968467401E+033
  1.2931502352E+013  7.2038855683E+004  4.7306696281E+033
  1.2931536640E+013  7.8638241592E+004  4.7637070848E+033
  1.2931570052E+013  8.4522505699E+004  4.7959773492E+033
  1.2931602523E+013  9.1138875704E+004  4.8274982371E+033
  1.2931633879E+013  9.8929239424E+004  4.8582871505E+033
  1.2931664198E+013  1.0725022066E+005  4.8883610871E+033
  1.2931693554E+013  1.1613849950E+005  4.9177366500E+033
  1.2931721939E+013  1.2594762170E+005  4.9464300568E+033
  1.2931749418E+013  1.3645336654E+005  4.9744571485E+033
  1.2931776027E+013  1.4782402884E+005  5.0018333982E+033
  1.2931801903E+013  1.5954058218E+005  5.0285739196E+033
  1.2931826751E+013  1.7438031674E+005  5.0546934756E+033
  1.2931851019E+013  1.8746170858E+005  5.0802064861E+033
  1.2931874355E+013  2.0475316932E+005  5.1051270363E+033
  1.2931896963E+013  2.2199004582E+005  5.1294688843E+033
  1.2931918821E+013  2.4123939287E+005  5.1532454685E+033
  1.2931940113E+013  2.6030947964E+005  5.1764699155E+033
  1.2931960659E+013  2.8367039809E+005  5.1991550469E+033
  1.2931980634E+013  3.0696674952E+005  5.2213133867E+033
  1.2931999783E+013  3.3688169987E+005  5.2429571680E+033
  1.2932018405E+013  3.6453786496E+005  5.2640983398E+033
  1.2932036424E+013  3.9665607370E+005  5.2847485736E+033
  1.2932053860E+013  4.3174345339E+005  5.3049192700E+033
  1.2932070663E+013  4.7192814005E+005  5.3246215646E+033
  1.2932086961E+013  5.1271215618E+005  5.3438663348E+033
  1.2932102766E+013  5.5746991796E+005  5.3626642050E+033
  1.2932117867E+013  6.1516917733E+005  5.3810255532E+033
  1.2932132487E+013  6.6990432954E+005  5.3989605161E+033
  1.2932146486E+013  7.3767269784E+005  5.4164789953E+033
  1.2932160087E+013  8.0066692877E+005  5.4335906623E+033
  1.2932173296E+013  8.6991357362E+005  5.4503049641E+033
  1.2932185984E+013  9.5605232445E+005  5.4666311282E+033
  1.2932198232E+013  1.0455886139E+006  5.4825781679E+033
  1.2932210069E+013  1.1425006477E+006  5.4981548872E+033
  1.2932221447E+013  1.2553362339E+006  5.5133698856E+033
  1.2932232414E+013  1.3757726502E+006  5.5282315630E+033
  1.2932242967E+013  1.5103932194E+006  5.5427481242E+033
  1.2932253103E+013  1.6611274673E+006  5.5569275834E+033
  1.2932262908E+013  1.8146166712E+006  5.5707777688E+033
  1.2932269643E+013  2.7610107754E+006  5.5843063266E+033
  1.2932275596E+013  3.2181042029E+006  5.5975207258E+033
  1.2932281181E+013  3.5225967659E+006  5.6104282617E+033
  1.2932286498E+013  3.7928727825E+006  5.6230360602E+033
  1.2932291468E+013  4.1526897486E+006  5.6353510818E+033
  1.2932296206E+013  4.4511146351E+006  5.6473801253E+033
  1.2932300690E+013  4.7988037758E+006  5.6591298317E+033
  1.2932304906E+013  5.2007981042E+006  5.6706066877E+033
  1.2932308940E+013  5.5307744819E+006  5.6818170294E+033
  1.2932312778E+013  5.9081953379E+006  5.6927670458E+033
  1.2932316440E+013  6.2860976725E+006  5.7034627821E+033
  1.2932319921E+013  6.7062234981E+006  5.7139101432E+033
  1.2932323263E+013  7.0771503089E+006  5.7241148969E+033
  1.2932326451E+013  7.5106462224E+006  5.7340826768E+033
  1.2932329501E+013  7.9344378993E+006  5.7438189861E+033
  1.2932332410E+013  8.4057096200E+006  5.7533291999E+033
  1.2932335198E+013  8.8498700657E+006  5.7626185686E+033
  1.2932337895E+013  9.2269160790E+006  5.7716922205E+033
  1.2932340459E+013  9.7807175062E+006  5.7805551651E+033
  1.2932342922E+013  1.0251569388E+007  5.7892122954E+033
  1.2932345291E+013  1.0717429230E+007  5.7976683907E+033
  1.2932347585E+013  1.1131608633E+007  5.8059281196E+033
  1.2932349776E+013  1.1704706866E+007  5.8139960419E+033
  1.2932351256E+013  1.7335748106E+007  5.8218766118E+033
  1.2932352665E+013  1.8108068942E+007  5.8295741800E+033
  1.2932353988E+013  1.9183066468E+007  5.8370929961E+033
  1.2932355254E+013  1.9909829466E+007  5.8444372111E+033
  1.2932356478E+013  2.0453464925E+007  5.8516108795E+033
  1.2932357642E+013  2.1335404448E+007  5.8586179618E+033
  1.2932358763E+013  2.1983798666E+007  5.8654623264E+033
  1.2932359818E+013  2.3132547437E+007  5.8721477520E+033
  1.2932360815E+013  2.4275148712E+007  5.8786779293E+033
  1.2932361773E+013  2.4984839402E+007  5.8850564635E+033
  1.2932362690E+013  2.5862626271E+007  5.8912868761E+033
  1.2932363565E+013  2.6766461996E+007  5.8973726068E+033
  1.2932364412E+013  2.7344727691E+007  5.9033170153E+033
  1.2932365220E+013  2.8348953410E+007  5.9091233834E+033
  1.2932365995E+013  2.9160490251E+007  5.9147949167E+033
  1.2932366744E+013  2.9822815666E+007  5.9203347462E+033
  1.2932367470E+013  3.0371206156E+007  5.9257459305E+033
  1.2932368172E+013  3.0975236484E+007  5.9310314568E+033
  1.2932368846E+013  3.1831550040E+007  5.9361942432E+033
  1.2932369497E+013  3.2476332957E+007  5.9412371399E+033
  1.2932370130E+013  3.2989386710E+007  5.9461629311E+033
  1.2932370740E+013  3.3697891450E+007  5.9509743360E+033
  1.2932371325E+013  3.4646725981E+007  5.9556740111E+033
  1.2932371889E+013  3.5365605574E+007  5.9602645508E+033
  1.2932372437E+013  3.5876359020E+007  5.9647484895E+033
  1.2932372969E+013  3.6402536454E+007  5.9691283027E+033
  1.2932373483E+013  3.7083348089E+007  5.9734064083E+033
  1.2932373980E+013  3.7694115854E+007  5.9775851682E+033
  1.2932374462E+013  3.8285657961E+007  5.9816668895E+033
  1.2932374929E+013  3.8905407369E+007  5.9856538254E+033
  1.2932375379E+013  3.9691425082E+007  5.9895481772E+033
  1.2932375815E+013  4.0331264408E+007  5.9933520947E+033
  1.2932376237E+013  4.0917835539E+007  5.9970676781E+033
  1.2932376646E+013  4.1487991711E+007  6.0006969787E+033
  1.2932377042E+013  4.2036652220E+007  6.0042420000E+033
