 0001  0.4984657011718165E-004
 0002  0.4984657011718164E-004
 0003  0.4984657011718163E-004
 0004  0.4958101626332670E-004
 0005  0.4958101626332671E-004
 0006  0.4958101626332672E-004
 0007  0.4958101626332672E-004
 0008  0.4958101626332673E-004
 0009  0.4958101626332674E-004
 0010  0.4929411515823740E-004
 0011  0.4929411515823740E-004
 0012  0.4929411515823741E-004
 0013  0.4929411515823741E-004
 0014  0.4929411515823742E-004
 0015  0.4900903763817008E-004
 0016  0.4900903763817011E-004
 0017  0.4900903763817012E-004
 0018  0.4900903763817012E-004
 0019  0.4900903763817012E-004
 0020  0.4870192300787106E-004
 0021  0.4870192300787106E-004
 0022  0.4870192300787106E-004
 0023  0.4870192300787106E-004
 0024  0.4837465104979833E-004
 0025  0.4837465104979834E-004
 0026  0.4837465104979834E-004
 0027  0.4837465104979834E-004
 0028  0.4804993090938849E-004
 0029  0.4804993090938848E-004
 0030  0.4804993090938847E-004
 0031  0.4804993090938847E-004
 0032  0.4770311176007012E-004
 0033  0.4770311176007013E-004
 0034  0.4770311176007014E-004
 0035  0.4733732462152889E-004
 0036  0.4733732462152887E-004
 0037  0.4733732462152887E-004
 0038  0.4733732462152887E-004
 0039  0.4694822791481787E-004
 0040  0.4694822791481787E-004
 0041  0.4694822791481788E-004
 0042  0.4653965451638185E-004
 0043  0.4653965451638186E-004
 0044  0.4653965451638186E-004
 0045  0.4611163410545254E-004
 0046  0.4611163410545254E-004
 0047  0.4611163410545254E-004
 0048  0.4566405107353255E-004
 0049  0.4566405107353254E-004
 0050  0.4522686176550563E-004
 0051  0.4522686176550563E-004
 0052  0.4522686176550563E-004
 0053  0.4476767741746467E-004
 0054  0.4476767741746467E-004
 0055  0.4429342040126328E-004
 0056  0.4429342040126328E-004
 0057  0.4429342040126328E-004
 0058  0.4379680820651216E-004
 0059  0.4379680820651216E-004
 0060  0.4328599141298182E-004
 0061  0.4328599141298181E-004
 0062  0.4328599141298180E-004
 0063  0.4272637093848475E-004
 0064  0.4272637093848475E-004
 0065  0.4215481505059545E-004
 0066  0.4215481505059546E-004
 0067  0.4157158451582550E-004
 0068  0.4157158451582550E-004
 0069  0.4098964411610288E-004
 0070  0.4098964411610287E-004
 0071  0.4041251302616370E-004
 0072  0.4041251302616371E-004
 0073  0.3983902568015109E-004
 0074  0.3983902568015109E-004
 0075  0.3924583769882399E-004
 0076  0.3924583769882400E-004
 0077  0.3865586554680129E-004
 0078  0.3808314743461442E-004
 0079  0.3808314743461442E-004
 0080  0.3751109172608601E-004
 0081  0.3693521715143648E-004
 0082  0.3693521715143649E-004
 0083  0.3635906777144619E-004
 0084  0.3579834051885171E-004
 0085  0.3579834051885171E-004
 0086  0.3523443320901485E-004
 0087  0.3468442787890112E-004
 0088  0.3413077905477021E-004
 0089  0.3359050245590264E-004
 0090  0.3306252418237717E-004
 0091  0.3254566961870766E-004
 0092  0.3254566961870765E-004
 0093  0.3200580601668475E-004
 0094  0.3147734287554618E-004
 0095  0.3095932808150180E-004
 0096  0.3045087195058554E-004
 0097  0.2945603762290776E-004
 0098  0.2898101208164617E-004
 0099  0.2851284510179593E-004
 0100  0.2804033955214836E-004
 0101  0.2757471374265401E-004
 0102  0.2711590971069920E-004
 0103  0.2622806376020598E-004
 0104  0.2579870837255344E-004
 0105  0.2537564714074427E-004
 0106  0.2495874545860814E-004
 0107  0.2414470305910035E-004
 0108  0.2375521787545363E-004
 0109  0.2336439232758046E-004
 0110  0.2297977102588566E-004
 0111  0.2260121561961411E-004
 0112  0.2186442271710922E-004
 0113  0.2151212116558354E-004
 0114  0.2116527842859597E-004
 0115  0.2081831028676931E-004
 0116  0.2015430270082884E-004
 0117  0.1983158940242579E-004
 0118  0.1951407865438729E-004
 0119  0.1920166142516866E-004
 0120  0.1859463433163358E-004
 0121  0.1830407249629610E-004
 0122  0.1801413726954332E-004
 0123  0.1772896682046413E-004
 0124  0.1717903552096210E-004
 0125  0.1691391648197266E-004
 0126  0.1665301868815181E-004
 0127  0.1639307995382884E-004
 0128  0.1589195365070635E-004
 0129  0.1565042488375876E-004
 0130  0.1541277003487989E-004
 0131  0.1517625340543611E-004
 0132  0.1472271127433811E-004
 0133  0.1450282105501908E-004
 0134  0.1428646209576975E-004
 0135  0.1386679445889433E-004
 0136  0.1366543689732935E-004
 0137  0.1346520279488699E-004
 0138  0.1307874235705538E-004
 0139  0.1289227892545498E-004
 0140  0.1270798035158261E-004
 0141  0.1252977881272110E-004
 0142  0.1224092024623026E-004
 0143  0.1218168560107969E-004
 0144  0.1237317887432849E-004
 0145  0.1368051930348748E-004
 0146  0.1503030309374831E-004
 0147  0.1754917599397856E-004
 0148  0.2587098573540601E-004
 0149  0.3213429832169114E-004
 0150  0.4153973196969492E-004
 0151  0.6761593104670358E-004
 0152  0.8463823507372791E-004
 0153  0.1065833942255629E-003
 0154  0.1598784938178133E-003
 0155  0.1914247965313961E-003
 0156  0.2289337391647009E-003
 0157  0.3142695133806663E-003
 0158  0.3657698656795176E-003
 0159  0.4788748254735546E-003
 0160  0.5404062901680449E-003
 0161  0.6083988974454649E-003
 0162  0.7576036212027580E-003
 0163  0.8386658878366057E-003
 0164  0.9220623546760284E-003
 0165  0.1104934156194334E-002
 0166  0.1200263356365165E-002
 0167  0.1405871564268536E-002
 0168  0.1512021758286295E-002
 0169  0.1623751538352981E-002
 0170  0.1856574058478045E-002
 0171  0.1977429685560634E-002
 0172  0.2230763864532323E-002
 0173  0.2359441731160117E-002
 0174  0.2627152753083382E-002
 0175  0.2765809481569537E-002
 0176  0.2905344553396025E-002
 0177  0.3192978172520928E-002
 0178  0.3340730044125297E-002
 0179  0.3643197692338693E-002
 0180  0.3794732105003877E-002
 0181  0.4103804304613723E-002
 0182  0.4261046348603956E-002
 0183  0.4580204728136340E-002
 0184  0.4741861460883322E-002
 0185  0.5068686305975107E-002
 0186  0.5233623390621739E-002
 0187  0.5565911477083431E-002
 0188  0.5732948937698878E-002
 0189  0.6068083297905153E-002
 0190  0.6235919027931620E-002
 0191  0.6571551521059056E-002
 0192  0.6739136948471684E-002
 0193  0.7073392904776260E-002
 0194  0.7241397371129357E-002
 0195  0.7575525128914790E-002
 0196  0.7741520050579247E-002
 0197  0.8073626498829293E-002
 0198  0.8400802119993637E-002
 0199  0.8563421708393011E-002
 0200  0.8886399128546787E-002
 0201  0.9046648397923213E-002
 0202  0.9365347339097401E-002
 0203  0.9678493472275276E-002
 0204  0.9833881512140310E-002
 0205  0.1014129648693480E-001
 0206  0.1029398822581364E-001
 0207  0.1059570979255962E-001
 0208  0.1089218155734451E-001
 0209  0.1103907086771383E-001
 0210  0.1132996496624575E-001
 0211  0.1161496880034979E-001
 0212  0.1175589084561104E-001
 0213  0.1203447386105454E-001
 0214  0.1230727484767542E-001
 0215  0.1244215275258202E-001
 0216  0.1270875184222524E-001
 0217  0.1296964467433469E-001
 0218  0.1322536895078701E-001
 0219  0.1335180896983371E-001
 0220  0.1360147624807343E-001
 0221  0.1384588555302479E-001
 0222  0.1408495272545547E-001
 0223  0.1420300612103189E-001
 0224  0.1443643748385304E-001
 0225  0.1466482277013652E-001
 0226  0.1488838016890987E-001
 0227  0.1510713726256109E-001
 0228  0.1532123142702936E-001
 0229  0.1542704553166256E-001
 0230  0.1563607943046679E-001
 0231  0.1584061279080791E-001
 0232  0.1604078686528440E-001
 0233  0.1623672240428066E-001
 0234  0.1642855128630572E-001
 0235  0.1661635609680134E-001
 0236  0.1680023559219202E-001
 0237  0.1698028080128151E-001
 0238  0.1715658355535061E-001
 0239  0.1732904554005944E-001
 0240  0.1749652193185299E-001
 0241  0.1765900193218760E-001
 0242  0.1781668822807262E-001
 0243  0.1796977315288939E-001
 0244  0.1811843932043279E-001
 0245  0.1826286021387037E-001
 0246  0.1840320073325794E-001
 0247  0.1853961770492294E-001
 0248  0.1867226035573123E-001
 0249  0.1880127075498647E-001
 0250  0.1898762234479352E-001
 0251  0.1910729879001068E-001
 0252  0.1922382711359869E-001
 0253  0.1933731998724915E-001
 0254  0.1950154797537150E-001
 0255  0.1960719992114163E-001
 0256  0.1971020283767284E-001
 0257  0.1985944488863563E-001
 0258  0.1995557817024898E-001
 0259  0.2004938794261580E-001
 0260  0.2018547321007754E-001
 0261  0.2027323495722470E-001
 0262  0.2040065403958337E-001
 0263  0.2048289499335345E-001
 0264  0.2060239392879226E-001
 0265  0.2067958342618301E-001
 0266  0.2079182732165210E-001
 0267  0.2086438440205993E-001
 0268  0.2096996792911784E-001
 0269  0.2107156717125984E-001
 0270  0.2113731931048908E-001
 0271  0.2123310748080069E-001
 0272  0.2132540674693135E-001
 0273  0.2141438996539578E-001
 0274  0.2150021902385152E-001
 0275  0.2158304568574179E-001
 0276  0.2166301235885729E-001
 0277  0.2174025279563306E-001
 0278  0.2181489273209795E-001
 0279  0.2188705047160877E-001
 0280  0.2195683741881494E-001
 0281  0.2202435856869785E-001
 0282  0.2208971295500003E-001
 0283  0.2217349177618421E-001
 0284  0.2223392721190414E-001
 0285  0.2229249811776566E-001
 0286  0.2236769237344421E-001
 0287  0.2242201333317928E-001
 0288  0.2249181931113196E-001
 0289  0.2255867783281860E-001
 0290  0.2262275329196856E-001
 0291  0.2268419834656264E-001
 0292  0.2272869781097599E-001
 0293  0.2279990220585380E-001
 0294  0.2285426792072179E-001
 0295  0.2290651548643150E-001
 0296  0.2295675228215756E-001
 0297  0.2301680033499627E-001
 0298  0.2306275859059164E-001
 0299  0.2311775792648298E-001
 0300  0.2317013363304093E-001
 0301  0.2322004518456775E-001
 0302  0.2326763976097851E-001
 0303  0.2332183569785912E-001
 0304  0.2336471797265564E-001
 0305  0.2341361890369041E-001
 0306  0.2345986788194505E-001
 0307  0.2350364292656869E-001
 0308  0.2355176828252814E-001
 0309  0.2359691887454927E-001
 0310  0.2363931806604455E-001
 0311  0.2367916841738316E-001
 0312  0.2372179996682038E-001
 0313  0.2376154381511612E-001
 0314  0.2380306954834261E-001
 0315  0.2384148943314338E-001
 0316  0.2388084584239526E-001
 0317  0.2392043465208179E-001
 0318  0.2395961898866858E-001
 0319  0.2399505789727282E-001
 0320  0.2403217948724552E-001
 0321  0.2406966507478881E-001
 0322  0.2410446244842568E-001
 0323  0.2413970181271432E-001
 0324  0.2417379146713363E-001
 0325  0.2420765967078124E-001
 0326  0.2424066978938416E-001
 0327  0.2427341220933206E-001
 0328  0.2430593967155484E-001
 0329  0.2432227896749817E-001
 0330  0.2432227896749817E-001
 0331  0.2432227896749817E-001
 0332  0.2432227896749817E-001
 0333  0.2432227896749817E-001
 0334  0.2432227896749817E-001
 0335  0.2432227896749817E-001
 0336  0.2432227896749817E-001
 0337  0.2432227896749817E-001
 0338  0.2432227896749817E-001
 0339  0.2432227896749817E-001
 0340  0.2432227896749817E-001
 0341  0.2432227896749817E-001
 0342  0.2432227896749817E-001
 0343  0.2432227896749817E-001
 0344  0.2432227896749817E-001
 0345  0.2432227896749817E-001
 0346  0.2432227896749817E-001
 0347  0.2432227896749817E-001
 0348  0.2432227896749817E-001
 0349  0.2432227896749817E-001
 0350  0.2432227896749817E-001
 0351  0.2432227896749817E-001
 0352  0.2432227896749817E-001
 0353  0.2432227896749817E-001
 0354  0.2432227896749817E-001
 0355  0.2432227896749817E-001
 0356  0.2432227896749817E-001
 0357  0.2432227896749817E-001
 0358  0.2432227896749817E-001
 0359  0.2432227896749817E-001
 0360  0.2432227896749817E-001
 0361  0.2432227896749817E-001
 0362  0.2432227896749817E-001
 0363  0.2432227896749817E-001
 0364  0.2432227896749817E-001
 0365  0.2432227896749817E-001
 0366  0.2432227896749817E-001
 0367  0.2432227896749817E-001
 0368  0.2432227896749817E-001
 0369  0.2432227896749817E-001
 0370  0.2432227896749817E-001
 0371  0.2432227896749817E-001
 0372  0.2432227896749817E-001
 0373  0.2432227896749817E-001
 0374  0.2432227896749817E-001
 0375  0.2432227896749817E-001
 0376  0.2432227896749817E-001
 0377  0.2432227896749817E-001
 0378  0.2432227896749817E-001
 0379  0.2432227896749817E-001
 0380  0.2432227896749817E-001
 0381  0.2432227896749817E-001
 0382  0.2432227896749817E-001
 0383  0.2432227896749817E-001
 0384  0.2432227896749817E-001
 0385  0.2432227896749817E-001
 0386  0.2432227896749817E-001
 0387  0.2432227896749817E-001
 0388  0.2432227896749817E-001
 0389  0.2432227896749817E-001
 0390  0.2432227896749817E-001
 0391  0.2432227896749817E-001
 0392  0.2432227896749817E-001
 0393  0.2432227896749817E-001
 0394  0.2432227896749817E-001
 0395  0.2432227896749817E-001
 0396  0.2432227896749817E-001
 0397  0.2432227896749817E-001
 0398  0.2432227896749817E-001
 0399  0.2432227896749817E-001
 0400  0.2432227896749817E-001
 0401  0.2432227896749817E-001
 0402  0.2432227896749817E-001
 0403  0.2432227896749817E-001
 0404  0.2432227896749817E-001
 0405  0.2432227896749817E-001
 0406  0.2432227896749817E-001
 0407  0.2432227896749817E-001
 0408  0.2432227896749817E-001
 0409  0.2432227896749817E-001
 0410  0.2432227896749817E-001
 0411  0.2432227896749817E-001
 0412  0.2432227896749817E-001
 0413  0.2432227896749817E-001
 0414  0.2432227896749817E-001
 0415  0.2432227896749817E-001
 0416  0.2432227896749817E-001
 0417  0.2432227896749817E-001
 0418  0.2432227896749817E-001
 0419  0.2432227896749817E-001
 0420  0.2432227896749817E-001
 0421  0.2432227896749817E-001
 0422  0.2432227896749817E-001
 0423  0.2432227896749817E-001
 0424  0.2432227896749817E-001
 0425  0.2432227896749817E-001
 0426  0.2432227896749817E-001
 0427  0.2432227896749817E-001
 0428  0.2432227896749817E-001
 0429  0.2432227896749817E-001
 0430  0.2432227896749817E-001
 0431  0.2432227896749817E-001
 0432  0.2432227896749817E-001
 0433  0.2432227896749817E-001
 0434  0.2432227896749817E-001
 0435  0.2432227896749817E-001
 0436  0.2432227896749817E-001
 0437  0.2432227896749817E-001
 0438  0.2432227896749817E-001
 0439  0.2432227896749817E-001
 0440  0.2432227896749817E-001
 0441  0.2432227896749817E-001
 0442  0.2432227896749817E-001
 0443  0.2432227896749817E-001
 0444  0.2432227896749817E-001
 0445  0.2432227896749817E-001
 0446  0.2432227896749817E-001
 0447  0.2432227896749817E-001
 0448  0.2432227896749817E-001
 0449  0.2432227896749817E-001
 0450  0.2432227896749817E-001
 0451  0.2432227896749817E-001
 0452  0.2432227896749817E-001
 0453  0.2432227896749817E-001
 0454  0.2432227896749817E-001
 0455  0.2432227896749817E-001
 0456  0.2432227896749817E-001
 0457  0.2432227896749817E-001
 0458  0.2432227896749817E-001
 0459  0.2432227896749817E-001
 0460  0.2432227896749817E-001
 0461  0.2432227896749817E-001
 0462  0.2432227896749817E-001
 0463  0.2432227896749817E-001
 0464  0.2432227896749817E-001
 0465  0.2432227896749817E-001
 0466  0.2432227896749817E-001
 0467  0.2432227896749817E-001
 0468  0.2432227896749817E-001
 0469  0.2432227896749817E-001
 0470  0.2432227896749817E-001
 0471  0.2432227896749817E-001
 0472  0.2432227896749817E-001
 0473  0.2432227896749817E-001
 0474  0.2432227896749817E-001
 0475  0.2432227896749817E-001
 0476  0.2432227896749817E-001
 0477  0.2432227896749817E-001
 0478  0.2432227896749817E-001
 0479  0.2432227896749817E-001
 0480  0.2432227896749817E-001
 0481  0.2432227896749817E-001
 0482  0.2432227896749817E-001
 0483  0.2432227896749817E-001
 0484  0.2432227896749817E-001
 0485  0.2432227896749817E-001
 0486  0.2432227896749817E-001
 0487  0.2432227896749817E-001
 0488  0.2432227896749817E-001
 0489  0.2432227896749817E-001
 0490  0.2432227896749817E-001
 0491  0.2432227896749817E-001
 0492  0.2432227896749817E-001
 0493  0.2432227896749817E-001
 0494  0.2432227896749817E-001
 0495  0.2432227896749817E-001
 0496  0.2432227896749817E-001
 0497  0.2432227896749817E-001
 0498  0.2432227896749817E-001
 0499  0.2432227896749817E-001
 0500  0.2432227896749817E-001
 0501  0.2432227896749817E-001
 0502  0.2432227896749817E-001
 0503  0.2432227896749817E-001
 0504  0.2432227896749817E-001
 0505  0.2432227896749817E-001
 0506  0.2432227896749817E-001
 0507  0.2432227896749817E-001
 0508  0.2432227896749817E-001
 0509  0.2432227896749817E-001
 0510  0.2432227896749817E-001
 0511  0.2432227896749817E-001
 0512  0.2432227896749817E-001
 0513  0.2432227896749817E-001
 0514  0.2432227896749817E-001
 0515  0.2432227896749817E-001
 0516  0.2432227896749817E-001
 0517  0.2432227896749817E-001
 0518  0.2432227896749817E-001
 0519  0.2432227896749817E-001
 0520  0.2432227896749817E-001
 0521  0.2432227896749817E-001
 0522  0.2432227896749817E-001
 0523  0.2432227896749817E-001
 0524  0.2432227896749817E-001
 0525  0.2432227896749817E-001
 0526  0.2432227896749817E-001
 0527  0.2432227896749817E-001
 0528  0.2432227896749817E-001
 0529  0.2432227896749817E-001
 0530  0.2432227896749817E-001
 0531  0.2432227896749817E-001
 0532  0.2432227896749817E-001
 0533  0.2432227896749817E-001
 0534  0.2432227896749817E-001
 0535  0.2432227896749817E-001
 0536  0.2432227896749817E-001
 0537  0.2432227896749817E-001
 0538  0.2432227896749817E-001
 0539  0.2432227896749817E-001
 0540  0.2432227896749817E-001
 0541  0.2432227896749817E-001
 0542  0.2432227896749817E-001
 0543  0.2432227896749817E-001
 0544  0.2432227896749817E-001
 0545  0.2432227896749817E-001
 0546  0.2432227896749817E-001
 0547  0.2432227896749817E-001
 0548  0.2432227896749817E-001
 0549  0.2432227896749817E-001
 0550  0.2432227896749817E-001
 0551  0.2432227896749817E-001
 0552  0.2432227896749817E-001
 0553  0.2432227896749817E-001
 0554  0.2432227896749817E-001
 0555  0.2432227896749817E-001
 0556  0.2432227896749817E-001
 0557  0.2432227896749817E-001
 0558  0.2432227896749817E-001
 0559  0.2432227896749817E-001
 0560  0.2432227896749817E-001
 0561  0.2432227896749817E-001
 0562  0.2432227896749817E-001
 0563  0.2432227896749817E-001
 0564  0.2432227896749817E-001
 0565  0.2432227896749817E-001
 0566  0.2432227896749817E-001
 0567  0.2432227896749817E-001
 0568  0.2432227896749817E-001
 0569  0.2432227896749817E-001
 0570  0.2432227896749817E-001
 0571  0.2432227896749817E-001
 0572  0.2432227896749817E-001
 0573  0.2432227896749817E-001
 0574  0.2432227896749817E-001
 0575  0.2432227896749817E-001
 0576  0.2432227896749817E-001
 0577  0.2432227896749817E-001
 0578  0.2432227896749817E-001
 0579  0.2432227896749817E-001
 0580  0.2432227896749817E-001
 0581  0.2432227896749817E-001
 0582  0.2432227896749817E-001
 0583  0.2432227896749817E-001
 0584  0.2432227896749817E-001
 0585  0.2432227896749817E-001
 0586  0.2432227896749817E-001
 0587  0.2432227896749817E-001
 0588  0.2432227896749817E-001
 0589  0.2432227896749817E-001
 0590  0.2432227896749817E-001
 0591  0.2432227896749817E-001
 0592  0.2432227896749817E-001
 0593  0.2432227896749817E-001
 0594  0.2432227896749817E-001
 0595  0.2432227896749817E-001
 0596  0.2432227896749817E-001
 0597  0.2432227896749817E-001
 0598  0.2432227896749817E-001
 0599  0.2432227896749817E-001
 0600  0.2432227896749817E-001
 0601  0.2432227896749817E-001
 0602  0.2432227896749817E-001
 0603  0.2432227896749817E-001
 0604  0.2432227896749817E-001
 0605  0.2432227896749817E-001
 0606  0.2432227896749817E-001
 0607  0.2432227896749817E-001
 0608  0.2432227896749817E-001
 0609  0.2432227896749817E-001
 0610  0.2432227896749817E-001
 0611  0.2432227896749817E-001
 0612  0.2432227896749817E-001
 0613  0.2432227896749817E-001
 0614  0.2432227896749817E-001
 0615  0.2432227896749817E-001
 0616  0.2432227896749817E-001
 0617  0.2432227896749817E-001
 0618  0.2432227896749817E-001
 0619  0.2432227896749817E-001
 0620  0.2432227896749817E-001
 0621  0.2432227896749817E-001
 0622  0.2432227896749817E-001
 0623  0.2432227896749817E-001
 0624  0.2432227896749817E-001
 0625  0.2432227896749817E-001
 0626  0.2432227896749817E-001
 0627  0.2432227896749817E-001
 0628  0.2432227896749817E-001
 0629  0.2432227896749817E-001
 0630  0.2432227896749817E-001
 0631  0.2432227896749817E-001
 0632  0.2432227896749817E-001
 0633  0.2432227896749817E-001
 0634  0.2432227896749817E-001
 0635  0.2432227896749817E-001
 0636  0.2432227896749817E-001
 0637  0.2432227896749817E-001
 0638  0.2432227896749817E-001
 0639  0.2432227896749817E-001
 0640  0.2432227896749817E-001
 0641  0.2432227896749817E-001
 0642  0.2432227896749817E-001
 0643  0.2432227896749817E-001
 0644  0.2432227896749817E-001
 0645  0.2432227896749817E-001
 0646  0.2432227896749817E-001
 0647  0.2432227896749817E-001
 0648  0.2432227896749817E-001
 0649  0.2432227896749817E-001
 0650  0.2432227896749817E-001
 0651  0.2432227896749817E-001
 0652  0.2432227896749817E-001
 0653  0.2432227896749817E-001
 0654  0.2432227896749817E-001
 0655  0.2432227896749817E-001
 0656  0.2432227896749817E-001
 0657  0.2432227896749817E-001
 0658  0.2432227896749817E-001
 0659  0.2432227896749817E-001
 0660  0.2432227896749817E-001
 0661  0.2432227896749817E-001
 0662  0.2432227896749817E-001
 0663  0.2432227896749817E-001
 0664  0.2432227896749817E-001
 0665  0.2432227896749817E-001
 0666  0.2432227896749817E-001
 0667  0.2432227896749817E-001
 0668  0.2432227896749817E-001
 0669  0.2432227896749817E-001
 0670  0.2432227896749817E-001
 0671  0.2432227896749817E-001
 0672  0.2432227896749817E-001
 0673  0.2432227896749817E-001
 0674  0.2432227896749817E-001
 0675  0.2432227896749817E-001
 0676  0.2432227896749817E-001
 0677  0.2432227896749817E-001
 0678  0.2432227896749817E-001
 0679  0.2432227896749817E-001
 0680  0.2432227896749817E-001
 0681  0.2432227896749817E-001
 0682  0.2432227896749817E-001
 0683  0.2432227896749817E-001
 0684  0.2432227896749817E-001
 0685  0.2432227896749817E-001
 0686  0.2432227896749817E-001
 0687  0.2432227896749817E-001
 0688  0.2432227896749817E-001
 0689  0.2432227896749817E-001
 0690  0.2432227896749817E-001
 0691  0.2432227896749817E-001
 0692  0.2432227896749817E-001
 0693  0.2432227896749817E-001
 0694  0.2432227896749817E-001
 0695  0.2432227896749817E-001
 0696  0.2432227896749817E-001
 0697  0.2432227896749817E-001
 0698  0.2432227896749817E-001
 0699  0.2432227896749817E-001
 0700  0.2432227896749817E-001
 0701  0.2432227896749817E-001
 0702  0.2432227896749817E-001
 0703  0.2432227896749817E-001
 0704  0.2432227896749817E-001
 0705  0.2432227896749817E-001
 0706  0.2432227896749817E-001
 0707  0.2432227896749817E-001
 0708  0.2432227896749817E-001
 0709  0.2432227896749817E-001
 0710  0.2432227896749817E-001
 0711  0.2432227896749817E-001
 0712  0.2432227896749817E-001
 0713  0.2432227896749817E-001
 0714  0.2432227896749817E-001
 0715  0.2432227896749817E-001
 0716  0.2432227896749817E-001
 0717  0.2432227896749817E-001
 0718  0.2432227896749817E-001
 0719  0.2432227896749817E-001
 0720  0.2432227896749817E-001
 0721  0.2432227896749817E-001
 0722  0.2432227896749817E-001
 0723  0.2432227896749817E-001
 0724  0.2432227896749817E-001
 0725  0.2432227896749817E-001
 0726  0.2432227896749817E-001
 0727  0.2432227896749817E-001
 0728  0.2432227896749817E-001
 0729  0.2432227896749817E-001
 0730  0.2432227896749817E-001
 0731  0.2432227896749817E-001
 0732  0.2432227896749817E-001
 0733  0.2432227896749817E-001
 0734  0.2432227896749817E-001
 0735  0.2432227896749817E-001
 0736  0.2432227896749817E-001
 0737  0.2432227896749817E-001
 0738  0.2432227896749817E-001
 0739  0.2432227896749817E-001
 0740  0.2432227896749817E-001
 0741  0.2432227896749817E-001
 0742  0.2432227896749817E-001
 0743  0.2432227896749817E-001
 0744  0.2432227896749817E-001
 0745  0.2432227896749817E-001
 0746  0.2432227896749817E-001
 0747  0.2432227896749817E-001
 0748  0.2432227896749817E-001
 0749  0.2432227896749817E-001
 0750  0.2432227896749817E-001
 0751  0.2432227896749817E-001
 0752  0.2432227896749817E-001
 0753  0.2432227896749817E-001
 0754  0.2432227896749817E-001
 0755  0.2432227896749817E-001
 0756  0.2432227896749817E-001
 0757  0.2432227896749817E-001
 0758  0.2432227896749817E-001
 0759  0.2432227896749817E-001
 0760  0.2432227896749817E-001
 0761  0.2432227896749817E-001
 0762  0.2432227896749817E-001
 0763  0.2432227896749817E-001
 0764  0.2432227896749817E-001
 0765  0.2432227896749817E-001
 0766  0.2432227896749817E-001
 0767  0.2432227896749817E-001
 0768  0.2432227896749817E-001
 0769  0.2432227896749817E-001
 0770  0.2432227896749817E-001
 0771  0.2432227896749817E-001
 0772  0.2432227896749817E-001
 0773  0.2432227896749817E-001
 0774  0.2432227896749817E-001
 0775  0.2432227896749817E-001
 0776  0.2432227896749817E-001
 0777  0.2432227896749817E-001
 0778  0.2432227896749817E-001
 0779  0.2432227896749817E-001
 0780  0.2432227896749817E-001
 0781  0.2432227896749817E-001
 0782  0.2432227896749817E-001
 0783  0.2432227896749817E-001
 0784  0.2432227896749817E-001
 0785  0.2432227896749817E-001
 0786  0.2432227896749817E-001
 0787  0.2432227896749817E-001
 0788  0.2432227896749817E-001
 0789  0.2432227896749817E-001
 0790  0.2432227896749817E-001
 0791  0.2432227896749817E-001
 0792  0.2432227896749817E-001
 0793  0.2432227896749817E-001
 0794  0.2432227896749817E-001
 0795  0.2432227896749817E-001
 0796  0.2432227896749817E-001
 0797  0.2432227896749817E-001
 0798  0.2432227896749817E-001
 0799  0.2432227896749817E-001
 0800  0.2432227896749817E-001
 0801  0.2432227896749817E-001
 0802  0.2432227896749817E-001
 0803  0.2432227896749817E-001
 0804  0.2432227896749817E-001
 0805  0.2432227896749817E-001
 0806  0.2432227896749817E-001
 0807  0.2432227896749817E-001
 0808  0.2432227896749817E-001
 0809  0.2432227896749817E-001
 0810  0.2432227896749817E-001
 0811  0.2432227896749817E-001
 0812  0.2432227896749817E-001
 0813  0.2432227896749817E-001
 0814  0.2432227896749817E-001
 0815  0.2432227896749817E-001
 0816  0.2432227896749817E-001
 0817  0.2432227896749817E-001
 0818  0.2432227896749817E-001
 0819  0.2432227896749817E-001
 0820  0.2432227896749817E-001
 0821  0.2432227896749817E-001
 0822  0.2432227896749817E-001
 0823  0.2432227896749817E-001
 0824  0.2432227896749817E-001
 0825  0.2432227896749817E-001
 0826  0.2432227896749817E-001
 0827  0.2432227896749817E-001
 0828  0.2432227896749817E-001
 0829  0.2432227896749817E-001
 0830  0.2432227896749817E-001
 0831  0.2432227896749817E-001
 0832  0.2432227896749817E-001
 0833  0.2432227896749817E-001
 0834  0.2432227896749817E-001
 0835  0.2432227896749817E-001
 0836  0.2432227896749817E-001
 0837  0.2432227896749817E-001
 0838  0.2432227896749817E-001
 0839  0.2432227896749817E-001
 0840  0.2432227896749817E-001
 0841  0.2432227896749817E-001
 0842  0.2432227896749817E-001
 0843  0.2432227896749817E-001
 0844  0.2432227896749817E-001
 0845  0.2432227896749817E-001
 0846  0.2432227896749817E-001
 0847  0.2432227896749817E-001
 0848  0.2432227896749817E-001
 0849  0.2432227896749817E-001
 0850  0.2432227896749817E-001
 0851  0.2432227896749817E-001
 0852  0.2432227896749817E-001
 0853  0.2432227896749817E-001
 0854  0.2432227896749817E-001
 0855  0.2432227896749817E-001
 0856  0.2432227896749817E-001
 0857  0.2432227896749817E-001
 0858  0.2432227896749817E-001
 0859  0.2432227896749817E-001
 0860  0.2432227896749817E-001
 0861  0.2432227896749817E-001
 0862  0.2432227896749817E-001
 0863  0.2432227896749817E-001
 0864  0.2432227896749817E-001
 0865  0.2432227896749817E-001
 0866  0.2432227896749817E-001
 0867  0.2432227896749817E-001
 0868  0.2432227896749817E-001
 0869  0.2432227896749817E-001
 0870  0.2432227896749817E-001
 0871  0.2432227896749817E-001
 0872  0.2432227896749817E-001
 0873  0.2432227896749817E-001
 0874  0.2432227896749817E-001
 0875  0.2432227896749817E-001
 0876  0.2432227896749817E-001
 0877  0.2432227896749817E-001
 0878  0.2432227896749817E-001
 0879  0.2432227896749817E-001
 0880  0.2432227896749817E-001
 0881  0.2432227896749817E-001
 0882  0.2432227896749817E-001
 0883  0.2432227896749817E-001
 0884  0.2432227896749817E-001
 0885  0.2432227896749817E-001
 0886  0.2432227896749817E-001
 0887  0.2432227896749817E-001
 0888  0.2432227896749817E-001
 0889  0.2432227896749817E-001
 0890  0.2432227896749817E-001
 0891  0.2432227896749817E-001
 0892  0.2432227896749817E-001
 0893  0.2432227896749817E-001
 0894  0.2432227896749817E-001
 0895  0.2432227896749817E-001
 0896  0.2432227896749817E-001
 0897  0.2432227896749817E-001
 0898  0.2432227896749817E-001
 0899  0.2432227896749817E-001
 0900  0.2432227896749817E-001
 0901  0.2432227896749817E-001
 0902  0.2432227896749817E-001
 0903  0.2432227896749817E-001
 0904  0.2432227896749817E-001
 0905  0.2432227896749817E-001
 0906  0.2432227896749817E-001
 0907  0.2432227896749817E-001
 0908  0.2432227896749817E-001
 0909  0.2432227896749817E-001
 0910  0.2432227896749817E-001
 0911  0.2432227896749817E-001
 0912  0.2432227896749817E-001
 0913  0.2432227896749817E-001
 0914  0.2432227896749817E-001
 0915  0.2432227896749817E-001
 0916  0.2432227896749817E-001
 0917  0.2432227896749817E-001
 0918  0.2432227896749817E-001
 0919  0.2432227896749817E-001
 0920  0.2432227896749817E-001
 0921  0.2432227896749817E-001
 0922  0.2432227896749817E-001
 0923  0.2432227896749817E-001
 0924  0.2432227896749817E-001
 0925  0.2432227896749817E-001
 0926  0.2432227896749817E-001
 0927  0.2432227896749817E-001
 0928  0.2432227896749817E-001
 0929  0.2432227896749817E-001
 0930  0.2432227896749817E-001
 0931  0.2432227896749817E-001
 0932  0.2432227896749817E-001
 0933  0.2432227896749817E-001
 0934  0.2432227896749817E-001
 0935  0.2432227896749817E-001
 0936  0.2432227896749817E-001
 0937  0.2432227896749817E-001
 0938  0.2432227896749817E-001
 0939  0.2432227896749817E-001
 0940  0.2432227896749817E-001
 0941  0.2432227896749817E-001
 0942  0.2432227896749817E-001
 0943  0.2432227896749817E-001
 0944  0.2432227896749817E-001
 0945  0.2432227896749817E-001
 0946  0.2432227896749817E-001
 0947  0.2432227896749817E-001
 0948  0.2432227896749817E-001
 0949  0.2432227896749817E-001
 0950  0.2432227896749817E-001
 0951  0.2432227896749817E-001
 0952  0.2432227896749817E-001
 0953  0.2432227896749817E-001
 0954  0.2432227896749817E-001
 0955  0.2432227896749817E-001
 0956  0.2432227896749817E-001
 0957  0.2432227896749817E-001
 0958  0.2432227896749817E-001
 0959  0.2432227896749817E-001
 0960  0.2432227896749817E-001
 0961  0.2432227896749817E-001
 0962  0.2432227896749817E-001
 0963  0.2432227896749817E-001
 0964  0.2432227896749817E-001
 0965  0.2432227896749817E-001
 0966  0.2432227896749817E-001
 0967  0.2432227896749817E-001
 0968  0.2432227896749817E-001
 0969  0.2432227896749817E-001
 0970  0.2432227896749817E-001
 0971  0.2432227896749817E-001
 0972  0.2432227896749817E-001
 0973  0.2432227896749817E-001
 0974  0.2432227896749817E-001
 0975  0.2432227896749817E-001
 0976  0.2432227896749817E-001
 0977  0.2432227896749817E-001
 0978  0.2432227896749817E-001
 0979  0.2432227896749817E-001
 0980  0.2432227896749817E-001
 0981  0.2432227896749817E-001
 0982  0.2432227896749817E-001
 0983  0.2432227896749817E-001
 0984  0.2432227896749817E-001
 0985  0.2432227896749817E-001
 0986  0.2432227896749817E-001
 0987  0.2432227896749817E-001
 0988  0.2432227896749817E-001
 0989  0.2432227896749817E-001
 0990  0.2432227896749817E-001
 0991  0.2432227896749817E-001
 0992  0.2432227896749817E-001
 0993  0.2432227896749817E-001
 0994  0.2432227896749817E-001
 0995  0.2432227896749817E-001
 0996  0.2432227896749817E-001
 0997  0.2432227896749817E-001
 0998  0.2432227896749817E-001
 0999  0.2432227896749817E-001
 1000  0.2432227896749817E-001
