 0001  0.9993952431913028E+000
 0002  0.9993952431913028E+000
 0003  0.9993952431913028E+000
 0004  0.9992681183143510E+000
 0005  0.9992681183143510E+000
 0006  0.9992681183143510E+000
 0007  0.9992681183143510E+000
 0008  0.9992681183143510E+000
 0009  0.9992681183143510E+000
 0010  0.9990883904656059E+000
 0011  0.9990883904656059E+000
 0012  0.9990883904656059E+000
 0013  0.9990883904656059E+000
 0014  0.9990883904656059E+000
 0015  0.9989098049931264E+000
 0016  0.9989098049931264E+000
 0017  0.9989098049931264E+000
 0018  0.9989098049931264E+000
 0019  0.9989098049931264E+000
 0020  0.9986682954719055E+000
 0021  0.9986682954719055E+000
 0022  0.9986682954719055E+000
 0023  0.9986682954719055E+000
 0024  0.9983568404317202E+000
 0025  0.9983568404317202E+000
 0026  0.9983568404317202E+000
 0027  0.9983568404317202E+000
 0028  0.9980478138809094E+000
 0029  0.9980478138809094E+000
 0030  0.9980478138809094E+000
 0031  0.9980478138809094E+000
 0032  0.9976550307507311E+000
 0033  0.9976550307507311E+000
 0034  0.9976550307507311E+000
 0035  0.9971730753202875E+000
 0036  0.9971730753202875E+000
 0037  0.9971730753202875E+000
 0038  0.9971730753202875E+000
 0039  0.9965739248820165E+000
 0040  0.9965739248820165E+000
 0041  0.9965739248820165E+000
 0042  0.9958538867919402E+000
 0043  0.9958538867919402E+000
 0044  0.9958538867919402E+000
 0045  0.9950039176241587E+000
 0046  0.9950039176241587E+000
 0047  0.9950039176241587E+000
 0048  0.9940137723863892E+000
 0049  0.9940137723863892E+000
 0050  0.9930466201923266E+000
 0051  0.9930466201923266E+000
 0052  0.9930466201923266E+000
 0053  0.9919040598371871E+000
 0054  0.9919040598371871E+000
 0055  0.9905940330961058E+000
 0056  0.9905940330961058E+000
 0057  0.9905940330961058E+000
 0058  0.9890866515341455E+000
 0059  0.9890866515341455E+000
 0060  0.9873966388448995E+000
 0061  0.9873966388448995E+000
 0062  0.9873966388448995E+000
 0063  0.9852209664323909E+000
 0064  0.9852209664323909E+000
 0065  0.9828394539186592E+000
 0066  0.9828394539186592E+000
 0067  0.9802452507312702E+000
 0068  0.9802452507312702E+000
 0069  0.9774776137586191E+000
 0070  0.9774776137586191E+000
 0071  0.9745551423312853E+000
 0072  0.9745551423312853E+000
 0073  0.9714745177904405E+000
 0074  0.9714745177904405E+000
 0075  0.9679241317022101E+000
 0076  0.9679241317022101E+000
 0077  0.9642127512660577E+000
 0078  0.9604346506113993E+000
 0079  0.9604346506113993E+000
 0080  0.9564855326985622E+000
 0081  0.9521497348626642E+000
 0082  0.9521497348626642E+000
 0083  0.9476390616369703E+000
 0084  0.9430710359899264E+000
 0085  0.9430710359899264E+000
 0086  0.9382987957461314E+000
 0087  0.9334707711756830E+000
 0088  0.9282602324351049E+000
 0089  0.9230121387597849E+000
 0090  0.9177241025962365E+000
 0091  0.9123845856442344E+000
 0092  0.9123845856442344E+000
 0093  0.9064826400325943E+000
 0094  0.9005462898060153E+000
 0095  0.8945719409487336E+000
 0096  0.8885558001874838E+000
 0097  0.8760549841078040E+000
 0098  0.8698761927962411E+000
 0099  0.8636494401456293E+000
 0100  0.8570954951000948E+000
 0101  0.8505075476887047E+000
 0102  0.8438889678718395E+000
 0103  0.8305864689411824E+000
 0104  0.8239165716764569E+000
 0105  0.8172309327110338E+000
 0106  0.8105280607011456E+000
 0107  0.7969085080020742E+000
 0108  0.7902393281728427E+000
 0109  0.7833481933175294E+000
 0110  0.7764723705398466E+000
 0111  0.7696103973359677E+000
 0112  0.7558117647074984E+000
 0113  0.7490859860533895E+000
 0114  0.7423811664035329E+000
 0115  0.7355119612183332E+000
 0116  0.7221405431710884E+000
 0117  0.7154585295209912E+000
 0118  0.7088148079691787E+000
 0119  0.7022082927388866E+000
 0120  0.6890474475429844E+000
 0121  0.6826544421304044E+000
 0122  0.6761548980945933E+000
 0123  0.6697045397012564E+000
 0124  0.6570453748076445E+000
 0125  0.6508370183791115E+000
 0126  0.6446762183546104E+000
 0127  0.6384385072769240E+000
 0128  0.6262275182812873E+000
 0129  0.6202531883604901E+000
 0130  0.6143314274550307E+000
 0131  0.6083535355682803E+000
 0132  0.5967722051804348E+000
 0133  0.5910615544647795E+000
 0134  0.5854061637575410E+000
 0135  0.5742636223987074E+000
 0136  0.5688676285886756E+000
 0137  0.5634373281685130E+000
 0138  0.5528363835951905E+000
 0139  0.5476628173550029E+000
 0140  0.5424659687154676E+000
 0141  0.5373243722687877E+000
 0142  0.5272950903189026E+000
 0143  0.5224038886152256E+000
 0144  0.5174972089692436E+000
 0145  0.5079314247041000E+000
 0146  0.5032687682826624E+000
 0147  0.4985970828461180E+000
 0148  0.4894917787143757E+000
 0149  0.4850547249563943E+000
 0150  0.4806132556656749E+000
 0151  0.4719581834404684E+000
 0152  0.4677413081060098E+000
 0153  0.4635237984825034E+000
 0154  0.4553062091748661E+000
 0155  0.4513028790007418E+000
 0156  0.4473017225096920E+000
 0157  0.4395056170997134E+000
 0158  0.4356704840870204E+000
 0159  0.4281980273307233E+000
 0160  0.4245578344176959E+000
 0161  0.4209239055102293E+000
 0162  0.4138117746576863E+000
 0163  0.4103329694490098E+000
 0164  0.4068928152231064E+000
 0165  0.4001331491520330E+000
 0166  0.3968411569216805E+000
 0167  0.3903743596395257E+000
 0168  0.3872244454898668E+000
 0169  0.3840851749892708E+000
 0170  0.3779454791995096E+000
 0171  0.3749441164258057E+000
 0172  0.3690539576498107E+000
 0173  0.3661847379186091E+000
 0174  0.3605541857872987E+000
 0175  0.3577930715084557E+000
 0176  0.3550622157151917E+000
 0177  0.3497057577992027E+000
 0178  0.3470801512562006E+000
 0179  0.3419324001460998E+000
 0180  0.3394241313873302E+000
 0181  0.3345058108145255E+000
 0182  0.3320955507474143E+000
 0183  0.3273707730389374E+000
 0184  0.3250559303798629E+000
 0185  0.3205191090048444E+000
 0186  0.3182967295922070E+000
 0187  0.3139418401437809E+000
 0188  0.3118090679472957E+000
 0189  0.3076309244005317E+000
 0190  0.3055852078123326E+000
 0191  0.3015783897832046E+000
 0192  0.2996168743689537E+000
 0193  0.2957754503080993E+000
 0194  0.2938883823267832E+000
 0195  0.2901939259487328E+000
 0196  0.2883860089877863E+000
 0197  0.2848353311441878E+000
 0198  0.2814043277312795E+000
 0199  0.2797229287063101E+000
 0200  0.2764269272746210E+000
 0201  0.2748119812363071E+000
 0202  0.2716425761953660E+000
 0203  0.2685763418120859E+000
 0204  0.2670724233011438E+000
 0205  0.2641252111705193E+000
 0206  0.2626783268979206E+000
 0207  0.2598432653656976E+000
 0208  0.2570952532989327E+000
 0209  0.2557466610248336E+000
 0210  0.2530994628065724E+000
 0211  0.2505344294097115E+000
 0212  0.2492760042527201E+000
 0213  0.2468063444503769E+000
 0214  0.2444117703505956E+000
 0215  0.2432363052892452E+000
 0216  0.2409282788692191E+000
 0217  0.2386893478528577E+000
 0218  0.2365148138501362E+000
 0219  0.2354464902022918E+000
 0220  0.2333483760288568E+000
 0221  0.2313105112053053E+000
 0222  0.2293314069186843E+000
 0223  0.2283590972872870E+000
 0224  0.2264468873601528E+000
 0225  0.2245884307050996E+000
 0226  0.2227812354015786E+000
 0227  0.2210237508715420E+000
 0228  0.2193140235574992E+000
 0229  0.2184728610605009E+000
 0230  0.2168179261728532E+000
 0231  0.2152073559004662E+000
 0232  0.2136394120574243E+000
 0233  0.2121125112614832E+000
 0234  0.2106250797444983E+000
 0235  0.2091758183817678E+000
 0236  0.2077634075124554E+000
 0237  0.2063866099472357E+000
 0238  0.2050442298433753E+000
 0239  0.2037359600253797E+000
 0240  0.2024661923876468E+000
 0241  0.2012343062454015E+000
 0242  0.2000387648721698E+000
 0243  0.1988781100403133E+000
 0244  0.1977509572138710E+000
 0245  0.1966559910832085E+000
 0246  0.1955919614138766E+000
 0247  0.1945576791845864E+000
 0248  0.1935520129914250E+000
 0249  0.1925738856974764E+000
 0250  0.1911610106322625E+000
 0251  0.1902536512396447E+000
 0252  0.1893701601840592E+000
 0253  0.1885096832145509E+000
 0254  0.1872645442293214E+000
 0255  0.1864635153788329E+000
 0256  0.1856825708612040E+000
 0257  0.1845510518185978E+000
 0258  0.1838221912992469E+000
 0259  0.1831109470947425E+000
 0260  0.1820791797707356E+000
 0261  0.1814137903079887E+000
 0262  0.1804477280142168E+000
 0263  0.1798241959421727E+000
 0264  0.1789181823880309E+000
 0265  0.1783329493010865E+000
 0266  0.1774819417980383E+000
 0267  0.1769318306354821E+000
 0268  0.1761313205199964E+000
 0269  0.1753610183400385E+000
 0270  0.1748625006826490E+000
 0271  0.1741362567181312E+000
 0272  0.1734364648258881E+000
 0273  0.1727618144474232E+000
 0274  0.1721110781876019E+000
 0275  0.1714831054107622E+000
 0276  0.1708768164136577E+000
 0277  0.1702911971159654E+000
 0278  0.1697252942159170E+000
 0279  0.1691782107645622E+000
 0280  0.1686491021173699E+000
 0281  0.1681371722264423E+000
 0282  0.1676416702406297E+000
 0283  0.1670064784101406E+000
 0284  0.1665482707808287E+000
 0285  0.1661041995897846E+000
 0286  0.1655340939684399E+000
 0287  0.1651222448953648E+000
 0288  0.1645929919614121E+000
 0289  0.1640860859656759E+000
 0290  0.1636002805125603E+000
 0291  0.1631344181842244E+000
 0292  0.1627970334388081E+000
 0293  0.1622571780280724E+000
 0294  0.1618449896318311E+000
 0295  0.1614488605572905E+000
 0296  0.1610679766801468E+000
 0297  0.1606127060991002E+000
 0298  0.1602642611331163E+000
 0299  0.1598472687674242E+000
 0300  0.1594501681583264E+000
 0301  0.1590717502081959E+000
 0302  0.1587108990326315E+000
 0303  0.1582999978541996E+000
 0304  0.1579748742699988E+000
 0305  0.1576041186129301E+000
 0306  0.1572534694543404E+000
 0307  0.1569215770938224E+000
 0308  0.1565567016693090E+000
 0309  0.1562143802235283E+000
 0310  0.1558929192662546E+000
 0311  0.1555907830311701E+000
 0312  0.1552675603892077E+000
 0313  0.1549662316357976E+000
 0314  0.1546513930390294E+000
 0315  0.1543601022735493E+000
 0316  0.1540617109942157E+000
 0317  0.1537615577080241E+000
 0318  0.1534644710442200E+000
 0319  0.1531957813573906E+000
 0320  0.1529143339658883E+000
 0321  0.1526301268281889E+000
 0322  0.1523663011125218E+000
 0323  0.1520991243249826E+000
 0324  0.1518406643743022E+000
 0325  0.1515838834126435E+000
 0326  0.1513336082552270E+000
 0327  0.1510853627276889E+000
 0328  0.1508387469603821E+000
 0329  0.1507148661614827E+000
 0330  0.1507148661614827E+000
 0331  0.1507148661614827E+000
 0332  0.1507148661614827E+000
 0333  0.1507148661614827E+000
 0334  0.1507148661614827E+000
 0335  0.1507148661614827E+000
 0336  0.1507148661614827E+000
 0337  0.1507148661614827E+000
 0338  0.1507148661614827E+000
 0339  0.1507148661614827E+000
 0340  0.1507148661614827E+000
 0341  0.1507148661614827E+000
 0342  0.1507148661614827E+000
 0343  0.1507148661614827E+000
 0344  0.1507148661614827E+000
 0345  0.1507148661614827E+000
 0346  0.1507148661614827E+000
 0347  0.1507148661614827E+000
 0348  0.1507148661614827E+000
 0349  0.1507148661614827E+000
 0350  0.1507148661614827E+000
 0351  0.1507148661614827E+000
 0352  0.1507148661614827E+000
 0353  0.1507148661614827E+000
 0354  0.1507148661614827E+000
 0355  0.1507148661614827E+000
 0356  0.1507148661614827E+000
 0357  0.1507148661614827E+000
 0358  0.1507148661614827E+000
 0359  0.1507148661614827E+000
 0360  0.1507148661614827E+000
 0361  0.1507148661614827E+000
 0362  0.1507148661614827E+000
 0363  0.1507148661614827E+000
 0364  0.1507148661614827E+000
 0365  0.1507148661614827E+000
 0366  0.1507148661614827E+000
 0367  0.1507148661614827E+000
 0368  0.1507148661614827E+000
 0369  0.1507148661614827E+000
 0370  0.1507148661614827E+000
 0371  0.1507148661614827E+000
 0372  0.1507148661614827E+000
 0373  0.1507148661614827E+000
 0374  0.1507148661614827E+000
 0375  0.1507148661614827E+000
 0376  0.1507148661614827E+000
 0377  0.1507148661614827E+000
 0378  0.1507148661614827E+000
 0379  0.1507148661614827E+000
 0380  0.1507148661614827E+000
 0381  0.1507148661614827E+000
 0382  0.1507148661614827E+000
 0383  0.1507148661614827E+000
 0384  0.1507148661614827E+000
 0385  0.1507148661614827E+000
 0386  0.1507148661614827E+000
 0387  0.1507148661614827E+000
 0388  0.1507148661614827E+000
 0389  0.1507148661614827E+000
 0390  0.1507148661614827E+000
 0391  0.1507148661614827E+000
 0392  0.1507148661614827E+000
 0393  0.1507148661614827E+000
 0394  0.1507148661614827E+000
 0395  0.1507148661614827E+000
 0396  0.1507148661614827E+000
 0397  0.1507148661614827E+000
 0398  0.1507148661614827E+000
 0399  0.1507148661614827E+000
 0400  0.1507148661614827E+000
 0401  0.1507148661614827E+000
 0402  0.1507148661614827E+000
 0403  0.1507148661614827E+000
 0404  0.1507148661614827E+000
 0405  0.1507148661614827E+000
 0406  0.1507148661614827E+000
 0407  0.1507148661614827E+000
 0408  0.1507148661614827E+000
 0409  0.1507148661614827E+000
 0410  0.1507148661614827E+000
 0411  0.1507148661614827E+000
 0412  0.1507148661614827E+000
 0413  0.1507148661614827E+000
 0414  0.1507148661614827E+000
 0415  0.1507148661614827E+000
 0416  0.1507148661614827E+000
 0417  0.1507148661614827E+000
 0418  0.1507148661614827E+000
 0419  0.1507148661614827E+000
 0420  0.1507148661614827E+000
 0421  0.1507148661614827E+000
 0422  0.1507148661614827E+000
 0423  0.1507148661614827E+000
 0424  0.1507148661614827E+000
 0425  0.1507148661614827E+000
 0426  0.1507148661614827E+000
 0427  0.1507148661614827E+000
 0428  0.1507148661614827E+000
 0429  0.1507148661614827E+000
 0430  0.1507148661614827E+000
 0431  0.1507148661614827E+000
 0432  0.1507148661614827E+000
 0433  0.1507148661614827E+000
 0434  0.1507148661614827E+000
 0435  0.1507148661614827E+000
 0436  0.1507148661614827E+000
 0437  0.1507148661614827E+000
 0438  0.1507148661614827E+000
 0439  0.1507148661614827E+000
 0440  0.1507148661614827E+000
 0441  0.1507148661614827E+000
 0442  0.1507148661614827E+000
 0443  0.1507148661614827E+000
 0444  0.1507148661614827E+000
 0445  0.1507148661614827E+000
 0446  0.1507148661614827E+000
 0447  0.1507148661614827E+000
 0448  0.1507148661614827E+000
 0449  0.1507148661614827E+000
 0450  0.1507148661614827E+000
 0451  0.1507148661614827E+000
 0452  0.1507148661614827E+000
 0453  0.1507148661614827E+000
 0454  0.1507148661614827E+000
 0455  0.1507148661614827E+000
 0456  0.1507148661614827E+000
 0457  0.1507148661614827E+000
 0458  0.1507148661614827E+000
 0459  0.1507148661614827E+000
 0460  0.1507148661614827E+000
 0461  0.1507148661614827E+000
 0462  0.1507148661614827E+000
 0463  0.1507148661614827E+000
 0464  0.1507148661614827E+000
 0465  0.1507148661614827E+000
 0466  0.1507148661614827E+000
 0467  0.1507148661614827E+000
 0468  0.1507148661614827E+000
 0469  0.1507148661614827E+000
 0470  0.1507148661614827E+000
 0471  0.1507148661614827E+000
 0472  0.1507148661614827E+000
 0473  0.1507148661614827E+000
 0474  0.1507148661614827E+000
 0475  0.1507148661614827E+000
 0476  0.1507148661614827E+000
 0477  0.1507148661614827E+000
 0478  0.1507148661614827E+000
 0479  0.1507148661614827E+000
 0480  0.1507148661614827E+000
 0481  0.1507148661614827E+000
 0482  0.1507148661614827E+000
 0483  0.1507148661614827E+000
 0484  0.1507148661614827E+000
 0485  0.1507148661614827E+000
 0486  0.1507148661614827E+000
 0487  0.1507148661614827E+000
 0488  0.1507148661614827E+000
 0489  0.1507148661614827E+000
 0490  0.1507148661614827E+000
 0491  0.1507148661614827E+000
 0492  0.1507148661614827E+000
 0493  0.1507148661614827E+000
 0494  0.1507148661614827E+000
 0495  0.1507148661614827E+000
 0496  0.1507148661614827E+000
 0497  0.1507148661614827E+000
 0498  0.1507148661614827E+000
 0499  0.1507148661614827E+000
 0500  0.1507148661614827E+000
 0501  0.1507148661614827E+000
 0502  0.1507148661614827E+000
 0503  0.1507148661614827E+000
 0504  0.1507148661614827E+000
 0505  0.1507148661614827E+000
 0506  0.1507148661614827E+000
 0507  0.1507148661614827E+000
 0508  0.1507148661614827E+000
 0509  0.1507148661614827E+000
 0510  0.1507148661614827E+000
 0511  0.1507148661614827E+000
 0512  0.1507148661614827E+000
 0513  0.1507148661614827E+000
 0514  0.1507148661614827E+000
 0515  0.1507148661614827E+000
 0516  0.1507148661614827E+000
 0517  0.1507148661614827E+000
 0518  0.1507148661614827E+000
 0519  0.1507148661614827E+000
 0520  0.1507148661614827E+000
 0521  0.1507148661614827E+000
 0522  0.1507148661614827E+000
 0523  0.1507148661614827E+000
 0524  0.1507148661614827E+000
 0525  0.1507148661614827E+000
 0526  0.1507148661614827E+000
 0527  0.1507148661614827E+000
 0528  0.1507148661614827E+000
 0529  0.1507148661614827E+000
 0530  0.1507148661614827E+000
 0531  0.1507148661614827E+000
 0532  0.1507148661614827E+000
 0533  0.1507148661614827E+000
 0534  0.1507148661614827E+000
 0535  0.1507148661614827E+000
 0536  0.1507148661614827E+000
 0537  0.1507148661614827E+000
 0538  0.1507148661614827E+000
 0539  0.1507148661614827E+000
 0540  0.1507148661614827E+000
 0541  0.1507148661614827E+000
 0542  0.1507148661614827E+000
 0543  0.1507148661614827E+000
 0544  0.1507148661614827E+000
 0545  0.1507148661614827E+000
 0546  0.1507148661614827E+000
 0547  0.1507148661614827E+000
 0548  0.1507148661614827E+000
 0549  0.1507148661614827E+000
 0550  0.1507148661614827E+000
 0551  0.1507148661614827E+000
 0552  0.1507148661614827E+000
 0553  0.1507148661614827E+000
 0554  0.1507148661614827E+000
 0555  0.1507148661614827E+000
 0556  0.1507148661614827E+000
 0557  0.1507148661614827E+000
 0558  0.1507148661614827E+000
 0559  0.1507148661614827E+000
 0560  0.1507148661614827E+000
 0561  0.1507148661614827E+000
 0562  0.1507148661614827E+000
 0563  0.1507148661614827E+000
 0564  0.1507148661614827E+000
 0565  0.1507148661614827E+000
 0566  0.1507148661614827E+000
 0567  0.1507148661614827E+000
 0568  0.1507148661614827E+000
 0569  0.1507148661614827E+000
 0570  0.1507148661614827E+000
 0571  0.1507148661614827E+000
 0572  0.1507148661614827E+000
 0573  0.1507148661614827E+000
 0574  0.1507148661614827E+000
 0575  0.1507148661614827E+000
 0576  0.1507148661614827E+000
 0577  0.1507148661614827E+000
 0578  0.1507148661614827E+000
 0579  0.1507148661614827E+000
 0580  0.1507148661614827E+000
 0581  0.1507148661614827E+000
 0582  0.1507148661614827E+000
 0583  0.1507148661614827E+000
 0584  0.1507148661614827E+000
 0585  0.1507148661614827E+000
 0586  0.1507148661614827E+000
 0587  0.1507148661614827E+000
 0588  0.1507148661614827E+000
 0589  0.1507148661614827E+000
 0590  0.1507148661614827E+000
 0591  0.1507148661614827E+000
 0592  0.1507148661614827E+000
 0593  0.1507148661614827E+000
 0594  0.1507148661614827E+000
 0595  0.1507148661614827E+000
 0596  0.1507148661614827E+000
 0597  0.1507148661614827E+000
 0598  0.1507148661614827E+000
 0599  0.1507148661614827E+000
 0600  0.1507148661614827E+000
 0601  0.1507148661614827E+000
 0602  0.1507148661614827E+000
 0603  0.1507148661614827E+000
 0604  0.1507148661614827E+000
 0605  0.1507148661614827E+000
 0606  0.1507148661614827E+000
 0607  0.1507148661614827E+000
 0608  0.1507148661614827E+000
 0609  0.1507148661614827E+000
 0610  0.1507148661614827E+000
 0611  0.1507148661614827E+000
 0612  0.1507148661614827E+000
 0613  0.1507148661614827E+000
 0614  0.1507148661614827E+000
 0615  0.1507148661614827E+000
 0616  0.1507148661614827E+000
 0617  0.1507148661614827E+000
 0618  0.1507148661614827E+000
 0619  0.1507148661614827E+000
 0620  0.1507148661614827E+000
 0621  0.1507148661614827E+000
 0622  0.1507148661614827E+000
 0623  0.1507148661614827E+000
 0624  0.1507148661614827E+000
 0625  0.1507148661614827E+000
 0626  0.1507148661614827E+000
 0627  0.1507148661614827E+000
 0628  0.1507148661614827E+000
 0629  0.1507148661614827E+000
 0630  0.1507148661614827E+000
 0631  0.1507148661614827E+000
 0632  0.1507148661614827E+000
 0633  0.1507148661614827E+000
 0634  0.1507148661614827E+000
 0635  0.1507148661614827E+000
 0636  0.1507148661614827E+000
 0637  0.1507148661614827E+000
 0638  0.1507148661614827E+000
 0639  0.1507148661614827E+000
 0640  0.1507148661614827E+000
 0641  0.1507148661614827E+000
 0642  0.1507148661614827E+000
 0643  0.1507148661614827E+000
 0644  0.1507148661614827E+000
 0645  0.1507148661614827E+000
 0646  0.1507148661614827E+000
 0647  0.1507148661614827E+000
 0648  0.1507148661614827E+000
 0649  0.1507148661614827E+000
 0650  0.1507148661614827E+000
 0651  0.1507148661614827E+000
 0652  0.1507148661614827E+000
 0653  0.1507148661614827E+000
 0654  0.1507148661614827E+000
 0655  0.1507148661614827E+000
 0656  0.1507148661614827E+000
 0657  0.1507148661614827E+000
 0658  0.1507148661614827E+000
 0659  0.1507148661614827E+000
 0660  0.1507148661614827E+000
 0661  0.1507148661614827E+000
 0662  0.1507148661614827E+000
 0663  0.1507148661614827E+000
 0664  0.1507148661614827E+000
 0665  0.1507148661614827E+000
 0666  0.1507148661614827E+000
 0667  0.1507148661614827E+000
 0668  0.1507148661614827E+000
 0669  0.1507148661614827E+000
 0670  0.1507148661614827E+000
 0671  0.1507148661614827E+000
 0672  0.1507148661614827E+000
 0673  0.1507148661614827E+000
 0674  0.1507148661614827E+000
 0675  0.1507148661614827E+000
 0676  0.1507148661614827E+000
 0677  0.1507148661614827E+000
 0678  0.1507148661614827E+000
 0679  0.1507148661614827E+000
 0680  0.1507148661614827E+000
 0681  0.1507148661614827E+000
 0682  0.1507148661614827E+000
 0683  0.1507148661614827E+000
 0684  0.1507148661614827E+000
 0685  0.1507148661614827E+000
 0686  0.1507148661614827E+000
 0687  0.1507148661614827E+000
 0688  0.1507148661614827E+000
 0689  0.1507148661614827E+000
 0690  0.1507148661614827E+000
 0691  0.1507148661614827E+000
 0692  0.1507148661614827E+000
 0693  0.1507148661614827E+000
 0694  0.1507148661614827E+000
 0695  0.1507148661614827E+000
 0696  0.1507148661614827E+000
 0697  0.1507148661614827E+000
 0698  0.1507148661614827E+000
 0699  0.1507148661614827E+000
 0700  0.1507148661614827E+000
 0701  0.1507148661614827E+000
 0702  0.1507148661614827E+000
 0703  0.1507148661614827E+000
 0704  0.1507148661614827E+000
 0705  0.1507148661614827E+000
 0706  0.1507148661614827E+000
 0707  0.1507148661614827E+000
 0708  0.1507148661614827E+000
 0709  0.1507148661614827E+000
 0710  0.1507148661614827E+000
 0711  0.1507148661614827E+000
 0712  0.1507148661614827E+000
 0713  0.1507148661614827E+000
 0714  0.1507148661614827E+000
 0715  0.1507148661614827E+000
 0716  0.1507148661614827E+000
 0717  0.1507148661614827E+000
 0718  0.1507148661614827E+000
 0719  0.1507148661614827E+000
 0720  0.1507148661614827E+000
 0721  0.1507148661614827E+000
 0722  0.1507148661614827E+000
 0723  0.1507148661614827E+000
 0724  0.1507148661614827E+000
 0725  0.1507148661614827E+000
 0726  0.1507148661614827E+000
 0727  0.1507148661614827E+000
 0728  0.1507148661614827E+000
 0729  0.1507148661614827E+000
 0730  0.1507148661614827E+000
 0731  0.1507148661614827E+000
 0732  0.1507148661614827E+000
 0733  0.1507148661614827E+000
 0734  0.1507148661614827E+000
 0735  0.1507148661614827E+000
 0736  0.1507148661614827E+000
 0737  0.1507148661614827E+000
 0738  0.1507148661614827E+000
 0739  0.1507148661614827E+000
 0740  0.1507148661614827E+000
 0741  0.1507148661614827E+000
 0742  0.1507148661614827E+000
 0743  0.1507148661614827E+000
 0744  0.1507148661614827E+000
 0745  0.1507148661614827E+000
 0746  0.1507148661614827E+000
 0747  0.1507148661614827E+000
 0748  0.1507148661614827E+000
 0749  0.1507148661614827E+000
 0750  0.1507148661614827E+000
 0751  0.1507148661614827E+000
 0752  0.1507148661614827E+000
 0753  0.1507148661614827E+000
 0754  0.1507148661614827E+000
 0755  0.1507148661614827E+000
 0756  0.1507148661614827E+000
 0757  0.1507148661614827E+000
 0758  0.1507148661614827E+000
 0759  0.1507148661614827E+000
 0760  0.1507148661614827E+000
 0761  0.1507148661614827E+000
 0762  0.1507148661614827E+000
 0763  0.1507148661614827E+000
 0764  0.1507148661614827E+000
 0765  0.1507148661614827E+000
 0766  0.1507148661614827E+000
 0767  0.1507148661614827E+000
 0768  0.1507148661614827E+000
 0769  0.1507148661614827E+000
 0770  0.1507148661614827E+000
 0771  0.1507148661614827E+000
 0772  0.1507148661614827E+000
 0773  0.1507148661614827E+000
 0774  0.1507148661614827E+000
 0775  0.1507148661614827E+000
 0776  0.1507148661614827E+000
 0777  0.1507148661614827E+000
 0778  0.1507148661614827E+000
 0779  0.1507148661614827E+000
 0780  0.1507148661614827E+000
 0781  0.1507148661614827E+000
 0782  0.1507148661614827E+000
 0783  0.1507148661614827E+000
 0784  0.1507148661614827E+000
 0785  0.1507148661614827E+000
 0786  0.1507148661614827E+000
 0787  0.1507148661614827E+000
 0788  0.1507148661614827E+000
 0789  0.1507148661614827E+000
 0790  0.1507148661614827E+000
 0791  0.1507148661614827E+000
 0792  0.1507148661614827E+000
 0793  0.1507148661614827E+000
 0794  0.1507148661614827E+000
 0795  0.1507148661614827E+000
 0796  0.1507148661614827E+000
 0797  0.1507148661614827E+000
 0798  0.1507148661614827E+000
 0799  0.1507148661614827E+000
 0800  0.1507148661614827E+000
 0801  0.1507148661614827E+000
 0802  0.1507148661614827E+000
 0803  0.1507148661614827E+000
 0804  0.1507148661614827E+000
 0805  0.1507148661614827E+000
 0806  0.1507148661614827E+000
 0807  0.1507148661614827E+000
 0808  0.1507148661614827E+000
 0809  0.1507148661614827E+000
 0810  0.1507148661614827E+000
 0811  0.1507148661614827E+000
 0812  0.1507148661614827E+000
 0813  0.1507148661614827E+000
 0814  0.1507148661614827E+000
 0815  0.1507148661614827E+000
 0816  0.1507148661614827E+000
 0817  0.1507148661614827E+000
 0818  0.1507148661614827E+000
 0819  0.1507148661614827E+000
 0820  0.1507148661614827E+000
 0821  0.1507148661614827E+000
 0822  0.1507148661614827E+000
 0823  0.1507148661614827E+000
 0824  0.1507148661614827E+000
 0825  0.1507148661614827E+000
 0826  0.1507148661614827E+000
 0827  0.1507148661614827E+000
 0828  0.1507148661614827E+000
 0829  0.1507148661614827E+000
 0830  0.1507148661614827E+000
 0831  0.1507148661614827E+000
 0832  0.1507148661614827E+000
 0833  0.1507148661614827E+000
 0834  0.1507148661614827E+000
 0835  0.1507148661614827E+000
 0836  0.1507148661614827E+000
 0837  0.1507148661614827E+000
 0838  0.1507148661614827E+000
 0839  0.1507148661614827E+000
 0840  0.1507148661614827E+000
 0841  0.1507148661614827E+000
 0842  0.1507148661614827E+000
 0843  0.1507148661614827E+000
 0844  0.1507148661614827E+000
 0845  0.1507148661614827E+000
 0846  0.1507148661614827E+000
 0847  0.1507148661614827E+000
 0848  0.1507148661614827E+000
 0849  0.1507148661614827E+000
 0850  0.1507148661614827E+000
 0851  0.1507148661614827E+000
 0852  0.1507148661614827E+000
 0853  0.1507148661614827E+000
 0854  0.1507148661614827E+000
 0855  0.1507148661614827E+000
 0856  0.1507148661614827E+000
 0857  0.1507148661614827E+000
 0858  0.1507148661614827E+000
 0859  0.1507148661614827E+000
 0860  0.1507148661614827E+000
 0861  0.1507148661614827E+000
 0862  0.1507148661614827E+000
 0863  0.1507148661614827E+000
 0864  0.1507148661614827E+000
 0865  0.1507148661614827E+000
 0866  0.1507148661614827E+000
 0867  0.1507148661614827E+000
 0868  0.1507148661614827E+000
 0869  0.1507148661614827E+000
 0870  0.1507148661614827E+000
 0871  0.1507148661614827E+000
 0872  0.1507148661614827E+000
 0873  0.1507148661614827E+000
 0874  0.1507148661614827E+000
 0875  0.1507148661614827E+000
 0876  0.1507148661614827E+000
 0877  0.1507148661614827E+000
 0878  0.1507148661614827E+000
 0879  0.1507148661614827E+000
 0880  0.1507148661614827E+000
 0881  0.1507148661614827E+000
 0882  0.1507148661614827E+000
 0883  0.1507148661614827E+000
 0884  0.1507148661614827E+000
 0885  0.1507148661614827E+000
 0886  0.1507148661614827E+000
 0887  0.1507148661614827E+000
 0888  0.1507148661614827E+000
 0889  0.1507148661614827E+000
 0890  0.1507148661614827E+000
 0891  0.1507148661614827E+000
 0892  0.1507148661614827E+000
 0893  0.1507148661614827E+000
 0894  0.1507148661614827E+000
 0895  0.1507148661614827E+000
 0896  0.1507148661614827E+000
 0897  0.1507148661614827E+000
 0898  0.1507148661614827E+000
 0899  0.1507148661614827E+000
 0900  0.1507148661614827E+000
 0901  0.1507148661614827E+000
 0902  0.1507148661614827E+000
 0903  0.1507148661614827E+000
 0904  0.1507148661614827E+000
 0905  0.1507148661614827E+000
 0906  0.1507148661614827E+000
 0907  0.1507148661614827E+000
 0908  0.1507148661614827E+000
 0909  0.1507148661614827E+000
 0910  0.1507148661614827E+000
 0911  0.1507148661614827E+000
 0912  0.1507148661614827E+000
 0913  0.1507148661614827E+000
 0914  0.1507148661614827E+000
 0915  0.1507148661614827E+000
 0916  0.1507148661614827E+000
 0917  0.1507148661614827E+000
 0918  0.1507148661614827E+000
 0919  0.1507148661614827E+000
 0920  0.1507148661614827E+000
 0921  0.1507148661614827E+000
 0922  0.1507148661614827E+000
 0923  0.1507148661614827E+000
 0924  0.1507148661614827E+000
 0925  0.1507148661614827E+000
 0926  0.1507148661614827E+000
 0927  0.1507148661614827E+000
 0928  0.1507148661614827E+000
 0929  0.1507148661614827E+000
 0930  0.1507148661614827E+000
 0931  0.1507148661614827E+000
 0932  0.1507148661614827E+000
 0933  0.1507148661614827E+000
 0934  0.1507148661614827E+000
 0935  0.1507148661614827E+000
 0936  0.1507148661614827E+000
 0937  0.1507148661614827E+000
 0938  0.1507148661614827E+000
 0939  0.1507148661614827E+000
 0940  0.1507148661614827E+000
 0941  0.1507148661614827E+000
 0942  0.1507148661614827E+000
 0943  0.1507148661614827E+000
 0944  0.1507148661614827E+000
 0945  0.1507148661614827E+000
 0946  0.1507148661614827E+000
 0947  0.1507148661614827E+000
 0948  0.1507148661614827E+000
 0949  0.1507148661614827E+000
 0950  0.1507148661614827E+000
 0951  0.1507148661614827E+000
 0952  0.1507148661614827E+000
 0953  0.1507148661614827E+000
 0954  0.1507148661614827E+000
 0955  0.1507148661614827E+000
 0956  0.1507148661614827E+000
 0957  0.1507148661614827E+000
 0958  0.1507148661614827E+000
 0959  0.1507148661614827E+000
 0960  0.1507148661614827E+000
 0961  0.1507148661614827E+000
 0962  0.1507148661614827E+000
 0963  0.1507148661614827E+000
 0964  0.1507148661614827E+000
 0965  0.1507148661614827E+000
 0966  0.1507148661614827E+000
 0967  0.1507148661614827E+000
 0968  0.1507148661614827E+000
 0969  0.1507148661614827E+000
 0970  0.1507148661614827E+000
 0971  0.1507148661614827E+000
 0972  0.1507148661614827E+000
 0973  0.1507148661614827E+000
 0974  0.1507148661614827E+000
 0975  0.1507148661614827E+000
 0976  0.1507148661614827E+000
 0977  0.1507148661614827E+000
 0978  0.1507148661614827E+000
 0979  0.1507148661614827E+000
 0980  0.1507148661614827E+000
 0981  0.1507148661614827E+000
 0982  0.1507148661614827E+000
 0983  0.1507148661614827E+000
 0984  0.1507148661614827E+000
 0985  0.1507148661614827E+000
 0986  0.1507148661614827E+000
 0987  0.1507148661614827E+000
 0988  0.1507148661614827E+000
 0989  0.1507148661614827E+000
 0990  0.1507148661614827E+000
 0991  0.1507148661614827E+000
 0992  0.1507148661614827E+000
 0993  0.1507148661614827E+000
 0994  0.1507148661614827E+000
 0995  0.1507148661614827E+000
 0996  0.1507148661614827E+000
 0997  0.1507148661614827E+000
 0998  0.1507148661614827E+000
 0999  0.1507148661614827E+000
 1000  0.1507148661614827E+000
