 0001  0.3959771150411417E+000
 0002  0.3959771150411417E+000
 0003  0.3959771150411416E+000
 0004  0.3965541814677984E+000
 0005  0.3965541814677984E+000
 0006  0.3965541814677984E+000
 0007  0.3965541814677984E+000
 0008  0.3965541814677985E+000
 0009  0.3965541814677985E+000
 0010  0.3971473021417428E+000
 0011  0.3971473021417429E+000
 0012  0.3971473021417431E+000
 0013  0.3971473021417433E+000
 0014  0.3971473021417433E+000
 0015  0.3977366528546869E+000
 0016  0.3977366528546870E+000
 0017  0.3977366528546870E+000
 0018  0.3977366528546870E+000
 0019  0.3977366528546871E+000
 0020  0.3983372976122679E+000
 0021  0.3983372976122679E+000
 0022  0.3983372976122679E+000
 0023  0.3983372976122679E+000
 0024  0.3989406058221430E+000
 0025  0.3989406058221429E+000
 0026  0.3989406058221429E+000
 0027  0.3989406058221428E+000
 0028  0.3995392098937372E+000
 0029  0.3995392098937372E+000
 0030  0.3995392098937372E+000
 0031  0.3995392098937372E+000
 0032  0.4001368633074510E+000
 0033  0.4001368633074511E+000
 0034  0.4001368633074512E+000
 0035  0.4007230708450664E+000
 0036  0.4007230708450664E+000
 0037  0.4007230708450664E+000
 0038  0.4007230708450664E+000
 0039  0.4012920725470821E+000
 0040  0.4012920725470822E+000
 0041  0.4012920725470822E+000
 0042  0.4018329379146871E+000
 0043  0.4018329379146871E+000
 0044  0.4018329379146872E+000
 0045  0.4023406485010459E+000
 0046  0.4023406485010459E+000
 0047  0.4023406485010459E+000
 0048  0.4028098892602355E+000
 0049  0.4028098892602355E+000
 0050  0.4032682333621735E+000
 0051  0.4032682333621735E+000
 0052  0.4032682333621735E+000
 0053  0.4036739064468975E+000
 0054  0.4036739064468975E+000
 0055  0.4040158915897268E+000
 0056  0.4040158915897268E+000
 0057  0.4040158915897268E+000
 0058  0.4042942659283840E+000
 0059  0.4042942659283841E+000
 0060  0.4044991533980180E+000
 0061  0.4044991533980181E+000
 0062  0.4044991533980181E+000
 0063  0.4045372426477578E+000
 0064  0.4045372426477578E+000
 0065  0.4044852395966919E+000
 0066  0.4044852395966919E+000
 0067  0.4043391130270693E+000
 0068  0.4043391130270693E+000
 0069  0.4040925671592620E+000
 0070  0.4040925671592620E+000
 0071  0.4037485359102877E+000
 0072  0.4037485359102877E+000
 0073  0.4033081439035607E+000
 0074  0.4033081439035606E+000
 0075  0.4026510116132598E+000
 0076  0.4026510116132598E+000
 0077  0.4018982305881630E+000
 0078  0.4010712736984081E+000
 0079  0.4010712736984080E+000
 0080  0.4001492896324510E+000
 0081  0.3990251877740214E+000
 0082  0.3990251877740213E+000
 0083  0.3978068966560689E+000
 0084  0.3965251069408286E+000
 0085  0.3965251069408287E+000
 0086  0.3951400059851220E+000
 0087  0.3936958140620123E+000
 0088  0.3920544221232879E+000
 0089  0.3903654246394632E+000
 0090  0.3886298942807310E+000
 0091  0.3868443449669561E+000
 0092  0.3868443449669561E+000
 0093  0.3848070496456187E+000
 0094  0.3827286856655011E+000
 0095  0.3806093606042911E+000
 0096  0.3784489453684290E+000
 0097  0.3738381343062287E+000
 0098  0.3715264837573402E+000
 0099  0.3691763681546731E+000
 0100  0.3666635837575455E+000
 0101  0.3641198349226120E+000
 0102  0.3615470461075354E+000
 0103  0.3563109712127659E+000
 0104  0.3536557504108150E+000
 0105  0.3509805528619856E+000
 0106  0.3482849338385939E+000
 0107  0.3427463650357877E+000
 0108  0.3400174340780681E+000
 0109  0.3371764321496085E+000
 0110  0.3343320249955464E+000
 0111  0.3314837594679821E+000
 0112  0.3257122003853177E+000
 0113  0.3228867916141414E+000
 0114  0.3200624173443186E+000
 0115  0.3171539366663845E+000
 0116  0.3114722828557366E+000
 0117  0.3086170758857563E+000
 0118  0.3057723893374931E+000
 0119  0.3029378823503486E+000
 0120  0.2972647782064840E+000
 0121  0.2945016236720994E+000
 0122  0.2916830881334536E+000
 0123  0.2888815123743522E+000
 0124  0.2833668283400747E+000
 0125  0.2806545842434582E+000
 0126  0.2779594497345885E+000
 0127  0.2752236385195345E+000
 0128  0.2698551958335008E+000
 0129  0.2672226173430782E+000
 0130  0.2646103353588146E+000
 0131  0.2619677557671934E+000
 0132  0.2568405321403271E+000
 0133  0.2543062909243605E+000
 0134  0.2517943168403645E+000
 0135  0.2468345329210693E+000
 0136  0.2444296833331019E+000
 0137  0.2420057511127560E+000
 0138  0.2372668661600912E+000
 0139  0.2349508686713671E+000
 0140  0.2326213778752549E+000
 0141  0.2303151993153763E+000
 0142  0.2258113145346815E+000
 0143  0.2236122495767686E+000
 0144  0.2214038631434690E+000
 0145  0.2170942870145540E+000
 0146  0.2149916826986474E+000
 0147  0.2128831898467694E+000
 0148  0.2087704254249022E+000
 0149  0.2067647545801132E+000
 0150  0.2047557274427667E+000
 0151  0.2008383457882967E+000
 0152  0.1989286257101570E+000
 0153  0.1970176087353542E+000
 0154  0.1932923117084692E+000
 0155  0.1914766454230876E+000
 0156  0.1896612167427396E+000
 0157  0.1861226005451493E+000
 0158  0.1843809545573596E+000
 0159  0.1809864776303777E+000
 0160  0.1793323921072469E+000
 0161  0.1776807271674955E+000
 0162  0.1744472461770616E+000
 0163  0.1728652156385511E+000
 0164  0.1713006108293598E+000
 0165  0.1682254604602546E+000
 0166  0.1667276060040707E+000
 0167  0.1637846046746713E+000
 0168  0.1623509153846715E+000
 0169  0.1609219078307070E+000
 0170  0.1581267436786147E+000
 0171  0.1567601855142778E+000
 0172  0.1540780154987385E+000
 0173  0.1527713849577674E+000
 0174  0.1502070337587122E+000
 0175  0.1489494327933442E+000
 0176  0.1477055871234599E+000
 0177  0.1452657027889293E+000
 0178  0.1440696766405955E+000
 0179  0.1417246763752914E+000
 0180  0.1405820421818125E+000
 0181  0.1383414741380352E+000
 0182  0.1372434534564952E+000
 0183  0.1350910186479689E+000
 0184  0.1340364622813600E+000
 0185  0.1319696684895609E+000
 0186  0.1309572525482070E+000
 0187  0.1289733890638901E+000
 0188  0.1280018213045301E+000
 0189  0.1260985253259956E+000
 0190  0.1251666389334050E+000
 0191  0.1233414325600495E+000
 0192  0.1224479232332575E+000
 0193  0.1206980970650697E+000
 0194  0.1198385212670625E+000
 0195  0.1181556807429313E+000
 0196  0.1173321747016108E+000
 0197  0.1157148603160904E+000
 0198  0.1141520766021971E+000
 0199  0.1133862252907126E+000
 0200  0.1118849606510906E+000
 0201  0.1111493903598060E+000
 0202  0.1097058133791311E+000
 0203  0.1083092429064791E+000
 0204  0.1076242623536642E+000
 0205  0.1062819227905086E+000
 0206  0.1056229292879979E+000
 0207  0.1043316887378918E+000
 0208  0.1030801078058261E+000
 0209  0.1024658963969715E+000
 0210  0.1012602476906847E+000
 0211  0.1000920302357032E+000
 0212  0.9951889718396843E-001
 0213  0.9839412971288367E-001
 0214  0.9730356725770857E-001
 0215  0.9676822745130638E-001
 0216  0.9571709292351599E-001
 0217  0.9469743334514273E-001
 0218  0.9370710893297424E-001
 0219  0.9322057641673520E-001
 0220  0.9226506423738626E-001
 0221  0.9133699649043173E-001
 0222  0.9043569432973100E-001
 0223  0.8999289753479255E-001
 0224  0.8912206733560814E-001
 0225  0.8827572140106564E-001
 0226  0.8745272462830485E-001
 0227  0.8665237036951359E-001
 0228  0.8587376864784013E-001
 0229  0.8549070874270860E-001
 0230  0.8473706487486087E-001
 0231  0.8400362774760273E-001
 0232  0.8328960555991896E-001
 0233  0.8259427700415191E-001
 0234  0.8191692518949632E-001
 0235  0.8125695824978149E-001
 0236  0.8061377500938599E-001
 0237  0.7998681185796880E-001
 0238  0.7937552403296638E-001
 0239  0.7877977121957710E-001
 0240  0.7820155160196858E-001
 0241  0.7764058224589167E-001
 0242  0.7709616336552112E-001
 0243  0.7656763092138835E-001
 0244  0.7605435443132498E-001
 0245  0.7555573493705561E-001
 0246  0.7507120311387604E-001
 0247  0.7460021751198483E-001
 0248  0.7414226291905637E-001
 0249  0.7369684883456355E-001
 0250  0.7305346176463072E-001
 0251  0.7264027356748159E-001
 0252  0.7223795439888692E-001
 0253  0.7184611525486978E-001
 0254  0.7127911089398178E-001
 0255  0.7091434289875233E-001
 0256  0.7055872079362205E-001
 0257  0.7004345604069383E-001
 0258  0.6971155165262677E-001
 0259  0.6938766928255065E-001
 0260  0.6891782890402802E-001
 0261  0.6861482760735192E-001
 0262  0.6817490761451925E-001
 0263  0.6789096710008946E-001
 0264  0.6747839176326688E-001
 0265  0.6721189162443120E-001
 0266  0.6682436463258494E-001
 0267  0.6657385811737458E-001
 0268  0.6620932634076190E-001
 0269  0.6585855048327226E-001
 0270  0.6563153832714141E-001
 0271  0.6530082545104088E-001
 0272  0.6498215817026133E-001
 0273  0.6467493969007403E-001
 0274  0.6437861108621239E-001
 0275  0.6409264838870560E-001
 0276  0.6381655992838536E-001
 0277  0.6354988391907973E-001
 0278  0.6329218625161234E-001
 0279  0.6304305847843417E-001
 0280  0.6280211597008729E-001
 0281  0.6256899622677502E-001
 0282  0.6234335733014011E-001
 0283  0.6205410726074213E-001
 0284  0.6184545125760198E-001
 0285  0.6164323262590399E-001
 0286  0.6138362114694164E-001
 0287  0.6119607564139451E-001
 0288  0.6095506742855733E-001
 0289  0.6072423543827191E-001
 0290  0.6050301209394855E-001
 0291  0.6029087033718608E-001
 0292  0.6013723397673364E-001
 0293  0.5989139766788214E-001
 0294  0.5970369764326776E-001
 0295  0.5952331062189647E-001
 0296  0.5934986587243948E-001
 0297  0.5914254732575533E-001
 0298  0.5898387442450812E-001
 0299  0.5879398679540869E-001
 0300  0.5861315736211611E-001
 0301  0.5844083553257931E-001
 0302  0.5827651316166028E-001
 0303  0.5808939930302356E-001
 0304  0.5794134636093730E-001
 0305  0.5777251374315270E-001
 0306  0.5761283710912207E-001
 0307  0.5746170183989390E-001
 0308  0.5729554692920983E-001
 0309  0.5713966252201863E-001
 0310  0.5699327744630274E-001
 0311  0.5685569235346775E-001
 0312  0.5670850505172533E-001
 0313  0.5657128766533593E-001
 0314  0.5642791824275641E-001
 0315  0.5629527189863497E-001
 0316  0.5615939216260556E-001
 0317  0.5602271005384157E-001
 0318  0.5588742440626572E-001
 0319  0.5576507001373224E-001
 0320  0.5563690608967610E-001
 0321  0.5550748544797853E-001
 0322  0.5538734598317029E-001
 0323  0.5526568052617355E-001
 0324  0.5514798449312898E-001
 0325  0.5503105302862528E-001
 0326  0.5491708414052471E-001
 0327  0.5480403949381898E-001
 0328  0.5469173699812511E-001
 0329  0.5463532485936853E-001
 0330  0.5463532485936853E-001
 0331  0.5463532485936853E-001
 0332  0.5463532485936853E-001
 0333  0.5463532485936853E-001
 0334  0.5463532485936853E-001
 0335  0.5463532485936853E-001
 0336  0.5463532485936853E-001
 0337  0.5463532485936853E-001
 0338  0.5463532485936853E-001
 0339  0.5463532485936853E-001
 0340  0.5463532485936853E-001
 0341  0.5463532485936853E-001
 0342  0.5463532485936853E-001
 0343  0.5463532485936853E-001
 0344  0.5463532485936853E-001
 0345  0.5463532485936853E-001
 0346  0.5463532485936853E-001
 0347  0.5463532485936853E-001
 0348  0.5463532485936853E-001
 0349  0.5463532485936853E-001
 0350  0.5463532485936853E-001
 0351  0.5463532485936853E-001
 0352  0.5463532485936853E-001
 0353  0.5463532485936853E-001
 0354  0.5463532485936853E-001
 0355  0.5463532485936853E-001
 0356  0.5463532485936853E-001
 0357  0.5463532485936853E-001
 0358  0.5463532485936853E-001
 0359  0.5463532485936853E-001
 0360  0.5463532485936853E-001
 0361  0.5463532485936853E-001
 0362  0.5463532485936853E-001
 0363  0.5463532485936853E-001
 0364  0.5463532485936853E-001
 0365  0.5463532485936853E-001
 0366  0.5463532485936853E-001
 0367  0.5463532485936853E-001
 0368  0.5463532485936853E-001
 0369  0.5463532485936853E-001
 0370  0.5463532485936853E-001
 0371  0.5463532485936853E-001
 0372  0.5463532485936853E-001
 0373  0.5463532485936853E-001
 0374  0.5463532485936853E-001
 0375  0.5463532485936853E-001
 0376  0.5463532485936853E-001
 0377  0.5463532485936853E-001
 0378  0.5463532485936853E-001
 0379  0.5463532485936853E-001
 0380  0.5463532485936853E-001
 0381  0.5463532485936853E-001
 0382  0.5463532485936853E-001
 0383  0.5463532485936853E-001
 0384  0.5463532485936853E-001
 0385  0.5463532485936853E-001
 0386  0.5463532485936853E-001
 0387  0.5463532485936853E-001
 0388  0.5463532485936853E-001
 0389  0.5463532485936853E-001
 0390  0.5463532485936853E-001
 0391  0.5463532485936853E-001
 0392  0.5463532485936853E-001
 0393  0.5463532485936853E-001
 0394  0.5463532485936853E-001
 0395  0.5463532485936853E-001
 0396  0.5463532485936853E-001
 0397  0.5463532485936853E-001
 0398  0.5463532485936853E-001
 0399  0.5463532485936853E-001
 0400  0.5463532485936853E-001
 0401  0.5463532485936853E-001
 0402  0.5463532485936853E-001
 0403  0.5463532485936853E-001
 0404  0.5463532485936853E-001
 0405  0.5463532485936853E-001
 0406  0.5463532485936853E-001
 0407  0.5463532485936853E-001
 0408  0.5463532485936853E-001
 0409  0.5463532485936853E-001
 0410  0.5463532485936853E-001
 0411  0.5463532485936853E-001
 0412  0.5463532485936853E-001
 0413  0.5463532485936853E-001
 0414  0.5463532485936853E-001
 0415  0.5463532485936853E-001
 0416  0.5463532485936853E-001
 0417  0.5463532485936853E-001
 0418  0.5463532485936853E-001
 0419  0.5463532485936853E-001
 0420  0.5463532485936853E-001
 0421  0.5463532485936853E-001
 0422  0.5463532485936853E-001
 0423  0.5463532485936853E-001
 0424  0.5463532485936853E-001
 0425  0.5463532485936853E-001
 0426  0.5463532485936853E-001
 0427  0.5463532485936853E-001
 0428  0.5463532485936853E-001
 0429  0.5463532485936853E-001
 0430  0.5463532485936853E-001
 0431  0.5463532485936853E-001
 0432  0.5463532485936853E-001
 0433  0.5463532485936853E-001
 0434  0.5463532485936853E-001
 0435  0.5463532485936853E-001
 0436  0.5463532485936853E-001
 0437  0.5463532485936853E-001
 0438  0.5463532485936853E-001
 0439  0.5463532485936853E-001
 0440  0.5463532485936853E-001
 0441  0.5463532485936853E-001
 0442  0.5463532485936853E-001
 0443  0.5463532485936853E-001
 0444  0.5463532485936853E-001
 0445  0.5463532485936853E-001
 0446  0.5463532485936853E-001
 0447  0.5463532485936853E-001
 0448  0.5463532485936853E-001
 0449  0.5463532485936853E-001
 0450  0.5463532485936853E-001
 0451  0.5463532485936853E-001
 0452  0.5463532485936853E-001
 0453  0.5463532485936853E-001
 0454  0.5463532485936853E-001
 0455  0.5463532485936853E-001
 0456  0.5463532485936853E-001
 0457  0.5463532485936853E-001
 0458  0.5463532485936853E-001
 0459  0.5463532485936853E-001
 0460  0.5463532485936853E-001
 0461  0.5463532485936853E-001
 0462  0.5463532485936853E-001
 0463  0.5463532485936853E-001
 0464  0.5463532485936853E-001
 0465  0.5463532485936853E-001
 0466  0.5463532485936853E-001
 0467  0.5463532485936853E-001
 0468  0.5463532485936853E-001
 0469  0.5463532485936853E-001
 0470  0.5463532485936853E-001
 0471  0.5463532485936853E-001
 0472  0.5463532485936853E-001
 0473  0.5463532485936853E-001
 0474  0.5463532485936853E-001
 0475  0.5463532485936853E-001
 0476  0.5463532485936853E-001
 0477  0.5463532485936853E-001
 0478  0.5463532485936853E-001
 0479  0.5463532485936853E-001
 0480  0.5463532485936853E-001
 0481  0.5463532485936853E-001
 0482  0.5463532485936853E-001
 0483  0.5463532485936853E-001
 0484  0.5463532485936853E-001
 0485  0.5463532485936853E-001
 0486  0.5463532485936853E-001
 0487  0.5463532485936853E-001
 0488  0.5463532485936853E-001
 0489  0.5463532485936853E-001
 0490  0.5463532485936853E-001
 0491  0.5463532485936853E-001
 0492  0.5463532485936853E-001
 0493  0.5463532485936853E-001
 0494  0.5463532485936853E-001
 0495  0.5463532485936853E-001
 0496  0.5463532485936853E-001
 0497  0.5463532485936853E-001
 0498  0.5463532485936853E-001
 0499  0.5463532485936853E-001
 0500  0.5463532485936853E-001
 0501  0.5463532485936853E-001
 0502  0.5463532485936853E-001
 0503  0.5463532485936853E-001
 0504  0.5463532485936853E-001
 0505  0.5463532485936853E-001
 0506  0.5463532485936853E-001
 0507  0.5463532485936853E-001
 0508  0.5463532485936853E-001
 0509  0.5463532485936853E-001
 0510  0.5463532485936853E-001
 0511  0.5463532485936853E-001
 0512  0.5463532485936853E-001
 0513  0.5463532485936853E-001
 0514  0.5463532485936853E-001
 0515  0.5463532485936853E-001
 0516  0.5463532485936853E-001
 0517  0.5463532485936853E-001
 0518  0.5463532485936853E-001
 0519  0.5463532485936853E-001
 0520  0.5463532485936853E-001
 0521  0.5463532485936853E-001
 0522  0.5463532485936853E-001
 0523  0.5463532485936853E-001
 0524  0.5463532485936853E-001
 0525  0.5463532485936853E-001
 0526  0.5463532485936853E-001
 0527  0.5463532485936853E-001
 0528  0.5463532485936853E-001
 0529  0.5463532485936853E-001
 0530  0.5463532485936853E-001
 0531  0.5463532485936853E-001
 0532  0.5463532485936853E-001
 0533  0.5463532485936853E-001
 0534  0.5463532485936853E-001
 0535  0.5463532485936853E-001
 0536  0.5463532485936853E-001
 0537  0.5463532485936853E-001
 0538  0.5463532485936853E-001
 0539  0.5463532485936853E-001
 0540  0.5463532485936853E-001
 0541  0.5463532485936853E-001
 0542  0.5463532485936853E-001
 0543  0.5463532485936853E-001
 0544  0.5463532485936853E-001
 0545  0.5463532485936853E-001
 0546  0.5463532485936853E-001
 0547  0.5463532485936853E-001
 0548  0.5463532485936853E-001
 0549  0.5463532485936853E-001
 0550  0.5463532485936853E-001
 0551  0.5463532485936853E-001
 0552  0.5463532485936853E-001
 0553  0.5463532485936853E-001
 0554  0.5463532485936853E-001
 0555  0.5463532485936853E-001
 0556  0.5463532485936853E-001
 0557  0.5463532485936853E-001
 0558  0.5463532485936853E-001
 0559  0.5463532485936853E-001
 0560  0.5463532485936853E-001
 0561  0.5463532485936853E-001
 0562  0.5463532485936853E-001
 0563  0.5463532485936853E-001
 0564  0.5463532485936853E-001
 0565  0.5463532485936853E-001
 0566  0.5463532485936853E-001
 0567  0.5463532485936853E-001
 0568  0.5463532485936853E-001
 0569  0.5463532485936853E-001
 0570  0.5463532485936853E-001
 0571  0.5463532485936853E-001
 0572  0.5463532485936853E-001
 0573  0.5463532485936853E-001
 0574  0.5463532485936853E-001
 0575  0.5463532485936853E-001
 0576  0.5463532485936853E-001
 0577  0.5463532485936853E-001
 0578  0.5463532485936853E-001
 0579  0.5463532485936853E-001
 0580  0.5463532485936853E-001
 0581  0.5463532485936853E-001
 0582  0.5463532485936853E-001
 0583  0.5463532485936853E-001
 0584  0.5463532485936853E-001
 0585  0.5463532485936853E-001
 0586  0.5463532485936853E-001
 0587  0.5463532485936853E-001
 0588  0.5463532485936853E-001
 0589  0.5463532485936853E-001
 0590  0.5463532485936853E-001
 0591  0.5463532485936853E-001
 0592  0.5463532485936853E-001
 0593  0.5463532485936853E-001
 0594  0.5463532485936853E-001
 0595  0.5463532485936853E-001
 0596  0.5463532485936853E-001
 0597  0.5463532485936853E-001
 0598  0.5463532485936853E-001
 0599  0.5463532485936853E-001
 0600  0.5463532485936853E-001
 0601  0.5463532485936853E-001
 0602  0.5463532485936853E-001
 0603  0.5463532485936853E-001
 0604  0.5463532485936853E-001
 0605  0.5463532485936853E-001
 0606  0.5463532485936853E-001
 0607  0.5463532485936853E-001
 0608  0.5463532485936853E-001
 0609  0.5463532485936853E-001
 0610  0.5463532485936853E-001
 0611  0.5463532485936853E-001
 0612  0.5463532485936853E-001
 0613  0.5463532485936853E-001
 0614  0.5463532485936853E-001
 0615  0.5463532485936853E-001
 0616  0.5463532485936853E-001
 0617  0.5463532485936853E-001
 0618  0.5463532485936853E-001
 0619  0.5463532485936853E-001
 0620  0.5463532485936853E-001
 0621  0.5463532485936853E-001
 0622  0.5463532485936853E-001
 0623  0.5463532485936853E-001
 0624  0.5463532485936853E-001
 0625  0.5463532485936853E-001
 0626  0.5463532485936853E-001
 0627  0.5463532485936853E-001
 0628  0.5463532485936853E-001
 0629  0.5463532485936853E-001
 0630  0.5463532485936853E-001
 0631  0.5463532485936853E-001
 0632  0.5463532485936853E-001
 0633  0.5463532485936853E-001
 0634  0.5463532485936853E-001
 0635  0.5463532485936853E-001
 0636  0.5463532485936853E-001
 0637  0.5463532485936853E-001
 0638  0.5463532485936853E-001
 0639  0.5463532485936853E-001
 0640  0.5463532485936853E-001
 0641  0.5463532485936853E-001
 0642  0.5463532485936853E-001
 0643  0.5463532485936853E-001
 0644  0.5463532485936853E-001
 0645  0.5463532485936853E-001
 0646  0.5463532485936853E-001
 0647  0.5463532485936853E-001
 0648  0.5463532485936853E-001
 0649  0.5463532485936853E-001
 0650  0.5463532485936853E-001
 0651  0.5463532485936853E-001
 0652  0.5463532485936853E-001
 0653  0.5463532485936853E-001
 0654  0.5463532485936853E-001
 0655  0.5463532485936853E-001
 0656  0.5463532485936853E-001
 0657  0.5463532485936853E-001
 0658  0.5463532485936853E-001
 0659  0.5463532485936853E-001
 0660  0.5463532485936853E-001
 0661  0.5463532485936853E-001
 0662  0.5463532485936853E-001
 0663  0.5463532485936853E-001
 0664  0.5463532485936853E-001
 0665  0.5463532485936853E-001
 0666  0.5463532485936853E-001
 0667  0.5463532485936853E-001
 0668  0.5463532485936853E-001
 0669  0.5463532485936853E-001
 0670  0.5463532485936853E-001
 0671  0.5463532485936853E-001
 0672  0.5463532485936853E-001
 0673  0.5463532485936853E-001
 0674  0.5463532485936853E-001
 0675  0.5463532485936853E-001
 0676  0.5463532485936853E-001
 0677  0.5463532485936853E-001
 0678  0.5463532485936853E-001
 0679  0.5463532485936853E-001
 0680  0.5463532485936853E-001
 0681  0.5463532485936853E-001
 0682  0.5463532485936853E-001
 0683  0.5463532485936853E-001
 0684  0.5463532485936853E-001
 0685  0.5463532485936853E-001
 0686  0.5463532485936853E-001
 0687  0.5463532485936853E-001
 0688  0.5463532485936853E-001
 0689  0.5463532485936853E-001
 0690  0.5463532485936853E-001
 0691  0.5463532485936853E-001
 0692  0.5463532485936853E-001
 0693  0.5463532485936853E-001
 0694  0.5463532485936853E-001
 0695  0.5463532485936853E-001
 0696  0.5463532485936853E-001
 0697  0.5463532485936853E-001
 0698  0.5463532485936853E-001
 0699  0.5463532485936853E-001
 0700  0.5463532485936853E-001
 0701  0.5463532485936853E-001
 0702  0.5463532485936853E-001
 0703  0.5463532485936853E-001
 0704  0.5463532485936853E-001
 0705  0.5463532485936853E-001
 0706  0.5463532485936853E-001
 0707  0.5463532485936853E-001
 0708  0.5463532485936853E-001
 0709  0.5463532485936853E-001
 0710  0.5463532485936853E-001
 0711  0.5463532485936853E-001
 0712  0.5463532485936853E-001
 0713  0.5463532485936853E-001
 0714  0.5463532485936853E-001
 0715  0.5463532485936853E-001
 0716  0.5463532485936853E-001
 0717  0.5463532485936853E-001
 0718  0.5463532485936853E-001
 0719  0.5463532485936853E-001
 0720  0.5463532485936853E-001
 0721  0.5463532485936853E-001
 0722  0.5463532485936853E-001
 0723  0.5463532485936853E-001
 0724  0.5463532485936853E-001
 0725  0.5463532485936853E-001
 0726  0.5463532485936853E-001
 0727  0.5463532485936853E-001
 0728  0.5463532485936853E-001
 0729  0.5463532485936853E-001
 0730  0.5463532485936853E-001
 0731  0.5463532485936853E-001
 0732  0.5463532485936853E-001
 0733  0.5463532485936853E-001
 0734  0.5463532485936853E-001
 0735  0.5463532485936853E-001
 0736  0.5463532485936853E-001
 0737  0.5463532485936853E-001
 0738  0.5463532485936853E-001
 0739  0.5463532485936853E-001
 0740  0.5463532485936853E-001
 0741  0.5463532485936853E-001
 0742  0.5463532485936853E-001
 0743  0.5463532485936853E-001
 0744  0.5463532485936853E-001
 0745  0.5463532485936853E-001
 0746  0.5463532485936853E-001
 0747  0.5463532485936853E-001
 0748  0.5463532485936853E-001
 0749  0.5463532485936853E-001
 0750  0.5463532485936853E-001
 0751  0.5463532485936853E-001
 0752  0.5463532485936853E-001
 0753  0.5463532485936853E-001
 0754  0.5463532485936853E-001
 0755  0.5463532485936853E-001
 0756  0.5463532485936853E-001
 0757  0.5463532485936853E-001
 0758  0.5463532485936853E-001
 0759  0.5463532485936853E-001
 0760  0.5463532485936853E-001
 0761  0.5463532485936853E-001
 0762  0.5463532485936853E-001
 0763  0.5463532485936853E-001
 0764  0.5463532485936853E-001
 0765  0.5463532485936853E-001
 0766  0.5463532485936853E-001
 0767  0.5463532485936853E-001
 0768  0.5463532485936853E-001
 0769  0.5463532485936853E-001
 0770  0.5463532485936853E-001
 0771  0.5463532485936853E-001
 0772  0.5463532485936853E-001
 0773  0.5463532485936853E-001
 0774  0.5463532485936853E-001
 0775  0.5463532485936853E-001
 0776  0.5463532485936853E-001
 0777  0.5463532485936853E-001
 0778  0.5463532485936853E-001
 0779  0.5463532485936853E-001
 0780  0.5463532485936853E-001
 0781  0.5463532485936853E-001
 0782  0.5463532485936853E-001
 0783  0.5463532485936853E-001
 0784  0.5463532485936853E-001
 0785  0.5463532485936853E-001
 0786  0.5463532485936853E-001
 0787  0.5463532485936853E-001
 0788  0.5463532485936853E-001
 0789  0.5463532485936853E-001
 0790  0.5463532485936853E-001
 0791  0.5463532485936853E-001
 0792  0.5463532485936853E-001
 0793  0.5463532485936853E-001
 0794  0.5463532485936853E-001
 0795  0.5463532485936853E-001
 0796  0.5463532485936853E-001
 0797  0.5463532485936853E-001
 0798  0.5463532485936853E-001
 0799  0.5463532485936853E-001
 0800  0.5463532485936853E-001
 0801  0.5463532485936853E-001
 0802  0.5463532485936853E-001
 0803  0.5463532485936853E-001
 0804  0.5463532485936853E-001
 0805  0.5463532485936853E-001
 0806  0.5463532485936853E-001
 0807  0.5463532485936853E-001
 0808  0.5463532485936853E-001
 0809  0.5463532485936853E-001
 0810  0.5463532485936853E-001
 0811  0.5463532485936853E-001
 0812  0.5463532485936853E-001
 0813  0.5463532485936853E-001
 0814  0.5463532485936853E-001
 0815  0.5463532485936853E-001
 0816  0.5463532485936853E-001
 0817  0.5463532485936853E-001
 0818  0.5463532485936853E-001
 0819  0.5463532485936853E-001
 0820  0.5463532485936853E-001
 0821  0.5463532485936853E-001
 0822  0.5463532485936853E-001
 0823  0.5463532485936853E-001
 0824  0.5463532485936853E-001
 0825  0.5463532485936853E-001
 0826  0.5463532485936853E-001
 0827  0.5463532485936853E-001
 0828  0.5463532485936853E-001
 0829  0.5463532485936853E-001
 0830  0.5463532485936853E-001
 0831  0.5463532485936853E-001
 0832  0.5463532485936853E-001
 0833  0.5463532485936853E-001
 0834  0.5463532485936853E-001
 0835  0.5463532485936853E-001
 0836  0.5463532485936853E-001
 0837  0.5463532485936853E-001
 0838  0.5463532485936853E-001
 0839  0.5463532485936853E-001
 0840  0.5463532485936853E-001
 0841  0.5463532485936853E-001
 0842  0.5463532485936853E-001
 0843  0.5463532485936853E-001
 0844  0.5463532485936853E-001
 0845  0.5463532485936853E-001
 0846  0.5463532485936853E-001
 0847  0.5463532485936853E-001
 0848  0.5463532485936853E-001
 0849  0.5463532485936853E-001
 0850  0.5463532485936853E-001
 0851  0.5463532485936853E-001
 0852  0.5463532485936853E-001
 0853  0.5463532485936853E-001
 0854  0.5463532485936853E-001
 0855  0.5463532485936853E-001
 0856  0.5463532485936853E-001
 0857  0.5463532485936853E-001
 0858  0.5463532485936853E-001
 0859  0.5463532485936853E-001
 0860  0.5463532485936853E-001
 0861  0.5463532485936853E-001
 0862  0.5463532485936853E-001
 0863  0.5463532485936853E-001
 0864  0.5463532485936853E-001
 0865  0.5463532485936853E-001
 0866  0.5463532485936853E-001
 0867  0.5463532485936853E-001
 0868  0.5463532485936853E-001
 0869  0.5463532485936853E-001
 0870  0.5463532485936853E-001
 0871  0.5463532485936853E-001
 0872  0.5463532485936853E-001
 0873  0.5463532485936853E-001
 0874  0.5463532485936853E-001
 0875  0.5463532485936853E-001
 0876  0.5463532485936853E-001
 0877  0.5463532485936853E-001
 0878  0.5463532485936853E-001
 0879  0.5463532485936853E-001
 0880  0.5463532485936853E-001
 0881  0.5463532485936853E-001
 0882  0.5463532485936853E-001
 0883  0.5463532485936853E-001
 0884  0.5463532485936853E-001
 0885  0.5463532485936853E-001
 0886  0.5463532485936853E-001
 0887  0.5463532485936853E-001
 0888  0.5463532485936853E-001
 0889  0.5463532485936853E-001
 0890  0.5463532485936853E-001
 0891  0.5463532485936853E-001
 0892  0.5463532485936853E-001
 0893  0.5463532485936853E-001
 0894  0.5463532485936853E-001
 0895  0.5463532485936853E-001
 0896  0.5463532485936853E-001
 0897  0.5463532485936853E-001
 0898  0.5463532485936853E-001
 0899  0.5463532485936853E-001
 0900  0.5463532485936853E-001
 0901  0.5463532485936853E-001
 0902  0.5463532485936853E-001
 0903  0.5463532485936853E-001
 0904  0.5463532485936853E-001
 0905  0.5463532485936853E-001
 0906  0.5463532485936853E-001
 0907  0.5463532485936853E-001
 0908  0.5463532485936853E-001
 0909  0.5463532485936853E-001
 0910  0.5463532485936853E-001
 0911  0.5463532485936853E-001
 0912  0.5463532485936853E-001
 0913  0.5463532485936853E-001
 0914  0.5463532485936853E-001
 0915  0.5463532485936853E-001
 0916  0.5463532485936853E-001
 0917  0.5463532485936853E-001
 0918  0.5463532485936853E-001
 0919  0.5463532485936853E-001
 0920  0.5463532485936853E-001
 0921  0.5463532485936853E-001
 0922  0.5463532485936853E-001
 0923  0.5463532485936853E-001
 0924  0.5463532485936853E-001
 0925  0.5463532485936853E-001
 0926  0.5463532485936853E-001
 0927  0.5463532485936853E-001
 0928  0.5463532485936853E-001
 0929  0.5463532485936853E-001
 0930  0.5463532485936853E-001
 0931  0.5463532485936853E-001
 0932  0.5463532485936853E-001
 0933  0.5463532485936853E-001
 0934  0.5463532485936853E-001
 0935  0.5463532485936853E-001
 0936  0.5463532485936853E-001
 0937  0.5463532485936853E-001
 0938  0.5463532485936853E-001
 0939  0.5463532485936853E-001
 0940  0.5463532485936853E-001
 0941  0.5463532485936853E-001
 0942  0.5463532485936853E-001
 0943  0.5463532485936853E-001
 0944  0.5463532485936853E-001
 0945  0.5463532485936853E-001
 0946  0.5463532485936853E-001
 0947  0.5463532485936853E-001
 0948  0.5463532485936853E-001
 0949  0.5463532485936853E-001
 0950  0.5463532485936853E-001
 0951  0.5463532485936853E-001
 0952  0.5463532485936853E-001
 0953  0.5463532485936853E-001
 0954  0.5463532485936853E-001
 0955  0.5463532485936853E-001
 0956  0.5463532485936853E-001
 0957  0.5463532485936853E-001
 0958  0.5463532485936853E-001
 0959  0.5463532485936853E-001
 0960  0.5463532485936853E-001
 0961  0.5463532485936853E-001
 0962  0.5463532485936853E-001
 0963  0.5463532485936853E-001
 0964  0.5463532485936853E-001
 0965  0.5463532485936853E-001
 0966  0.5463532485936853E-001
 0967  0.5463532485936853E-001
 0968  0.5463532485936853E-001
 0969  0.5463532485936853E-001
 0970  0.5463532485936853E-001
 0971  0.5463532485936853E-001
 0972  0.5463532485936853E-001
 0973  0.5463532485936853E-001
 0974  0.5463532485936853E-001
 0975  0.5463532485936853E-001
 0976  0.5463532485936853E-001
 0977  0.5463532485936853E-001
 0978  0.5463532485936853E-001
 0979  0.5463532485936853E-001
 0980  0.5463532485936853E-001
 0981  0.5463532485936853E-001
 0982  0.5463532485936853E-001
 0983  0.5463532485936853E-001
 0984  0.5463532485936853E-001
 0985  0.5463532485936853E-001
 0986  0.5463532485936853E-001
 0987  0.5463532485936853E-001
 0988  0.5463532485936853E-001
 0989  0.5463532485936853E-001
 0990  0.5463532485936853E-001
 0991  0.5463532485936853E-001
 0992  0.5463532485936853E-001
 0993  0.5463532485936853E-001
 0994  0.5463532485936853E-001
 0995  0.5463532485936853E-001
 0996  0.5463532485936853E-001
 0997  0.5463532485936853E-001
 0998  0.5463532485936853E-001
 0999  0.5463532485936853E-001
 1000  0.5463532485936853E-001
