 0001  0.2398580672795914E+000
 0002  0.2398580672795914E+000
 0003  0.2398580672795914E+000
 0004  0.2398282318492865E+000
 0005  0.2398282318492865E+000
 0006  0.2398282318492865E+000
 0007  0.2398282318492865E+000
 0008  0.2398282318492865E+000
 0009  0.2398282318492865E+000
 0010  0.2397860508235606E+000
 0011  0.2397860508235606E+000
 0012  0.2397860508235606E+000
 0013  0.2397860508235606E+000
 0014  0.2397860508235606E+000
 0015  0.2397441379065501E+000
 0016  0.2397441379065501E+000
 0017  0.2397441379065501E+000
 0018  0.2397441379065501E+000
 0019  0.2397441379065501E+000
 0020  0.2396874571005493E+000
 0021  0.2396874571005493E+000
 0022  0.2396874571005493E+000
 0023  0.2396874571005493E+000
 0024  0.2396143605094853E+000
 0025  0.2396143605094853E+000
 0026  0.2396143605094853E+000
 0027  0.2396143605094853E+000
 0028  0.2395418338700093E+000
 0029  0.2395418338700093E+000
 0030  0.2395418338700093E+000
 0031  0.2395418338700093E+000
 0032  0.2394496500741512E+000
 0033  0.2394496500741512E+000
 0034  0.2394496500741512E+000
 0035  0.2393365380853736E+000
 0036  0.2393365380853736E+000
 0037  0.2393365380853736E+000
 0038  0.2393365380853736E+000
 0039  0.2391959211457794E+000
 0040  0.2391959211457794E+000
 0041  0.2391959211457794E+000
 0042  0.2390269326144349E+000
 0043  0.2390269326144349E+000
 0044  0.2390269326144349E+000
 0045  0.2388274500546495E+000
 0046  0.2388274500546495E+000
 0047  0.2388274500546495E+000
 0048  0.2385950690294587E+000
 0049  0.2385950690294587E+000
 0050  0.2383680843308521E+000
 0051  0.2383680843308521E+000
 0052  0.2383680843308521E+000
 0053  0.2380999324107684E+000
 0054  0.2380999324107684E+000
 0055  0.2377924771552085E+000
 0056  0.2377924771552085E+000
 0057  0.2377924771552085E+000
 0058  0.2374387039314831E+000
 0059  0.2374387039314831E+000
 0060  0.2370420683003335E+000
 0061  0.2370420683003335E+000
 0062  0.2370420683003335E+000
 0063  0.2365314513055611E+000
 0064  0.2365314513055611E+000
 0065  0.2359725248992772E+000
 0066  0.2359725248992772E+000
 0067  0.2353636812940736E+000
 0068  0.2353636812940736E+000
 0069  0.2347141338413085E+000
 0070  0.2347141338413085E+000
 0071  0.2340282476899955E+000
 0072  0.2340282476899955E+000
 0073  0.2333052439712258E+000
 0074  0.2333052439712258E+000
 0075  0.2324719900933759E+000
 0076  0.2324719900933759E+000
 0077  0.2316009518277482E+000
 0078  0.2307142547353284E+000
 0079  0.2307142547353284E+000
 0080  0.2297874209394585E+000
 0081  0.2287698357330742E+000
 0082  0.2287698357330742E+000
 0083  0.2277112083433706E+000
 0084  0.2266391206915133E+000
 0085  0.2266391206915133E+000
 0086  0.2255191051240920E+000
 0087  0.2243859973167419E+000
 0088  0.2231631157755858E+000
 0089  0.2219314203211740E+000
 0090  0.2206903506093208E+000
 0091  0.2194371986716060E+000
 0092  0.2194371986716060E+000
 0093  0.2180520481709150E+000
 0094  0.2166588231177383E+000
 0095  0.2152566800185803E+000
 0096  0.2138447286154299E+000
 0097  0.2109108636171377E+000
 0098  0.2094607391256484E+000
 0099  0.2079993584015252E+000
 0100  0.2064611876255324E+000
 0101  0.2049150367024511E+000
 0102  0.2033616965413501E+000
 0103  0.2002396814861959E+000
 0104  0.1986742974342705E+000
 0105  0.1971052189015691E+000
 0106  0.1955320958788403E+000
 0107  0.1923356702453848E+000
 0108  0.1907704545711774E+000
 0109  0.1891531474112569E+000
 0110  0.1875394339022089E+000
 0111  0.1859289708033393E+000
 0112  0.1826905162068619E+000
 0113  0.1811120171349792E+000
 0114  0.1795384370130740E+000
 0115  0.1779262766124660E+000
 0116  0.1747880866626024E+000
 0117  0.1732198589692122E+000
 0118  0.1716606181968481E+000
 0119  0.1701101095203509E+000
 0120  0.1670213397294759E+000
 0121  0.1655209404999929E+000
 0122  0.1639955373079147E+000
 0123  0.1624816776849888E+000
 0124  0.1595106491895492E+000
 0125  0.1580535859461180E+000
 0126  0.1566076838995514E+000
 0127  0.1551437312996862E+000
 0128  0.1522778869435674E+000
 0129  0.1508757482886865E+000
 0130  0.1494859472598541E+000
 0131  0.1480829726333719E+000
 0132  0.1453649052974490E+000
 0133  0.1440246505376523E+000
 0134  0.1426973649635045E+000
 0135  0.1400822787262272E+000
 0136  0.1388158720157096E+000
 0137  0.1375414137538347E+000
 0138  0.1350534369662182E+000
 0139  0.1338392326445415E+000
 0140  0.1326195640862832E+000
 0141  0.1314128628794094E+000
 0142  0.1290590518095384E+000
 0143  0.1279111167158183E+000
 0144  0.1267595490438020E+000
 0145  0.1245145180427990E+000
 0146  0.1234202211275636E+000
 0147  0.1223238051577624E+000
 0148  0.1201868460248025E+000
 0149  0.1191454966734395E+000
 0150  0.1181031110235768E+000
 0151  0.1160718185625589E+000
 0152  0.1150821437391655E+000
 0153  0.1140923200520161E+000
 0154  0.1121637021532849E+000
 0155  0.1112241450716027E+000
 0156  0.1102850981400297E+000
 0157  0.1084553999315654E+000
 0158  0.1075553176938925E+000
 0159  0.1058015778429248E+000
 0160  0.1049472468531327E+000
 0161  0.1040943859870946E+000
 0162  0.1024252124196611E+000
 0163  0.1016087581359921E+000
 0164  0.1008013750013413E+000
 0165  0.9921492276017102E-001
 0166  0.9844231233876176E-001
 0167  0.9692459460927644E-001
 0168  0.9618532904354016E-001
 0169  0.9544856147707374E-001
 0170  0.9400761246519103E-001
 0171  0.9330321099789318E-001
 0172  0.9192082679536374E-001
 0173  0.9124743849110212E-001
 0174  0.8992598237865174E-001
 0175  0.8927796576218858E-001
 0176  0.8863705062703478E-001
 0177  0.8737992274879246E-001
 0178  0.8676370896829197E-001
 0179  0.8555556329959485E-001
 0180  0.8496688797865912E-001
 0181  0.8381258825238863E-001
 0182  0.8324691497133191E-001
 0183  0.8213803857036285E-001
 0184  0.8159475917078414E-001
 0185  0.8052999497052470E-001
 0186  0.8000841612878327E-001
 0187  0.7898635023782612E-001
 0188  0.7848580166110002E-001
 0189  0.7750521695114521E-001
 0190  0.7702509979269029E-001
 0191  0.7608472413279292E-001
 0192  0.7562436847434627E-001
 0193  0.7472280976618656E-001
 0194  0.7427992646444910E-001
 0195  0.7341286017164138E-001
 0196  0.7298855312978658E-001
 0197  0.7215523077873795E-001
 0198  0.7134999528387173E-001
 0199  0.7095538122699115E-001
 0200  0.7018182987057432E-001
 0201  0.6980281192280677E-001
 0202  0.6905897196421855E-001
 0203  0.6833934552732628E-001
 0204  0.6798638506047253E-001
 0205  0.6729469241757087E-001
 0206  0.6695511753726707E-001
 0207  0.6628974595317393E-001
 0208  0.6564480434566787E-001
 0209  0.6532829799562420E-001
 0210  0.6470701678113432E-001
 0211  0.6410501914717719E-001
 0212  0.6380967446747512E-001
 0213  0.6323006043223130E-001
 0214  0.6266806855167038E-001
 0215  0.6239219409849633E-001
 0216  0.6185051442849019E-001
 0217  0.6132505102669109E-001
 0218  0.6081470120972584E-001
 0219  0.6056397219033378E-001
 0220  0.6007155763942558E-001
 0221  0.5959328324206145E-001
 0222  0.5912879958295651E-001
 0223  0.5890060446538367E-001
 0224  0.5845182050289301E-001
 0225  0.5801565210425807E-001
 0226  0.5759151443098273E-001
 0227  0.5717904357189251E-001
 0228  0.5677778103900490E-001
 0229  0.5658036535093389E-001
 0230  0.5619196226505739E-001
 0231  0.5581397128276248E-001
 0232  0.5544598446245673E-001
 0233  0.5508763019402157E-001
 0234  0.5473853912370878E-001
 0235  0.5439840635490469E-001
 0236  0.5406692217129054E-001
 0237  0.5374379621210634E-001
 0238  0.5342874782038400E-001
 0239  0.5312170490391566E-001
 0240  0.5282369821342732E-001
 0241  0.5253458207800239E-001
 0242  0.5225399583734596E-001
 0243  0.5198159725435925E-001
 0244  0.5171706138692891E-001
 0245  0.5146007953993669E-001
 0246  0.5121035829101185E-001
 0247  0.5096761858413763E-001
 0248  0.5073159488574260E-001
 0249  0.5050203439838731E-001
 0250  0.5017044127083713E-001
 0251  0.4995748957665130E-001
 0252  0.4975013963503429E-001
 0253  0.4954819095851704E-001
 0254  0.4925596446198359E-001
 0255  0.4906796789503221E-001
 0256  0.4888468499803766E-001
 0257  0.4861912440640560E-001
 0258  0.4844806530492530E-001
 0259  0.4828114064468447E-001
 0260  0.4803899117068285E-001
 0261  0.4788282833758917E-001
 0262  0.4765609943190802E-001
 0263  0.4750976027214257E-001
 0264  0.4729712443800726E-001
 0265  0.4715977381556110E-001
 0266  0.4696004756484573E-001
 0267  0.4683093984302131E-001
 0268  0.4664306501999915E-001
 0269  0.4646227981449882E-001
 0270  0.4634528077245843E-001
 0271  0.4617483576037772E-001
 0272  0.4601059888770844E-001
 0273  0.4585226257439524E-001
 0274  0.4569953875831472E-001
 0275  0.4555215739232173E-001
 0276  0.4540986507667477E-001
 0277  0.4527242381293065E-001
 0278  0.4513960986700092E-001
 0279  0.4501121273045847E-001
 0280  0.4488703417040314E-001
 0281  0.4476688735926707E-001
 0282  0.4465059607688248E-001
 0283  0.4450152044319627E-001
 0284  0.4439398191794958E-001
 0285  0.4428976112821476E-001
 0286  0.4415596082932773E-001
 0287  0.4405930237340194E-001
 0288  0.4393508995012732E-001
 0289  0.4381612221643413E-001
 0290  0.4370210665090700E-001
 0291  0.4359277161466490E-001
 0292  0.4351358948053660E-001
 0293  0.4338688872087413E-001
 0294  0.4329015062787873E-001
 0295  0.4319718155936408E-001
 0296  0.4310779044534058E-001
 0297  0.4300094122733984E-001
 0298  0.4291916332715995E-001
 0299  0.4282129777194649E-001
 0300  0.4272810069021945E-001
 0301  0.4263928831416842E-001
 0302  0.4255459875255636E-001
 0303  0.4245816276169990E-001
 0304  0.4238185824704053E-001
 0305  0.4229484416425910E-001
 0306  0.4221254895356968E-001
 0307  0.4213465584855015E-001
 0308  0.4204902182034804E-001
 0309  0.4196868107286888E-001
 0310  0.4189323615432505E-001
 0311  0.4182232662976442E-001
 0312  0.4174646825460998E-001
 0313  0.4167574824105454E-001
 0314  0.4160185754997629E-001
 0315  0.4153349339073097E-001
 0316  0.4146346278435675E-001
 0317  0.4139301864576077E-001
 0318  0.4132329422466387E-001
 0319  0.4126023440020393E-001
 0320  0.4119418042056561E-001
 0321  0.4112747874539127E-001
 0322  0.4106556046518369E-001
 0323  0.4100285570892449E-001
 0324  0.4094219674090766E-001
 0325  0.4088193182133470E-001
 0326  0.4082319377418593E-001
 0327  0.4076493206874331E-001
 0328  0.4070705285804886E-001
 0329  0.4067797879300104E-001
 0330  0.4067797879300104E-001
 0331  0.4067797879300104E-001
 0332  0.4067797879300104E-001
 0333  0.4067797879300104E-001
 0334  0.4067797879300104E-001
 0335  0.4067797879300104E-001
 0336  0.4067797879300104E-001
 0337  0.4067797879300104E-001
 0338  0.4067797879300104E-001
 0339  0.4067797879300104E-001
 0340  0.4067797879300104E-001
 0341  0.4067797879300104E-001
 0342  0.4067797879300104E-001
 0343  0.4067797879300104E-001
 0344  0.4067797879300104E-001
 0345  0.4067797879300104E-001
 0346  0.4067797879300104E-001
 0347  0.4067797879300104E-001
 0348  0.4067797879300104E-001
 0349  0.4067797879300104E-001
 0350  0.4067797879300104E-001
 0351  0.4067797879300104E-001
 0352  0.4067797879300104E-001
 0353  0.4067797879300104E-001
 0354  0.4067797879300104E-001
 0355  0.4067797879300104E-001
 0356  0.4067797879300104E-001
 0357  0.4067797879300104E-001
 0358  0.4067797879300104E-001
 0359  0.4067797879300104E-001
 0360  0.4067797879300104E-001
 0361  0.4067797879300104E-001
 0362  0.4067797879300104E-001
 0363  0.4067797879300104E-001
 0364  0.4067797879300104E-001
 0365  0.4067797879300104E-001
 0366  0.4067797879300104E-001
 0367  0.4067797879300104E-001
 0368  0.4067797879300104E-001
 0369  0.4067797879300104E-001
 0370  0.4067797879300104E-001
 0371  0.4067797879300104E-001
 0372  0.4067797879300104E-001
 0373  0.4067797879300104E-001
 0374  0.4067797879300104E-001
 0375  0.4067797879300104E-001
 0376  0.4067797879300104E-001
 0377  0.4067797879300104E-001
 0378  0.4067797879300104E-001
 0379  0.4067797879300104E-001
 0380  0.4067797879300104E-001
 0381  0.4067797879300104E-001
 0382  0.4067797879300104E-001
 0383  0.4067797879300104E-001
 0384  0.4067797879300104E-001
 0385  0.4067797879300104E-001
 0386  0.4067797879300104E-001
 0387  0.4067797879300104E-001
 0388  0.4067797879300104E-001
 0389  0.4067797879300104E-001
 0390  0.4067797879300104E-001
 0391  0.4067797879300104E-001
 0392  0.4067797879300104E-001
 0393  0.4067797879300104E-001
 0394  0.4067797879300104E-001
 0395  0.4067797879300104E-001
 0396  0.4067797879300104E-001
 0397  0.4067797879300104E-001
 0398  0.4067797879300104E-001
 0399  0.4067797879300104E-001
 0400  0.4067797879300104E-001
 0401  0.4067797879300104E-001
 0402  0.4067797879300104E-001
 0403  0.4067797879300104E-001
 0404  0.4067797879300104E-001
 0405  0.4067797879300104E-001
 0406  0.4067797879300104E-001
 0407  0.4067797879300104E-001
 0408  0.4067797879300104E-001
 0409  0.4067797879300104E-001
 0410  0.4067797879300104E-001
 0411  0.4067797879300104E-001
 0412  0.4067797879300104E-001
 0413  0.4067797879300104E-001
 0414  0.4067797879300104E-001
 0415  0.4067797879300104E-001
 0416  0.4067797879300104E-001
 0417  0.4067797879300104E-001
 0418  0.4067797879300104E-001
 0419  0.4067797879300104E-001
 0420  0.4067797879300104E-001
 0421  0.4067797879300104E-001
 0422  0.4067797879300104E-001
 0423  0.4067797879300104E-001
 0424  0.4067797879300104E-001
 0425  0.4067797879300104E-001
 0426  0.4067797879300104E-001
 0427  0.4067797879300104E-001
 0428  0.4067797879300104E-001
 0429  0.4067797879300104E-001
 0430  0.4067797879300104E-001
 0431  0.4067797879300104E-001
 0432  0.4067797879300104E-001
 0433  0.4067797879300104E-001
 0434  0.4067797879300104E-001
 0435  0.4067797879300104E-001
 0436  0.4067797879300104E-001
 0437  0.4067797879300104E-001
 0438  0.4067797879300104E-001
 0439  0.4067797879300104E-001
 0440  0.4067797879300104E-001
 0441  0.4067797879300104E-001
 0442  0.4067797879300104E-001
 0443  0.4067797879300104E-001
 0444  0.4067797879300104E-001
 0445  0.4067797879300104E-001
 0446  0.4067797879300104E-001
 0447  0.4067797879300104E-001
 0448  0.4067797879300104E-001
 0449  0.4067797879300104E-001
 0450  0.4067797879300104E-001
 0451  0.4067797879300104E-001
 0452  0.4067797879300104E-001
 0453  0.4067797879300104E-001
 0454  0.4067797879300104E-001
 0455  0.4067797879300104E-001
 0456  0.4067797879300104E-001
 0457  0.4067797879300104E-001
 0458  0.4067797879300104E-001
 0459  0.4067797879300104E-001
 0460  0.4067797879300104E-001
 0461  0.4067797879300104E-001
 0462  0.4067797879300104E-001
 0463  0.4067797879300104E-001
 0464  0.4067797879300104E-001
 0465  0.4067797879300104E-001
 0466  0.4067797879300104E-001
 0467  0.4067797879300104E-001
 0468  0.4067797879300104E-001
 0469  0.4067797879300104E-001
 0470  0.4067797879300104E-001
 0471  0.4067797879300104E-001
 0472  0.4067797879300104E-001
 0473  0.4067797879300104E-001
 0474  0.4067797879300104E-001
 0475  0.4067797879300104E-001
 0476  0.4067797879300104E-001
 0477  0.4067797879300104E-001
 0478  0.4067797879300104E-001
 0479  0.4067797879300104E-001
 0480  0.4067797879300104E-001
 0481  0.4067797879300104E-001
 0482  0.4067797879300104E-001
 0483  0.4067797879300104E-001
 0484  0.4067797879300104E-001
 0485  0.4067797879300104E-001
 0486  0.4067797879300104E-001
 0487  0.4067797879300104E-001
 0488  0.4067797879300104E-001
 0489  0.4067797879300104E-001
 0490  0.4067797879300104E-001
 0491  0.4067797879300104E-001
 0492  0.4067797879300104E-001
 0493  0.4067797879300104E-001
 0494  0.4067797879300104E-001
 0495  0.4067797879300104E-001
 0496  0.4067797879300104E-001
 0497  0.4067797879300104E-001
 0498  0.4067797879300104E-001
 0499  0.4067797879300104E-001
 0500  0.4067797879300104E-001
 0501  0.4067797879300104E-001
 0502  0.4067797879300104E-001
 0503  0.4067797879300104E-001
 0504  0.4067797879300104E-001
 0505  0.4067797879300104E-001
 0506  0.4067797879300104E-001
 0507  0.4067797879300104E-001
 0508  0.4067797879300104E-001
 0509  0.4067797879300104E-001
 0510  0.4067797879300104E-001
 0511  0.4067797879300104E-001
 0512  0.4067797879300104E-001
 0513  0.4067797879300104E-001
 0514  0.4067797879300104E-001
 0515  0.4067797879300104E-001
 0516  0.4067797879300104E-001
 0517  0.4067797879300104E-001
 0518  0.4067797879300104E-001
 0519  0.4067797879300104E-001
 0520  0.4067797879300104E-001
 0521  0.4067797879300104E-001
 0522  0.4067797879300104E-001
 0523  0.4067797879300104E-001
 0524  0.4067797879300104E-001
 0525  0.4067797879300104E-001
 0526  0.4067797879300104E-001
 0527  0.4067797879300104E-001
 0528  0.4067797879300104E-001
 0529  0.4067797879300104E-001
 0530  0.4067797879300104E-001
 0531  0.4067797879300104E-001
 0532  0.4067797879300104E-001
 0533  0.4067797879300104E-001
 0534  0.4067797879300104E-001
 0535  0.4067797879300104E-001
 0536  0.4067797879300104E-001
 0537  0.4067797879300104E-001
 0538  0.4067797879300104E-001
 0539  0.4067797879300104E-001
 0540  0.4067797879300104E-001
 0541  0.4067797879300104E-001
 0542  0.4067797879300104E-001
 0543  0.4067797879300104E-001
 0544  0.4067797879300104E-001
 0545  0.4067797879300104E-001
 0546  0.4067797879300104E-001
 0547  0.4067797879300104E-001
 0548  0.4067797879300104E-001
 0549  0.4067797879300104E-001
 0550  0.4067797879300104E-001
 0551  0.4067797879300104E-001
 0552  0.4067797879300104E-001
 0553  0.4067797879300104E-001
 0554  0.4067797879300104E-001
 0555  0.4067797879300104E-001
 0556  0.4067797879300104E-001
 0557  0.4067797879300104E-001
 0558  0.4067797879300104E-001
 0559  0.4067797879300104E-001
 0560  0.4067797879300104E-001
 0561  0.4067797879300104E-001
 0562  0.4067797879300104E-001
 0563  0.4067797879300104E-001
 0564  0.4067797879300104E-001
 0565  0.4067797879300104E-001
 0566  0.4067797879300104E-001
 0567  0.4067797879300104E-001
 0568  0.4067797879300104E-001
 0569  0.4067797879300104E-001
 0570  0.4067797879300104E-001
 0571  0.4067797879300104E-001
 0572  0.4067797879300104E-001
 0573  0.4067797879300104E-001
 0574  0.4067797879300104E-001
 0575  0.4067797879300104E-001
 0576  0.4067797879300104E-001
 0577  0.4067797879300104E-001
 0578  0.4067797879300104E-001
 0579  0.4067797879300104E-001
 0580  0.4067797879300104E-001
 0581  0.4067797879300104E-001
 0582  0.4067797879300104E-001
 0583  0.4067797879300104E-001
 0584  0.4067797879300104E-001
 0585  0.4067797879300104E-001
 0586  0.4067797879300104E-001
 0587  0.4067797879300104E-001
 0588  0.4067797879300104E-001
 0589  0.4067797879300104E-001
 0590  0.4067797879300104E-001
 0591  0.4067797879300104E-001
 0592  0.4067797879300104E-001
 0593  0.4067797879300104E-001
 0594  0.4067797879300104E-001
 0595  0.4067797879300104E-001
 0596  0.4067797879300104E-001
 0597  0.4067797879300104E-001
 0598  0.4067797879300104E-001
 0599  0.4067797879300104E-001
 0600  0.4067797879300104E-001
 0601  0.4067797879300104E-001
 0602  0.4067797879300104E-001
 0603  0.4067797879300104E-001
 0604  0.4067797879300104E-001
 0605  0.4067797879300104E-001
 0606  0.4067797879300104E-001
 0607  0.4067797879300104E-001
 0608  0.4067797879300104E-001
 0609  0.4067797879300104E-001
 0610  0.4067797879300104E-001
 0611  0.4067797879300104E-001
 0612  0.4067797879300104E-001
 0613  0.4067797879300104E-001
 0614  0.4067797879300104E-001
 0615  0.4067797879300104E-001
 0616  0.4067797879300104E-001
 0617  0.4067797879300104E-001
 0618  0.4067797879300104E-001
 0619  0.4067797879300104E-001
 0620  0.4067797879300104E-001
 0621  0.4067797879300104E-001
 0622  0.4067797879300104E-001
 0623  0.4067797879300104E-001
 0624  0.4067797879300104E-001
 0625  0.4067797879300104E-001
 0626  0.4067797879300104E-001
 0627  0.4067797879300104E-001
 0628  0.4067797879300104E-001
 0629  0.4067797879300104E-001
 0630  0.4067797879300104E-001
 0631  0.4067797879300104E-001
 0632  0.4067797879300104E-001
 0633  0.4067797879300104E-001
 0634  0.4067797879300104E-001
 0635  0.4067797879300104E-001
 0636  0.4067797879300104E-001
 0637  0.4067797879300104E-001
 0638  0.4067797879300104E-001
 0639  0.4067797879300104E-001
 0640  0.4067797879300104E-001
 0641  0.4067797879300104E-001
 0642  0.4067797879300104E-001
 0643  0.4067797879300104E-001
 0644  0.4067797879300104E-001
 0645  0.4067797879300104E-001
 0646  0.4067797879300104E-001
 0647  0.4067797879300104E-001
 0648  0.4067797879300104E-001
 0649  0.4067797879300104E-001
 0650  0.4067797879300104E-001
 0651  0.4067797879300104E-001
 0652  0.4067797879300104E-001
 0653  0.4067797879300104E-001
 0654  0.4067797879300104E-001
 0655  0.4067797879300104E-001
 0656  0.4067797879300104E-001
 0657  0.4067797879300104E-001
 0658  0.4067797879300104E-001
 0659  0.4067797879300104E-001
 0660  0.4067797879300104E-001
 0661  0.4067797879300104E-001
 0662  0.4067797879300104E-001
 0663  0.4067797879300104E-001
 0664  0.4067797879300104E-001
 0665  0.4067797879300104E-001
 0666  0.4067797879300104E-001
 0667  0.4067797879300104E-001
 0668  0.4067797879300104E-001
 0669  0.4067797879300104E-001
 0670  0.4067797879300104E-001
 0671  0.4067797879300104E-001
 0672  0.4067797879300104E-001
 0673  0.4067797879300104E-001
 0674  0.4067797879300104E-001
 0675  0.4067797879300104E-001
 0676  0.4067797879300104E-001
 0677  0.4067797879300104E-001
 0678  0.4067797879300104E-001
 0679  0.4067797879300104E-001
 0680  0.4067797879300104E-001
 0681  0.4067797879300104E-001
 0682  0.4067797879300104E-001
 0683  0.4067797879300104E-001
 0684  0.4067797879300104E-001
 0685  0.4067797879300104E-001
 0686  0.4067797879300104E-001
 0687  0.4067797879300104E-001
 0688  0.4067797879300104E-001
 0689  0.4067797879300104E-001
 0690  0.4067797879300104E-001
 0691  0.4067797879300104E-001
 0692  0.4067797879300104E-001
 0693  0.4067797879300104E-001
 0694  0.4067797879300104E-001
 0695  0.4067797879300104E-001
 0696  0.4067797879300104E-001
 0697  0.4067797879300104E-001
 0698  0.4067797879300104E-001
 0699  0.4067797879300104E-001
 0700  0.4067797879300104E-001
 0701  0.4067797879300104E-001
 0702  0.4067797879300104E-001
 0703  0.4067797879300104E-001
 0704  0.4067797879300104E-001
 0705  0.4067797879300104E-001
 0706  0.4067797879300104E-001
 0707  0.4067797879300104E-001
 0708  0.4067797879300104E-001
 0709  0.4067797879300104E-001
 0710  0.4067797879300104E-001
 0711  0.4067797879300104E-001
 0712  0.4067797879300104E-001
 0713  0.4067797879300104E-001
 0714  0.4067797879300104E-001
 0715  0.4067797879300104E-001
 0716  0.4067797879300104E-001
 0717  0.4067797879300104E-001
 0718  0.4067797879300104E-001
 0719  0.4067797879300104E-001
 0720  0.4067797879300104E-001
 0721  0.4067797879300104E-001
 0722  0.4067797879300104E-001
 0723  0.4067797879300104E-001
 0724  0.4067797879300104E-001
 0725  0.4067797879300104E-001
 0726  0.4067797879300104E-001
 0727  0.4067797879300104E-001
 0728  0.4067797879300104E-001
 0729  0.4067797879300104E-001
 0730  0.4067797879300104E-001
 0731  0.4067797879300104E-001
 0732  0.4067797879300104E-001
 0733  0.4067797879300104E-001
 0734  0.4067797879300104E-001
 0735  0.4067797879300104E-001
 0736  0.4067797879300104E-001
 0737  0.4067797879300104E-001
 0738  0.4067797879300104E-001
 0739  0.4067797879300104E-001
 0740  0.4067797879300104E-001
 0741  0.4067797879300104E-001
 0742  0.4067797879300104E-001
 0743  0.4067797879300104E-001
 0744  0.4067797879300104E-001
 0745  0.4067797879300104E-001
 0746  0.4067797879300104E-001
 0747  0.4067797879300104E-001
 0748  0.4067797879300104E-001
 0749  0.4067797879300104E-001
 0750  0.4067797879300104E-001
 0751  0.4067797879300104E-001
 0752  0.4067797879300104E-001
 0753  0.4067797879300104E-001
 0754  0.4067797879300104E-001
 0755  0.4067797879300104E-001
 0756  0.4067797879300104E-001
 0757  0.4067797879300104E-001
 0758  0.4067797879300104E-001
 0759  0.4067797879300104E-001
 0760  0.4067797879300104E-001
 0761  0.4067797879300104E-001
 0762  0.4067797879300104E-001
 0763  0.4067797879300104E-001
 0764  0.4067797879300104E-001
 0765  0.4067797879300104E-001
 0766  0.4067797879300104E-001
 0767  0.4067797879300104E-001
 0768  0.4067797879300104E-001
 0769  0.4067797879300104E-001
 0770  0.4067797879300104E-001
 0771  0.4067797879300104E-001
 0772  0.4067797879300104E-001
 0773  0.4067797879300104E-001
 0774  0.4067797879300104E-001
 0775  0.4067797879300104E-001
 0776  0.4067797879300104E-001
 0777  0.4067797879300104E-001
 0778  0.4067797879300104E-001
 0779  0.4067797879300104E-001
 0780  0.4067797879300104E-001
 0781  0.4067797879300104E-001
 0782  0.4067797879300104E-001
 0783  0.4067797879300104E-001
 0784  0.4067797879300104E-001
 0785  0.4067797879300104E-001
 0786  0.4067797879300104E-001
 0787  0.4067797879300104E-001
 0788  0.4067797879300104E-001
 0789  0.4067797879300104E-001
 0790  0.4067797879300104E-001
 0791  0.4067797879300104E-001
 0792  0.4067797879300104E-001
 0793  0.4067797879300104E-001
 0794  0.4067797879300104E-001
 0795  0.4067797879300104E-001
 0796  0.4067797879300104E-001
 0797  0.4067797879300104E-001
 0798  0.4067797879300104E-001
 0799  0.4067797879300104E-001
 0800  0.4067797879300104E-001
 0801  0.4067797879300104E-001
 0802  0.4067797879300104E-001
 0803  0.4067797879300104E-001
 0804  0.4067797879300104E-001
 0805  0.4067797879300104E-001
 0806  0.4067797879300104E-001
 0807  0.4067797879300104E-001
 0808  0.4067797879300104E-001
 0809  0.4067797879300104E-001
 0810  0.4067797879300104E-001
 0811  0.4067797879300104E-001
 0812  0.4067797879300104E-001
 0813  0.4067797879300104E-001
 0814  0.4067797879300104E-001
 0815  0.4067797879300104E-001
 0816  0.4067797879300104E-001
 0817  0.4067797879300104E-001
 0818  0.4067797879300104E-001
 0819  0.4067797879300104E-001
 0820  0.4067797879300104E-001
 0821  0.4067797879300104E-001
 0822  0.4067797879300104E-001
 0823  0.4067797879300104E-001
 0824  0.4067797879300104E-001
 0825  0.4067797879300104E-001
 0826  0.4067797879300104E-001
 0827  0.4067797879300104E-001
 0828  0.4067797879300104E-001
 0829  0.4067797879300104E-001
 0830  0.4067797879300104E-001
 0831  0.4067797879300104E-001
 0832  0.4067797879300104E-001
 0833  0.4067797879300104E-001
 0834  0.4067797879300104E-001
 0835  0.4067797879300104E-001
 0836  0.4067797879300104E-001
 0837  0.4067797879300104E-001
 0838  0.4067797879300104E-001
 0839  0.4067797879300104E-001
 0840  0.4067797879300104E-001
 0841  0.4067797879300104E-001
 0842  0.4067797879300104E-001
 0843  0.4067797879300104E-001
 0844  0.4067797879300104E-001
 0845  0.4067797879300104E-001
 0846  0.4067797879300104E-001
 0847  0.4067797879300104E-001
 0848  0.4067797879300104E-001
 0849  0.4067797879300104E-001
 0850  0.4067797879300104E-001
 0851  0.4067797879300104E-001
 0852  0.4067797879300104E-001
 0853  0.4067797879300104E-001
 0854  0.4067797879300104E-001
 0855  0.4067797879300104E-001
 0856  0.4067797879300104E-001
 0857  0.4067797879300104E-001
 0858  0.4067797879300104E-001
 0859  0.4067797879300104E-001
 0860  0.4067797879300104E-001
 0861  0.4067797879300104E-001
 0862  0.4067797879300104E-001
 0863  0.4067797879300104E-001
 0864  0.4067797879300104E-001
 0865  0.4067797879300104E-001
 0866  0.4067797879300104E-001
 0867  0.4067797879300104E-001
 0868  0.4067797879300104E-001
 0869  0.4067797879300104E-001
 0870  0.4067797879300104E-001
 0871  0.4067797879300104E-001
 0872  0.4067797879300104E-001
 0873  0.4067797879300104E-001
 0874  0.4067797879300104E-001
 0875  0.4067797879300104E-001
 0876  0.4067797879300104E-001
 0877  0.4067797879300104E-001
 0878  0.4067797879300104E-001
 0879  0.4067797879300104E-001
 0880  0.4067797879300104E-001
 0881  0.4067797879300104E-001
 0882  0.4067797879300104E-001
 0883  0.4067797879300104E-001
 0884  0.4067797879300104E-001
 0885  0.4067797879300104E-001
 0886  0.4067797879300104E-001
 0887  0.4067797879300104E-001
 0888  0.4067797879300104E-001
 0889  0.4067797879300104E-001
 0890  0.4067797879300104E-001
 0891  0.4067797879300104E-001
 0892  0.4067797879300104E-001
 0893  0.4067797879300104E-001
 0894  0.4067797879300104E-001
 0895  0.4067797879300104E-001
 0896  0.4067797879300104E-001
 0897  0.4067797879300104E-001
 0898  0.4067797879300104E-001
 0899  0.4067797879300104E-001
 0900  0.4067797879300104E-001
 0901  0.4067797879300104E-001
 0902  0.4067797879300104E-001
 0903  0.4067797879300104E-001
 0904  0.4067797879300104E-001
 0905  0.4067797879300104E-001
 0906  0.4067797879300104E-001
 0907  0.4067797879300104E-001
 0908  0.4067797879300104E-001
 0909  0.4067797879300104E-001
 0910  0.4067797879300104E-001
 0911  0.4067797879300104E-001
 0912  0.4067797879300104E-001
 0913  0.4067797879300104E-001
 0914  0.4067797879300104E-001
 0915  0.4067797879300104E-001
 0916  0.4067797879300104E-001
 0917  0.4067797879300104E-001
 0918  0.4067797879300104E-001
 0919  0.4067797879300104E-001
 0920  0.4067797879300104E-001
 0921  0.4067797879300104E-001
 0922  0.4067797879300104E-001
 0923  0.4067797879300104E-001
 0924  0.4067797879300104E-001
 0925  0.4067797879300104E-001
 0926  0.4067797879300104E-001
 0927  0.4067797879300104E-001
 0928  0.4067797879300104E-001
 0929  0.4067797879300104E-001
 0930  0.4067797879300104E-001
 0931  0.4067797879300104E-001
 0932  0.4067797879300104E-001
 0933  0.4067797879300104E-001
 0934  0.4067797879300104E-001
 0935  0.4067797879300104E-001
 0936  0.4067797879300104E-001
 0937  0.4067797879300104E-001
 0938  0.4067797879300104E-001
 0939  0.4067797879300104E-001
 0940  0.4067797879300104E-001
 0941  0.4067797879300104E-001
 0942  0.4067797879300104E-001
 0943  0.4067797879300104E-001
 0944  0.4067797879300104E-001
 0945  0.4067797879300104E-001
 0946  0.4067797879300104E-001
 0947  0.4067797879300104E-001
 0948  0.4067797879300104E-001
 0949  0.4067797879300104E-001
 0950  0.4067797879300104E-001
 0951  0.4067797879300104E-001
 0952  0.4067797879300104E-001
 0953  0.4067797879300104E-001
 0954  0.4067797879300104E-001
 0955  0.4067797879300104E-001
 0956  0.4067797879300104E-001
 0957  0.4067797879300104E-001
 0958  0.4067797879300104E-001
 0959  0.4067797879300104E-001
 0960  0.4067797879300104E-001
 0961  0.4067797879300104E-001
 0962  0.4067797879300104E-001
 0963  0.4067797879300104E-001
 0964  0.4067797879300104E-001
 0965  0.4067797879300104E-001
 0966  0.4067797879300104E-001
 0967  0.4067797879300104E-001
 0968  0.4067797879300104E-001
 0969  0.4067797879300104E-001
 0970  0.4067797879300104E-001
 0971  0.4067797879300104E-001
 0972  0.4067797879300104E-001
 0973  0.4067797879300104E-001
 0974  0.4067797879300104E-001
 0975  0.4067797879300104E-001
 0976  0.4067797879300104E-001
 0977  0.4067797879300104E-001
 0978  0.4067797879300104E-001
 0979  0.4067797879300104E-001
 0980  0.4067797879300104E-001
 0981  0.4067797879300104E-001
 0982  0.4067797879300104E-001
 0983  0.4067797879300104E-001
 0984  0.4067797879300104E-001
 0985  0.4067797879300104E-001
 0986  0.4067797879300104E-001
 0987  0.4067797879300104E-001
 0988  0.4067797879300104E-001
 0989  0.4067797879300104E-001
 0990  0.4067797879300104E-001
 0991  0.4067797879300104E-001
 0992  0.4067797879300104E-001
 0993  0.4067797879300104E-001
 0994  0.4067797879300104E-001
 0995  0.4067797879300104E-001
 0996  0.4067797879300104E-001
 0997  0.4067797879300104E-001
 0998  0.4067797879300104E-001
 0999  0.4067797879300104E-001
 1000  0.4067797879300104E-001
