 0001  0.1298428532544378E+009
 0002  0.1302396956786141E+009
 0003  0.1306488059791207E+009
 0004  0.1310707857620863E+009
 0005  0.1315062230277690E+009
 0006  0.1319561592541008E+009
 0007  0.1324228455427689E+009
 0008  0.1329048949552470E+009
 0009  0.1334024683309764E+009
 0010  0.1339163499614416E+009
 0011  0.1344481195131481E+009
 0012  0.1349960974849925E+009
 0013  0.1355605348788833E+009
 0014  0.1361454014931575E+009
 0015  0.1367556520216092E+009
 0016  0.1373880559278200E+009
 0017  0.1380396052522977E+009
 0018  0.1387136522146088E+009
 0019  0.1394158005170049E+009
 0020  0.1401414683203740E+009
 0021  0.1408901316234420E+009
 0022  0.1416655686832781E+009
 0023  0.1424730934123242E+009
 0024  0.1433202810048888E+009
 0025  0.1441957613097337E+009
 0026  0.1451119246683027E+009
 0027  0.1460703603832519E+009
 0028  0.1470668428205826E+009
 0029  0.1481225714782536E+009
 0030  0.1492432892391206E+009
 0031  0.1504075580409347E+009
 0032  0.1516313186438256E+009
 0033  0.1528974212290938E+009
 0034  0.1542201462083938E+009
 0035  0.1556295209046496E+009
 0036  0.1571089673922401E+009
 0037  0.1593004874217148E+009
 0038  0.1615941299236379E+009
 0039  0.1639636777285753E+009
 0040  0.1664261555822047E+009
 0041  0.1689899381781239E+009
 0042  0.1716869402608243E+009
 0043  0.1744751853171773E+009
 0044  0.1773840150941921E+009
 0045  0.1804346609341018E+009
 0046  0.1836219562889079E+009
 0047  0.1869639426942810E+009
 0048  0.1904452427832897E+009
 0049  0.1941075487452682E+009
 0050  0.1979455611269841E+009
 0051  0.2019793338215895E+009
 0052  0.2061952855388817E+009
 0053  0.2106798008877130E+009
 0054  0.2154176014300974E+009
 0055  0.2203875542378259E+009
 0056  0.2257043725416716E+009
 0057  0.2312889360747402E+009
 0058  0.2372427617669804E+009
 0059  0.2439774494169411E+009
 0060  0.2537819551619119E+009
 0061  0.2639185965617905E+009
 0062  0.2744715501499765E+009
 0063  0.2854383388636562E+009
 0064  0.2968167118501927E+009
 0065  0.3086533663663172E+009
 0066  0.3209008888266000E+009
 0067  0.3335888695640231E+009
 0068  0.3467986329379045E+009
 0069  0.3603991445173844E+009
 0070  0.3743980878441039E+009
 0071  0.3890185626799677E+009
 0072  0.4041197063442785E+009
 0073  0.4199242980749165E+009
 0074  0.4362225222151181E+009
 0075  0.4530257724413933E+009
 0076  0.4704611810804420E+009
 0077  0.4884799848928066E+009
 0078  0.5071022131543562E+009
 0079  0.5262517346689817E+009
 0080  0.5462259297199140E+009
 0081  0.5667724833952398E+009
 0082  0.5880644127352997E+009
 0083  0.6099218626056380E+009
 0084  0.6325299153473977E+009
 0085  0.6558661535358580E+009
 0086  0.6801343906808214E+009
 0087  0.7049828130818692E+009
 0088  0.7308583295929645E+009
 0089  0.7574678195175989E+009
 0090  0.7849464994949362E+009
 0091  0.8133316934715625E+009
 0092  0.8426868393534223E+009
 0093  0.8730060508961638E+009
 0094  0.9043620052829927E+009
 0095  0.9368333401899395E+009
 0096  0.9702450548298374E+009
 0097  0.1004533095765140E+010
 0098  0.1040272375153997E+010
 0099  0.1077307188840114E+010
 0100  0.1115698075586889E+010
 0101  0.1154481194293488E+010
 0102  0.1193488497786803E+010
 0103  0.1232651969529254E+010
 0104  0.1272053846887403E+010
 0105  0.1311386095105611E+010
 0106  0.1351079815983043E+010
 0107  0.1390621498860739E+010
 0108  0.1430149447083668E+010
 0109  0.1469328108240119E+010
 0110  0.1509212370063805E+010
 0111  0.1549617978954101E+010
 0112  0.1590086493176069E+010
 0113  0.1631025853850073E+010
 0114  0.1672607766850193E+010
 0115  0.1714889852077331E+010
 0116  0.1757218554946061E+010
 0117  0.1799838810195448E+010
 0118  0.1842745382480357E+010
 0119  0.1886532677370431E+010
 0120  0.1930734308306982E+010
 0121  0.1975507552989254E+010
 0122  0.2020767484487876E+010
 0123  0.2066340349088683E+010
 0124  0.2112400853925284E+010
 0125  0.2159041399291879E+010
 0126  0.2206643196595616E+010
 0127  0.2254677637596992E+010
 0128  0.2303249985079754E+010
 0129  0.2352565931665100E+010
 0130  0.2402729481013557E+010
 0131  0.2453650753060574E+010
 0132  0.2505449450983834E+010
 0133  0.2558262653977055E+010
 0134  0.2612034278723916E+010
 0135  0.2667113708109262E+010
 0136  0.2723465110467925E+010
 0137  0.2780884111486122E+010
 0138  0.2839632976451084E+010
 0139  0.2900207399297372E+010
 0140  0.2962017015321311E+010
 0141  0.3026489641584830E+010
 0142  0.3094995486189047E+010
 0143  0.3165988410940864E+010
 0144  0.3241882920315526E+010
 0145  0.3324807459692060E+010
 0146  0.3416283014366068E+010
 0147  0.3519941849271399E+010
 0148  0.3630312510432591E+010
 0149  0.3748757336747771E+010
 0150  0.3874814207252022E+010
 0151  0.4004977719735534E+010
 0152  0.4143682700382868E+010
 0153  0.4289796306279648E+010
 0154  0.4441845778533123E+010
 0155  0.4595246876188254E+010
 0156  0.4757179426438349E+010
 0157  0.4941843450113030E+010
 0158  0.5125914674969452E+010
 0159  0.5310068029670386E+010
 0160  0.5494328784998066E+010
 0161  0.5679346097994162E+010
 0162  0.5864295374903708E+010
 0163  0.6048717585152184E+010
 0164  0.6233193566682245E+010
 0165  0.6418113597928483E+010
 0166  0.6602876539239304E+010
 0167  0.6787721213845614E+010
 0168  0.6972934978542809E+010
 0169  0.7158370391228951E+010
 0170  0.7342459886480883E+010
 0171  0.7527374367113500E+010
 0172  0.7711830355168003E+010
 0173  0.7897391802205158E+010
 0174  0.8082890902681040E+010
 0175  0.8268079254309701E+010
 0176  0.8453370829203884E+010
 0177  0.8637477734823402E+010
 0178  0.8820481505893919E+010
 0179  0.9002627092912334E+010
 0180  0.9184582748451786E+010
 0181  0.9368322818971426E+010
 0182  0.9551228490815311E+010
 0183  0.9734350471256641E+010
 0184  0.9918224577615456E+010
 0185  0.1010204840079726E+011
 0186  0.1028451235964048E+011
 0187  0.1046651185426933E+011
 0188  0.1064914630556914E+011
 0189  0.1083404584713651E+011
 0190  0.1101983267364757E+011
 0191  0.1120559605332826E+011
 0192  0.1139424284792190E+011
 0193  0.1159405830088547E+011
 0194  0.1180135283852454E+011
 0195  0.1201249262384110E+011
 0196  0.1222157758421602E+011
 0197  0.1242809859695129E+011
 0198  0.1263324552901288E+011
 0199  0.1283858416251531E+011
 0200  0.1304418457203801E+011
 0201  0.1324811316810665E+011
 0202  0.1345041919871467E+011
 0203  0.1365319512558734E+011
 0204  0.1385670416932002E+011
 0205  0.1405978488361230E+011
 0206  0.1426120763737816E+011
 0207  0.1446185194313423E+011
 0208  0.1466215161665468E+011
 0209  0.1486243526528256E+011
 0210  0.1506169075496807E+011
 0211  0.1525921644830642E+011
 0212  0.1545522517871144E+011
 0213  0.1565242954287521E+011
 0214  0.1585054689442526E+011
 0215  0.1604769905061954E+011
 0216  0.1624412835600881E+011
 0217  0.1644008435182718E+011
 0218  0.1663629779733897E+011
 0219  0.1683296806700189E+011
 0220  0.1702913569250809E+011
 0221  0.1722423720415234E+011
 0222  0.1741817175711996E+011
 0223  0.1761062625489890E+011
 0224  0.1780175156139410E+011
 0225  0.1799283572008934E+011
 0226  0.1818486570908644E+011
 0227  0.1837663976120389E+011
 0228  0.1856801102248593E+011
 0229  0.1876020379480222E+011
 0230  0.1895205699767596E+011
 0231  0.1914270558911872E+011
 0232  0.1933193328203401E+011
 0233  0.1952028670520815E+011
 0234  0.1970813308580433E+011
 0235  0.1989562624709076E+011
 0236  0.2008292366838510E+011
 0237  0.2026988533217865E+011
 0238  0.2045639231926360E+011
 0239  0.2064332673119495E+011
 0240  0.2083019902154493E+011
 0241  0.2101542077197627E+011
 0242  0.2119909134254664E+011
 0243  0.2138292686882796E+011
 0244  0.2156754733490132E+011
 0245  0.2175084893060918E+011
 0246  0.2193292065843086E+011
 0247  0.2211407278286912E+011
 0248  0.2229529241968764E+011
 0249  0.2247667769984763E+011
 0250  0.2265762911574926E+011
 0251  0.2283817516851695E+011
 0252  0.2301952789051249E+011
 0253  0.2320144268102368E+011
 0254  0.2338250571943941E+011
 0255  0.2356213488431158E+011
 0256  0.2374040405657359E+011
 0257  0.2391807830820070E+011
 0258  0.2409535012317392E+011
 0259  0.2427285658488742E+011
 0260  0.2445191518634137E+011
 0261  0.2463047425061979E+011
 0262  0.2480768166438261E+011
 0263  0.2498360220147892E+011
 0264  0.2515878089390411E+011
 0265  0.2533355145304693E+011
 0266  0.2550784235383342E+011
 0267  0.2568106918567923E+011
 0268  0.2585328799892737E+011
 0269  0.2602455318007337E+011
 0270  0.2619491758858857E+011
 0271  0.2636644966165806E+011
 0272  0.2653952564807492E+011
 0273  0.2671150014725200E+011
 0274  0.2688234264619521E+011
 0275  0.2705210328354816E+011
 0276  0.2722091950824935E+011
 0277  0.2739039329105182E+011
 0278  0.2756059964423489E+011
 0279  0.2773062004529752E+011
 0280  0.2790025426695381E+011
 0281  0.2806942913707238E+011
 0282  0.2823807051882259E+011
 0283  0.2840622329906858E+011
 0284  0.2857390428270229E+011
 0285  0.2874115422865844E+011
 0286  0.2890801095702688E+011
 0287  0.2907447720714877E+011
 0288  0.2924059516548253E+011
 0289  0.2940636081831080E+011
 0290  0.2957169318049543E+011
 0291  0.2973663194130190E+011
 0292  0.2990109279440410E+011
 0293  0.3006469413455598E+011
 0294  0.3022747191971016E+011
 0295  0.3038946122333996E+011
 0296  0.3055069629402100E+011
 0297  0.3071128633144865E+011
 0298  0.3087209784225065E+011
 0299  0.3103317521079573E+011
 0300  0.3119456375056248E+011
 0301  0.3135575326431435E+011
 0302  0.3151629884842064E+011
 0303  0.3167623190476442E+011
 0304  0.3183558329100704E+011
 0305  0.3199438336496998E+011
 0306  0.3215300930803654E+011
 0307  0.3231168011656150E+011
 0308  0.3247043202302875E+011
 0309  0.3262930173230208E+011
 0310  0.3278788554477259E+011
 0311  0.3294614733940237E+011
 0312  0.3310411672200489E+011
 0313  0.3326182318094583E+011
 0314  0.3341913501508171E+011
 0315  0.3357607521046558E+011
 0316  0.3373267126849802E+011
 0317  0.3388895051332812E+011
 0318  0.3404469480386647E+011
 0319  0.3419983710746030E+011
 0320  0.3435440209951854E+011
 0321  0.3450841404454607E+011
 0322  0.3466189682461845E+011
 0323  0.3481487396687627E+011
 0324  0.3496767793951910E+011
 0325  0.3512047694460899E+011
 0326  0.3527329880051477E+011
 0327  0.3542617161502429E+011
 0328  0.3557912382477670E+011
 0329  0.3573229272981317E+011
 0330  0.3588573050546354E+011
 0331  0.3603946985696233E+011
 0332  0.3619296412836558E+011
 0333  0.3634584295878278E+011
 0334  0.3649812759013627E+011
 0335  0.3664983889126810E+011
 0336  0.3680099737965426E+011
 0337  0.3695160078754110E+011
 0338  0.3710165961700631E+011
 0339  0.3725119337165144E+011
 0340  0.3740022125845559E+011
 0341  0.3754876220613718E+011
 0342  0.3769683488293964E+011
 0343  0.3784445771388815E+011
 0344  0.3799203087363659E+011
 0345  0.3813973837133987E+011
 0346  0.3828760491765287E+011
 0347  0.3843565563590371E+011
 0348  0.3858391609697906E+011
 0349  0.3873212165182291E+011
 0350  0.3888011873883439E+011
 0351  0.3902792643799953E+011
 0352  0.3917556382919733E+011
 0353  0.3932305000986535E+011
 0354  0.3947044244063814E+011
 0355  0.3961778249042727E+011
 0356  0.3976509025393953E+011
 0357  0.3991238598021823E+011
 0358  0.4005968321811398E+011
 0359  0.4020699146328709E+011
 0360  0.4035433125973394E+011
 0361  0.4050172337222254E+011
 0362  0.4064849919697614E+011
 0363  0.4079463365469048E+011
 0364  0.4094014217583321E+011
 0365  0.4108503989209132E+011
 0366  0.4122934164890171E+011
 0367  0.4137306201749922E+011
 0368  0.4151674423045298E+011
 0369  0.4166108466451947E+011
 0370  0.4180611764768563E+011
 0371  0.4195177607777087E+011
 0372  0.4209676809862766E+011
 0373  0.4224110813488100E+011
 0374  0.4238481031946606E+011
 0375  0.4252788850489642E+011
 0376  0.4267035627408933E+011
 0377  0.4281222695077141E+011
 0378  0.4295352559638483E+011
 0379  0.4309445813095631E+011
 0380  0.4323503743899377E+011
 0381  0.4337527629113190E+011
 0382  0.4351518735241911E+011
 0383  0.4365478319046667E+011
 0384  0.4379407628347140E+011
 0385  0.4393307902812665E+011
 0386  0.4407180374743521E+011
 0387  0.4421026269843600E+011
 0388  0.4434953662802336E+011
 0389  0.4448976140673537E+011
 0390  0.4463097929905192E+011
 0391  0.4477323452184950E+011
 0392  0.4491552965007121E+011
 0393  0.4505775818399197E+011
 0394  0.4519993478396210E+011
 0395  0.4534201024743115E+011
 0396  0.4548365305555418E+011
 0397  0.4562487489607925E+011
 0398  0.4576568731778027E+011
 0399  0.4590610173737834E+011
 0400  0.4604612944629604E+011
 0401  0.4618590049715418E+011
 0402  0.4632554577569701E+011
 0403  0.4646507796350590E+011
 0404  0.4660450978363763E+011
 0405  0.4674385400915472E+011
 0406  0.4688312347178239E+011
 0407  0.4702294311620609E+011
 0408  0.4716354031467296E+011
 0409  0.4730494886183405E+011
 0410  0.4744601993958411E+011
 0411  0.4758659213882253E+011
 0412  0.4772667598607940E+011
 0413  0.4786628185203107E+011
 0414  0.4800541995738552E+011
 0415  0.4814442559495717E+011
 0416  0.4828372643057188E+011
 0417  0.4842334105690556E+011
 0418  0.4856328850158846E+011
 0419  0.4870310186002538E+011
 0420  0.4884250702689008E+011
 0421  0.4898151388864082E+011
 0422  0.4912013222108914E+011
 0423  0.4925837169442822E+011
 0424  0.4939624187814687E+011
 0425  0.4953383897162788E+011
 0426  0.4967149775450279E+011
 0427  0.4980923143120048E+011
 0428  0.4994705337516418E+011
 0429  0.5008497713963490E+011
 0430  0.5022301646881858E+011
 0431  0.5036125005196606E+011
 0432  0.5049976553417063E+011
 0433  0.5063858007835069E+011
 0434  0.5077771123745139E+011
 0435  0.5091706020003192E+011
 0436  0.5105616148357182E+011
 0437  0.5119502478953139E+011
 0438  0.5133365978619332E+011
 0439  0.5147207611341400E+011
 0440  0.5161028338736193E+011
 0441  0.5174831410869451E+011
 0442  0.5188627909782573E+011
 0443  0.5202418913636369E+011
 0444  0.5216205507263338E+011
 0445  0.5229988782821142E+011
 0446  0.5243769840460082E+011
 0447  0.5257549789005947E+011
 0448  0.5271345268533942E+011
 0449  0.5285182167244582E+011
 0450  0.5299062420730751E+011
 0451  0.5312988018178016E+011
 0452  0.5326961005158416E+011
 0453  0.5340991125064330E+011
 0454  0.5355089547289088E+011
 0455  0.5369259022239905E+011
 0456  0.5383487376421200E+011
 0457  0.5397750876997663E+011
 0458  0.5412051353411279E+011
 0459  0.5426390680771400E+011
 0460  0.5440770686464141E+011
 0461  0.5455187327806655E+011
 0462  0.5469642480222289E+011
 0463  0.5484138066727337E+011
 0464  0.5498676060395126E+011
 0465  0.5513258486955086E+011
 0466  0.5527887427536550E+011
 0467  0.5542707625531683E+011
 0468  0.5557744757580187E+011
 0469  0.5573009595579442E+011
 0470  0.5588308629140450E+011
 0471  0.5603607364155746E+011
 0472  0.5618907134366129E+011
 0473  0.5634209286211550E+011
 0474  0.5649515179775670E+011
 0475  0.5664826189757903E+011
 0476  0.5680143706474738E+011
 0477  0.5695473857732959E+011
 0478  0.5711060502303089E+011
 0479  0.5726917349931256E+011
 0480  0.5743059193704485E+011
 0481  0.5759441355141212E+011
 0482  0.5775905697545077E+011
 0483  0.5792455727972502E+011
 0484  0.5809095085508813E+011
 0485  0.5825827549259842E+011
 0486  0.5842705856420052E+011
 0487  0.5859784717212468E+011
 0488  0.5877073475928052E+011
 0489  0.5894572805732496E+011
 0490  0.5912127455911158E+011
 0491  0.5929740300775249E+011
 0492  0.5947414298487125E+011
 0493  0.5965152495848521E+011
 0494  0.5982958033385545E+011
 0495  0.6000834150754369E+011
 0496  0.6018862743452412E+011
 0497  0.6037303738998765E+011
 0498  0.6056184596822981E+011
 0499  0.6075497846582784E+011
 0500  0.6094920395768284E+011
 0501  0.6114457243835332E+011
 0502  0.6134113597489441E+011
 0503  0.6153894884452203E+011
 0504  0.6173841400494769E+011
 0505  0.6194077355968328E+011
 0506  0.6214618013149925E+011
 0507  0.6235479771865612E+011
 0508  0.6256571684233556E+011
 0509  0.6277851592081509E+011
 0510  0.6299328341797198E+011
 0511  0.6321011268518176E+011
 0512  0.6342853226789531E+011
 0513  0.6364835409976414E+011
 0514  0.6386964537678882E+011
 0515  0.6409247635650370E+011
 0516  0.6431692057841374E+011
 0517  0.6454345708561226E+011
 0518  0.6477372739037661E+011
 0519  0.6500794657550058E+011
 0520  0.6524634755528040E+011
 0521  0.6548687095450637E+011
 0522  0.6572850343076568E+011
 0523  0.6597130622893394E+011
 0524  0.6621534291754674E+011
 0525  0.6646067954950685E+011
 0526  0.6670738483540311E+011
 0527  0.6695738011621111E+011
 0528  0.6721330236052950E+011
 0529  0.6747557722586146E+011
 0530  0.6774158023642281E+011
 0531  0.6801025089491447E+011
 0532  0.6828100988575729E+011
 0533  0.6855236344970503E+011
 0534  0.6882436630329573E+011
 0535  0.6909707453629843E+011
 0536  0.6937054571318236E+011
 0537  0.6964628649599493E+011
 0538  0.6992564829518663E+011
 0539  0.7020883267057890E+011
 0540  0.7049551638121082E+011
 0541  0.7078501603012923E+011
 0542  0.7107748268006323E+011
 0543  0.7137112340091322E+011
 0544  0.7166561622022871E+011
 0545  0.7196102917511740E+011
 0546  0.7225743231117255E+011
 0547  0.7255688351289478E+011
 0548  0.7286031470738371E+011
 0549  0.7316758422490759E+011
 0550  0.7347604093568295E+011
 0551  0.7378576709351007E+011
 0552  0.7409684783920346E+011
 0553  0.7440872359155882E+011
 0554  0.7472117217855818E+011
 0555  0.7503425871248019E+011
 0556  0.7534804980757863E+011
 0557  0.7566261370096201E+011
 0558  0.7597802038055617E+011
 0559  0.7629564578571594E+011
 0560  0.7661598309368918E+011
 0561  0.7693917985403387E+011
 0562  0.7726539201642838E+011
 0563  0.7759478466707047E+011
 0564  0.7792814676168297E+011
 0565  0.7826579118999280E+011
 0566  0.7860796513254094E+011
 0567  0.7895248991220636E+011
 0568  0.7929855609008859E+011
 0569  0.7964626749810666E+011
 0570  0.7999573198451004E+011
 0571  0.8035061394838158E+011
 0572  0.8071201109519115E+011
 0573  0.8107540916555272E+011
 0574  0.8144046664242937E+011
 0575  0.8180671564615587E+011
 0576  0.8217375347907631E+011
 0577  0.8254166715271690E+011
 0578  0.8291054588607295E+011
 0579  0.8328205699721172E+011
 0580  0.8365752838006293E+011
 0581  0.8403718791820496E+011
 0582  0.8441943780621016E+011
 0583  0.8480340484654137E+011
 0584  0.8518920950625902E+011
 0585  0.8557697696142625E+011
 0586  0.8597063747687288E+011
 0587  0.8637090438053802E+011
 0588  0.8677231035432259E+011
 0589  0.8717408626468320E+011
 0590  0.8757631994257076E+011
 0591  0.8797910074013757E+011
 0592  0.8838411065977361E+011
 0593  0.8879388776563371E+011
 0594  0.8920871444968199E+011
 0595  0.8962862797007443E+011
 0596  0.9005250712166037E+011
 0597  0.9048058782065422E+011
 0598  0.9091209959135358E+011
 0599  0.9134545213741194E+011
 0600  0.9178078563947081E+011
 0601  0.9221824563980891E+011
 0602  0.9265895074037517E+011
 0603  0.9310447232186507E+011
 0604  0.9355510092519775E+011
 0605  0.9401129120399147E+011
 0606  0.9447396369659273E+011
 0607  0.9494344616607928E+011
 0608  0.9541444790985437E+011
 0609  0.9588711268578166E+011
 0610  0.9636158893779601E+011
 0611  0.9683870273626057E+011
 0612  0.9732113092185809E+011
 0613  0.9780920277201155E+011
 0614  0.9830327077341704E+011
 0615  0.9880330337001196E+011
 0616  0.9930966330524365E+011
 0617  0.9982314918654753E+011
 0618  0.1003452599543961E+012
 0619  0.1008742578811192E+012
 0620  0.1014082309531586E+012
 0621  0.1019457345371158E+012
 0622  0.1024858056218454E+012
 0623  0.1030286537474344E+012
 0624  0.1035755244167061E+012
 0625  0.1041288865859177E+012
 0626  0.1046891651442850E+012
 0627  0.1052593581886910E+012
 0628  0.1058470020777479E+012
 0629  0.1064374499825262E+012
 0630  0.1070302041842777E+012
 0631  0.1076254901803359E+012
 0632  0.1082286707545651E+012
 0633  0.1088403231131476E+012
 0634  0.1094613825069759E+012
 0635  0.1100934931549279E+012
 0636  0.1107365703221885E+012
 0637  0.1113879515322619E+012
 0638  0.1120482923715069E+012
 0639  0.1127189137183662E+012
 0640  0.1133997290973859E+012
 0641  0.1140876463059531E+012
 0642  0.1147831833180760E+012
 0643  0.1154873155102526E+012
 0644  0.1162008912235444E+012
 0645  0.1169246048179421E+012
 0646  0.1176634547783911E+012
 0647  0.1184198358935835E+012
 0648  0.1191890659889693E+012
 0649  0.1199699508514717E+012
 0650  0.1207626661170784E+012
 0651  0.1215670277011451E+012
 0652  0.1223839479812308E+012
 0653  0.1232244110593989E+012
 0654  0.1240965505515185E+012
 0655  0.1249864130735936E+012
 0656  0.1258876310927155E+012
 0657  0.1267991237687985E+012
 0658  0.1277240174927545E+012
 0659  0.1286779979416517E+012
 0660  0.1296624936704487E+012
 0661  0.1306762574436407E+012
 0662  0.1317124517300431E+012
 0663  0.1327703132915174E+012
 0664  0.1338555535944045E+012
 0665  0.1349716071783853E+012
 0666  0.1361436950082588E+012
 0667  0.1373397128244183E+012
 0668  0.1385581622185059E+012
 0669  0.1398510581074613E+012
 0670  0.1411891598899652E+012
 0671  0.1425551832018761E+012
 0672  0.1439530792156227E+012
 0673  0.1454134379391774E+012
 0674  0.1469423824649136E+012
 0675  0.1485428727456730E+012
 0676  0.1502616564466261E+012
 0677  0.1520672142805772E+012
 0678  0.1539545912779410E+012
 0679  0.1559424611866530E+012
 0680  0.1580663971624837E+012
 0681  0.1603498020550820E+012
 0682  0.1627416565449681E+012
 0683  0.1652565189775812E+012
 0684  0.1680246192812134E+012
 0685  0.1709809936695784E+012
 0686  0.1740646814433392E+012
 0687  0.1774370428022994E+012
 0688  0.1809869952154964E+012
 0689  0.1846950027922553E+012
 0690  0.1886260936842997E+012
 0691  0.1928900273160230E+012
 0692  0.1974465808457688E+012
 0693  0.2022412245378721E+012
 0694  0.2072300917107148E+012
 0695  0.2123741185936811E+012
 0696  0.2178362516830872E+012
 0697  0.2235981240770617E+012
 0698  0.2294527070620211E+012
 0699  0.2356385421229098E+012
 0700  0.2418626229554361E+012
 0701  0.2483191371685071E+012
 0702  0.2548150980008438E+012
 0703  0.2614834912075003E+012
 0704  0.2681590150527319E+012
 0705  0.2750855886338346E+012
 0706  0.2820857528145728E+012
 0707  0.2891603336486774E+012
 0708  0.2963767356053958E+012
 0709  0.3038120698867747E+012
 0710  0.3114612758170456E+012
 0711  0.3192646927422164E+012
 0712  0.3272293758170878E+012
 0713  0.3353548784325342E+012
 0714  0.3435851520832128E+012
 0715  0.3520884184699358E+012
 0716  0.3607724907316097E+012
 0717  0.3698029533821979E+012
 0718  0.3789306552354255E+012
 0719  0.3882639643619213E+012
 0720  0.3980901633670788E+012
 0721  0.4082155744253973E+012
 0722  0.4185515261772595E+012
 0723  0.4292316037857135E+012
 0724  0.4402234914474163E+012
 0725  0.4515257994755470E+012
 0726  0.4630177256192762E+012
 0727  0.4752018156800152E+012
 0728  0.4879098908439932E+012
 0729  0.5009763055114202E+012
 0730  0.5143913178208380E+012
 0731  0.5286624838489529E+012
 0732  0.5433708070148155E+012
 0733  0.5584825540899482E+012
 0734  0.5742051699438059E+012
 0735  0.5904994518050760E+012
 0736  0.6077293653946663E+012
 0737  0.6255506394781848E+012
 0738  0.6440662668306921E+012
 0739  0.6630405522891544E+012
 0740  0.6832779685468099E+012
 0741  0.7041881771235039E+012
 0742  0.7255354355453594E+012
 0743  0.7481585791903766E+012
 0744  0.7713677396779296E+012
 0745  0.7956009486485731E+012
 0746  0.8203680881769426E+012
 0747  0.8454771604837764E+012
 0748  0.8712822733634298E+012
 0749  0.8978743738641334E+012
 0750  0.9244383448792257E+012
 0751  0.9513388052593007E+012
 0752  0.9786380753616920E+012
 0753  0.1006155947316503E+013
 0754  0.1033738887830025E+013
 0755  0.1061566088927343E+013
 0756  0.1090144971608282E+013
 0757  0.1118669012242188E+013
 0758  0.1147247546580167E+013
 0759  0.1176338168883209E+013
 0760  0.1205477071382855E+013
 0761  0.1235408494084063E+013
 0762  0.1265148066939815E+013
 0763  0.1294997011900808E+013
 0764  0.1325280782413889E+013
 0765  0.1356151850837947E+013
 0766  0.1387167115612023E+013
 0767  0.1418234191634668E+013
 0768  0.1449365989528620E+013
 0769  0.1480621256857363E+013
 0770  0.1512503018927431E+013
 0771  0.1544817061529737E+013
 0772  0.1576960761317961E+013
 0773  0.1609074944997949E+013
 0774  0.1641280692404069E+013
 0775  0.1673949045356748E+013
 0776  0.1707404046718607E+013
 0777  0.1740589341536462E+013
 0778  0.1774089783521716E+013
 0779  0.1807640207725719E+013
 0780  0.1841065105513301E+013
 0781  0.1874630137313112E+013
 0782  0.1908437157544125E+013
 0783  0.1942611079435115E+013
 0784  0.1976619318585059E+013
 0785  0.2010500725105171E+013
 0786  0.2044319540140250E+013
 0787  0.2079132548930301E+013
 0788  0.2114242417514230E+013
 0789  0.2149424285327232E+013
 0790  0.2184796633898119E+013
 0791  0.2220195719983685E+013
 0792  0.2255618772086642E+013
 0793  0.2291563600882350E+013
 0794  0.2327539472639932E+013
 0795  0.2363455543876852E+013
 0796  0.2399372963814119E+013
 0797  0.2435350741006144E+013
 0798  0.2471456459963038E+013
 0799  0.2507750925920577E+013
 0800  0.2544255395747929E+013
 0801  0.2580924146008103E+013
 0802  0.2617570037215568E+013
 0803  0.2654250368703655E+013
 0804  0.2691071573547791E+013
 0805  0.2728087008154944E+013
 0806  0.2765205410063899E+013
 0807  0.2802479643661573E+013
 0808  0.2839809744122831E+013
 0809  0.2877245667906354E+013
 0810  0.2915143335440878E+013
 0811  0.2953151418510133E+013
 0812  0.2991061116328162E+013
 0813  0.3028933986016234E+013
 0814  0.3066818879740360E+013
 0815  0.3104720836467438E+013
 0816  0.3142645465518142E+013
 0817  0.3180634911204104E+013
 0818  0.3218725307822804E+013
 0819  0.3256960252219120E+013
 0820  0.3295417364583443E+013
 0821  0.3334176389584090E+013
 0822  0.3372892012682081E+013
 0823  0.3411487385085455E+013
 0824  0.3449996666641115E+013
 0825  0.3488814433630185E+013
 0826  0.3527982099424190E+013
 0827  0.3567211704666573E+013
 0828  0.3606513681983148E+013
 0829  0.3645828628767654E+013
 0830  0.3685220496576156E+013
 0831  0.3724859108224578E+013
 0832  0.3764425493879661E+013
 0833  0.3803764835050589E+013
 0834  0.3842905184024127E+013
 0835  0.3881913220035107E+013
 0836  0.3921286251457805E+013
 0837  0.3961072999407604E+013
 0838  0.4001423891626074E+013
 0839  0.4041716361582963E+013
 0840  0.4081832366380812E+013
 0841  0.4121747492502688E+013
 0842  0.4161477413371657E+013
 0843  0.4201046794116349E+013
 0844  0.4240479827169595E+013
 0845  0.4280142556208543E+013
 0846  0.4320233903256341E+013
 0847  0.4360624148226086E+013
 0848  0.4401034035831648E+013
 0849  0.4441490859915492E+013
 0850  0.4482087795187167E+013
 0851  0.4522863987245052E+013
 0852  0.4563566047461196E+013
 0853  0.4604184216858811E+013
 0854  0.4644740079854933E+013
 0855  0.4685239080487813E+013
 0856  0.4725703906841679E+013
 0857  0.4766157328214509E+013
 0858  0.4806804465132605E+013
 0859  0.4847847039102334E+013
 0860  0.4889046994979409E+013
 0861  0.4930148240314875E+013
 0862  0.4971171576195209E+013
 0863  0.5012216632099205E+013
 0864  0.5053361810216638E+013
 0865  0.5094632110014669E+013
 0866  0.5135933270512785E+013
 0867  0.5177287560597151E+013
 0868  0.5218660087532440E+013
 0869  0.5259985758348464E+013
 0870  0.5301284212363740E+013
 0871  0.5342560119030846E+013
 0872  0.5383764418877711E+013
 0873  0.5424915324222403E+013
 0874  0.5466031051896948E+013
 0875  0.5507129881529244E+013
 0876  0.5548544601808433E+013
 0877  0.5590352302939154E+013
 0878  0.5632414125037548E+013
 0879  0.5674571881549968E+013
 0880  0.5716744154140972E+013
 0881  0.5758763763979081E+013
 0882  0.5800646732142774E+013
 0883  0.5842408860171956E+013
 0884  0.5884127423531323E+013
 0885  0.5925876483086895E+013
 0886  0.5967674037065953E+013
 0887  0.6009538405789466E+013
 0888  0.6051642779955233E+013
 0889  0.6094128541813339E+013
 0890  0.6136819469087666E+013
 0891  0.6179404428236371E+013
 0892  0.6221898504953315E+013
 0893  0.6264327507157332E+013
 0894  0.6306876968414310E+013
 0895  0.6349566580547655E+013
 0896  0.6392387497838746E+013
 0897  0.6435287740436391E+013
 0898  0.6478285463351599E+013
 0899  0.6521347813455062E+013
 0900  0.6564473544396096E+013
 0901  0.6607616716968054E+013
 0902  0.6650598398720752E+013
 0903  0.6693431634245757E+013
 0904  0.6736129271497307E+013
 0905  0.6778703989929209E+013
 0906  0.6821222015386403E+013
 0907  0.6864228040486620E+013
 0908  0.6907758578848590E+013
 0909  0.6951556148919494E+013
 0910  0.6995499736892720E+013
 0911  0.7039387702313440E+013
 0912  0.7083115269522135E+013
 0913  0.7126694656275484E+013
 0914  0.7170137901592748E+013
 0915  0.7213560621983197E+013
 0916  0.7257238766031655E+013
 0917  0.7301194453697388E+013
 0918  0.7345366812105742E+013
 0919  0.7389620306152663E+013
 0920  0.7433970714497278E+013
 0921  0.7478422815578572E+013
 0922  0.7522981575789197E+013
 0923  0.7567663338775570E+013
 0924  0.7612434757966172E+013
 0925  0.7657303400337985E+013
 0926  0.7702241532852972E+013
 0927  0.7747146659219275E+013
 0928  0.7792031414592090E+013
 0929  0.7836908512898641E+013
 0930  0.7882115267052891E+013
 0931  0.7927843459089550E+013
 0932  0.7973568592668688E+013
 0933  0.8019181295956455E+013
 0934  0.8064692935875059E+013
 0935  0.8110114805358578E+013
 0936  0.8155669165966488E+013
 0937  0.8201377734443861E+013
 0938  0.8247257226995498E+013
 0939  0.8293365066123617E+013
 0940  0.8339839781364798E+013
 0941  0.8386707447192286E+013
 0942  0.8433945027052248E+013
 0943  0.8481558048038002E+013
 0944  0.8529423709761001E+013
 0945  0.8577527989007495E+013
 0946  0.8625734024209091E+013
 0947  0.8674044078772533E+013
 0948  0.8722521743230014E+013
 0949  0.8771390219013453E+013
 0950  0.8820677184963129E+013
 0951  0.8870275115662283E+013
 0952  0.8920170861971207E+013
 0953  0.8970387835810975E+013
 0954  0.9021647520572949E+013
 0955  0.9073481614792551E+013
 0956  0.9125496576792004E+013
 0957  0.9177714786326637E+013
 0958  0.9230299650302688E+013
 0959  0.9283278862204215E+013
 0960  0.9336681630358660E+013
 0961  0.9391256956061070E+013
 0962  0.9446947670937016E+013
 0963  0.9502896303139990E+013
 0964  0.9559127515287027E+013
 0965  0.9615786996758510E+013
 0966  0.9672978052021486E+013
 0967  0.9730739336621572E+013
 0968  0.9789615176520619E+013
 0969  0.9849805241764455E+013
 0970  0.9910426533378582E+013
 0971  0.9971560590691221E+013
 0972  0.1003400828878580E+014
 0973  0.1009724305746662E+014
 0974  0.1016109461293085E+014
 0975  0.1022544209888467E+014
 0976  0.1029032590503179E+014
 0977  0.1035640678845002E+014
 0978  0.1042410568857288E+014
 0979  0.1049395796689853E+014
 0980  0.1056492098117611E+014
 0981  0.1063666296306779E+014
 0982  0.1070924538605923E+014
 0983  0.1078431510572452E+014
 0984  0.1086184156846014E+014
 0985  0.1094105296090003E+014
 0986  0.1102248050798127E+014
 0987  0.1110674266410896E+014
 0988  0.1119379011875229E+014
 0989  0.1128355769261254E+014
 0990  0.1137778315016170E+014
 0991  0.1147522916926516E+014
 0992  0.1157702979944134E+014
 0993  0.1168510498288060E+014
 0994  0.1179991096777380E+014
 0995  0.1192314477431933E+014
 0996  0.1206222047632465E+014
 0997  0.1222078062421318E+014
 0998  0.1240995692118937E+014
 0999  0.1263535248741700E+014
 1000  0.1293250688533267E+014
