 0065   0.100167E+00   0.313821E+09   0.313299E+10   0.118007E+10   0.587222E+14
 0066   0.102933E+00   0.322682E+09   0.320297E+10   0.123628E+10   0.556801E+14
 0067   0.109352E+00   0.335282E+09   0.196290E+10   0.123228E+10   0.527570E+14
 0068   0.116143E+00   0.348458E+09   0.194035E+10   0.122577E+10   0.499864E+14
 0069   0.123648E+00   0.362413E+09   0.185928E+10   0.121455E+10   0.473587E+14
 0070   0.131189E+00   0.376670E+09   0.189058E+10   0.120637E+10   0.448701E+14
 0071   0.139098E+00   0.391442E+09   0.186787E+10   0.119858E+10   0.425107E+14
 0072   0.147368E+00   0.406746E+09   0.185051E+10   0.119010E+10   0.402736E+14
 0073   0.155919E+00   0.422516E+09   0.184431E+10   0.118265E+10   0.381521E+14
 0074   0.164790E+00   0.438775E+09   0.183267E+10   0.117505E+10   0.361395E+14
 0075   0.174046E+00   0.455545E+09   0.181186E+10   0.116907E+10   0.342292E+14
 0076   0.184303E+00   0.473355E+09   0.173627E+10   0.115883E+10   0.324136E+14
 0077   0.194874E+00   0.491751E+09   0.174039E+10   0.114759E+10   0.306904E+14
 0078   0.205132E+00   0.510170E+09   0.179560E+10   0.114409E+10   0.290559E+14
 0079   0.216583E+00   0.529719E+09   0.170717E+10   0.113345E+10   0.275013E+14
 0080   0.228527E+00   0.549857E+09   0.168593E+10   0.112568E+10   0.260237E+14
 0081   0.240944E+00   0.570717E+09   0.167993E+10   0.111630E+10   0.246194E+14
 0082   0.253918E+00   0.592218E+09   0.165736E+10   0.110784E+10   0.232841E+14
 0083   0.267419E+00   0.614406E+09   0.164337E+10   0.109891E+10   0.220141E+14
 0084   0.281419E+00   0.637212E+09   0.162892E+10   0.109291E+10   0.208058E+14
 0085   0.296027E+00   0.660883E+09   0.162054E+10   0.108370E+10   0.196560E+14
 0086   0.311310E+00   0.685253E+09   0.159455E+10   0.107704E+10   0.185611E+14
 0087   0.327233E+00   0.710552E+09   0.158885E+10   0.106757E+10   0.175185E+14
 0088   0.343967E+00   0.736663E+09   0.156035E+10   0.105965E+10   0.165252E+14
 0089   0.361520E+00   0.763770E+09   0.154421E+10   0.105050E+10   0.155786E+14
 0090   0.378718E+00   0.791051E+09   0.158640E+10   0.104646E+10   0.146776E+14
 0091   0.397980E+00   0.820000E+09   0.150288E+10   0.103671E+10   0.138176E+14
 0092   0.418103E+00   0.849886E+09   0.148515E+10   0.102639E+10   0.129975E+14
 0093   0.437791E+00   0.879873E+09   0.152311E+10   0.102267E+10   0.122161E+14
 0094   0.459701E+00   0.911748E+09   0.145484E+10   0.101400E+10   0.114696E+14
 0095   0.481349E+00   0.944056E+09   0.149242E+10   0.100860E+10   0.107581E+14
 0096   0.505780E+00   0.978434E+09   0.140715E+10   0.998326E+09   0.100783E+14
 0097   0.529575E+00   0.101304E+10   0.145412E+10   0.993004E+09   0.943030E+13
 0098   0.554776E+00   0.104900E+10   0.142729E+10   0.987942E+09   0.881172E+13
 0099   0.583270E+00   0.108759E+10   0.135404E+10   0.975515E+09   0.822052E+13
 0100   0.611553E+00   0.112664E+10   0.138065E+10   0.965223E+09   0.765698E+13
 0101   0.639176E+00   0.116508E+10   0.139171E+10   0.959184E+09   0.713164E+13
 0102   0.668189E+00   0.120398E+10   0.134089E+10   0.951404E+09   0.664386E+13
 0103   0.696386E+00   0.124218E+10   0.135487E+10   0.947113E+09   0.619052E+13
 0104   0.726030E+00   0.128099E+10   0.130910E+10   0.942331E+09   0.576770E+13
 0105   0.756641E+00   0.132043E+10   0.128833E+10   0.937001E+09   0.537288E+13
 0106   0.787915E+00   0.136039E+10   0.127787E+10   0.929778E+09   0.500384E+13
 0107   0.819871E+00   0.140064E+10   0.125957E+10   0.923478E+09   0.465841E+13
 0108   0.849995E+00   0.144005E+10   0.130814E+10   0.923051E+09   0.433514E+13
 0109   0.883953E+00   0.148164E+10   0.122459E+10   0.914525E+09   0.403138E+13
 0110   0.916086E+00   0.152228E+10   0.126477E+10   0.909895E+09   0.374651E+13
 0111   0.949173E+00   0.156323E+10   0.123768E+10   0.905650E+09   0.347860E+13
 0112   0.983352E+00   0.160483E+10   0.121714E+10   0.901516E+09   0.322634E+13
 0113   0.101526E+01   0.164550E+10   0.127436E+10   0.900909E+09   0.298899E+13
 0114   0.105149E+01   0.168828E+10   0.118103E+10   0.892737E+09   0.276479E+13
 0115   0.108530E+01   0.172975E+10   0.122659E+10   0.891097E+09   0.255344E+13
 0116   0.112021E+01   0.177182E+10   0.120520E+10   0.889960E+09   0.235369E+13
 0117   0.115614E+01   0.181469E+10   0.119321E+10   0.885932E+09   0.216478E+13
 0118   0.119328E+01   0.185815E+10   0.117000E+10   0.882012E+09   0.198598E+13
 0119   0.123154E+01   0.190235E+10   0.115529E+10   0.877613E+09   0.181666E+13
 0120   0.126707E+01   0.194543E+10   0.121264E+10   0.880236E+09   0.165644E+13
 0121   0.130763E+01   0.199136E+10   0.113220E+10   0.874059E+09   0.150436E+13
 0122   0.134535E+01   0.203608E+10   0.118561E+10   0.873512E+09   0.136035E+13
 0123   0.138411E+01   0.208140E+10   0.116943E+10   0.873076E+09   0.122366E+13
 0124   0.142399E+01   0.212754E+10   0.115687E+10   0.871863E+09   0.116949E+13
 0125   0.146509E+01   0.217450E+10   0.114259E+10   0.870405E+09   0.111752E+13
 0126   0.150720E+01   0.222232E+10   0.113559E+10   0.868523E+09   0.106763E+13
 0127   0.155082E+01   0.227120E+10   0.112055E+10   0.865800E+09   0.101970E+13
 0128   0.159560E+01   0.232100E+10   0.111214E+10   0.863093E+09   0.973631E+12
 0129   0.164207E+01   0.237213E+10   0.110023E+10   0.858292E+09   0.929330E+12
 0130   0.168449E+01   0.242154E+10   0.116479E+10   0.861042E+09   0.886978E+12
 0131   0.173344E+01   0.247443E+10   0.108036E+10   0.856092E+09   0.846011E+12
 0132   0.177823E+01   0.252575E+10   0.114610E+10   0.859813E+09   0.806752E+12
 0133   0.182401E+01   0.257828E+10   0.114720E+10   0.862528E+09   0.745747E+12
 0134   0.187653E+01   0.263450E+10   0.107044E+10   0.857628E+09   0.710296E+12
 0135   0.192435E+01   0.268907E+10   0.114129E+10   0.861814E+09   0.676567E+12
 0136   0.197935E+01   0.274784E+10   0.106854E+10   0.857253E+09   0.643632E+12
 0137   0.202949E+01   0.280493E+10   0.113857E+10   0.859951E+09   0.612365E+12
 0138   0.208727E+01   0.286615E+10   0.105964E+10   0.857390E+09   0.581815E+12
 0139   0.213962E+01   0.292605E+10   0.114416E+10   0.863350E+09   0.552799E+12
 0140   0.220039E+01   0.299115E+10   0.107122E+10   0.862388E+09   0.524434E+12
 0141   0.225538E+01   0.305494E+10   0.115995E+10   0.874700E+09   0.497684E+12
 0142   0.231925E+01   0.312560E+10   0.110649E+10   0.878479E+09   0.471713E+12
 0143   0.238469E+01   0.319934E+10   0.112663E+10   0.885158E+09   0.446981E+12
 0144   0.245184E+01   0.327686E+10   0.115445E+10   0.895271E+09   0.423497E+12
 0145   0.252921E+01   0.336285E+10   0.111153E+10   0.906344E+09   0.400947E+12
 0146   0.260830E+01   0.345587E+10   0.117608E+10   0.923086E+09   0.379772E+12
 0147   0.269894E+01   0.356192E+10   0.117002E+10   0.928610E+09   0.359650E+12
 0148   0.279196E+01   0.367410E+10   0.120600E+10   0.936261E+09   0.340791E+12
 0149   0.288738E+01   0.379223E+10   0.123792E+10   0.946740E+09   0.323098E+12
 0150   0.300362E+01   0.392573E+10   0.114846E+10   0.942161E+09   0.306205E+12
 0151   0.311426E+01   0.405960E+10   0.121008E+10   0.945529E+09   0.290560E+12
 0152   0.322757E+01   0.419826E+10   0.122363E+10   0.953435E+09   0.275932E+12
 0153   0.335516E+01   0.434941E+10   0.118470E+10   0.951246E+09   0.262104E+12
 0154   0.348632E+01   0.450495E+10   0.118586E+10   0.943896E+09   0.249179E+12
 0155   0.361262E+01   0.465745E+10   0.120744E+10   0.948555E+09   0.237204E+12
 0156   0.374274E+01   0.481565E+10   0.121574E+10   0.970473E+09   0.226052E+12
 0157   0.391034E+01   0.500629E+10   0.113749E+10   0.951339E+09   0.215410E+12
 0158   0.406024E+01   0.518573E+10   0.119712E+10   0.946133E+09   0.205650E+12
 0159   0.421512E+01   0.536681E+10   0.116911E+10   0.942247E+09   0.196529E+12
 0160   0.437395E+01   0.555021E+10   0.115473E+10   0.937653E+09   0.187989E+12
 0161   0.452662E+01   0.573112E+10   0.118491E+10   0.935856E+09   0.180032E+12
 0162   0.469514E+01   0.591927E+10   0.111649E+10   0.926929E+09   0.172508E+12
 0163   0.485755E+01   0.610348E+10   0.113430E+10   0.922533E+09   0.165480E+12
 0164   0.502379E+01   0.628933E+10   0.111795E+10   0.917132E+09   0.158860E+12
 0165   0.519492E+01   0.647708E+10   0.109712E+10   0.909616E+09   0.152615E+12
 0166   0.535731E+01   0.665971E+10   0.112464E+10   0.906587E+09   0.146764E+12
 0167   0.552228E+01   0.684253E+10   0.110823E+10   0.904569E+09   0.141232E+12
 0168   0.569351E+01   0.702856E+10   0.108642E+10   0.899332E+09   0.135985E+12
 0169   0.586793E+01   0.721522E+10   0.107019E+10   0.894430E+09   0.131011E+12
 0170   0.604724E+01   0.740440E+10   0.105506E+10   0.886062E+09   0.126289E+12
 0171   0.621468E+01   0.758621E+10   0.108580E+10   0.885644E+09   0.121843E+12
 0172   0.638384E+01   0.776903E+10   0.108071E+10   0.883055E+09   0.117617E+12
 0173   0.655785E+01   0.795288E+10   0.105657E+10   0.879027E+09   0.113589E+12
 0174   0.673464E+01   0.813699E+10   0.104134E+10   0.875082E+09   0.109751E+12
 0175   0.691632E+01   0.832305E+10   0.102418E+10   0.869447E+09   0.106085E+12
 0176   0.708369E+01   0.850208E+10   0.106964E+10   0.871294E+09   0.102614E+12
 0177   0.727217E+01   0.869098E+10   0.100221E+10   0.863888E+09   0.992654E+11
 0178   0.744683E+01   0.887305E+10   0.104246E+10   0.862910E+09   0.960905E+11
 0179   0.762201E+01   0.905488E+10   0.103797E+10   0.862934E+09   0.930540E+11
 0180   0.781877E+01   0.924678E+10   0.975265E+09   0.852528E+09   0.901198E+11
 0181   0.800120E+01   0.943060E+10   0.100762E+10   0.849409E+09   0.873329E+11
 0182   0.818241E+01   0.961325E+10   0.100796E+10   0.848015E+09   0.846652E+11
 0183   0.836676E+01   0.979786E+10   0.100139E+10   0.844729E+09   0.821036E+11
 0184   0.855701E+01   0.998458E+10   0.981455E+09   0.840221E+09   0.796399E+11
 0185   0.872710E+01   0.101620E+11   0.104326E+10   0.844079E+09   0.772994E+11
 0186   0.892064E+01   0.103501E+11   0.971653E+09   0.839635E+09   0.750269E+11
 0187   0.909744E+01   0.105311E+11   0.102381E+10   0.841009E+09   0.728609E+11
 0188   0.930003E+01   0.107226E+11   0.945418E+09   0.833163E+09   0.707553E+11
 0189   0.948149E+01   0.109045E+11   0.100203E+10   0.834604E+09   0.687507E+11
 0190   0.966727E+01   0.110886E+11   0.991071E+09   0.833571E+09   0.668180E+11
 0191   0.985675E+01   0.112735E+11   0.976185E+09   0.831232E+09   0.649572E+11
 0192   0.100465E+02   0.114579E+11   0.971818E+09   0.840792E+09   0.631731E+11
 0193   0.102624E+02   0.116618E+11   0.944323E+09   0.841028E+09   0.614439E+11
 0194   0.104578E+02   0.118630E+11   0.102939E+10   0.843674E+09   0.597978E+11
 0195   0.106829E+02   0.120775E+11   0.953273E+09   0.834023E+09   0.581992E+11
 0196   0.108837E+02   0.122790E+11   0.100327E+10   0.835182E+09   0.566786E+11
 0197   0.110899E+02   0.124826E+11   0.987063E+09   0.835450E+09   0.552122E+11
 0198   0.113009E+02   0.126880E+11   0.973896E+09   0.833659E+09   0.537976E+11
 0199   0.115126E+02   0.128932E+11   0.969271E+09   0.831820E+09   0.524349E+11
 0200   0.117258E+02   0.130983E+11   0.961964E+09   0.830121E+09   0.511212E+11
 0201   0.119675E+02   0.133153E+11   0.897740E+09   0.819324E+09   0.498415E+11
 0202   0.121830E+02   0.135206E+11   0.952523E+09   0.816147E+09   0.486195E+11
 0203   0.123989E+02   0.137247E+11   0.945229E+09   0.812200E+09   0.474402E+11
 0204   0.125879E+02   0.139155E+11   0.101013E+10   0.817804E+09   0.463129E+11
 0205   0.128031E+02   0.141166E+11   0.934052E+09   0.816286E+09   0.452127E+11
 0206   0.130174E+02   0.143175E+11   0.937579E+09   0.815320E+09   0.441491E+11
 0207   0.132315E+02   0.145187E+11   0.939955E+09   0.813372E+09   0.431206E+11
 0208   0.134459E+02   0.147192E+11   0.934783E+09   0.810465E+09   0.421257E+11
 0209   0.136606E+02   0.149182E+11   0.927039E+09   0.809359E+09   0.411629E+11
 0210   0.138752E+02   0.151171E+11   0.927073E+09   0.808801E+09   0.402305E+11
 0211   0.141162E+02   0.153273E+11   0.872177E+09   0.799787E+09   0.393196E+11
 0212   0.143309E+02   0.155264E+11   0.927148E+09   0.798125E+09   0.384449E+11
 0213   0.145458E+02   0.157246E+11   0.922304E+09   0.796066E+09   0.375972E+11
 0214   0.147609E+02   0.159216E+11   0.915653E+09   0.794183E+09   0.367753E+11
 0215   0.149758E+02   0.161175E+11   0.911485E+09   0.792785E+09   0.359780E+11
 0216   0.151903E+02   0.163126E+11   0.909898E+09   0.792109E+09   0.352045E+11
 0217   0.154041E+02   0.165074E+11   0.910999E+09   0.791193E+09   0.344535E+11
 0218   0.156175E+02   0.167016E+11   0.909945E+09   0.790166E+09   0.337244E+11
 0219   0.158309E+02   0.168951E+11   0.906838E+09   0.789403E+09   0.330162E+11
 0220   0.160441E+02   0.170881E+11   0.905014E+09   0.789310E+09   0.323281E+11
 0221   0.162574E+02   0.172811E+11   0.904829E+09   0.789668E+09   0.316591E+11
 0222   0.164708E+02   0.174743E+11   0.905801E+09   0.789022E+09   0.310089E+11
 0223   0.167108E+02   0.176774E+11   0.846033E+09   0.779682E+09   0.303716E+11
 0224   0.169244E+02   0.178686E+11   0.894940E+09   0.779136E+09   0.297570E+11
 0225   0.171377E+02   0.180591E+11   0.893457E+09   0.779070E+09   0.291590E+11
 0226   0.173505E+02   0.182492E+11   0.893563E+09   0.779476E+09   0.285769E+11
 0227   0.175632E+02   0.184394E+11   0.894011E+09   0.779739E+09   0.280103E+11
 0228   0.177756E+02   0.186293E+11   0.893845E+09   0.779856E+09   0.274586E+11
 0229   0.179882E+02   0.188188E+11   0.891824E+09   0.779974E+09   0.269214E+11
 0230   0.182274E+02   0.190185E+11   0.834578E+09   0.772047E+09   0.263938E+11
 0231   0.184401E+02   0.192070E+11   0.886292E+09   0.771088E+09   0.258841E+11
 0232   0.186528E+02   0.193943E+11   0.880467E+09   0.770117E+09   0.253875E+11
 0233   0.188650E+02   0.195802E+11   0.876268E+09   0.770435E+09   0.249035E+11
 0234   0.190762E+02   0.197657E+11   0.878589E+09   0.771591E+09   0.244314E+11
 0235   0.192867E+02   0.199514E+11   0.882050E+09   0.771939E+09   0.239711E+11
 0236   0.195232E+02   0.201467E+11   0.825647E+09   0.764105E+09   0.235185E+11
 0237   0.197335E+02   0.203308E+11   0.875523E+09   0.765023E+09   0.230807E+11
 0238   0.199437E+02   0.205149E+11   0.875777E+09   0.766515E+09   0.226534E+11
 0239   0.201539E+02   0.206993E+11   0.877243E+09   0.767270E+09   0.222362E+11
 0240   0.203643E+02   0.208834E+11   0.875020E+09   0.767795E+09   0.218291E+11
 0241   0.206007E+02   0.210770E+11   0.818990E+09   0.760657E+09   0.214285E+11
 0242   0.208108E+02   0.212600E+11   0.870754E+09   0.761593E+09   0.210405E+11
 0243   0.210208E+02   0.214426E+11   0.869607E+09   0.762414E+09   0.206616E+11
 0244   0.212307E+02   0.216249E+11   0.868371E+09   0.762677E+09   0.202914E+11
 0245   0.214401E+02   0.218061E+11   0.865490E+09   0.762900E+09   0.199299E+11
 0246   0.216750E+02   0.219962E+11   0.809364E+09   0.756055E+09   0.195740E+11
 0247   0.218830E+02   0.221757E+11   0.862797E+09   0.757337E+09   0.192289E+11
 0248   0.220906E+02   0.223550E+11   0.863715E+09   0.759724E+09   0.188916E+11
 0249   0.222981E+02   0.225350E+11   0.867450E+09   0.761626E+09   0.185617E+11
 0250   0.225315E+02   0.227249E+11   0.813695E+09   0.754906E+09   0.182368E+11
 0251   0.227396E+02   0.229042E+11   0.861746E+09   0.754792E+09   0.179215E+11
 0252   0.229474E+02   0.230820E+11   0.855534E+09   0.755271E+09   0.176133E+11
 0253   0.231547E+02   0.232589E+11   0.853178E+09   0.756987E+09   0.173117E+11
 0254   0.233867E+02   0.234452E+11   0.803122E+09   0.750860E+09   0.170145E+11
 0255   0.235923E+02   0.236214E+11   0.856876E+09   0.751905E+09   0.167259E+11
 0256   0.237978E+02   0.237969E+11   0.854196E+09   0.752355E+09   0.164436E+11
 0257   0.240028E+02   0.239713E+11   0.850678E+09   0.753163E+09   0.161672E+11
 0258   0.242330E+02   0.241544E+11   0.795096E+09   0.747459E+09   0.158946E+11
 0259   0.244369E+02   0.243277E+11   0.850393E+09   0.749462E+09   0.156298E+11
 0260   0.246400E+02   0.245009E+11   0.852644E+09   0.751872E+09   0.153704E+11
 0261   0.248681E+02   0.246837E+11   0.801572E+09   0.746321E+09   0.151145E+11
 0262   0.250708E+02   0.248566E+11   0.852800E+09   0.747741E+09   0.148658E+11
 0263   0.252739E+02   0.250290E+11   0.848701E+09   0.749745E+09   0.146223E+11
 0264   0.255024E+02   0.252107E+11   0.795661E+09   0.744536E+09   0.143817E+11
 0265   0.257051E+02   0.253829E+11   0.849061E+09   0.746583E+09   0.141480E+11
 0266   0.259077E+02   0.255549E+11   0.848766E+09   0.748954E+09   0.139189E+11
 0267   0.261350E+02   0.257361E+11   0.797329E+09   0.743216E+09   0.136927E+11
 0268   0.263367E+02   0.259070E+11   0.847541E+09   0.744286E+09   0.134728E+11
 0269   0.265384E+02   0.260770E+11   0.842760E+09   0.746404E+09   0.132572E+11
 0270   0.267648E+02   0.262562E+11   0.791240E+09   0.741251E+09   0.130442E+11
 0271   0.269656E+02   0.264257E+11   0.844521E+09   0.743736E+09   0.128371E+11
 0272   0.271665E+02   0.265953E+11   0.844342E+09   0.746118E+09   0.126340E+11
 0273   0.273918E+02   0.267740E+11   0.792630E+09   0.740656E+09   0.124332E+11
 0274   0.275919E+02   0.269426E+11   0.842632E+09   0.742463E+09   0.122380E+11
 0275   0.277916E+02   0.271105E+11   0.840899E+09   0.744697E+09   0.120465E+11
 0276   0.280157E+02   0.272872E+11   0.788348E+09   0.739372E+09   0.118572E+11
 0277   0.282145E+02   0.274541E+11   0.839764E+09   0.741184E+09   0.116730E+11
 0278   0.284131E+02   0.276204E+11   0.837557E+09   0.743408E+09   0.114922E+11
 0279   0.286358E+02   0.277954E+11   0.785501E+09   0.738045E+09   0.113135E+11
 0280   0.288333E+02   0.279606E+11   0.836564E+09   0.739122E+09   0.111395E+11
 0281   0.290304E+02   0.281245E+11   0.831979E+09   0.740409E+09   0.109688E+11
 0282   0.292509E+02   0.282962E+11   0.778162E+09   0.735366E+09   0.107999E+11
 0283   0.294457E+02   0.284583E+11   0.832385E+09   0.738384E+09   0.106354E+11
 0284   0.296639E+02   0.286294E+11   0.784042E+09   0.734550E+09   0.104727E+11
 0285   0.298573E+02   0.287916E+11   0.839059E+09   0.738282E+09   0.103142E+11
 0286   0.300506E+02   0.289544E+11   0.841982E+09   0.741120E+09   0.101586E+11
 0287   0.302684E+02   0.291256E+11   0.786139E+09   0.735928E+09   0.100045E+11
 0288   0.304624E+02   0.292873E+11   0.833567E+09   0.738008E+09   0.985446E+10
 0289   0.306805E+02   0.294572E+11   0.778881E+09   0.733146E+09   0.970588E+10
 0290   0.308737E+02   0.296176E+11   0.830207E+09   0.736095E+09   0.956113E+10
 0291   0.310664E+02   0.297780E+11   0.832281E+09   0.739220E+09   0.941890E+10
 0292   0.312823E+02   0.299469E+11   0.782096E+09   0.735300E+09   0.927813E+10
 0293   0.314740E+02   0.301070E+11   0.835600E+09   0.738576E+09   0.914091E+10
 0294   0.316893E+02   0.302757E+11   0.783404E+09   0.734732E+09   0.900504E+10
 0295   0.318807E+02   0.304356E+11   0.835686E+09   0.737733E+09   0.887260E+10
 0296   0.320957E+02   0.306039E+11   0.782434E+09   0.733619E+09   0.874143E+10
 0297   0.322867E+02   0.307631E+11   0.833547E+09   0.736507E+09   0.861356E+10
 0298   0.325011E+02   0.309305E+11   0.781206E+09   0.732195E+09   0.848689E+10
 0299   0.326916E+02   0.310889E+11   0.831304E+09   0.735201E+09   0.836338E+10
 0300   0.328818E+02   0.312471E+11   0.831699E+09   0.738103E+09   0.824197E+10
 0301   0.330955E+02   0.314134E+11   0.778164E+09   0.733781E+09   0.812170E+10
 0302   0.332852E+02   0.315708E+11   0.829644E+09   0.736629E+09   0.800439E+10
 0303   0.334981E+02   0.317362E+11   0.777068E+09   0.732409E+09   0.788818E+10
 0304   0.336867E+02   0.318926E+11   0.828863E+09   0.735484E+09   0.777483E+10
 0305   0.338981E+02   0.320569E+11   0.777578E+09   0.731180E+09   0.766252E+10
 0306   0.340854E+02   0.322121E+11   0.828380E+09   0.734278E+09   0.755297E+10
 0307   0.342952E+02   0.323752E+11   0.777175E+09   0.730172E+09   0.744439E+10
 0308   0.344814E+02   0.325293E+11   0.828132E+09   0.733320E+09   0.733846E+10
 0309   0.346902E+02   0.326915E+11   0.776654E+09   0.729188E+09   0.723343E+10
 0310   0.348756E+02   0.328448E+11   0.826846E+09   0.732406E+09   0.713096E+10
 0311   0.350606E+02   0.329978E+11   0.827279E+09   0.735586E+09   0.703013E+10
 0312   0.352683E+02   0.331587E+11   0.774530E+09   0.732136E+09   0.693018E+10
 0313   0.354526E+02   0.333114E+11   0.828450E+09   0.736087E+09   0.683260E+10
 0314   0.356592E+02   0.334721E+11   0.777923E+09   0.733225E+09   0.673586E+10
 0315   0.358653E+02   0.336331E+11   0.780947E+09   0.730246E+09   0.664068E+10
 0316   0.360484E+02   0.337856E+11   0.832951E+09   0.734254E+09   0.654779E+10
 0317   0.362541E+02   0.339462E+11   0.781003E+09   0.730599E+09   0.645564E+10
 0318   0.364370E+02   0.340981E+11   0.830114E+09   0.733868E+09   0.636571E+10
 0319   0.366427E+02   0.342577E+11   0.776273E+09   0.729908E+09   0.627647E+10
 0320   0.368252E+02   0.344085E+11   0.826127E+09   0.733286E+09   0.618936E+10
 0321   0.370297E+02   0.345670E+11   0.774891E+09   0.729650E+09   0.610292E+10
 0322   0.372110E+02   0.347168E+11   0.826780E+09   0.733437E+09   0.601856E+10
 0323   0.374139E+02   0.348745E+11   0.776763E+09   0.730235E+09   0.593483E+10
 0324   0.375939E+02   0.350237E+11   0.829218E+09   0.734083E+09   0.585309E+10
 0325   0.377960E+02   0.351808E+11   0.777214E+09   0.730749E+09   0.577195E+10
 0326   0.379756E+02   0.353295E+11   0.828173E+09   0.734600E+09   0.569272E+10
 0327   0.381774E+02   0.354861E+11   0.775739E+09   0.731328E+09   0.561406E+10
 0328   0.383567E+02   0.356345E+11   0.827624E+09   0.735346E+09   0.553723E+10
 0329   0.385580E+02   0.357907E+11   0.775994E+09   0.732353E+09   0.546096E+10
 0330   0.387365E+02   0.359388E+11   0.829722E+09   0.736570E+09   0.538646E+10
 0331   0.389367E+02   0.360945E+11   0.777930E+09   0.733809E+09   0.531251E+10
 0332   0.391362E+02   0.362501E+11   0.779877E+09   0.730994E+09   0.523969E+10
 0333   0.393132E+02   0.363974E+11   0.831938E+09   0.735283E+09   0.516857E+10
 0334   0.395120E+02   0.365524E+11   0.779881E+09   0.732274E+09   0.509794E+10
 0335   0.396885E+02   0.366992E+11   0.831610E+09   0.736423E+09   0.502895E+10
 0336   0.398869E+02   0.368537E+11   0.778383E+09   0.733420E+09   0.496042E+10
 0337   0.400850E+02   0.370079E+11   0.779028E+09   0.730169E+09   0.489291E+10
 0338   0.402610E+02   0.371538E+11   0.828845E+09   0.734235E+09   0.482698E+10
 0339   0.404585E+02   0.373074E+11   0.777604E+09   0.731208E+09   0.476147E+10
 0340   0.406338E+02   0.374527E+11   0.829262E+09   0.735551E+09   0.469748E+10
 0341   0.408304E+02   0.376058E+11   0.778299E+09   0.732953E+09   0.463390E+10
 0342   0.410048E+02   0.377509E+11   0.831908E+09   0.737634E+09   0.457179E+10
 0343   0.412005E+02   0.379036E+11   0.780488E+09   0.735124E+09   0.451008E+10
 0344   0.413956E+02   0.380561E+11   0.781739E+09   0.732677E+09   0.444926E+10
 0345   0.415688E+02   0.382006E+11   0.833911E+09   0.737365E+09   0.438985E+10
 0346   0.417634E+02   0.383527E+11   0.781703E+09   0.734947E+09   0.433080E+10
 0347   0.419577E+02   0.385047E+11   0.782218E+09   0.732357E+09   0.427259E+10
 0348   0.421305E+02   0.386486E+11   0.832939E+09   0.736883E+09   0.421574E+10
 0349   0.423246E+02   0.388001E+11   0.780927E+09   0.734157E+09   0.415920E+10
 0350   0.424968E+02   0.389436E+11   0.832826E+09   0.738589E+09   0.410396E+10
 0351   0.426901E+02   0.390945E+11   0.780282E+09   0.736319E+09   0.404905E+10
 0352   0.428827E+02   0.392452E+11   0.782938E+09   0.734365E+09   0.399490E+10
 0353   0.430534E+02   0.393882E+11   0.837409E+09   0.739313E+09   0.394202E+10
 0354   0.432451E+02   0.395387E+11   0.785189E+09   0.736690E+09   0.388942E+10
 0355   0.434368E+02   0.396889E+11   0.783896E+09   0.733542E+09   0.383755E+10
 0356   0.436072E+02   0.398308E+11   0.832217E+09   0.737585E+09   0.378690E+10
 0357   0.437987E+02   0.399799E+11   0.778496E+09   0.734402E+09   0.373649E+10
 0358   0.439685E+02   0.401207E+11   0.829402E+09   0.738350E+09   0.368724E+10
 0359   0.441588E+02   0.402685E+11   0.776794E+09   0.735270E+09   0.363825E+10
 0360   0.443478E+02   0.404156E+11   0.778222E+09   0.732359E+09   0.358994E+10
 0361   0.445150E+02   0.405544E+11   0.830315E+09   0.737232E+09   0.354277E+10
 0362   0.447018E+02   0.407004E+11   0.781312E+09   0.735223E+09   0.349582E+10
 0363   0.448671E+02   0.408387E+11   0.836387E+09   0.740438E+09   0.344994E+10
 0364   0.450528E+02   0.409842E+11   0.784258E+09   0.738825E+09   0.340428E+10
 0365   0.452381E+02   0.411299E+11   0.785988E+09   0.736860E+09   0.335923E+10
 0366   0.454235E+02   0.412756E+11   0.785881E+09   0.735057E+09   0.331479E+10
 0367   0.455883E+02   0.414137E+11   0.837858E+09   0.740125E+09   0.327138E+10
 0368   0.457735E+02   0.415592E+11   0.785397E+09   0.738195E+09   0.322814E+10
 0369   0.459584E+02   0.417045E+11   0.786247E+09   0.736578E+09   0.318546E+10
 0370   0.461225E+02   0.418424E+11   0.840464E+09   0.742493E+09   0.314378E+10
 0371   0.463068E+02   0.419881E+11   0.790318E+09   0.741511E+09   0.310225E+10
 0372   0.464910E+02   0.421342E+11   0.792993E+09   0.740628E+09   0.306126E+10
 0373   0.466551E+02   0.422733E+11   0.848023E+09   0.746150E+09   0.302121E+10
 0374   0.468399E+02   0.424199E+11   0.792846E+09   0.744575E+09   0.298131E+10
 0375   0.470251E+02   0.425665E+11   0.791806E+09   0.742701E+09   0.294193E+10
 0376   0.472103E+02   0.427130E+11   0.791246E+09   0.740936E+09   0.290307E+10
 0377   0.473750E+02   0.428520E+11   0.843731E+09   0.746489E+09   0.286513E+10
 0378   0.475598E+02   0.429983E+11   0.791899E+09   0.744704E+09   0.282731E+10
 0379   0.477442E+02   0.431445E+11   0.792641E+09   0.742489E+09   0.278998E+10
 0380   0.479080E+02   0.432828E+11   0.844315E+09   0.747540E+09   0.275354E+10
 0381   0.480917E+02   0.434280E+11   0.790482E+09   0.745582E+09   0.271721E+10
 0382   0.482749E+02   0.435730E+11   0.791435E+09   0.743455E+09   0.268136E+10
 0383   0.484372E+02   0.437101E+11   0.844749E+09   0.748604E+09   0.264635E+10
 0384   0.486191E+02   0.438541E+11   0.791562E+09   0.746396E+09   0.261145E+10
 0385   0.488002E+02   0.439975E+11   0.792006E+09   0.744643E+09   0.257700E+10
 0386   0.489807E+02   0.441407E+11   0.793506E+09   0.743359E+09   0.254300E+10
 0387   0.491407E+02   0.442766E+11   0.849060E+09   0.749708E+09   0.250980E+10
 0388   0.493206E+02   0.444201E+11   0.798092E+09   0.749098E+09   0.247665E+10
 0389   0.495004E+02   0.445641E+11   0.800764E+09   0.748375E+09   0.244392E+10
 0390   0.496804E+02   0.447085E+11   0.801810E+09   0.747283E+09   0.241159E+10
 0391   0.498408E+02   0.448456E+11   0.854980E+09   0.752758E+09   0.238005E+10
 0392   0.500211E+02   0.449896E+11   0.798699E+09   0.750825E+09   0.234856E+10
 0393   0.502013E+02   0.451332E+11   0.796895E+09   0.748418E+09   0.231747E+10
 0394   0.503808E+02   0.452760E+11   0.795486E+09   0.746524E+09   0.228678E+10
 0395   0.505399E+02   0.454111E+11   0.849335E+09   0.751909E+09   0.225685E+10
 0396   0.507179E+02   0.455530E+11   0.797146E+09   0.750109E+09   0.222695E+10
 0397   0.508954E+02   0.456946E+11   0.797862E+09   0.748775E+09   0.219742E+10
 0398   0.510723E+02   0.458362E+11   0.800003E+09   0.747504E+09   0.216826E+10
 0399   0.512294E+02   0.459704E+11   0.854353E+09   0.753243E+09   0.213983E+10
 0400   0.514058E+02   0.461116E+11   0.800396E+09   0.751635E+09   0.211141E+10
 0401   0.515818E+02   0.462524E+11   0.800442E+09   0.750103E+09   0.208334E+10
 0402   0.517572E+02   0.463929E+11   0.800984E+09   0.748418E+09   0.205563E+10
 0403   0.519128E+02   0.465258E+11   0.853918E+09   0.753970E+09   0.202862E+10
 0404   0.520872E+02   0.466654E+11   0.800085E+09   0.752329E+09   0.200161E+10
 0405   0.522610E+02   0.468045E+11   0.800897E+09   0.750733E+09   0.197493E+10
 0406   0.524342E+02   0.469433E+11   0.801498E+09   0.749729E+09   0.194857E+10
 0407   0.525878E+02   0.470750E+11   0.857178E+09   0.756594E+09   0.192287E+10
 0408   0.527600E+02   0.472140E+11   0.807077E+09   0.756905E+09   0.189716E+10
 0409   0.529320E+02   0.473536E+11   0.811854E+09   0.757011E+09   0.187175E+10
 0410   0.531040E+02   0.474937E+11   0.814083E+09   0.757086E+09   0.184665E+10
 0411   0.532764E+02   0.476341E+11   0.814946E+09   0.756923E+09   0.182185E+10
 0412   0.534493E+02   0.477750E+11   0.814815E+09   0.756506E+09   0.179734E+10
 0413   0.536035E+02   0.479090E+11   0.868780E+09   0.763172E+09   0.177346E+10
 0414   0.537774E+02   0.480504E+11   0.812982E+09   0.762249E+09   0.174953E+10
 0415   0.539515E+02   0.481918E+11   0.812153E+09   0.761225E+09   0.172589E+10
 0416   0.541256E+02   0.483332E+11   0.811976E+09   0.759887E+09   0.170253E+10
 0417   0.542995E+02   0.484743E+11   0.811671E+09   0.758450E+09   0.167945E+10
 0418   0.544537E+02   0.486077E+11   0.865316E+09   0.764312E+09   0.165699E+10
 0419   0.546267E+02   0.487480E+11   0.810813E+09   0.762932E+09   0.163448E+10
 0420   0.547990E+02   0.488878E+11   0.811463E+09   0.761904E+09   0.161224E+10
 0421   0.549707E+02   0.490275E+11   0.813165E+09   0.761116E+09   0.159027E+10
 0422   0.551420E+02   0.491671E+11   0.815056E+09   0.760134E+09   0.156856E+10
 0423   0.552942E+02   0.492994E+11   0.869531E+09   0.766202E+09   0.154745E+10
 0424   0.554651E+02   0.494385E+11   0.814105E+09   0.765350E+09   0.152626E+10
 0425   0.556356E+02   0.495775E+11   0.815199E+09   0.764996E+09   0.150531E+10
 0426   0.558057E+02   0.497167E+11   0.818128E+09   0.764950E+09   0.148461E+10
 0427   0.559754E+02   0.498560E+11   0.821188E+09   0.765057E+09   0.146416E+10
 0428   0.561448E+02   0.499956E+11   0.823830E+09   0.765057E+09   0.144394E+10
 0429   0.562954E+02   0.501283E+11   0.880979E+09   0.772223E+09   0.142430E+10
 0430   0.564649E+02   0.502682E+11   0.825571E+09   0.772042E+09   0.140456E+10
 0431   0.566344E+02   0.504081E+11   0.825525E+09   0.771602E+09   0.138504E+10
 0432   0.568041E+02   0.505481E+11   0.825143E+09   0.771029E+09   0.136575E+10
 0433   0.569736E+02   0.506880E+11   0.825211E+09   0.770540E+09   0.134667E+10
 0434   0.571427E+02   0.508278E+11   0.826545E+09   0.770527E+09   0.132782E+10
 0435   0.573115E+02   0.509678E+11   0.829553E+09   0.770949E+09   0.130918E+10
 0436   0.574798E+02   0.511081E+11   0.833184E+09   0.771418E+09   0.129076E+10
 0437   0.576296E+02   0.512416E+11   0.891999E+09   0.778768E+09   0.127289E+10
 0438   0.577981E+02   0.513824E+11   0.835425E+09   0.778583E+09   0.125490E+10
 0439   0.579668E+02   0.515232E+11   0.834271E+09   0.778102E+09   0.123712E+10
 0440   0.581359E+02   0.516640E+11   0.832736E+09   0.777344E+09   0.121954E+10
 0441   0.583050E+02   0.518046E+11   0.831396E+09   0.776532E+09   0.120215E+10
 0442   0.584738E+02   0.519449E+11   0.831514E+09   0.775590E+09   0.118497E+10
 0443   0.586421E+02   0.520849E+11   0.831857E+09   0.774737E+09   0.116799E+10
 0444   0.587913E+02   0.522175E+11   0.888388E+09   0.781502E+09   0.115153E+10
 0445   0.589587E+02   0.523570E+11   0.833216E+09   0.781152E+09   0.113496E+10
 0446   0.591258E+02   0.524964E+11   0.834737E+09   0.780950E+09   0.111858E+10
 0447   0.592926E+02   0.526360E+11   0.836336E+09   0.780931E+09   0.110238E+10
 0448   0.594593E+02   0.527756E+11   0.838055E+09   0.781177E+09   0.108637E+10
 0449   0.596259E+02   0.529156E+11   0.840079E+09   0.781656E+09   0.107054E+10
 0450   0.597925E+02   0.530559E+11   0.842345E+09   0.782416E+09   0.105489E+10
 0451   0.599591E+02   0.531968E+11   0.844938E+09   0.783042E+09   0.103943E+10
 0452   0.601259E+02   0.533379E+11   0.846458E+09   0.783163E+09   0.102414E+10
 0453   0.602928E+02   0.534791E+11   0.845786E+09   0.782882E+09   0.100903E+10
 0454   0.604413E+02   0.536130E+11   0.901289E+09   0.789992E+09   0.994405E+09
 0455   0.606084E+02   0.537539E+11   0.843331E+09   0.790007E+09   0.979654E+09
 0456   0.607755E+02   0.538949E+11   0.844126E+09   0.790099E+09   0.965089E+09
 0457   0.609425E+02   0.540361E+11   0.845651E+09   0.790242E+09   0.950709E+09
 0458   0.611093E+02   0.541775E+11   0.847443E+09   0.790593E+09   0.936518E+09
 0459   0.612760E+02   0.543191E+11   0.849613E+09   0.791540E+09   0.922513E+09
 0460   0.614425E+02   0.544612E+11   0.853203E+09   0.792987E+09   0.908692E+09
 0461   0.616092E+02   0.546041E+11   0.857506E+09   0.794946E+09   0.895050E+09
 0462   0.617760E+02   0.547479E+11   0.862233E+09   0.797238E+09   0.881584E+09
 0463   0.619433E+02   0.548930E+11   0.866686E+09   0.798843E+09   0.868294E+09
 0464   0.621113E+02   0.550387E+11   0.867365E+09   0.800301E+09   0.855176E+09
 0465   0.622801E+02   0.551850E+11   0.867224E+09   0.801568E+09   0.842228E+09
 0466   0.624495E+02   0.553320E+11   0.867445E+09   0.803446E+09   0.829455E+09
 0467   0.626195E+02   0.554799E+11   0.870421E+09   0.805618E+09   0.816859E+09
 0468   0.627898E+02   0.556289E+11   0.874698E+09   0.808248E+09   0.804434E+09
 0469   0.629605E+02   0.557791E+11   0.879776E+09   0.810595E+09   0.792171E+09
 0470   0.631318E+02   0.559303E+11   0.882766E+09   0.812949E+09   0.780065E+09
 0471   0.633040E+02   0.560826E+11   0.884758E+09   0.815686E+09   0.768111E+09
 0472   0.634769E+02   0.562362E+11   0.887994E+09   0.818414E+09   0.756308E+09
 0473   0.636510E+02   0.563912E+11   0.890265E+09   0.820129E+09   0.744653E+09
 0474   0.638454E+02   0.565546E+11   0.840674E+09   0.814298E+09   0.732934E+09
 0475   0.640212E+02   0.567109E+11   0.889174E+09   0.815539E+09   0.721585E+09
 0476   0.641977E+02   0.568677E+11   0.888352E+09   0.816962E+09   0.710385E+09
 0477   0.643748E+02   0.570252E+11   0.889135E+09   0.818868E+09   0.699341E+09
 0478   0.645521E+02   0.571836E+11   0.893164E+09   0.821153E+09   0.688459E+09
 0479   0.647298E+02   0.573431E+11   0.897753E+09   0.823852E+09   0.677736E+09
 0480   0.649081E+02   0.575040E+11   0.902247E+09   0.826954E+09   0.667164E+09
 0481   0.650872E+02   0.576665E+11   0.907201E+09   0.829319E+09   0.656732E+09
 0482   0.652673E+02   0.578300E+11   0.908380E+09   0.832134E+09   0.646442E+09
 0483   0.654483E+02   0.579949E+11   0.910861E+09   0.835811E+09   0.636289E+09
 0484   0.656303E+02   0.581617E+11   0.916473E+09   0.839014E+09   0.626274E+09
 0485   0.658134E+02   0.583300E+11   0.919042E+09   0.842302E+09   0.616398E+09
 0486   0.659978E+02   0.584999E+11   0.921827E+09   0.845139E+09   0.606658E+09
 0487   0.662040E+02   0.586797E+11   0.871958E+09   0.839926E+09   0.596898E+09
 0488   0.663909E+02   0.588522E+11   0.922316E+09   0.842812E+09   0.587436E+09
 0489   0.665792E+02   0.590262E+11   0.924269E+09   0.844960E+09   0.578100E+09
 0490   0.667685E+02   0.592012E+11   0.924314E+09   0.846969E+09   0.568890E+09
 0491   0.669588E+02   0.593771E+11   0.924846E+09   0.848793E+09   0.559804E+09
 0492   0.671498E+02   0.595539E+11   0.925503E+09   0.850690E+09   0.550842E+09
 0493   0.673413E+02   0.597315E+11   0.927126E+09   0.853041E+09   0.542005E+09
 0494   0.675335E+02   0.599103E+11   0.930500E+09   0.856533E+09   0.533291E+09
 0495   0.677263E+02   0.600910E+11   0.937445E+09   0.860426E+09   0.524704E+09
 0496   0.679200E+02   0.602739E+11   0.944066E+09   0.865008E+09   0.516246E+09
 0497   0.681368E+02   0.604686E+11   0.898204E+09   0.861668E+09   0.507792E+09
 0498   0.683332E+02   0.606563E+11   0.955443E+09   0.866152E+09   0.499599E+09
 0499   0.685311E+02   0.608461E+11   0.959197E+09   0.869195E+09   0.491522E+09
 0500   0.687305E+02   0.610369E+11   0.956829E+09   0.872632E+09   0.483555E+09
 0501   0.689315E+02   0.612293E+11   0.957142E+09   0.876353E+09   0.475698E+09
 0502   0.691565E+02   0.614332E+11   0.906391E+09   0.872481E+09   0.467838E+09
 0503   0.693602E+02   0.616296E+11   0.963765E+09   0.876594E+09   0.460211E+09
 0504   0.695652E+02   0.618280E+11   0.968022E+09   0.880849E+09   0.452696E+09
 0505   0.697713E+02   0.620285E+11   0.972666E+09   0.885414E+09   0.445291E+09
 0506   0.699791E+02   0.622314E+11   0.976520E+09   0.890089E+09   0.437994E+09
 0507   0.702118E+02   0.624468E+11   0.925678E+09   0.885937E+09   0.430706E+09
 0508   0.704225E+02   0.626536E+11   0.981232E+09   0.888609E+09   0.423628E+09
 0509   0.706345E+02   0.628610E+11   0.978824E+09   0.891957E+09   0.416652E+09
 0510   0.708480E+02   0.630701E+11   0.978760E+09   0.896471E+09   0.409776E+09
 0511   0.710631E+02   0.632818E+11   0.984369E+09   0.901171E+09   0.402997E+09
 0512   0.713035E+02   0.635066E+11   0.935136E+09   0.897783E+09   0.396232E+09
 0513   0.715213E+02   0.637233E+11   0.995252E+09   0.902105E+09   0.389658E+09
 0514   0.717404E+02   0.639421E+11   0.998159E+09   0.906503E+09   0.383181E+09
 0515   0.719854E+02   0.641737E+11   0.946012E+09   0.903220E+09   0.376715E+09
 0516   0.722070E+02   0.643967E+11   0.100598E+10   0.908671E+09   0.370439E+09
 0517   0.724303E+02   0.646225E+11   0.101112E+10   0.914828E+09   0.364255E+09
 0518   0.726553E+02   0.648517E+11   0.101898E+10   0.920565E+09   0.358165E+09
 0519   0.729073E+02   0.650951E+11   0.965672E+09   0.918296E+09   0.352100E+09
 0520   0.731358E+02   0.653298E+11   0.102735E+10   0.923403E+09   0.346201E+09
 0521   0.733919E+02   0.655783E+11   0.970351E+09   0.919915E+09   0.340317E+09
 0522   0.736241E+02   0.658169E+11   0.102750E+10   0.924325E+09   0.334599E+09
 0523   0.738580E+02   0.660572E+11   0.102721E+10   0.928513E+09   0.328963E+09
 0524   0.741197E+02   0.663112E+11   0.970288E+09   0.924538E+09   0.323343E+09
 0525   0.743574E+02   0.665554E+11   0.102784E+10   0.928781E+09   0.317881E+09
 0526   0.745969E+02   0.668019E+11   0.102897E+10   0.933309E+09   0.312500E+09
 0527   0.748385E+02   0.670513E+11   0.103224E+10   0.938151E+09   0.307201E+09
 0528   0.750816E+02   0.673036E+11   0.103791E+10   0.943282E+09   0.301986E+09
 0529   0.753537E+02   0.675716E+11   0.984782E+09   0.939999E+09   0.296800E+09
 0530   0.756006E+02   0.678300E+11   0.104684E+10   0.945444E+09   0.291751E+09
 0531   0.758490E+02   0.680916E+11   0.105309E+10   0.950470E+09   0.286781E+09
 0532   0.761271E+02   0.683686E+11   0.996217E+09   0.945886E+09   0.281835E+09
 0533   0.763795E+02   0.686342E+11   0.105193E+10   0.949492E+09   0.277020E+09
 0534   0.766335E+02   0.689012E+11   0.105136E+10   0.953160E+09   0.272279E+09
 0535   0.768888E+02   0.691698E+11   0.105206E+10   0.956352E+09   0.267609E+09
 0536   0.771747E+02   0.694534E+11   0.992180E+09   0.950745E+09   0.262962E+09
 0537   0.774338E+02   0.697254E+11   0.104949E+10   0.955316E+09   0.258438E+09
 0538   0.776941E+02   0.700005E+11   0.105672E+10   0.961008E+09   0.253986E+09
 0539   0.779560E+02   0.702796E+11   0.106607E+10   0.966299E+09   0.249604E+09
 0540   0.782196E+02   0.705623E+11   0.107229E+10   0.971044E+09   0.245291E+09
 0541   0.785145E+02   0.708617E+11   0.101506E+10   0.966634E+09   0.241006E+09
 0542   0.787822E+02   0.711494E+11   0.107453E+10   0.970312E+09   0.236831E+09
 0543   0.790522E+02   0.714389E+11   0.107245E+10   0.973339E+09   0.232719E+09
 0544   0.793242E+02   0.717300E+11   0.107006E+10   0.975580E+09   0.228671E+09
 0545   0.796282E+02   0.720365E+11   0.100844E+10   0.968678E+09   0.224645E+09
 0546   0.799030E+02   0.723292E+11   0.106505E+10   0.971263E+09   0.220723E+09
 0547   0.801786E+02   0.726234E+11   0.106752E+10   0.974584E+09   0.216864E+09
 0548   0.804545E+02   0.729196E+11   0.107349E+10   0.978457E+09   0.213066E+09
 0549   0.807314E+02   0.732184E+11   0.107941E+10   0.982573E+09   0.209327E+09
 0550   0.810092E+02   0.735198E+11   0.108500E+10   0.986973E+09   0.205647E+09
 0551   0.812883E+02   0.738241E+11   0.108985E+10   0.991233E+09   0.202026E+09
 0552   0.816002E+02   0.741459E+11   0.103179E+10   0.986149E+09   0.198424E+09
 0553   0.818831E+02   0.744548E+11   0.109236E+10   0.989803E+09   0.194916E+09
 0554   0.821679E+02   0.747660E+11   0.109269E+10   0.992897E+09   0.191461E+09
 0555   0.824544E+02   0.750790E+11   0.109243E+10   0.996264E+09   0.188060E+09
 0556   0.827424E+02   0.753941E+11   0.109416E+10   0.100046E+10   0.184713E+09
 0557   0.830638E+02   0.757279E+11   0.103860E+10   0.995447E+09   0.181380E+09
 0558   0.833544E+02   0.760485E+11   0.110301E+10   0.999145E+09   0.178139E+09
 0559   0.836466E+02   0.763713E+11   0.110472E+10   0.100248E+10   0.174950E+09
 0560   0.839403E+02   0.766960E+11   0.110559E+10   0.100612E+10   0.171811E+09
 0561   0.842356E+02   0.770230E+11   0.110751E+10   0.101005E+10   0.168722E+09
 0562   0.845655E+02   0.773691E+11   0.104900E+10   0.100487E+10   0.165643E+09
 0563   0.848641E+02   0.777015E+11   0.111308E+10   0.100899E+10   0.162653E+09
 0564   0.851641E+02   0.780366E+11   0.111680E+10   0.101184E+10   0.159711E+09
 0565   0.854657E+02   0.783729E+11   0.111536E+10   0.101433E+10   0.156815E+09
 0566   0.857689E+02   0.787104E+11   0.111317E+10   0.101695E+10   0.153965E+09
 0567   0.860731E+02   0.790492E+11   0.111373E+10   0.101961E+10   0.151160E+09
 0568   0.864121E+02   0.794063E+11   0.105338E+10   0.101321E+10   0.148364E+09
 0569   0.867179E+02   0.797480E+11   0.111724E+10   0.101693E+10   0.145649E+09
 0570   0.870242E+02   0.800920E+11   0.112298E+10   0.102117E+10   0.142978E+09
 0571   0.873313E+02   0.804388E+11   0.112912E+10   0.102597E+10   0.140350E+09
 0572   0.876400E+02   0.807890E+11   0.113496E+10   0.103103E+10   0.137763E+09
 0573   0.879849E+02   0.811604E+11   0.107661E+10   0.102644E+10   0.135182E+09
 0574   0.882973E+02   0.815172E+11   0.114207E+10   0.103087E+10   0.132679E+09
 0575   0.886117E+02   0.818767E+11   0.114335E+10   0.103532E+10   0.130214E+09
 0576   0.889283E+02   0.822392E+11   0.114490E+10   0.103874E+10   0.127788E+09
 0577   0.892824E+02   0.826216E+11   0.107988E+10   0.103321E+10   0.125364E+09
 0578   0.896032E+02   0.829885E+11   0.114420E+10   0.103862E+10   0.123014E+09
 0579   0.899254E+02   0.833598E+11   0.115234E+10   0.104404E+10   0.120701E+09
 0580   0.902492E+02   0.837352E+11   0.115904E+10   0.104802E+10   0.118426E+09
 0581   0.906113E+02   0.841314E+11   0.109433E+10   0.104185E+10   0.116153E+09
 0582   0.909394E+02   0.845105E+11   0.115556E+10   0.104554E+10   0.113950E+09
 0583   0.912690E+02   0.848918E+11   0.115662E+10   0.104879E+10   0.111783E+09
 0584   0.916006E+02   0.852750E+11   0.115579E+10   0.105227E+10   0.109649E+09
 0585   0.919335E+02   0.856605E+11   0.115811E+10   0.105621E+10   0.107549E+09
 0586   0.923041E+02   0.860679E+11   0.109922E+10   0.105118E+10   0.105449E+09
 0587   0.926390E+02   0.864592E+11   0.116842E+10   0.105601E+10   0.103417E+09
 0588   0.929755E+02   0.868541E+11   0.117329E+10   0.106046E+10   0.101417E+09
 0589   0.933138E+02   0.872520E+11   0.117605E+10   0.106522E+10   0.994494E+08
 0590   0.936919E+02   0.876731E+11   0.111397E+10   0.105927E+10   0.974788E+08
 0591   0.940342E+02   0.880762E+11   0.117755E+10   0.106242E+10   0.955739E+08
 0592   0.943786E+02   0.884809E+11   0.117522E+10   0.106670E+10   0.936991E+08
 0593   0.947244E+02   0.888888E+11   0.117965E+10   0.107217E+10   0.918546E+08
 0594   0.950715E+02   0.893013E+11   0.118840E+10   0.107727E+10   0.900399E+08
 0595   0.954593E+02   0.897382E+11   0.112666E+10   0.107242E+10   0.882211E+08
 0596   0.958106E+02   0.901581E+11   0.119513E+10   0.107694E+10   0.864656E+08
 0597   0.961638E+02   0.905809E+11   0.119715E+10   0.108102E+10   0.847383E+08
 0598   0.965193E+02   0.910064E+11   0.119674E+10   0.108523E+10   0.830377E+08
 0599   0.969175E+02   0.914563E+11   0.113001E+10   0.108020E+10   0.813301E+08
 0600   0.972776E+02   0.918888E+11   0.120074E+10   0.108512E+10   0.796838E+08
 0601   0.976395E+02   0.923250E+11   0.120554E+10   0.108941E+10   0.780641E+08
 0602   0.980034E+02   0.927643E+11   0.120708E+10   0.109394E+10   0.764704E+08
 0603   0.984099E+02   0.932287E+11   0.114234E+10   0.108929E+10   0.748698E+08
 0604   0.987781E+02   0.936755E+11   0.121363E+10   0.109435E+10   0.733286E+08
 0605   0.991487E+02   0.941264E+11   0.121668E+10   0.109950E+10   0.718118E+08
 0606   0.995217E+02   0.945817E+11   0.122038E+10   0.110455E+10   0.703193E+08
 0607   0.999386E+02   0.950633E+11   0.115537E+10   0.109899E+10   0.688184E+08
 0608   0.100316E+03   0.955254E+11   0.122311E+10   0.110427E+10   0.673740E+08
 0609   0.100697E+03   0.959922E+11   0.122685E+10   0.110981E+10   0.659522E+08
 0610   0.101122E+03   0.964873E+11   0.116434E+10   0.110528E+10   0.645198E+08
 0611   0.101507E+03   0.969635E+11   0.123570E+10   0.111230E+10   0.631440E+08
 0612   0.101895E+03   0.974464E+11   0.124470E+10   0.111913E+10   0.617908E+08
 0613   0.102286E+03   0.979357E+11   0.125220E+10   0.112503E+10   0.604597E+08
 0614   0.102724E+03   0.984534E+11   0.118271E+10   0.112000E+10   0.591190E+08
 0615   0.103122E+03   0.989507E+11   0.125038E+10   0.112440E+10   0.578318E+08
 0616   0.103522E+03   0.994508E+11   0.124854E+10   0.112887E+10   0.565652E+08
 0617   0.103971E+03   0.999792E+11   0.117846E+10   0.112395E+10   0.552870E+08
 0618   0.104377E+03   0.100487E+12   0.125151E+10   0.112974E+10   0.540610E+08
 0619   0.104785E+03   0.101001E+12   0.125888E+10   0.113622E+10   0.528551E+08
 0620   0.105241E+03   0.101547E+12   0.119665E+10   0.113264E+10   0.516366E+08
 0621   0.105654E+03   0.102073E+12   0.127232E+10   0.113992E+10   0.504695E+08
 0622   0.106071E+03   0.102607E+12   0.128039E+10   0.114797E+10   0.493219E+08
 0623   0.106538E+03   0.103175E+12   0.121629E+10   0.114435E+10   0.481619E+08
 0624   0.106962E+03   0.103721E+12   0.128849E+10   0.114986E+10   0.470526E+08
 0625   0.107390E+03   0.104272E+12   0.128706E+10   0.115685E+10   0.459617E+08
 0626   0.107870E+03   0.104857E+12   0.121843E+10   0.115323E+10   0.448578E+08
 0627   0.108305E+03   0.105420E+12   0.129450E+10   0.116024E+10   0.438029E+08
 0628   0.108793E+03   0.106018E+12   0.122762E+10   0.115604E+10   0.427345E+08
 0629   0.109234E+03   0.106593E+12   0.130148E+10   0.116346E+10   0.417142E+08
 0630   0.109680E+03   0.107176E+12   0.130734E+10   0.116990E+10   0.407106E+08
 0631   0.110179E+03   0.107793E+12   0.123610E+10   0.116783E+10   0.396924E+08
 0632   0.110632E+03   0.108390E+12   0.131821E+10   0.117728E+10   0.387226E+08
 0633   0.111140E+03   0.109028E+12   0.125610E+10   0.117552E+10   0.377391E+08
 0634   0.111601E+03   0.109644E+12   0.133646E+10   0.118299E+10   0.368032E+08
 0635   0.112117E+03   0.110296E+12   0.126262E+10   0.117990E+10   0.358540E+08
 0636   0.112586E+03   0.110923E+12   0.133757E+10   0.118777E+10   0.349505E+08
 0637   0.113112E+03   0.111589E+12   0.126553E+10   0.118547E+10   0.340330E+08
 0638   0.113590E+03   0.112231E+12   0.134355E+10   0.119444E+10   0.331594E+08
 0639   0.114073E+03   0.112883E+12   0.135227E+10   0.120380E+10   0.323010E+08
 0640   0.114614E+03   0.113578E+12   0.128303E+10   0.120272E+10   0.314279E+08
 0641   0.115106E+03   0.114250E+12   0.136757E+10   0.121248E+10   0.305992E+08
 0642   0.115657E+03   0.114966E+12   0.129732E+10   0.121265E+10   0.297565E+08
 0643   0.116213E+03   0.115692E+12   0.130738E+10   0.121252E+10   0.289300E+08
 0644   0.116717E+03   0.116395E+12   0.139254E+10   0.122289E+10   0.281474E+08
 0645   0.117283E+03   0.117140E+12   0.131771E+10   0.122294E+10   0.273515E+08
 0646   0.117853E+03   0.117895E+12   0.132298E+10   0.122373E+10   0.265711E+08
 0647   0.118372E+03   0.118625E+12   0.140912E+10   0.123510E+10   0.258321E+08
 0648   0.118953E+03   0.119401E+12   0.133416E+10   0.123714E+10   0.250792E+08
 0649   0.119541E+03   0.120191E+12   0.134390E+10   0.124185E+10   0.243400E+08
 0650   0.120134E+03   0.120998E+12   0.136095E+10   0.124640E+10   0.236155E+08
 0651   0.120734E+03   0.121822E+12   0.137339E+10   0.124916E+10   0.229059E+08
 0652   0.121340E+03   0.122657E+12   0.137697E+10   0.125245E+10   0.222115E+08
 0653   0.121953E+03   0.123503E+12   0.138125E+10   0.125730E+10   0.215315E+08
 0654   0.122572E+03   0.124364E+12   0.139053E+10   0.126162E+10   0.208644E+08
 0655   0.123198E+03   0.125238E+12   0.139695E+10   0.126861E+10   0.202096E+08
 0656   0.123830E+03   0.126131E+12   0.141282E+10   0.127856E+10   0.195682E+08
 0657   0.124468E+03   0.127047E+12   0.143640E+10   0.128769E+10   0.189408E+08
 0658   0.125177E+03   0.128024E+12   0.137650E+10   0.128667E+10   0.183047E+08
 0659   0.125829E+03   0.128978E+12   0.146205E+10   0.129497E+10   0.177061E+08
 0660   0.126555E+03   0.129987E+12   0.139156E+10   0.129485E+10   0.170988E+08
 0661   0.127222E+03   0.130972E+12   0.147619E+10   0.130775E+10   0.165257E+08
 0662   0.127965E+03   0.132025E+12   0.141745E+10   0.131295E+10   0.159436E+08
 0663   0.128717E+03   0.133109E+12   0.144126E+10   0.131905E+10   0.153761E+08
 0664   0.129478E+03   0.134222E+12   0.146162E+10   0.132195E+10   0.148236E+08
 0665   0.130179E+03   0.135305E+12   0.154804E+10   0.134134E+10   0.143044E+08
 0666   0.131029E+03   0.136516E+12   0.142255E+10   0.134107E+10   0.137586E+08
 0667   0.131820E+03   0.137711E+12   0.151241E+10   0.135165E+10   0.132479E+08
 0668   0.132620E+03   0.138938E+12   0.153352E+10   0.136461E+10   0.127522E+08
 0669   0.133504E+03   0.140249E+12   0.148246E+10   0.136588E+10   0.122516E+08
 0670   0.134400E+03   0.141586E+12   0.149262E+10   0.137446E+10   0.117650E+08
 0671   0.135308E+03   0.142971E+12   0.152514E+10   0.138498E+10   0.112935E+08
 0672   0.136227E+03   0.144403E+12   0.155865E+10   0.139573E+10   0.108373E+08
 0673   0.137157E+03   0.145877E+12   0.158420E+10   0.141018E+10   0.103961E+08
 0674   0.138179E+03   0.147456E+12   0.154574E+10   0.141985E+10   0.995688E+07
 0675   0.139215E+03   0.149096E+12   0.158334E+10   0.143183E+10   0.953392E+07
 0676   0.140264E+03   0.150797E+12   0.162074E+10   0.144887E+10   0.912633E+07
 0677   0.141408E+03   0.152628E+12   0.160057E+10   0.146249E+10   0.872207E+07
 0678   0.142567E+03   0.154543E+12   0.165244E+10   0.147956E+10   0.833543E+07
 0679   0.143826E+03   0.156606E+12   0.163816E+10   0.149187E+10   0.795555E+07
 0680   0.145104E+03   0.158759E+12   0.168484E+10   0.150753E+10   0.759240E+07
 0681   0.146401E+03   0.161005E+12   0.173142E+10   0.153006E+10   0.724567E+07
 0682   0.147895E+03   0.163496E+12   0.166788E+10   0.154353E+10   0.689758E+07
 0683   0.149415E+03   0.166127E+12   0.172978E+10   0.155836E+10   0.656820E+07
 0684   0.150963E+03   0.168882E+12   0.177996E+10   0.157981E+10   0.625564E+07
 0685   0.152634E+03   0.171857E+12   0.178085E+10   0.159982E+10   0.595261E+07
 0686   0.154431E+03   0.175072E+12   0.178865E+10   0.161294E+10   0.565909E+07
 0687   0.156264E+03   0.178433E+12   0.183433E+10   0.163117E+10   0.538203E+07
 0688   0.158330E+03   0.182111E+12   0.178034E+10   0.163707E+10   0.510687E+07
 0689   0.160338E+03   0.185862E+12   0.186759E+10   0.165662E+10   0.485357E+07
 0690   0.162492E+03   0.189883E+12   0.186695E+10   0.167660E+10   0.460842E+07
 0691   0.164802E+03   0.194221E+12   0.187759E+10   0.169287E+10   0.437112E+07
 0692   0.167278E+03   0.198882E+12   0.188236E+10   0.170142E+10   0.414207E+07
 0693   0.169815E+03   0.203737E+12   0.191385E+10   0.170897E+10   0.392616E+07
 0694   0.172529E+03   0.208850E+12   0.188416E+10   0.171300E+10   0.371784E+07
 0695   0.175195E+03   0.214046E+12   0.194870E+10   0.172857E+10   0.352565E+07
 0696   0.178053E+03   0.219571E+12   0.193326E+10   0.173860E+10   0.334051E+07
 0697   0.181111E+03   0.225425E+12   0.191446E+10   0.173894E+10   0.316169E+07
 0698   0.184122E+03   0.231345E+12   0.196599E+10   0.174834E+10   0.299844E+07
 0699   0.187344E+03   0.237574E+12   0.193313E+10   0.174716E+10   0.283986E+07
 0700   0.190656E+03   0.243949E+12   0.192524E+10   0.174508E+10   0.269030E+07
 0701   0.194063E+03   0.250472E+12   0.191434E+10   0.174122E+10   0.254846E+07
 0702   0.197429E+03   0.257015E+12   0.194388E+10   0.174086E+10   0.241787E+07
 0703   0.200892E+03   0.263686E+12   0.192638E+10   0.174011E+10   0.229352E+07
 0704   0.204300E+03   0.270373E+12   0.196211E+10   0.174587E+10   0.217917E+07
 0705   0.207914E+03   0.277318E+12   0.192167E+10   0.174438E+10   0.206770E+07
 0706   0.211588E+03   0.284379E+12   0.192200E+10   0.174144E+10   0.196288E+07
 0707   0.215320E+03   0.291533E+12   0.191681E+10   0.174156E+10   0.186452E+07
 0708   0.219101E+03   0.298813E+12   0.192536E+10   0.174569E+10   0.177250E+07
 0709   0.222921E+03   0.306256E+12   0.194845E+10   0.175137E+10   0.168657E+07
 0710   0.226930E+03   0.313986E+12   0.192838E+10   0.175117E+10   0.160404E+07
 0711   0.230958E+03   0.321825E+12   0.194613E+10   0.175278E+10   0.152731E+07
 0712   0.235163E+03   0.329899E+12   0.191987E+10   0.175085E+10   0.145386E+07
 0713   0.239389E+03   0.338071E+12   0.193405E+10   0.175078E+10   0.138533E+07
 0714   0.243646E+03   0.346352E+12   0.194514E+10   0.175637E+10   0.132116E+07
 0715   0.247943E+03   0.354813E+12   0.196913E+10   0.176307E+10   0.126065E+07
 0716   0.252452E+03   0.363594E+12   0.194721E+10   0.176886E+10   0.120253E+07
 0717   0.257188E+03   0.372750E+12   0.193329E+10   0.176449E+10   0.114694E+07
 0718   0.261821E+03   0.381888E+12   0.197264E+10   0.176991E+10   0.109534E+07
 0719   0.266695E+03   0.391369E+12   0.194521E+10   0.178015E+10   0.104608E+07
 0720   0.271812E+03   0.401357E+12   0.195166E+10   0.178213E+10   0.999337E+06
 0721   0.276985E+03   0.411588E+12   0.197795E+10   0.178274E+10   0.955412E+06
 0722   0.282193E+03   0.421968E+12   0.199297E+10   0.178982E+10   0.914130E+06
 0723   0.287613E+03   0.432727E+12   0.198495E+10   0.179429E+10   0.875085E+06
 0724   0.293258E+03   0.443871E+12   0.197433E+10   0.179565E+10   0.838242E+06
 0725   0.298959E+03   0.455240E+12   0.199395E+10   0.179725E+10   0.803543E+06
 0726   0.304725E+03   0.466808E+12   0.200667E+10   0.181426E+10   0.771047E+06
 0727   0.310926E+03   0.479199E+12   0.199793E+10   0.182098E+10   0.740313E+06
 0728   0.317198E+03   0.491995E+12   0.204031E+10   0.182494E+10   0.711572E+06
 0729   0.323749E+03   0.505234E+12   0.202100E+10   0.182722E+10   0.684507E+06
 0730   0.330388E+03   0.518769E+12   0.203845E+10   0.184472E+10   0.659242E+06
 0731   0.337503E+03   0.533269E+12   0.203810E+10   0.184630E+10   0.635346E+06
 0732   0.344689E+03   0.548099E+12   0.206371E+10   0.184940E+10   0.613051E+06
 0733   0.352126E+03   0.563373E+12   0.205373E+10   0.185692E+10   0.592168E+06
 0734   0.359814E+03   0.579244E+12   0.206432E+10   0.186365E+10   0.572632E+06
 0735   0.367774E+03   0.595737E+12   0.207215E+10   0.187761E+10   0.554369E+06
 0736   0.376229E+03   0.613287E+12   0.207568E+10   0.187957E+10   0.537158E+06
 0737   0.384795E+03   0.631293E+12   0.210203E+10   0.188603E+10   0.521138E+06
 0738   0.393932E+03   0.650211E+12   0.207057E+10   0.188306E+10   0.505963E+06
 0739   0.402807E+03   0.669161E+12   0.213516E+10   0.190564E+10   0.491998E+06
 0740   0.412727E+03   0.689905E+12   0.209108E+10   0.190404E+10   0.478552E+06
 0741   0.422586E+03   0.710980E+12   0.213750E+10   0.190370E+10   0.466074E+06
 0742   0.432586E+03   0.732399E+12   0.214200E+10   0.192158E+10   0.454428E+06
 0743   0.443641E+03   0.755613E+12   0.209993E+10   0.191636E+10   0.443258E+06
 0744   0.454357E+03   0.778852E+12   0.216861E+10   0.192802E+10   0.432923E+06
 0745   0.466101E+03   0.803658E+12   0.211219E+10   0.192137E+10   0.423013E+06
 0746   0.477688E+03   0.828559E+12   0.214907E+10   0.191795E+10   0.413683E+06
 0747   0.489378E+03   0.853677E+12   0.214866E+10   0.192291E+10   0.404755E+06
 0748   0.501728E+03   0.879824E+12   0.211718E+10   0.192378E+10   0.396134E+06
 0749   0.514315E+03   0.906649E+12   0.213119E+10   0.191215E+10   0.387790E+06
 0750   0.526879E+03   0.933308E+12   0.212183E+10   0.190905E+10   0.379683E+06
 0751   0.539643E+03   0.960288E+12   0.211371E+10   0.190724E+10   0.371756E+06
 0752   0.552591E+03   0.987648E+12   0.211308E+10   0.190260E+10   0.364014E+06
 0753   0.565987E+03   0.101550E+13   0.207901E+10   0.189222E+10   0.356380E+06
 0754   0.579041E+03   0.104300E+13   0.210656E+10   0.189083E+10   0.348861E+06
 0755   0.592255E+03   0.107078E+13   0.210255E+10   0.189668E+10   0.341516E+06
 0756   0.606130E+03   0.109964E+13   0.208022E+10   0.188548E+10   0.334285E+06
 0757   0.619826E+03   0.112821E+13   0.208607E+10   0.187955E+10   0.327147E+06
 0758   0.633608E+03   0.115682E+13   0.207550E+10   0.188095E+10   0.320139E+06
 0759   0.647775E+03   0.118607E+13   0.206515E+10   0.187400E+10   0.313107E+06
 0760   0.661810E+03   0.121522E+13   0.207664E+10   0.187987E+10   0.306241E+06
 0761   0.676591E+03   0.124553E+13   0.205063E+10   0.186657E+10   0.299429E+06
 0762   0.690696E+03   0.127500E+13   0.208931E+10   0.186590E+10   0.292690E+06
 0763   0.705281E+03   0.130490E+13   0.205019E+10   0.186653E+10   0.285912E+06
 0764   0.720097E+03   0.133530E+13   0.205149E+10   0.186845E+10   0.279180E+06
 0765   0.735469E+03   0.136657E+13   0.203439E+10   0.186057E+10   0.272492E+06
 0766   0.750490E+03   0.139754E+13   0.206162E+10   0.185659E+10   0.265901E+06
 0767   0.765754E+03   0.142866E+13   0.203869E+10   0.185186E+10   0.259344E+06
 0768   0.781250E+03   0.145995E+13   0.201968E+10   0.184716E+10   0.252739E+06
 0769   0.796309E+03   0.149092E+13   0.205667E+10   0.185455E+10   0.246168E+06
 0770   0.812192E+03   0.152306E+13   0.202318E+10   0.185291E+10   0.239658E+06
 0771   0.828438E+03   0.155574E+13   0.201165E+10   0.184183E+10   0.233227E+06
 0772   0.844182E+03   0.158774E+13   0.203253E+10   0.183845E+10   0.226908E+06
 0773   0.860304E+03   0.161996E+13   0.199839E+10   0.183450E+10   0.220564E+06
 0774   0.876209E+03   0.165203E+13   0.201651E+10   0.183838E+10   0.214190E+06
 0775   0.892314E+03   0.168462E+13   0.202375E+10   0.184536E+10   0.207886E+06
 0776   0.909469E+03   0.171866E+13   0.198398E+10   0.183179E+10   0.201507E+06
 0777   0.925730E+03   0.175161E+13   0.202650E+10   0.183429E+10   0.195218E+06
 0778   0.942704E+03   0.178531E+13   0.198551E+10   0.182884E+10   0.188934E+06
 0779   0.959634E+03   0.181893E+13   0.198565E+10   0.182274E+10   0.182655E+06
 0780   0.976345E+03   0.185224E+13   0.199295E+10   0.182220E+10   0.176389E+06
 0781   0.993241E+03   0.188580E+13   0.198662E+10   0.182193E+10   0.170111E+06
 0782   0.101035E+04   0.191969E+13   0.198038E+10   0.182217E+10   0.163919E+06
 0783   0.102777E+04   0.195405E+13   0.197308E+10   0.181461E+10   0.157821E+06
 0784   0.104490E+04   0.198799E+13   0.198034E+10   0.181031E+10   0.151842E+06
 0785   0.106208E+04   0.202179E+13   0.196802E+10   0.180771E+10   0.145826E+06
 0786   0.107911E+04   0.205545E+13   0.197740E+10   0.181869E+10   0.139887E+06
 0787   0.109708E+04   0.209064E+13   0.195745E+10   0.181566E+10   0.134002E+06
 0788   0.111490E+04   0.212588E+13   0.197691E+10   0.181235E+10   0.128260E+06
 0789   0.113278E+04   0.216112E+13   0.197134E+10   0.181105E+10   0.122672E+06
 0790   0.115081E+04   0.219653E+13   0.196390E+10   0.180800E+10   0.117243E+06
 0791   0.116898E+04   0.223202E+13   0.195326E+10   0.180486E+10   0.111963E+06
 0792   0.118698E+04   0.226736E+13   0.196398E+10   0.180909E+10   0.106871E+06
 0793   0.120559E+04   0.230356E+13   0.194530E+10   0.180422E+10   0.101932E+06
 0794   0.122389E+04   0.233948E+13   0.196190E+10   0.180135E+10   0.971955E+05
 0795   0.124241E+04   0.237547E+13   0.194347E+10   0.179803E+10   0.926377E+05
 0796   0.126093E+04   0.241139E+13   0.194015E+10   0.179619E+10   0.882666E+05
 0797   0.127932E+04   0.244725E+13   0.194908E+10   0.179648E+10   0.840894E+05
 0798   0.129800E+04   0.248341E+13   0.193683E+10   0.179586E+10   0.800910E+05
 0799   0.131686E+04   0.251985E+13   0.193156E+10   0.179476E+10   0.762755E+05
 0800   0.133559E+04   0.255629E+13   0.194581E+10   0.179496E+10   0.726467E+05
 0801   0.135462E+04   0.259305E+13   0.193118E+10   0.179153E+10   0.691888E+05
 0802   0.137357E+04   0.262967E+13   0.193315E+10   0.179006E+10   0.659135E+05
 0803   0.139264E+04   0.266638E+13   0.192476E+10   0.178932E+10   0.628123E+05
 0804   0.141179E+04   0.270324E+13   0.192433E+10   0.178923E+10   0.598795E+05
 0805   0.143101E+04   0.274026E+13   0.192705E+10   0.178837E+10   0.571143E+05
 0806   0.145038E+04   0.277746E+13   0.192009E+10   0.178752E+10   0.545066E+05
 0807   0.146976E+04   0.281475E+13   0.192390E+10   0.178615E+10   0.520580E+05
 0808   0.148931E+04   0.285217E+13   0.191428E+10   0.178486E+10   0.497734E+05
 0809   0.150885E+04   0.288963E+13   0.191724E+10   0.178801E+10   0.476342E+05
 0810   0.152874E+04   0.292770E+13   0.191351E+10   0.178592E+10   0.456199E+05
 0811   0.154859E+04   0.296577E+13   0.191779E+10   0.178243E+10   0.437267E+05
 0812   0.156832E+04   0.300360E+13   0.191733E+10   0.178099E+10   0.419474E+05
 0813   0.158811E+04   0.304139E+13   0.191027E+10   0.178015E+10   0.402741E+05
 0814   0.160810E+04   0.307935E+13   0.189876E+10   0.177807E+10   0.387005E+05
 0815   0.162809E+04   0.311731E+13   0.189873E+10   0.177628E+10   0.372237E+05
 0816   0.164789E+04   0.315510E+13   0.190896E+10   0.177669E+10   0.358385E+05
 0817   0.166790E+04   0.319310E+13   0.189862E+10   0.177629E+10   0.345392E+05
 0818   0.168809E+04   0.323131E+13   0.189242E+10   0.177556E+10   0.333220E+05
 0819   0.170807E+04   0.326944E+13   0.190845E+10   0.177764E+10   0.321840E+05
 0820   0.172826E+04   0.330788E+13   0.190376E+10   0.177975E+10   0.311107E+05
 0821   0.174909E+04   0.334701E+13   0.187893E+10   0.177465E+10   0.300916E+05
 0822   0.176925E+04   0.338551E+13   0.191031E+10   0.177380E+10   0.291290E+05
 0823   0.178994E+04   0.342433E+13   0.187569E+10   0.176992E+10   0.282188E+05
 0824   0.181015E+04   0.346268E+13   0.189704E+10   0.177354E+10   0.273632E+05
 0825   0.183074E+04   0.350156E+13   0.188889E+10   0.177561E+10   0.265501E+05
 0826   0.185135E+04   0.354070E+13   0.189890E+10   0.177539E+10   0.257776E+05
 0827   0.187212E+04   0.357998E+13   0.189081E+10   0.177465E+10   0.250406E+05
 0828   0.189290E+04   0.361927E+13   0.189102E+10   0.177385E+10   0.243390E+05
 0829   0.191369E+04   0.365854E+13   0.188904E+10   0.177399E+10   0.236713E+05
 0830   0.193459E+04   0.369795E+13   0.188587E+10   0.177538E+10   0.230317E+05
 0831   0.195590E+04   0.373786E+13   0.187262E+10   0.177127E+10   0.224132E+05
 0832   0.197697E+04   0.377746E+13   0.187953E+10   0.176747E+10   0.218220E+05
 0833   0.199782E+04   0.381667E+13   0.187994E+10   0.176544E+10   0.212561E+05
 0834   0.201860E+04   0.385565E+13   0.187650E+10   0.176462E+10   0.207166E+05
 0835   0.203928E+04   0.389450E+13   0.187819E+10   0.176925E+10   0.202036E+05
 0836   0.206022E+04   0.393385E+13   0.188008E+10   0.177320E+10   0.197123E+05
 0837   0.208167E+04   0.397396E+13   0.186939E+10   0.177575E+10   0.192338E+05
 0838   0.210298E+04   0.401432E+13   0.189402E+10   0.177413E+10   0.187759E+05
 0839   0.212462E+04   0.405481E+13   0.187123E+10   0.176977E+10   0.183315E+05
 0840   0.214578E+04   0.409471E+13   0.188534E+10   0.176855E+10   0.179076E+05
 0841   0.216715E+04   0.413459E+13   0.186646E+10   0.176608E+10   0.174956E+05
 0842   0.218867E+04   0.417445E+13   0.185222E+10   0.176255E+10   0.170949E+05
 0843   0.220967E+04   0.421380E+13   0.187316E+10   0.176249E+10   0.167126E+05
 0844   0.223088E+04   0.425323E+13   0.185890E+10   0.176456E+10   0.163422E+05
 0845   0.225218E+04   0.429293E+13   0.186418E+10   0.176832E+10   0.159835E+05
 0846   0.227358E+04   0.433304E+13   0.187492E+10   0.177076E+10   0.156347E+05
 0847   0.229506E+04   0.437342E+13   0.187958E+10   0.177057E+10   0.152955E+05
 0848   0.231661E+04   0.441381E+13   0.187397E+10   0.177071E+10   0.149660E+05
 0849   0.233825E+04   0.445427E+13   0.186944E+10   0.177172E+10   0.146458E+05
 0850   0.236001E+04   0.449490E+13   0.186737E+10   0.177278E+10   0.143329E+05
 0851   0.238193E+04   0.453577E+13   0.186495E+10   0.177076E+10   0.140265E+05
 0852   0.240359E+04   0.457635E+13   0.187348E+10   0.177037E+10   0.137300E+05
 0853   0.242538E+04   0.461695E+13   0.186298E+10   0.176947E+10   0.134396E+05
 0854   0.244728E+04   0.465757E+13   0.185513E+10   0.176797E+10   0.131552E+05
 0855   0.246887E+04   0.469791E+13   0.186825E+10   0.176859E+10   0.128798E+05
 0856   0.249062E+04   0.473835E+13   0.185937E+10   0.176845E+10   0.126105E+05
 0857   0.251262E+04   0.477898E+13   0.184729E+10   0.176883E+10   0.123471E+05
 0858   0.253430E+04   0.481953E+13   0.187002E+10   0.177353E+10   0.120928E+05
 0859   0.255626E+04   0.486059E+13   0.186970E+10   0.177473E+10   0.118426E+05
 0860   0.257863E+04   0.490206E+13   0.185328E+10   0.177128E+10   0.115959E+05
 0861   0.260035E+04   0.494289E+13   0.188051E+10   0.177239E+10   0.113590E+05
 0862   0.262240E+04   0.498390E+13   0.185955E+10   0.177251E+10   0.111262E+05
 0863   0.264445E+04   0.502493E+13   0.186029E+10   0.177354E+10   0.108990E+05
 0864   0.266650E+04   0.506603E+13   0.186431E+10   0.177502E+10   0.106772E+05
 0865   0.268895E+04   0.510753E+13   0.184900E+10   0.177335E+10   0.104590E+05
 0866   0.271081E+04   0.514859E+13   0.187834E+10   0.177569E+10   0.102481E+05
 0867   0.273324E+04   0.519011E+13   0.185081E+10   0.177445E+10   0.100401E+05
 0868   0.275559E+04   0.523156E+13   0.185443E+10   0.177322E+10   0.983740E+04
 0869   0.277783E+04   0.527288E+13   0.185786E+10   0.177295E+10   0.963945E+04
 0870   0.279994E+04   0.531406E+13   0.186292E+10   0.177352E+10   0.944583E+04
 0871   0.282194E+04   0.535515E+13   0.186730E+10   0.177424E+10   0.925631E+04
 0872   0.284436E+04   0.539650E+13   0.184472E+10   0.177260E+10   0.907056E+04
 0873   0.286635E+04   0.543748E+13   0.186371E+10   0.177362E+10   0.888886E+04
 0874   0.288846E+04   0.547854E+13   0.185640E+10   0.177404E+10   0.871148E+04
 0875   0.291080E+04   0.551977E+13   0.184626E+10   0.177645E+10   0.853838E+04
 0876   0.293292E+04   0.556110E+13   0.186834E+10   0.178124E+10   0.836900E+04
 0877   0.295531E+04   0.560294E+13   0.186860E+10   0.178365E+10   0.820332E+04
 0878   0.297795E+04   0.564513E+13   0.186374E+10   0.178367E+10   0.804123E+04
 0879   0.300031E+04   0.568714E+13   0.187864E+10   0.178499E+10   0.788175E+04
 0880   0.302333E+04   0.572962E+13   0.184486E+10   0.178114E+10   0.772688E+04
 0881   0.304554E+04   0.577132E+13   0.187838E+10   0.178227E+10   0.757244E+04
 0882   0.306838E+04   0.581340E+13   0.184169E+10   0.177967E+10   0.742322E+04
 0883   0.309077E+04   0.585505E+13   0.186055E+10   0.178036E+10   0.727487E+04
 0884   0.311319E+04   0.589670E+13   0.185802E+10   0.178139E+10   0.712928E+04
 0885   0.313568E+04   0.593846E+13   0.185609E+10   0.178208E+10   0.698662E+04
 0886   0.315780E+04   0.597998E+13   0.187753E+10   0.178523E+10   0.684442E+04
 0887   0.318058E+04   0.602206E+13   0.184721E+10   0.178633E+10   0.670775E+04
 0888   0.320305E+04   0.606410E+13   0.187110E+10   0.179093E+10   0.657137E+04
 0889   0.322574E+04   0.610660E+13   0.187284E+10   0.179309E+10   0.643785E+04
 0890   0.324868E+04   0.614942E+13   0.186624E+10   0.179134E+10   0.630747E+04
 0891   0.327136E+04   0.619190E+13   0.187380E+10   0.179144E+10   0.617729E+04
 0892   0.329430E+04   0.623450E+13   0.185621E+10   0.179037E+10   0.605077E+04
 0893   0.331699E+04   0.627685E+13   0.186643E+10   0.179250E+10   0.592436E+04
 0894   0.333943E+04   0.631913E+13   0.188410E+10   0.179634E+10   0.579814E+04
 0895   0.336273E+04   0.636216E+13   0.184695E+10   0.179542E+10   0.567941E+04
 0896   0.338522E+04   0.640469E+13   0.189128E+10   0.179875E+10   0.555702E+04
 0897   0.340844E+04   0.644781E+13   0.185736E+10   0.179846E+10   0.544079E+04
 0898   0.343116E+04   0.649063E+13   0.188438E+10   0.180082E+10   0.532305E+04
 0899   0.345448E+04   0.653393E+13   0.185637E+10   0.180004E+10   0.520959E+04
 0900   0.347723E+04   0.657684E+13   0.188682E+10   0.180221E+10   0.509478E+04
 0901   0.350048E+04   0.662013E+13   0.186121E+10   0.179993E+10   0.498275E+04
 0902   0.352366E+04   0.666322E+13   0.185900E+10   0.179807E+10   0.487134E+04
 0903   0.354620E+04   0.670572E+13   0.188581E+10   0.179967E+10   0.476046E+04
 0904   0.356925E+04   0.674850E+13   0.185594E+10   0.179834E+10   0.465170E+04
 0905   0.359174E+04   0.679080E+13   0.188110E+10   0.180054E+10   0.454423E+04
 0906   0.361428E+04   0.683313E+13   0.187816E+10   0.180742E+10   0.443836E+04
 0907   0.363751E+04   0.687639E+13   0.186199E+10   0.181130E+10   0.433384E+04
 0908   0.366093E+04   0.692020E+13   0.187076E+10   0.181231E+10   0.422946E+04
 0909   0.368402E+04   0.696396E+13   0.189521E+10   0.181452E+10   0.412614E+04
 0910   0.370737E+04   0.700798E+13   0.188465E+10   0.181393E+10   0.402256E+04
 0911   0.373041E+04   0.705167E+13   0.189670E+10   0.181428E+10   0.392090E+04
 0912   0.375371E+04   0.709540E+13   0.187703E+10   0.181339E+10   0.381911E+04
 0913   0.377724E+04   0.713918E+13   0.186008E+10   0.181122E+10   0.371702E+04
 0914   0.380038E+04   0.718257E+13   0.187582E+10   0.181207E+10   0.361824E+04
 0915   0.382307E+04   0.722567E+13   0.189893E+10   0.181767E+10   0.352298E+04
 0916   0.384654E+04   0.726955E+13   0.186966E+10   0.181955E+10   0.342451E+04
 0917   0.386955E+04   0.731334E+13   0.190339E+10   0.182355E+10   0.332971E+04
 0918   0.389334E+04   0.735785E+13   0.187093E+10   0.182256E+10   0.323179E+04
 0919   0.391667E+04   0.740208E+13   0.189540E+10   0.182435E+10   0.313760E+04
 0920   0.394020E+04   0.744650E+13   0.188821E+10   0.182547E+10   0.304352E+04
 0921   0.396330E+04   0.749070E+13   0.191304E+10   0.182905E+10   0.295295E+04
 0922   0.398729E+04   0.753560E+13   0.187196E+10   0.182850E+10   0.285852E+04
 0923   0.401082E+04   0.758027E+13   0.189808E+10   0.183017E+10   0.276749E+04
 0924   0.403452E+04   0.762512E+13   0.189252E+10   0.183124E+10   0.267636E+04
 0925   0.405774E+04   0.766971E+13   0.192044E+10   0.183466E+10   0.258890E+04
 0926   0.408180E+04   0.771494E+13   0.187945E+10   0.183302E+10   0.249814E+04
 0927   0.410538E+04   0.775979E+13   0.190241E+10   0.183400E+10   0.241153E+04
 0928   0.412913E+04   0.780474E+13   0.189300E+10   0.183429E+10   0.232516E+04
 0929   0.415235E+04   0.784934E+13   0.192023E+10   0.184029E+10   0.224240E+04
 0930   0.417641E+04   0.789481E+13   0.188972E+10   0.184416E+10   0.215623E+04
 0931   0.420063E+04   0.794080E+13   0.189964E+10   0.184306E+10   0.207047E+04
 0932   0.422429E+04   0.798638E+13   0.192611E+10   0.184384E+10   0.198866E+04
 0933   0.424809E+04   0.803194E+13   0.191368E+10   0.184410E+10   0.190756E+04
 0934   0.427206E+04   0.807751E+13   0.190184E+10   0.184374E+10   0.182737E+04
 0935   0.429547E+04   0.812264E+13   0.192724E+10   0.184794E+10   0.175057E+04
 0936   0.431978E+04   0.816851E+13   0.188689E+10   0.184812E+10   0.167262E+04
 0937   0.434358E+04   0.821417E+13   0.191902E+10   0.185105E+10   0.159793E+04
 0938   0.436758E+04   0.826012E+13   0.191454E+10   0.185370E+10   0.152453E+04
 0939   0.439180E+04   0.830641E+13   0.191121E+10   0.185682E+10   0.145260E+04
 0940   0.441551E+04   0.835265E+13   0.195014E+10   0.186301E+10   0.138311E+04
 0941   0.444020E+04   0.839988E+13   0.191269E+10   0.186499E+10   0.131449E+04
 0942   0.446437E+04   0.844703E+13   0.195059E+10   0.186996E+10   0.124815E+04
 0943   0.448954E+04   0.849514E+13   0.191190E+10   0.186993E+10   0.118339E+04
 0944   0.451416E+04   0.854305E+13   0.194570E+10   0.187275E+10   0.112089E+04
 0945   0.453900E+04   0.859127E+13   0.194150E+10   0.187391E+10   0.106049E+04
 0946   0.456403E+04   0.863968E+13   0.193363E+10   0.187454E+10   0.100204E+04
 0947   0.458841E+04   0.868770E+13   0.197009E+10   0.187899E+10   0.945858E+03
 0948   0.461364E+04   0.873644E+13   0.193207E+10   0.188188E+10   0.891421E+03
 0949   0.463893E+04   0.878555E+13   0.194162E+10   0.188517E+10   0.839288E+03
 0950   0.466428E+04   0.883503E+13   0.195172E+10   0.188777E+10   0.789292E+03
 0951   0.468969E+04   0.888479E+13   0.195797E+10   0.189047E+10   0.741569E+03
 0952   0.471517E+04   0.893481E+13   0.196369E+10   0.189368E+10   0.696339E+03
 0953   0.473990E+04   0.898459E+13   0.201258E+10   0.190650E+10   0.654989E+03
 0954   0.476629E+04   0.903635E+13   0.196116E+10   0.190946E+10   0.613837E+03
 0955   0.479274E+04   0.908857E+13   0.197444E+10   0.190975E+10   0.575355E+03
 0956   0.481924E+04   0.914092E+13   0.197520E+10   0.191062E+10   0.539960E+03
 0957   0.484499E+04   0.919286E+13   0.201763E+10   0.191647E+10   0.508846E+03
 0958   0.487158E+04   0.924566E+13   0.198542E+10   0.191967E+10   0.479138E+03
 0959   0.489903E+04   0.929935E+13   0.195640E+10   0.192036E+10   0.451049E+03
 0960   0.492490E+04   0.935231E+13   0.204698E+10   0.193382E+10   0.426849E+03
 0961   0.495243E+04   0.940737E+13   0.200002E+10   0.194125E+10   0.403035E+03
 0962   0.498082E+04   0.946389E+13   0.199087E+10   0.193982E+10   0.380970E+03
 0963   0.500846E+04   0.952003E+13   0.203061E+10   0.194223E+10   0.361131E+03
 0964   0.503618E+04   0.957638E+13   0.203290E+10   0.194619E+10   0.342653E+03
 0965   0.506400E+04   0.963310E+13   0.203940E+10   0.195127E+10   0.325133E+03
 0966   0.509274E+04   0.969088E+13   0.200975E+10   0.195394E+10   0.308217E+03
 0967   0.512081E+04   0.974863E+13   0.205804E+10   0.196393E+10   0.292284E+03
 0968   0.514985E+04   0.980798E+13   0.204322E+10   0.197272E+10   0.276533E+03
 0969   0.517992E+04   0.986907E+13   0.203206E+10   0.197264E+10   0.260908E+03
 0970   0.520934E+04   0.992998E+13   0.206997E+10   0.197634E+10   0.246354E+03
 0971   0.523813E+04   0.999082E+13   0.211329E+10   0.198880E+10   0.232822E+03
 0972   0.526883E+04   0.100540E+14   0.205884E+10   0.199211E+10   0.219384E+03
 0973   0.529977E+04   0.101180E+14   0.206700E+10   0.199441E+10   0.206817E+03
 0974   0.533009E+04   0.101819E+14   0.210877E+10   0.199885E+10   0.194796E+03
 0975   0.536152E+04   0.102470E+14   0.206986E+10   0.200074E+10   0.183401E+03
 0976   0.539234E+04   0.103120E+14   0.211014E+10   0.200996E+10   0.172128E+03
 0977   0.542343E+04   0.103782E+14   0.212952E+10   0.202208E+10   0.161090E+03
 0978   0.545570E+04   0.104466E+14   0.211846E+10   0.203507E+10   0.150349E+03
 0979   0.548920E+04   0.105175E+14   0.211771E+10   0.203903E+10   0.139948E+03
 0980   0.552304E+04   0.105895E+14   0.212718E+10   0.204122E+10   0.129356E+03
 0981   0.555701E+04   0.106621E+14   0.213710E+10   0.204477E+10   0.118131E+03
 0982   0.559014E+04   0.107347E+14   0.219153E+10   0.206207E+10   0.106536E+03
 0983   0.562523E+04   0.108108E+14   0.216758E+10   0.207494E+10   0.949255E+02
 0984   0.566138E+04   0.108895E+14   0.217847E+10   0.208195E+10   0.856367E+02
 0985   0.569678E+04   0.109690E+14   0.224463E+10   0.209563E+10   0.794443E+02
 0986   0.573428E+04   0.110517E+14   0.220668E+10   0.210886E+10   0.739648E+02
 0987   0.577205E+04   0.111369E+14   0.225427E+10   0.212286E+10   0.692655E+02
 0988   0.581112E+04   0.112251E+14   0.225957E+10   0.213520E+10   0.645889E+02
 0989   0.585058E+04   0.113158E+14   0.229810E+10   0.215729E+10   0.600867E+02
 0990   0.589342E+04   0.114126E+14   0.225865E+10   0.216737E+10   0.536279E+02
 0991   0.593583E+04   0.115115E+14   0.233205E+10   0.218624E+10   0.472914E+02
 0992   0.597881E+04   0.116143E+14   0.239123E+10   0.221469E+10   0.388716E+02
 0993   0.602446E+04   0.117241E+14   0.240701E+10   0.224151E+10   0.319310E+02
 0994   0.607288E+04   0.118416E+14   0.242467E+10   0.227241E+10   0.254919E+02
 0995   0.612002E+04   0.119649E+14   0.261738E+10   0.233576E+10   0.171435E+02
 0996   0.617546E+04   0.121081E+14   0.258156E+10   0.239674E+10   0.127595E+02
 0997   0.623306E+04   0.122693E+14   0.279896E+10   0.248716E+10   0.141063E+02
 0998   0.630460E+04   0.124684E+14   0.278286E+10   0.257203E+10   0.913655E+01
 0999   0.633346E+04   0.126704E+14   0.699827E+10   0.274293E+10   0.726802E+01
