   0.000000000E+00  -3.247731015E+51   2.069452789E+51   3.099019144E+46  -1.178247236E+51   0.000000000E+00
   6.001748462E+01  -5.071041683E+50   4.711798404E+50   5.607015255E+50   5.247771976E+50   1.703024433E+51
   1.200373701E+02  -3.196781146E+50   2.393659566E+50   6.052964608E+50   5.249843029E+50   1.703231538E+51
   1.800639953E+02  -2.517191642E+50   1.713190024E+50   6.054468647E+50   5.250467029E+50   1.703293938E+51
   2.400679884E+02  -2.194087215E+50   1.430110330E+50   6.014553586E+50   5.250576701E+50   1.703304906E+51
   3.000538582E+02  -1.995854038E+50   1.272820891E+50   5.973712774E+50   5.250679627E+50   1.703315198E+51
   3.600756404E+02  -1.863538887E+50   1.176306613E+50   5.937981946E+50   5.250749672E+50   1.703322203E+51
   4.200730532E+02  -1.776199360E+50   1.119213962E+50   5.907745025E+50   5.250759628E+50   1.703323198E+51
   4.800253355E+02  -1.713554482E+50   1.082067724E+50   5.882258808E+50   5.250772050E+50   1.703324441E+51
   5.400719518E+02  -1.667789419E+50   1.057939891E+50   5.860635562E+50   5.250786033E+50   1.703325839E+51
   6.000136139E+02  -1.634704134E+50   1.043277349E+50   5.842220722E+50   5.250793937E+50   1.703326629E+51
   6.600490566E+02  -1.611938034E+50   1.036356769E+50   5.826366546E+50   5.250785281E+50   1.703325764E+51
   7.200702412E+02  -1.596253441E+50   1.034389190E+50   5.812637765E+50   5.250773514E+50   1.703324587E+51
   7.800555260E+02  -1.585418580E+50   1.035516751E+50   5.800662298E+50   5.250760469E+50   1.703323282E+51
   8.400340275E+02  -1.579162768E+50   1.039777279E+50   5.790129530E+50   5.250744041E+50   1.703321640E+51
   9.000349915E+02  -1.576498969E+50   1.046438775E+50   5.780786538E+50   5.250726343E+50   1.703319870E+51
   9.600164845E+02  -1.576248781E+50   1.054526293E+50   5.772432375E+50   5.250709887E+50   1.703318224E+51
   1.020054310E+03  -1.578136228E+50   1.063949525E+50   5.764877301E+50   5.250690598E+50   1.703316295E+51
   1.080055573E+03  -1.581838182E+50   1.074535247E+50   5.757972387E+50   5.250669452E+50   1.703314181E+51
   1.140027698E+03  -1.586784639E+50   1.085863087E+50   5.751571985E+50   5.250650432E+50   1.703312279E+51
   1.200062006E+03  -1.592459578E+50   1.097535752E+50   5.745558745E+50   5.250634919E+50   1.703310728E+51
   1.260025011E+03  -1.598534746E+50   1.109242647E+50   5.739900154E+50   5.250608055E+50   1.703308041E+51
   1.320004950E+03  -1.604634556E+50   1.120673330E+50   5.734553157E+50   5.250591930E+50   1.703306429E+51
   1.380023507E+03  -1.609952131E+50   1.130997682E+50   5.729533149E+50   5.250578700E+50   1.703305106E+51
   1.440010711E+03  -1.613179325E+50   1.138872277E+50   5.724859250E+50   5.250552201E+50   1.703302456E+51
   1.500051552E+03  -1.612934735E+50   1.143011737E+50   5.720488133E+50   5.250565135E+50   1.703303749E+51
   1.560012093E+03  -1.609046205E+50   1.143140869E+50   5.716451940E+50   5.250546604E+50   1.703301896E+51
   1.620010330E+03  -1.601291968E+50   1.139215009E+50   5.712661975E+50   5.250585016E+50   1.703305737E+51
   1.680045648E+03  -1.593099602E+50   1.134540207E+50   5.709128279E+50   5.250568884E+50   1.703304124E+51
   1.740045304E+03  -1.583112737E+50   1.127951332E+50   5.705774986E+50   5.250613582E+50   1.703308594E+51
   1.800069078E+03  -1.576107957E+50   1.124069096E+50   5.702624154E+50   5.250585292E+50   1.703305765E+51
   1.860059558E+03  -1.566008368E+50   1.117032707E+50   5.699609636E+50   5.250633975E+50   1.703310633E+51
   1.920045976E+03  -1.562849776E+50   1.116673400E+50   5.696777008E+50   5.250600631E+50   1.703307299E+51
   1.980042923E+03  -1.553421109E+50   1.109980549E+50   5.694076075E+50   5.250635514E+50   1.703310787E+51
   2.040014719E+03  -1.551529402E+50   1.110640337E+50   5.691525444E+50   5.250636379E+50   1.703310873E+51
   2.100046873E+03  -1.548204338E+50   1.109702262E+50   5.689121761E+50   5.250619685E+50   1.703309204E+51
   2.160044945E+03  -1.541852694E+50   1.105682914E+50   5.686834525E+50   5.250664745E+50   1.703313710E+51
   2.220027880E+03  -1.545225238E+50   1.111180890E+50   5.684687501E+50   5.250643153E+50   1.703311551E+51
   2.280069085E+03  -1.542630926E+50   1.110613532E+50   5.682659191E+50   5.250641797E+50   1.703311415E+51
   2.340040225E+03  -1.538672185E+50   1.108619163E+50   5.680725674E+50   5.250672652E+50   1.703314501E+51
   2.400044690E+03  -1.543916877E+50   1.115684336E+50   5.678893215E+50   5.250660674E+50   1.703313303E+51
   2.460011111E+03  -1.544439355E+50   1.117947602E+50   5.677151439E+50   5.250659686E+50   1.703313204E+51
   2.520051220E+03  -1.539996377E+50   1.115177335E+50   5.675498434E+50   5.250679391E+50   1.703315175E+51
   2.580032449E+03  -1.542788778E+50   1.119547002E+50   5.673916768E+50   5.250674992E+50   1.703314735E+51
   2.640040294E+03  -1.547788816E+50   1.126061878E+50   5.672392781E+50   5.250665843E+50   1.703313820E+51
   2.700039983E+03  -1.544881127E+50   1.124632178E+50   5.670941875E+50   5.250692926E+50   1.703316528E+51
   2.760009287E+03  -1.541584950E+50   1.122750041E+50   5.669545352E+50   5.250710443E+50   1.703318280E+51
   2.820018252E+03  -1.545904573E+50   1.128370477E+50   5.668218006E+50   5.250683911E+50   1.703315627E+51
   2.880029917E+03  -1.549030904E+50   1.132782063E+50   5.666925007E+50   5.250676166E+50   1.703314852E+51
   2.940051059E+03  -1.546312870E+50   1.131329525E+50   5.665683288E+50   5.250699943E+50   1.703317230E+51
   3.000030895E+03  -1.542169599E+50   1.128435077E+50   5.664468259E+50   5.250733737E+50   1.703320609E+51
   3.060067468E+03  -1.545146189E+50   1.132578164E+50   5.663293528E+50   5.250725503E+50   1.703319786E+51
   3.120007475E+03  -1.548449820E+50   1.137011966E+50   5.662154295E+50   5.250716441E+50   1.703318880E+51
   3.180014247E+03  -1.548435627E+50   1.138101124E+50   5.661046922E+50   5.250712419E+50   1.703318477E+51
   3.240067476E+03  -1.544350576E+50   1.135102196E+50   5.659978352E+50   5.250729973E+50   1.703320233E+51
   3.300056381E+03  -1.543700373E+50   1.135507851E+50   5.658925039E+50   5.250732517E+50   1.703320487E+51
   3.360000500E+03  -1.546021602E+50   1.138851912E+50   5.657903553E+50   5.250733864E+50   1.703320622E+51
   3.420022378E+03  -1.549705912E+50   1.143540438E+50   5.656894337E+50   5.250728863E+50   1.703320122E+51
   3.480007860E+03  -1.549446534E+50   1.144279349E+50   5.655909816E+50   5.250742631E+50   1.703321499E+51
   3.540005308E+03  -1.547357175E+50   1.143145614E+50   5.654963298E+50   5.250751737E+50   1.703322409E+51
   3.600022840E+03  -1.545977738E+50   1.142682164E+50   5.654047674E+50   5.250752099E+50   1.703322446E+51
   3.660068456E+03  -1.547268842E+50   1.144843042E+50   5.653167318E+50   5.250741517E+50   1.703321387E+51
   3.720023620E+03  -1.550075860E+50   1.148489364E+50   5.652315378E+50   5.250728881E+50   1.703320124E+51
   3.780058388E+03  -1.551289205E+50   1.150542215E+50   5.651479301E+50   5.250732311E+50   1.703320467E+51
   3.840013655E+03  -1.551194445E+50   1.151267850E+50   5.650665118E+50   5.250738522E+50   1.703321088E+51
   3.900016788E+03  -1.548606697E+50   1.149489945E+50   5.649874811E+50   5.250758058E+50   1.703323041E+51
   3.960009175E+03  -1.546721918E+50   1.148376434E+50   5.649107893E+50   5.250762409E+50   1.703323477E+51
   4.020050279E+03  -1.544452455E+50   1.146855815E+50   5.648362975E+50   5.250766335E+50   1.703323869E+51
   4.080005243E+03  -1.544359289E+50   1.147463815E+50   5.647649171E+50   5.250753697E+50   1.703322605E+51
   4.140061389E+03  -1.544900571E+50   1.148681957E+50   5.646959395E+50   5.250740782E+50   1.703321314E+51
   4.200036916E+03  -1.544338635E+50   1.148791822E+50   5.646287498E+50   5.250740685E+50   1.703321304E+51
   4.260068114E+03  -1.543906977E+50   1.149015940E+50   5.645628844E+50   5.250737807E+50   1.703321016E+51
   4.320037739E+03  -1.540144269E+50   1.145911512E+50   5.644987370E+50   5.250754613E+50   1.703322697E+51
   4.380015301E+03  -1.537035822E+50   1.143443475E+50   5.644358133E+50   5.250765786E+50   1.703323814E+51
   4.440037633E+03  -1.533361866E+50   1.140403959E+50   5.643737635E+50   5.250779729E+50   1.703325208E+51
   4.500012076E+03  -1.530468610E+50   1.138129382E+50   5.643129177E+50   5.250789950E+50   1.703326231E+51
   4.560014301E+03  -1.529676221E+50   1.137928127E+50   5.642539298E+50   5.250791204E+50   1.703326356E+51
   4.620051441E+03  -1.531659116E+50   1.140460709E+50   5.641970985E+50   5.250772579E+50   1.703324493E+51
   4.680024662E+03  -1.531774321E+50   1.141121704E+50   5.641421026E+50   5.250768410E+50   1.703324077E+51
   4.740011797E+03  -1.532614595E+50   1.142493176E+50   5.640880341E+50   5.250758923E+50   1.703323128E+51
   4.800001430E+03  -1.533953968E+50   1.144352376E+50   5.640349710E+50   5.250748118E+50   1.703322047E+51
   4.860018677E+03  -1.533095845E+50   1.144014470E+50   5.639831598E+50   5.250750223E+50   1.703322258E+51
   4.920035267E+03  -1.530260949E+50   1.141696959E+50   5.639328889E+50   5.250764899E+50   1.703323726E+51
   4.980062746E+03  -1.528936239E+50   1.140869042E+50   5.638837729E+50   5.250770532E+50   1.703324289E+51
   5.040008752E+03  -1.527939261E+50   1.140362394E+50   5.638354174E+50   5.250777307E+50   1.703324966E+51
   5.100058834E+03  -1.526317695E+50   1.139231644E+50   5.637874310E+50   5.250788259E+50   1.703326062E+51
   5.160017866E+03  -1.524932986E+50   1.138322532E+50   5.637405476E+50   5.250795023E+50   1.703326738E+51
   5.220058160E+03  -1.523997841E+50   1.137850056E+50   5.636950835E+50   5.250803050E+50   1.703327541E+51
   5.280069434E+03  -1.526618857E+50   1.140895328E+50   5.636515008E+50   5.250791478E+50   1.703326383E+51
   5.340064377E+03  -1.529169324E+50   1.143861445E+50   5.636090395E+50   5.250782516E+50   1.703325487E+51
   5.400068291E+03  -1.530500956E+50   1.145600984E+50   5.635675750E+50   5.250775779E+50   1.703324814E+51
   5.460003383E+03  -1.530716430E+50   1.146221220E+50   5.635268439E+50   5.250773229E+50   1.703324558E+51
   5.520017642E+03  -1.531103533E+50   1.147008094E+50   5.634867646E+50   5.250772207E+50   1.703324456E+51
   5.580065058E+03  -1.532279087E+50   1.148569156E+50   5.634476876E+50   5.250766945E+50   1.703323930E+51
   5.640009737E+03  -1.531449741E+50   1.148125068E+50   5.634097459E+50   5.250772786E+50   1.703324514E+51
   5.700030599E+03  -1.529791684E+50   1.146843357E+50   5.633727747E+50   5.250779419E+50   1.703325177E+51
   5.760025635E+03  -1.527220167E+50   1.144647305E+50   5.633365215E+50   5.250792353E+50   1.703326471E+51
   5.820027512E+03  -1.525711143E+50   1.143505811E+50   5.633006267E+50   5.250800935E+50   1.703327329E+51
   5.880033035E+03  -1.525308088E+50   1.143461962E+50   5.632650934E+50   5.250804808E+50   1.703327716E+51
   5.940067031E+03  -1.525143737E+50   1.143651201E+50   5.632301140E+50   5.250808604E+50   1.703328096E+51
   6.000059815E+03  -1.525847255E+50   1.144698323E+50   5.631959176E+50   5.250810244E+50   1.703328260E+51
   6.060065033E+03  -1.526792894E+50   1.145979194E+50   5.631625750E+50   5.250812051E+50   1.703328441E+51
   6.120051997E+03  -1.527035594E+50   1.146555198E+50   5.631299087E+50   5.250818691E+50   1.703329105E+51
   6.180035863E+03  -1.528051563E+50   1.147894218E+50   5.630976780E+50   5.250819435E+50   1.703329179E+51
   6.240004609E+03  -1.529474071E+50   1.149632344E+50   5.630658532E+50   5.250816805E+50   1.703328916E+51
   6.300018360E+03  -1.530729218E+50   1.151202238E+50   5.630343990E+50   5.250817011E+50   1.703328937E+51
   6.360032282E+03  -1.532453952E+50   1.153230579E+50   5.630034327E+50   5.250810955E+50   1.703328331E+51
   6.420039587E+03  -1.532175067E+50   1.153258737E+50   5.629730759E+50   5.250814429E+50   1.703328678E+51
   6.480013223E+03  -1.531029201E+50   1.152411344E+50   5.629435830E+50   5.250817972E+50   1.703329033E+51
   6.540041126E+03  -1.529754166E+50   1.151424806E+50   5.629148852E+50   5.250819492E+50   1.703329185E+51
   6.600011964E+03  -1.527506232E+50   1.149465256E+50   5.628867826E+50   5.250826850E+50   1.703329921E+51
   6.660047979E+03  -1.525740170E+50   1.147981431E+50   5.628590279E+50   5.250831539E+50   1.703330390E+51
   6.720036371E+03  -1.525228535E+50   1.147741681E+50   5.628316104E+50   5.250829250E+50   1.703330161E+51
   6.780015999E+03  -1.524072546E+50   1.146861768E+50   5.628043261E+50   5.250832482E+50   1.703330484E+51
   6.840068643E+03  -1.523547178E+50   1.146608703E+50   5.627771673E+50   5.250833198E+50   1.703330555E+51
   6.900021159E+03  -1.523843651E+50   1.147171678E+50   5.627504027E+50   5.250832055E+50   1.703330441E+51
   6.960032859E+03  -1.523978312E+50   1.147572022E+50   5.627240850E+50   5.250834560E+50   1.703330692E+51
   7.020027417E+03  -1.524022525E+50   1.147877556E+50   5.626981614E+50   5.250836645E+50   1.703330900E+51
   7.080045537E+03  -1.523738081E+50   1.147857229E+50   5.626725066E+50   5.250844214E+50   1.703331657E+51
