 0001  0.1451774272484050E+009
 0002  0.1457694072427768E+009
 0003  0.1463793914954027E+009
 0004  0.1470059086269102E+009
 0005  0.1476495537517643E+009
 0006  0.1483138294095340E+009
 0007  0.1489997613510798E+009
 0008  0.1497122059803623E+009
 0009  0.1504526841371743E+009
 0010  0.1512175984732329E+009
 0011  0.1520039390378650E+009
 0012  0.1528150664025120E+009
 0013  0.1536531256367169E+009
 0014  0.1545191754109908E+009
 0015  0.1554155345086339E+009
 0016  0.1563448256897502E+009
 0017  0.1573113580531021E+009
 0018  0.1583101040733164E+009
 0019  0.1593380400703934E+009
 0020  0.1603991536721121E+009
 0021  0.1614982047336740E+009
 0022  0.1626480635030599E+009
 0023  0.1638500334950486E+009
 0024  0.1651034056564755E+009
 0025  0.1663962603451952E+009
 0026  0.1677325835496358E+009
 0027  0.1691275277444116E+009
 0028  0.1705871406391527E+009
 0029  0.1721147384832635E+009
 0030  0.1737475278088087E+009
 0031  0.1754808491203268E+009
 0032  0.1772977664841598E+009
 0033  0.1791764816413192E+009
 0034  0.1811433402439116E+009
 0035  0.1831965672249260E+009
 0036  0.1853153760081558E+009
 0037  0.1875333611593387E+009
 0038  0.1898481476349193E+009
 0039  0.1922621375523832E+009
 0040  0.1947971008325689E+009
 0041  0.1974705702059757E+009
 0042  0.2002515583648120E+009
 0043  0.2032058148006625E+009
 0044  0.2062968314061469E+009
 0045  0.2095642311584540E+009
 0046  0.2130429709065984E+009
 0047  0.2167070645256423E+009
 0048  0.2206363951877950E+009
 0049  0.2248588766206996E+009
 0050  0.2293144315296339E+009
 0051  0.2341250916145885E+009
 0052  0.2392881184899082E+009
 0053  0.2448021826705240E+009
 0054  0.2509030714520636E+009
 0055  0.2574549733371415E+009
 0056  0.2644359295520594E+009
 0057  0.2740229171732719E+009
 0058  0.2867028043970985E+009
 0059  0.2999958856987523E+009
 0060  0.3137601685106729E+009
 0061  0.3280675460517682E+009
 0062  0.3429718163124521E+009
 0063  0.3583927911324395E+009
 0064  0.3744628007872703E+009
 0065  0.3911672436668400E+009
 0066  0.4085179380936900E+009
 0067  0.4266707345452922E+009
 0068  0.4454161207240185E+009
 0069  0.4648984403477352E+009
 0070  0.4850769490817664E+009
 0071  0.5063508397049161E+009
 0072  0.5284163047542489E+009
 0073  0.5521615173942323E+009
 0074  0.5808059987457660E+009
 0075  0.6102686547474282E+009
 0076  0.6403429400906157E+009
 0077  0.6710315351253363E+009
 0078  0.7021371216541138E+009
 0079  0.7338714032621685E+009
 0080  0.7662449053196018E+009
 0081  0.7993705055476255E+009
 0082  0.8330938253034809E+009
 0083  0.8671258952514645E+009
 0084  0.9018465434009302E+009
 0085  0.9371206508551157E+009
 0086  0.9731386465787454E+009
 0087  0.1009418598266088E+010
 0088  0.1046565455882161E+010
 0089  0.1084295133718745E+010
 0090  0.1122617718239482E+010
 0091  0.1161865964617194E+010
 0092  0.1201853566531896E+010
 0093  0.1242455500558584E+010
 0094  0.1283503866019368E+010
 0095  0.1325294424291192E+010
 0096  0.1368082710195911E+010
 0097  0.1411630176507245E+010
 0098  0.1455665742071306E+010
 0099  0.1500756889302271E+010
 0100  0.1546503877852149E+010
 0101  0.1591782243202935E+010
 0102  0.1637001531262069E+010
 0103  0.1681454590980936E+010
 0104  0.1725405363578488E+010
 0105  0.1768848058690588E+010
 0106  0.1812098626494943E+010
 0107  0.1854709453348969E+010
 0108  0.1897014560155931E+010
 0109  0.1938647224751477E+010
 0110  0.1980057616728550E+010
 0111  0.2021227329177671E+010
 0112  0.2061675458542021E+010
 0113  0.2102006244206071E+010
 0114  0.2141973762564636E+010
 0115  0.2181685204988219E+010
 0116  0.2220874929069758E+010
 0117  0.2259835995936207E+010
 0118  0.2298475189006225E+010
 0119  0.2336614111918400E+010
 0120  0.2374559704064684E+010
 0121  0.2412301863108541E+010
 0122  0.2449774628727497E+010
 0123  0.2486733691274254E+010
 0124  0.2523384188612969E+010
 0125  0.2559814345593813E+010
 0126  0.2596049037899567E+010
 0127  0.2632063487799841E+010
 0128  0.2667837894263060E+010
 0129  0.2703505269433457E+010
 0130  0.2739262325446011E+010
 0131  0.2774801672248224E+010
 0132  0.2809912432694325E+010
 0133  0.2844753066913481E+010
 0134  0.2879369836581547E+010
 0135  0.2913869237703803E+010
 0136  0.2948231019070016E+010
 0137  0.2982392256956095E+010
 0138  0.3016385520533444E+010
 0139  0.3050245128815471E+010
 0140  0.3084005775365303E+010
 0141  0.3117705096782041E+010
 0142  0.3151563692340024E+010
 0143  0.3185168994038388E+010
 0144  0.3218587333214448E+010
 0145  0.3251918559910089E+010
 0146  0.3285033002425635E+010
 0147  0.3318164131025630E+010
 0148  0.3351225983118785E+010
 0149  0.3384241190165371E+010
 0150  0.3417077197639351E+010
 0151  0.3449600001704206E+010
 0152  0.3482216166105495E+010
 0153  0.3514748274630962E+010
 0154  0.3546967457089988E+010
 0155  0.3579095958459490E+010
 0156  0.3611280811526003E+010
 0157  0.3643271593081662E+010
 0158  0.3675016310664953E+010
 0159  0.3706937522801867E+010
 0160  0.3738759323146336E+010
 0161  0.3770429208310796E+010
 0162  0.3801868957430457E+010
 0163  0.3833305055640914E+010
 0164  0.3864702271288911E+010
 0165  0.3896002496986860E+010
 0166  0.3927208016512596E+010
 0167  0.3958361498335084E+010
 0168  0.3989533405435070E+010
 0169  0.4020605646402996E+010
 0170  0.4051580663472732E+010
 0171  0.4082486416885170E+010
 0172  0.4113324926516215E+010
 0173  0.4144114245540572E+010
 0174  0.4174853895725806E+010
 0175  0.4205546916665287E+010
 0176  0.4236182953322214E+010
 0177  0.4266744631418110E+010
 0178  0.4297101355674399E+010
 0179  0.4327413816266765E+010
 0180  0.4357794386429255E+010
 0181  0.4388081808549476E+010
 0182  0.4418239562140111E+010
 0183  0.4448317559260594E+010
 0184  0.4478335902267266E+010
 0185  0.4508315194475641E+010
 0186  0.4538382082838022E+010
 0187  0.4568365929101186E+010
 0188  0.4598385107159709E+010
 0189  0.4628452473939390E+010
 0190  0.4658400317177800E+010
 0191  0.4688305412206602E+010
 0192  0.4718174433641166E+010
 0193  0.4748009943427133E+010
 0194  0.4777801059327710E+010
 0195  0.4807717540675042E+010
 0196  0.4837563447167608E+010
 0197  0.4867336940256578E+010
 0198  0.4897051934485673E+010
 0199  0.4926718048248866E+010
 0200  0.4956339497994941E+010
 0201  0.4985883669253582E+010
 0202  0.5015604607192282E+010
 0203  0.5045290714585729E+010
 0204  0.5074947576588172E+010
 0205  0.5104478861249571E+010
 0206  0.5133858254949741E+010
 0207  0.5163217947202845E+010
 0208  0.5192584499518133E+010
 0209  0.5222076846775121E+010
 0210  0.5251582501568200E+010
 0211  0.5281097948026025E+010
 0212  0.5310624338117007E+010
 0213  0.5340147533438101E+010
 0214  0.5369665912813462E+010
 0215  0.5399209021349107E+010
 0216  0.5428756925776578E+010
 0217  0.5458349993516573E+010
 0218  0.5487959371492859E+010
 0219  0.5517540183710170E+010
 0220  0.5547116702492879E+010
 0221  0.5576679069106813E+010
 0222  0.5606203624599024E+010
 0223  0.5635651234672009E+010
 0224  0.5665028149958784E+010
 0225  0.5694482308365924E+010
 0226  0.5724076353907398E+010
 0227  0.5753853178360666E+010
 0228  0.5783573387201428E+010
 0229  0.5813476819076215E+010
 0230  0.5843430831270471E+010
 0231  0.5873494437545206E+010
 0232  0.5903987315003976E+010
 0233  0.5934940245088592E+010
 0234  0.5966482541769300E+010
 0235  0.5998519354803714E+010
 0236  0.6031142454693560E+010
 0237  0.6064338918263586E+010
 0238  0.6097988915730273E+010
 0239  0.6131979094456710E+010
 0240  0.6166172117658220E+010
 0241  0.6200729795085677E+010
 0242  0.6235902124592680E+010
 0243  0.6271350022951441E+010
 0244  0.6306988594833098E+010
 0245  0.6342524818217355E+010
 0246  0.6378064021275307E+010
 0247  0.6413579939001448E+010
 0248  0.6449034934569615E+010
 0249  0.6484661208743066E+010
 0250  0.6520116329202525E+010
 0251  0.6555614482429413E+010
 0252  0.6591317819240021E+010
 0253  0.6627368427532705E+010
 0254  0.6663535013713143E+010
 0255  0.6699564889550826E+010
 0256  0.6735505587655996E+010
 0257  0.6771435368074463E+010
 0258  0.6807541859732451E+010
 0259  0.6843768608474158E+010
 0260  0.6880118326435857E+010
 0261  0.6916517158529801E+010
 0262  0.6952869356039262E+010
 0263  0.6989200086942298E+010
 0264  0.7025839684842239E+010
 0265  0.7062610160394542E+010
 0266  0.7099648167268873E+010
 0267  0.7136602006985073E+010
 0268  0.7173544871054729E+010
 0269  0.7210454068576044E+010
 0270  0.7247594208753606E+010
 0271  0.7284676809149488E+010
 0272  0.7321750982281562E+010
 0273  0.7358985523760401E+010
 0274  0.7396685092378284E+010
 0275  0.7434635589247687E+010
 0276  0.7472659481672902E+010
 0277  0.7510998517926938E+010
 0278  0.7549519175994119E+010
 0279  0.7588350234880589E+010
 0280  0.7627445118378104E+010
 0281  0.7666742942620346E+010
 0282  0.7706249294323802E+010
 0283  0.7746273607517945E+010
 0284  0.7787105018381025E+010
 0285  0.7828508282043902E+010
 0286  0.7870178771857368E+010
 0287  0.7912417917549883E+010
 0288  0.7955638535313951E+010
 0289  0.8000082779383176E+010
 0290  0.8051947844318429E+010
 0291  0.8103516009244916E+010
 0292  0.8154938272398203E+010
 0293  0.8206182923535202E+010
 0294  0.8257324823207070E+010
 0295  0.8308483528433474E+010
 0296  0.8359599295017006E+010
 0297  0.8410668769521853E+010
 0298  0.8461556396303146E+010
 0299  0.8512524946693180E+010
 0300  0.8563193800912702E+010
 0301  0.8613780536364347E+010
 0302  0.8664285421758074E+010
 0303  0.8714751242034103E+010
 0304  0.8765204514852083E+010
 0305  0.8815550144053844E+010
 0306  0.8865729163786455E+010
 0307  0.8915860964397619E+010
 0308  0.8966035902608965E+010
 0309  0.9016019009378376E+010
 0310  0.9065823316435417E+010
 0311  0.9115686722554052E+010
 0312  0.9165532617775112E+010
 0313  0.9215129707256294E+010
 0314  0.9264841623884508E+010
 0315  0.9314496254251842E+010
 0316  0.9363925000115553E+010
 0317  0.9413486906392035E+010
 0318  0.9462771251828640E+010
 0319  0.9512207404828592E+010
 0320  0.9561386809753799E+010
 0321  0.9610412795549780E+010
 0322  0.9659296000484911E+010
 0323  0.9708110555793446E+010
 0324  0.9757115129673588E+010
 0325  0.9806004673071604E+010
 0326  0.9854785656844902E+010
 0327  0.9903517352950739E+010
 0328  0.9952195301389151E+010
 0329  0.1000079943933544E+011
 0330  0.1004922649903988E+011
 0331  0.1009742480443695E+011
 0332  0.1014588450518818E+011
 0333  0.1019423504612656E+011
 0334  0.1024236398443658E+011
 0335  0.1029038990072320E+011
 0336  0.1033844375537719E+011
 0337  0.1038655049540319E+011
 0338  0.1043444488636123E+011
 0339  0.1048207410670138E+011
 0340  0.1052984056843446E+011
 0341  0.1057759857245814E+011
 0342  0.1062528810990085E+011
 0343  0.1067290953110461E+011
 0344  0.1072046327586369E+011
 0345  0.1076786170397658E+011
 0346  0.1081502200886890E+011
 0347  0.1086212910506817E+011
 0348  0.1090946055256578E+011
 0349  0.1095672568090251E+011
 0350  0.1100392506852831E+011
 0351  0.1105105939061668E+011
 0352  0.1109812859803623E+011
 0353  0.1114513320827254E+011
 0354  0.1119207408124782E+011
 0355  0.1123895115976853E+011
 0356  0.1128576541870699E+011
 0357  0.1133251636536508E+011
 0358  0.1137920424742627E+011
 0359  0.1142583002014241E+011
 0360  0.1147229157872339E+011
 0361  0.1151856379921188E+011
 0362  0.1156506985897141E+011
 0363  0.1161151694260988E+011
 0364  0.1165789612280156E+011
 0365  0.1170405365125600E+011
 0366  0.1175012682428462E+011
 0367  0.1179625988651644E+011
 0368  0.1184240490878019E+011
 0369  0.1188838630732742E+011
 0370  0.1193424410919559E+011
 0371  0.1198012081581952E+011
 0372  0.1202602183794483E+011
 0373  0.1207170978159976E+011
 0374  0.1211758448485691E+011
 0375  0.1216335778547807E+011
 0376  0.1220892005460048E+011
 0377  0.1225436981221568E+011
 0378  0.1229976692222676E+011
 0379  0.1234537085954568E+011
 0380  0.1239092044710412E+011
 0381  0.1243635448352373E+011
 0382  0.1248158310944702E+011
 0383  0.1252691318600362E+011
 0384  0.1257221920625188E+011
 0385  0.1261746280886276E+011
 0386  0.1266254447574938E+011
 0387  0.1270742715124354E+011
 0388  0.1275239384599675E+011
 0389  0.1279743883159996E+011
 0390  0.1284243448037139E+011
 0391  0.1288738130132321E+011
 0392  0.1293223800716526E+011
 0393  0.1297692376708097E+011
 0394  0.1302162816629985E+011
 0395  0.1306643401212322E+011
 0396  0.1311117026248236E+011
 0397  0.1315583550335783E+011
 0398  0.1320042898010758E+011
 0399  0.1324488018218523E+011
 0400  0.1328932209125670E+011
 0401  0.1333392307855236E+011
 0402  0.1337842330740799E+011
 0403  0.1342278712360257E+011
 0404  0.1346705678296393E+011
 0405  0.1351128404888285E+011
 0406  0.1355555622954966E+011
 0407  0.1359988880000583E+011
 0408  0.1364409068001547E+011
 0409  0.1368811955232965E+011
 0410  0.1373210728083515E+011
 0411  0.1377605684302595E+011
 0412  0.1381997015249643E+011
 0413  0.1386384641170638E+011
 0414  0.1390768706990453E+011
 0415  0.1395136249700038E+011
 0416  0.1399486098438221E+011
 0417  0.1403818611664387E+011
 0418  0.1408133937623308E+011
 0419  0.1412431673408135E+011
 0420  0.1416712160973806E+011
 0421  0.1420975736260534E+011
 0422  0.1425222729404804E+011
 0423  0.1429453464943083E+011
 0424  0.1433668262008626E+011
 0425  0.1437867434521684E+011
 0426  0.1442051291373464E+011
 0427  0.1446292158795455E+011
 0428  0.1450609557901070E+011
 0429  0.1455007859200028E+011
 0430  0.1459491804231952E+011
 0431  0.1464057217049685E+011
 0432  0.1468701450262045E+011
 0433  0.1473428973116560E+011
 0434  0.1478244627271614E+011
 0435  0.1483137881630009E+011
 0436  0.1488046203257458E+011
 0437  0.1492970482613312E+011
 0438  0.1497911636263343E+011
 0439  0.1502870608489145E+011
 0440  0.1507848373000712E+011
 0441  0.1512845934760978E+011
 0442  0.1517864331932060E+011
 0443  0.1522904637953884E+011
 0444  0.1527967963766905E+011
 0445  0.1533039584655525E+011
 0446  0.1538114653252221E+011
 0447  0.1543193819496426E+011
 0448  0.1548277742900002E+011
 0449  0.1553367093252281E+011
 0450  0.1558462551353730E+011
 0451  0.1563566256087737E+011
 0452  0.1568684921623789E+011
 0453  0.1573819445050211E+011
 0454  0.1578970748984049E+011
 0455  0.1584121105105463E+011
 0456  0.1589260867214001E+011
 0457  0.1594390509854409E+011
 0458  0.1599510505145575E+011
 0459  0.1604603277640124E+011
 0460  0.1609669291929860E+011
 0461  0.1614709002240382E+011
 0462  0.1619722852674018E+011
 0463  0.1624711277547542E+011
 0464  0.1629674701716281E+011
 0465  0.1634613540885256E+011
 0466  0.1639528201908056E+011
 0467  0.1644419083073982E+011
 0468  0.1649307471919711E+011
 0469  0.1654208410092032E+011
 0470  0.1659122623833194E+011
 0471  0.1664050858262269E+011
 0472  0.1668993878440796E+011
 0473  0.1673939257362976E+011
 0474  0.1678873838853514E+011
 0475  0.1683798004340982E+011
 0476  0.1688712132889438E+011
 0477  0.1693616601404678E+011
 0478  0.1698510566632828E+011
 0479  0.1703388990272703E+011
 0480  0.1708252218720970E+011
 0481  0.1713100593956549E+011
 0482  0.1717934453719993E+011
 0483  0.1722754131688199E+011
 0484  0.1727559957644740E+011
 0485  0.1732358869984806E+011
 0486  0.1737163674764473E+011
 0487  0.1741974894804483E+011
 0488  0.1746793062281841E+011
 0489  0.1751615932259787E+011
 0490  0.1756423099489725E+011
 0491  0.1761214878983423E+011
 0492  0.1765991581583105E+011
 0493  0.1770753514113803E+011
 0494  0.1775500979531639E+011
 0495  0.1780231711731755E+011
 0496  0.1784944261811349E+011
 0497  0.1789638922960536E+011
 0498  0.1794315983616911E+011
 0499  0.1798975727608379E+011
 0500  0.1803618434291484E+011
 0501  0.1808244378685492E+011
 0502  0.1812853831602340E+011
 0503  0.1817447059772717E+011
 0504  0.1822037816651749E+011
 0505  0.1826628891774315E+011
 0506  0.1831220643597704E+011
 0507  0.1835813434171183E+011
 0508  0.1840407629368244E+011
 0509  0.1845003599125649E+011
 0510  0.1849591322161187E+011
 0511  0.1854165913788445E+011
 0512  0.1858727624929119E+011
 0513  0.1863276703748740E+011
 0514  0.1867813395756356E+011
 0515  0.1872337943902002E+011
 0516  0.1876850588672074E+011
 0517  0.1881355568880798E+011
 0518  0.1885871568800073E+011
 0519  0.1890399107667636E+011
 0520  0.1894938717400618E+011
 0521  0.1899484804546949E+011
 0522  0.1904020856372589E+011
 0523  0.1908547113855807E+011
 0524  0.1913063816347810E+011
 0525  0.1917568469100036E+011
 0526  0.1922052143219580E+011
 0527  0.1926515082729956E+011
 0528  0.1930957527163909E+011
 0529  0.1935379711676449E+011
 0530  0.1939781867154350E+011
 0531  0.1944164220322160E+011
 0532  0.1948526993844900E+011
 0533  0.1952870406427533E+011
 0534  0.1957203352201011E+011
 0535  0.1961545801738599E+011
 0536  0.1965898192247074E+011
 0537  0.1970260970894973E+011
 0538  0.1974634595263953E+011
 0539  0.1979001558476016E+011
 0540  0.1983350190528872E+011
 0541  0.1987680696556105E+011
 0542  0.1991993278237363E+011
 0543  0.1996288133880054E+011
 0544  0.2000565458498648E+011
 0545  0.2004825443891659E+011
 0546  0.2009068278716322E+011
 0547  0.2013294148561185E+011
 0548  0.2017511903984545E+011
 0549  0.2021724376524841E+011
 0550  0.2025931762465869E+011
 0551  0.2030134258093715E+011
 0552  0.2034332059762795E+011
 0553  0.2038525363962310E+011
 0554  0.2042714367383059E+011
 0555  0.2046898782719287E+011
 0556  0.2051076271635929E+011
 0557  0.2055247011176204E+011
 0558  0.2059411177840147E+011
 0559  0.2063568947637290E+011
 0560  0.2067720496139236E+011
 0561  0.2071865998532048E+011
 0562  0.2076004811028162E+011
 0563  0.2080130448134336E+011
 0564  0.2084243063811418E+011
 0565  0.2088342810048812E+011
 0566  0.2092429836909540E+011
 0567  0.2096504292574248E+011
 0568  0.2100566323384103E+011
 0569  0.2104616073882716E+011
 0570  0.2108653686856999E+011
 0571  0.2112679303377140E+011
 0572  0.2116700676922614E+011
 0573  0.2120725971180570E+011
 0574  0.2124755445520083E+011
 0575  0.2128789363335135E+011
 0576  0.2132827992207046E+011
 0577  0.2136871604072814E+011
 0578  0.2140912397352949E+011
 0579  0.2144947471600816E+011
 0580  0.2148976980600333E+011
 0581  0.2153001077918971E+011
 0582  0.2157019916949483E+011
 0583  0.2161030375984113E+011
 0584  0.2165030418619938E+011
 0585  0.2169020176367026E+011
 0586  0.2172999779456514E+011
 0587  0.2176969356872496E+011
 0588  0.2180929036383378E+011
 0589  0.2184874439844009E+011
 0590  0.2188803379454021E+011
 0591  0.2192715991730819E+011
 0592  0.2196612411070444E+011
 0593  0.2200492769789857E+011
 0594  0.2204357198168146E+011
 0595  0.2208205824486702E+011
 0596  0.2212038775068336E+011
 0597  0.2215856174315495E+011
 0598  0.2219658144747446E+011
 0599  0.2223444807036597E+011
 0600  0.2227216280043898E+011
 0601  0.2230979227219254E+011
 0602  0.2234752322224156E+011
 0603  0.2238535898183023E+011
 0604  0.2242330296267978E+011
 0605  0.2246135866019557E+011
 0606  0.2249952965682710E+011
 0607  0.2253773575630189E+011
 0608  0.2257583135667546E+011
 0609  0.2261381751712307E+011
 0610  0.2265169528473096E+011
 0611  0.2268946569472993E+011
 0612  0.2272712977072480E+011
 0613  0.2276468852491861E+011
 0614  0.2280214295833188E+011
 0615  0.2283949839053148E+011
 0616  0.2287675703332748E+011
 0617  0.2291391985790091E+011
 0618  0.2295098782584054E+011
 0619  0.2298796188933554E+011
 0620  0.2302484299136570E+011
 0621  0.2306163206588720E+011
 0622  0.2309833003801563E+011
 0623  0.2313493782420463E+011
 0624  0.2317152451028855E+011
 0625  0.2320811834762486E+011
 0626  0.2324472085958269E+011
 0627  0.2328133358522805E+011
 0628  0.2331795807991195E+011
 0629  0.2335459591587329E+011
 0630  0.2339118996051234E+011
 0631  0.2342771370020860E+011
 0632  0.2346416805666737E+011
 0633  0.2350055394641149E+011
 0634  0.2353687228094644E+011
 0635  0.2357312396692299E+011
 0636  0.2360926220441010E+011
 0637  0.2364526132290211E+011
 0638  0.2368112224691727E+011
 0639  0.2371684588805031E+011
 0640  0.2375243314519536E+011
 0641  0.2378788490476513E+011
 0642  0.2382320204090361E+011
 0643  0.2385838541569626E+011
 0644  0.2389343587937372E+011
 0645  0.2392835427051285E+011
 0646  0.2396314141623204E+011
 0647  0.2399780575607822E+011
 0648  0.2403243887814431E+011
 0649  0.2406704171178019E+011
 0650  0.2410161518833912E+011
 0651  0.2413616024137045E+011
 0652  0.2417067780681493E+011
 0653  0.2420516882320102E+011
 0654  0.2423963423184411E+011
 0655  0.2427407497704824E+011
 0656  0.2430849200631001E+011
 0657  0.2434291754400541E+011
 0658  0.2437736354658038E+011
 0659  0.2441183142437195E+011
 0660  0.2444632260568563E+011
 0661  0.2448083853737620E+011
 0662  0.2451538068544697E+011
 0663  0.2454985206397610E+011
 0664  0.2458423880461662E+011
 0665  0.2461854158085742E+011
 0666  0.2465276105985207E+011
 0667  0.2468689790252307E+011
 0668  0.2472095276366418E+011
 0669  0.2475492629204205E+011
 0670  0.2478886048463014E+011
 0671  0.2482276354383768E+011
 0672  0.2485663629739804E+011
 0673  0.2489047957465070E+011
 0674  0.2492429420669846E+011
 0675  0.2495808102656534E+011
 0676  0.2499174778437334E+011
 0677  0.2502529148057673E+011
 0678  0.2505871279447329E+011
 0679  0.2509201239653094E+011
 0680  0.2512519094852579E+011
 0681  0.2515824910367797E+011
 0682  0.2519118750678502E+011
 0683  0.2522400679435188E+011
 0684  0.2525670759471952E+011
 0685  0.2528929052819033E+011
 0686  0.2532175620715179E+011
 0687  0.2535417562155003E+011
 0688  0.2538662960811168E+011
 0689  0.2541911956136724E+011
 0690  0.2545164689720349E+011
 0691  0.2548421305350946E+011
 0692  0.2551681949084632E+011
 0693  0.2554946769313707E+011
 0694  0.2558208268786527E+011
 0695  0.2561462041812086E+011
 0696  0.2564708141194771E+011
 0697  0.2567946619254349E+011
 0698  0.2571177527833037E+011
 0699  0.2574400918302352E+011
 0700  0.2577616841569936E+011
 0701  0.2580825348086217E+011
 0702  0.2584027684591948E+011
 0703  0.2587226913200570E+011
 0704  0.2590423098803017E+011
 0705  0.2593616306377721E+011
 0706  0.2596806601000764E+011
 0707  0.2599994047856171E+011
 0708  0.2603178712246318E+011
 0709  0.2606360033768598E+011
 0710  0.2609531679276263E+011
 0711  0.2612693697296223E+011
 0712  0.2615846135779899E+011
 0713  0.2618989042110996E+011
 0714  0.2622122463112994E+011
 0715  0.2625246445056566E+011
 0716  0.2628361033666831E+011
 0717  0.2631466274130657E+011
 0718  0.2634562211103448E+011
 0719  0.2637648888716345E+011
 0720  0.2640726350582811E+011
 0721  0.2643801094558708E+011
 0722  0.2646876634150714E+011
 0723  0.2649953058119074E+011
 0724  0.2653030456149000E+011
 0725  0.2656108918876761E+011
 0726  0.2659188537916498E+011
 0727  0.2662269405887742E+011
 0728  0.2665351616443574E+011
 0729  0.2668431311450864E+011
 0730  0.2671507301613277E+011
 0731  0.2674579637939455E+011
 0732  0.2677648371399734E+011
 0733  0.2680713552932362E+011
 0734  0.2683775233449820E+011
 0735  0.2686833463845244E+011
 0736  0.2689889578494999E+011
 0737  0.2692945764530021E+011
 0738  0.2696002100034264E+011
 0739  0.2699058663781857E+011
 0740  0.2702115535256883E+011
 0741  0.2705172794673578E+011
 0742  0.2708220214801260E+011
 0743  0.2711257443096332E+011
 0744  0.2714284521936585E+011
 0745  0.2717301493195941E+011
 0746  0.2720308398251370E+011
 0747  0.2723305277989749E+011
 0748  0.2726292172814666E+011
 0749  0.2729269122652851E+011
 0750  0.2732236166960848E+011
 0751  0.2735193344731395E+011
 0752  0.2738144379343076E+011
 0753  0.2741093014787999E+011
 0754  0.2744039300800829E+011
 0755  0.2746983287236777E+011
 0756  0.2749925024078391E+011
 0757  0.2752864561442599E+011
 0758  0.2755801949587817E+011
 0759  0.2758737238920958E+011
 0760  0.2761670480004785E+011
 0761  0.2764604774981548E+011
 0762  0.2767549994285603E+011
 0763  0.2770506397592694E+011
 0764  0.2773474251394062E+011
 0765  0.2776452190651281E+011
 0766  0.2779420364386836E+011
 0767  0.2782378809961793E+011
 0768  0.2785327564301275E+011
 0769  0.2788266663900285E+011
 0770  0.2791196144829527E+011
 0771  0.2794116042741028E+011
 0772  0.2797026392873786E+011
 0773  0.2799927230059290E+011
 0774  0.2802821732225394E+011
 0775  0.2805710868414614E+011
 0776  0.2808594670451641E+011
 0777  0.2811473169948797E+011
 0778  0.2814346398308701E+011
 0779  0.2817214386727146E+011
 0780  0.2820077166195655E+011
 0781  0.2822934767504171E+011
 0782  0.2825787221243875E+011
 0783  0.2828634557809632E+011
 0784  0.2831478206118886E+011
 0785  0.2834318752887330E+011
 0786  0.2837156235843213E+011
 0787  0.2839990692709720E+011
 0788  0.2842822161208799E+011
 0789  0.2845650679064904E+011
 0790  0.2848476284009156E+011
 0791  0.2851299013783033E+011
 0792  0.2854118906142482E+011
 0793  0.2856935998861831E+011
 0794  0.2859757188999872E+011
 0795  0.2862587424789426E+011
 0796  0.2865426913420572E+011
 0797  0.2868275867061119E+011
 0798  0.2871134503028114E+011
 0799  0.2873994352307143E+011
 0800  0.2876847651547682E+011
 0801  0.2879694427869149E+011
 0802  0.2882534708125484E+011
 0803  0.2885368518907661E+011
 0804  0.2888195886546337E+011
 0805  0.2891016837114436E+011
 0806  0.2893831396429790E+011
 0807  0.2896640584497096E+011
 0808  0.2899444573640615E+011
 0809  0.2902243390602930E+011
 0810  0.2905037061938451E+011
 0811  0.2907825614015461E+011
 0812  0.2910609073018317E+011
 0813  0.2913387464949449E+011
 0814  0.2916160815631380E+011
 0815  0.2918929150708762E+011
 0816  0.2921692495650404E+011
 0817  0.2924458865359209E+011
 0818  0.2927235134528150E+011
 0819  0.2930021526757586E+011
 0820  0.2932818271290737E+011
 0821  0.2935625603215124E+011
 0822  0.2938437098781232E+011
 0823  0.2941241034726508E+011
 0824  0.2944037435694263E+011
 0825  0.2946826326048861E+011
 0826  0.2949607729878783E+011
 0827  0.2952381670999688E+011
 0828  0.2955148172957136E+011
 0829  0.2957907259029587E+011
 0830  0.2960658952231153E+011
 0831  0.2963403275314500E+011
 0832  0.2966140250773451E+011
 0833  0.2968885658537806E+011
 0834  0.2971641818936626E+011
 0835  0.2974408975045337E+011
 0836  0.2977187376347395E+011
 0837  0.2979977278970784E+011
 0838  0.2982771415982376E+011
 0839  0.2985564783089151E+011
 0840  0.2988357428430812E+011
 0841  0.2991149400463145E+011
 0842  0.2993940747966372E+011
 0843  0.2996729823366432E+011
 0844  0.2999512421027852E+011
 0845  0.3002288563384731E+011
 0846  0.3005058272638311E+011
 0847  0.3007821570759282E+011
 0848  0.3010578479489775E+011
 0849  0.3013329020345582E+011
 0850  0.3016073214618240E+011
 0851  0.3018811083377023E+011
 0852  0.3021542647471073E+011
 0853  0.3024267927531326E+011
 0854  0.3026998295175161E+011
 0855  0.3029741010787126E+011
 0856  0.3032496358377005E+011
 0857  0.3035264630015976E+011
 0858  0.3038046126153702E+011
 0859  0.3040837965054340E+011
 0860  0.3043626206386277E+011
 0861  0.3046410878582007E+011
 0862  0.3049192010008791E+011
 0863  0.3051969628971250E+011
 0864  0.3054743763713228E+011
 0865  0.3057514442420082E+011
 0866  0.3060281693220918E+011
 0867  0.3063045544190699E+011
 0868  0.3065817431902270E+011
 0869  0.3068597602710764E+011
 0870  0.3071386239020761E+011
 0871  0.3074183527410641E+011
 0872  0.3076989658769315E+011
 0873  0.3079798412851342E+011
 0874  0.3082604604986686E+011
 0875  0.3085408268841423E+011
 0876  0.3088209438123338E+011
 0877  0.3091008146585202E+011
 0878  0.3093804428028219E+011
 0879  0.3096598316305470E+011
 0880  0.3099389845325124E+011
 0881  0.3102180194727050E+011
 0882  0.3104973370088168E+011
 0883  0.3107769456711597E+011
 0884  0.3110568541131425E+011
 0885  0.3113370711143461E+011
 0886  0.3116176055836764E+011
 0887  0.3118984665626131E+011
 0888  0.3121796632285252E+011
 0889  0.3124612048981641E+011
 0890  0.3127437309932753E+011
 0891  0.3130273803560569E+011
 0892  0.3133121782209002E+011
 0893  0.3135981504903299E+011
 0894  0.3138853237597430E+011
 0895  0.3141735715883681E+011
 0896  0.3144622999352655E+011
 0897  0.3147515206081362E+011
 0898  0.3150412456220717E+011
 0899  0.3153314872052396E+011
 0900  0.3156222578047917E+011
 0901  0.3159143541977223E+011
 0902  0.3162086498766434E+011
 0903  0.3165052056487651E+011
 0904  0.3168025867051324E+011
 0905  0.3170997967354759E+011
 0906  0.3173968401688492E+011
 0907  0.3176937214529930E+011
 0908  0.3179904450548926E+011
 0909  0.3182870154614328E+011
 0910  0.3185839278046060E+011
 0911  0.3188813039576539E+011
 0912  0.3191791557067770E+011
 0913  0.3194774950400565E+011
 0914  0.3197763341529711E+011
 0915  0.3200756854540396E+011
 0916  0.3203755615707066E+011
 0917  0.3206768824760073E+011
 0918  0.3209803596769267E+011
 0919  0.3212860516153458E+011
 0920  0.3215940189206977E+011
 0921  0.3219042904354976E+011
 0922  0.3222167322183227E+011
 0923  0.3225314028244037E+011
 0924  0.3228479207649264E+011
 0925  0.3231646564831683E+011
 0926  0.3234816190356618E+011
 0927  0.3237988175950951E+011
 0928  0.3241162614532373E+011
 0929  0.3244339600239418E+011
 0930  0.3247526006795331E+011
 0931  0.3250749155685557E+011
 0932  0.3254010343838393E+011
 0933  0.3257304343954882E+011
 0934  0.3260607371624102E+011
 0935  0.3263919637842735E+011
 0936  0.3267241358318167E+011
 0937  0.3270572753622644E+011
 0938  0.3273919813507810E+011
 0939  0.3277285741148675E+011
 0940  0.3280671013985968E+011
 0941  0.3284076125111866E+011
 0942  0.3287502500855835E+011
 0943  0.3290965609175058E+011
 0944  0.3294466700629475E+011
 0945  0.3298006574389937E+011
 0946  0.3301571754256144E+011
 0947  0.3305162946284297E+011
 0948  0.3308780883437127E+011
 0949  0.3312425966826034E+011
 0950  0.3316098948157631E+011
 0951  0.3319800633288121E+011
 0952  0.3323526961036916E+011
 0953  0.3327277073710706E+011
 0954  0.3331051614392888E+011
 0955  0.3334851249185452E+011
 0956  0.3338685476986844E+011
 0957  0.3342565449008866E+011
 0958  0.3346492850485880E+011
 0959  0.3350469458033272E+011
 0960  0.3354487217583944E+011
 0961  0.3358546614805894E+011
 0962  0.3362649071969881E+011
 0963  0.3366796081553094E+011
 0964  0.3371004067053722E+011
 0965  0.3375276277928537E+011
 0966  0.3379615524573798E+011
 0967  0.3384023952072400E+011
 0968  0.3388504105036864E+011
 0969  0.3393059281825246E+011
 0970  0.3397691469565784E+011
 0971  0.3402403142210317E+011
 0972  0.3407198115998182E+011
 0973  0.3412116156899091E+011
 0974  0.3417177923366512E+011
 0975  0.3422333765921450E+011
 0976  0.3427599927024378E+011
 0977  0.3433009880917302E+011
 0978  0.3438509563396449E+011
 0979  0.3444101395302886E+011
 0980  0.3449862859877813E+011
 0981  0.3455859852328683E+011
 0982  0.3462001312311992E+011
 0983  0.3468337771044724E+011
 0984  0.3474915829104781E+011
 0985  0.3481688523767770E+011
 0986  0.3488678365480473E+011
 0987  0.3495914597463313E+011
 0988  0.3503471328252325E+011
 0989  0.3511558325122473E+011
 0990  0.3520167989222587E+011
 0991  0.3529319941555085E+011
 0992  0.3539066801804314E+011
 0993  0.3549606395218375E+011
 0994  0.3561243813853762E+011
 0995  0.3574135473597858E+011
 0996  0.3588647186081355E+011
 0997  0.3605387029260601E+011
 0998  0.3626006274122432E+011
 0999  0.3655698623720100E+011
 1000  0.3715473636154123E+011
