  0.0000000000E+000  0.0000000000E+000
  6.0037572736E+001  4.2323407370E+005
  1.2009938996E+002  1.7920954498E+005
  1.8013802553E+002  1.3094605139E+005
  2.4014435867E+002  1.0940318152E+005
  3.0013081565E+002  9.5597091872E+004
  3.6015413895E+002  8.6124805401E+004
  4.2015138046E+002  7.8815581838E+004
  4.8010355824E+002  7.2591801956E+004
  5.4014990950E+002  6.6812987011E+004
  6.0009102274E+002  6.1349896660E+004
  6.6012571788E+002  5.6229574703E+004
  7.2014636332E+002  5.1606033034E+004
  7.8013104791E+002  4.7537657488E+004
  8.4010905409E+002  4.3968710174E+004
  9.0010943739E+002  4.1033206743E+004
  9.6009036715E+002  3.8673419324E+004
  1.0201275641E+003  3.6900365152E+004
  1.0801282652E+003  3.5601514183E+004
  1.1400999114E+003  3.4706688450E+004
  1.2001336456E+003  3.4122697780E+004
  1.2600961707E+003  3.3784421793E+004
  1.3200756269E+003  3.3600189324E+004
  1.3800937518E+003  3.3485212156E+004
  1.4400806685E+003  3.3442362592E+004
  1.5001214384E+003  3.3362781433E+004
  1.5600819267E+003  3.3236059958E+004
  1.6200805218E+003  3.3077413183E+004
  1.6801157078E+003  3.2866447271E+004
  1.7401159215E+003  3.2617015112E+004
  1.8001395762E+003  3.2330829994E+004
  1.8601307790E+003  3.2003520873E+004
  1.9201168896E+003  3.1627468307E+004
  1.9801142297E+003  3.1218597068E+004
  2.0400856569E+003  3.0804926507E+004
  2.1001178113E+003  3.0405758028E+004
  2.1601166072E+003  3.0014026675E+004
  2.2200987056E+003  2.9625009216E+004
  2.2801400636E+003  2.9239978086E+004
  2.3401117486E+003  2.8861277469E+004
  2.4001152814E+003  2.8488903292E+004
  2.4600817448E+003  2.8123480987E+004
  2.5201224094E+003  2.7765505520E+004
  2.5801031162E+003  2.7416682957E+004
  2.6401107237E+003  2.7074650777E+004
  2.7001105100E+003  2.6737140970E+004
  2.7600803265E+003  2.6407750987E+004
  2.8200885615E+003  2.6088917948E+004
  2.8801002096E+003  2.5783070344E+004
  2.9401213850E+003  2.5490896427E+004
  3.0001017344E+003  2.5209705293E+004
  3.0601377922E+003  2.4937500915E+004
  3.1200776925E+003  2.4673684282E+004
  3.1800844077E+003  2.4416511758E+004
  3.2401379186E+003  2.4165290929E+004
  3.3001268835E+003  2.3920611813E+004
  3.3600708240E+003  2.3682132287E+004
  3.4200923456E+003  2.3448674983E+004
  3.4800778835E+003  2.3220999040E+004
  3.5400755904E+003  2.2999116756E+004
  3.6000931620E+003  2.2783109328E+004
  3.6601385931E+003  2.2572916380E+004
  3.7200936230E+003  2.2368838435E+004
  3.7801283019E+003  2.2169798250E+004
  3.8400835069E+003  2.1976269871E+004
  3.9000868732E+003  2.1788034270E+004
  3.9600792593E+003  2.1605412933E+004
  4.0201205291E+003  2.1428302492E+004
  4.0800753802E+003  2.1256883705E+004
  4.1401314533E+003  2.1088830507E+004
  4.2001069520E+003  2.0923771505E+004
  4.2601380810E+003  2.0760951068E+004
  4.3201078493E+003  2.0602206489E+004
  4.3800855478E+003  2.0448683719E+004
  4.4401080219E+003  2.0301441193E+004
  4.5000826258E+003  2.0161684033E+004
  4.5600848445E+003  2.0029864495E+004
  4.6201217325E+003  1.9905295046E+004
  4.6800950024E+003  1.9788072261E+004
  4.7400820072E+003  1.9676484556E+004
  4.8000715463E+003  1.9569976800E+004
  4.8600887931E+003  1.9468200537E+004
  4.9201055701E+003  1.9370951631E+004
  4.9801330859E+003  1.9278002991E+004
  5.0400791128E+003  1.9189318722E+004
  5.1001292887E+003  1.9102997982E+004
  5.1600883155E+003  1.9017351889E+004
  5.2201287580E+003  1.8933715285E+004
  5.2801397391E+003  1.8856829526E+004
  5.3401345828E+003  1.8788099012E+004
  5.4001384736E+003  1.8726788493E+004
  5.4600735764E+003  1.8672278049E+004
  5.5200877949E+003  1.8623754957E+004
  5.5801350623E+003  1.8580612665E+004
  5.6400798018E+003  1.8541953420E+004
  5.7001007448E+003  1.8505084084E+004
  5.7600958589E+003  1.8467797904E+004
  5.8200978495E+003  1.8427973471E+004
  5.8801033883E+003  1.8384473533E+004
  5.9401374017E+003  1.8338906616E+004
  6.0001301241E+003  1.8291351693E+004
  6.0601352684E+003  1.8241683264E+004
  6.1201222601E+003  1.8189877704E+004
  6.1801060433E+003  1.8136173156E+004
  6.2400747374E+003  1.8086159857E+004
  6.3000883919E+003  1.8040940656E+004
  6.3601022077E+003  1.7999291515E+004
  6.4201095420E+003  1.7960101846E+004
  6.4800832351E+003  1.7922280520E+004
  6.5401111920E+003  1.7884658179E+004
  6.6000820765E+003  1.7845568239E+004
  6.6601182573E+003  1.7802972274E+004
  6.7201066040E+003  1.7755953461E+004
  6.7800862658E+003  1.7703615483E+004
  6.8401389687E+003  1.7646353233E+004
  6.9000914314E+003  1.7586229720E+004
  6.9601031247E+003  1.7523820355E+004
  7.0200976615E+003  1.7460494637E+004
  7.0801158840E+003  1.7397605298E+004
