 0058   0.100473E+00   0.292819E+09   0.291440E+10   0.109973E+10   0.109855E+15
 0059   0.103843E+00   0.302277E+09   0.280706E+10   0.114522E+10   0.103620E+15
 0060   0.111896E+00   0.315460E+09   0.163680E+10   0.114136E+10   0.976858E+14
 0061   0.120474E+00   0.329336E+09   0.161780E+10   0.113827E+10   0.921147E+14
 0062   0.129576E+00   0.343995E+09   0.161044E+10   0.113285E+10   0.868870E+14
 0063   0.139873E+00   0.359755E+09   0.153061E+10   0.112040E+10   0.819799E+14
 0064   0.150135E+00   0.375830E+09   0.156639E+10   0.111177E+10   0.773810E+14
 0065   0.161125E+00   0.392622E+09   0.152791E+10   0.110259E+10   0.730645E+14
 0066   0.172155E+00   0.409811E+09   0.155838E+10   0.109720E+10   0.690149E+14
 0067   0.184709E+00   0.428235E+09   0.146756E+10   0.108725E+10   0.652087E+14
 0068   0.197336E+00   0.447175E+09   0.149999E+10   0.107834E+10   0.616378E+14
 0069   0.211307E+00   0.467187E+09   0.143243E+10   0.106913E+10   0.582822E+14
 0070   0.224999E+00   0.487577E+09   0.148912E+10   0.106430E+10   0.551354E+14
 0071   0.239920E+00   0.509103E+09   0.144266E+10   0.105644E+10   0.521799E+14
 0072   0.256236E+00   0.531815E+09   0.139202E+10   0.105198E+10   0.494035E+14
 0073   0.272320E+00   0.555407E+09   0.146683E+10   0.108003E+10   0.468023E+14
 0074   0.293335E+00   0.585008E+09   0.140856E+10   0.105729E+10   0.443733E+14
 0075   0.313197E+00   0.614066E+09   0.146305E+10   0.104478E+10   0.421252E+14
 0076   0.335226E+00   0.644341E+09   0.137432E+10   0.102857E+10   0.400339E+14
 0077   0.357285E+00   0.674719E+09   0.137713E+10   0.101675E+10   0.380868E+14
 0078   0.380801E+00   0.706052E+09   0.133240E+10   0.100252E+10   0.362673E+14
 0079   0.404230E+00   0.737556E+09   0.134466E+10   0.992579E+09   0.345648E+14
 0080   0.428778E+00   0.769902E+09   0.131764E+10   0.981616E+09   0.329672E+14
 0081   0.454889E+00   0.803263E+09   0.127769E+10   0.967939E+09   0.314648E+14
 0082   0.482519E+00   0.837461E+09   0.123774E+10   0.953039E+09   0.300493E+14
 0083   0.509002E+00   0.871302E+09   0.127778E+10   0.944522E+09   0.287148E+14
 0084   0.538769E+00   0.906923E+09   0.119669E+10   0.928727E+09   0.274516E+14
 0085   0.566976E+00   0.941870E+09   0.123894E+10   0.921747E+09   0.262569E+14
 0086   0.598819E+00   0.978895E+09   0.116272E+10   0.906856E+09   0.251223E+14
 0087   0.627973E+00   0.101474E+10   0.122948E+10   0.900668E+09   0.240465E+14
 0088   0.661385E+00   0.105268E+10   0.113567E+10   0.887570E+09   0.230213E+14
 0089   0.695802E+00   0.109119E+10   0.111877E+10   0.875342E+09   0.220447E+14
 0090   0.728959E+00   0.112935E+10   0.115083E+10   0.867978E+09   0.211139E+14
 0091   0.765965E+00   0.116941E+10   0.108270E+10   0.854862E+09   0.202237E+14
 0092   0.801022E+00   0.120879E+10   0.112330E+10   0.847501E+09   0.193735E+14
 0093   0.838451E+00   0.124935E+10   0.108360E+10   0.838238E+09   0.185589E+14
 0094   0.878758E+00   0.129131E+10   0.104104E+10   0.826212E+09   0.177775E+14
 0095   0.917927E+00   0.133297E+10   0.106356E+10   0.819201E+09   0.170283E+14
 0096   0.960831E+00   0.137662E+10   0.101729E+10   0.806811E+09   0.163082E+14
 0097   0.100175E+01   0.141949E+10   0.104767E+10   0.800388E+09   0.156166E+14
 0098   0.104429E+01   0.146343E+10   0.103284E+10   0.793616E+09   0.149512E+14
 0099   0.109087E+01   0.150924E+10   0.983665E+09   0.783415E+09   0.143099E+14
 0100   0.113636E+01   0.155503E+10   0.100667E+10   0.775304E+09   0.136926E+14
 0101   0.118279E+01   0.160073E+10   0.984248E+09   0.766490E+09   0.131109E+14
 0102   0.123151E+01   0.164646E+10   0.938665E+09   0.755748E+09   0.125654E+14
 0103   0.127782E+01   0.169059E+10   0.952846E+09   0.749227E+09   0.120532E+14
 0104   0.132598E+01   0.173496E+10   0.921370E+09   0.741086E+09   0.115709E+14
 0105   0.137178E+01   0.177801E+10   0.939788E+09   0.734749E+09   0.111163E+14
 0106   0.141877E+01   0.182092E+10   0.913285E+09   0.728240E+09   0.106865E+14
 0107   0.146370E+01   0.186267E+10   0.929052E+09   0.723877E+09   0.102799E+14
 0108   0.151366E+01   0.190568E+10   0.861031E+09   0.714685E+09   0.989403E+13
 0109   0.155661E+01   0.194597E+10   0.938062E+09   0.712743E+09   0.952812E+13
 0110   0.160621E+01   0.198799E+10   0.847079E+09   0.703739E+09   0.917976E+13
 0111   0.165106E+01   0.202796E+10   0.891240E+09   0.699646E+09   0.884834E+13
 0112   0.169845E+01   0.206833E+10   0.851972E+09   0.694293E+09   0.853219E+13
 0113   0.174697E+01   0.210884E+10   0.834827E+09   0.687607E+09   0.823036E+13
 0114   0.179149E+01   0.214774E+10   0.873757E+09   0.684864E+09   0.794218E+13
 0115   0.183641E+01   0.218645E+10   0.861816E+09   0.682712E+09   0.766654E+13
 0116   0.188346E+01   0.222574E+10   0.834963E+09   0.677552E+09   0.740260E+13
 0117   0.193263E+01   0.226523E+10   0.803160E+09   0.669989E+09   0.714964E+13
 0118   0.197619E+01   0.230252E+10   0.856096E+09   0.668624E+09   0.690724E+13
 0119   0.202166E+01   0.234016E+10   0.827644E+09   0.666238E+09   0.667448E+13
 0120   0.207481E+01   0.237997E+10   0.749111E+09   0.656130E+09   0.645063E+13
 0121   0.211616E+01   0.241596E+10   0.870252E+09   0.657452E+09   0.623581E+13
 0122   0.216709E+01   0.245467E+10   0.760116E+09   0.649793E+09   0.602888E+13
 0123   0.221185E+01   0.249122E+10   0.816742E+09   0.648468E+09   0.582988E+13
 0124   0.225780E+01   0.252803E+10   0.800953E+09   0.645795E+09   0.563818E+13
 0125   0.230561E+01   0.256514E+10   0.776246E+09   0.641602E+09   0.545340E+13
 0126   0.235380E+01   0.260208E+10   0.766494E+09   0.637122E+09   0.527523E+13
 0127   0.240272E+01   0.263910E+10   0.756724E+09   0.632139E+09   0.510331E+13
 0128   0.244457E+01   0.267371E+10   0.827032E+09   0.634172E+09   0.497282E+13
 0129   0.249432E+01   0.271050E+10   0.739646E+09   0.628585E+09   0.481254E+13
 0130   0.253646E+01   0.274491E+10   0.816555E+09   0.629954E+09   0.465779E+13
 0131   0.258830E+01   0.278184E+10   0.712214E+09   0.622657E+09   0.450801E+13
 0132   0.263110E+01   0.281592E+10   0.796509E+09   0.624205E+09   0.436328E+13
 0133   0.268353E+01   0.285279E+10   0.703180E+09   0.616199E+09   0.418776E+13
 0134   0.272872E+01   0.288725E+10   0.762328E+09   0.615067E+09   0.405213E+13
 0135   0.277367E+01   0.292139E+10   0.759555E+09   0.614783E+09   0.392078E+13
 0136   0.281922E+01   0.295572E+10   0.753712E+09   0.613618E+09   0.379348E+13
 0137   0.286670E+01   0.299042E+10   0.730831E+09   0.610506E+09   0.367007E+13
 0138   0.291462E+01   0.302495E+10   0.720608E+09   0.607970E+09   0.355039E+13
 0139   0.296261E+01   0.305949E+10   0.719660E+09   0.604072E+09   0.346963E+13
 0140   0.301265E+01   0.309439E+10   0.697581E+09   0.598956E+09   0.335695E+13
 0141   0.305371E+01   0.312651E+10   0.782282E+09   0.602520E+09   0.324766E+13
 0142   0.310452E+01   0.316126E+10   0.683924E+09   0.596815E+09   0.314144E+13
 0143   0.315612E+01   0.319614E+10   0.675793E+09   0.590722E+09   0.303824E+13
 0144   0.319771E+01   0.322792E+10   0.764308E+09   0.594193E+09   0.293806E+13
 0145   0.324964E+01   0.326262E+10   0.668107E+09   0.587842E+09   0.284059E+13
 0146   0.329121E+01   0.329416E+10   0.758743E+09   0.591122E+09   0.274593E+13
 0147   0.334310E+01   0.332851E+10   0.661987E+09   0.585044E+09   0.265377E+13
 0148   0.338460E+01   0.335978E+10   0.753551E+09   0.588206E+09   0.256420E+13
 0149   0.343636E+01   0.339374E+10   0.656246E+09   0.582368E+09   0.247697E+13
 0150   0.347777E+01   0.342473E+10   0.748333E+09   0.585781E+09   0.239213E+13
 0151   0.352936E+01   0.345836E+10   0.651886E+09   0.580119E+09   0.230946E+13
 0152   0.358097E+01   0.349192E+10   0.650220E+09   0.574387E+09   0.222894E+13
 0153   0.362232E+01   0.352244E+10   0.738206E+09   0.578121E+09   0.215059E+13
 0154   0.367396E+01   0.355576E+10   0.644988E+09   0.572278E+09   0.207417E+13
 0155   0.371527E+01   0.358602E+10   0.732768E+09   0.575607E+09   0.199977E+13
 0156   0.376675E+01   0.361891E+10   0.638714E+09   0.570566E+09   0.192717E+13
 0157   0.380790E+01   0.364896E+10   0.730398E+09   0.575009E+09   0.185644E+13
 0158   0.385910E+01   0.368170E+10   0.639394E+09   0.570294E+09   0.178741E+13
 0159   0.391027E+01   0.371438E+10   0.638686E+09   0.565688E+09   0.172009E+13
 0160   0.395126E+01   0.374422E+10   0.727905E+09   0.570017E+09   0.165446E+13
 0161   0.400246E+01   0.377672E+10   0.634769E+09   0.565293E+09   0.159037E+13
 0162   0.404357E+01   0.380646E+10   0.723442E+09   0.569331E+09   0.152786E+13
 0163   0.409489E+01   0.383874E+10   0.628985E+09   0.564858E+09   0.146681E+13
 0164   0.414630E+01   0.387100E+10   0.627518E+09   0.560257E+09   0.144166E+13
 0165   0.418747E+01   0.390044E+10   0.715100E+09   0.564209E+09   0.138347E+13
 0166   0.423873E+01   0.393235E+10   0.622574E+09   0.559813E+09   0.136020E+13
 0167   0.428983E+01   0.396415E+10   0.622169E+09   0.555651E+09   0.133741E+13
 0168   0.433061E+01   0.399313E+10   0.710805E+09   0.560382E+09   0.131516E+13
 0169   0.438128E+01   0.402465E+10   0.622020E+09   0.556868E+09   0.129327E+13
 0170   0.443185E+01   0.405614E+10   0.622744E+09   0.552890E+09   0.127182E+13
 0171   0.447235E+01   0.408488E+10   0.709684E+09   0.557514E+09   0.125088E+13
 0172   0.452290E+01   0.411610E+10   0.617533E+09   0.553783E+09   0.123027E+13
 0173   0.457355E+01   0.414728E+10   0.615642E+09   0.549637E+09   0.121006E+13
 0174   0.461414E+01   0.417573E+10   0.700916E+09   0.554497E+09   0.119032E+13
 0175   0.466483E+01   0.420672E+10   0.611254E+09   0.551172E+09   0.117087E+13
 0176   0.471550E+01   0.423770E+10   0.611384E+09   0.547996E+09   0.115177E+13
 0177   0.475606E+01   0.426608E+10   0.699711E+09   0.553287E+09   0.112013E+13
 0178   0.480649E+01   0.429689E+10   0.611003E+09   0.550334E+09   0.110202E+13
 0179   0.485675E+01   0.432761E+10   0.611247E+09   0.547399E+09   0.109667E+13
 0180   0.490689E+01   0.435825E+10   0.610969E+09   0.544636E+09   0.107896E+13
 0181   0.494702E+01   0.438631E+10   0.699275E+09   0.550220E+09   0.104983E+13
 0182   0.499699E+01   0.441678E+10   0.609852E+09   0.547820E+09   0.103300E+13
 0183   0.504697E+01   0.444725E+10   0.609653E+09   0.545338E+09   0.101647E+13
 0184   0.509709E+01   0.447773E+10   0.608050E+09   0.542344E+09   0.100023E+13
 0185   0.514733E+01   0.450812E+10   0.604990E+09   0.539599E+09   0.984273E+12
 0186   0.518764E+01   0.453590E+10   0.689217E+09   0.545181E+09   0.968776E+12
 0187   0.523792E+01   0.456612E+10   0.600971E+09   0.542909E+09   0.953377E+12
 0188   0.528815E+01   0.459632E+10   0.601245E+09   0.540631E+09   0.938241E+12
 0189   0.533827E+01   0.462647E+10   0.601659E+09   0.538819E+09   0.923362E+12
 0190   0.538828E+01   0.465663E+10   0.602959E+09   0.536855E+09   0.908735E+12
 0191   0.542817E+01   0.468422E+10   0.691574E+09   0.543323E+09   0.894523E+12
 0192   0.547788E+01   0.471424E+10   0.603932E+09   0.541766E+09   0.880392E+12
 0193   0.552747E+01   0.474421E+10   0.604460E+09   0.540619E+09   0.866497E+12
 0194   0.557707E+01   0.477424E+10   0.605350E+09   0.539253E+09   0.852831E+12
 0195   0.562672E+01   0.480427E+10   0.604781E+09   0.537842E+09   0.839391E+12
 0196   0.567648E+01   0.483430E+10   0.603424E+09   0.536235E+09   0.826174E+12
 0197   0.572629E+01   0.486427E+10   0.601836E+09   0.534920E+09   0.813176E+12
 0198   0.577610E+01   0.489423E+10   0.601328E+09   0.533613E+09   0.800392E+12
 0199   0.581591E+01   0.492168E+10   0.689725E+09   0.540538E+09   0.787966E+12
 0200   0.586549E+01   0.495153E+10   0.602146E+09   0.539910E+09   0.775598E+12
 0201   0.591494E+01   0.498139E+10   0.603705E+09   0.539085E+09   0.763433E+12
 0202   0.596434E+01   0.501120E+10   0.603410E+09   0.538402E+09   0.751466E+12
 0203   0.601373E+01   0.504100E+10   0.603298E+09   0.538164E+09   0.739690E+12
 0204   0.606315E+01   0.507086E+10   0.604370E+09   0.537897E+09   0.728099E+12
 0205   0.611263E+01   0.510077E+10   0.604465E+09   0.537443E+09   0.716693E+12
 0206   0.616217E+01   0.513066E+10   0.603384E+09   0.536636E+09   0.705472E+12
 0207   0.621172E+01   0.516044E+10   0.601026E+09   0.536010E+09   0.694435E+12
 0208   0.626119E+01   0.519013E+10   0.600139E+09   0.535880E+09   0.683577E+12
 0209   0.631050E+01   0.521980E+10   0.601758E+09   0.535953E+09   0.672889E+12
 0210   0.635964E+01   0.524946E+10   0.603521E+09   0.536074E+09   0.662372E+12
 0211   0.640864E+01   0.527909E+10   0.604706E+09   0.536410E+09   0.652020E+12
 0212   0.646733E+01   0.531112E+10   0.545647E+09   0.529091E+09   0.641708E+12
 0213   0.651629E+01   0.534076E+10   0.605495E+09   0.529941E+09   0.631678E+12
 0214   0.656535E+01   0.537051E+10   0.606419E+09   0.530414E+09   0.621801E+12
 0215   0.661451E+01   0.540029E+10   0.605848E+09   0.531102E+09   0.612074E+12
 0216   0.666376E+01   0.543012E+10   0.605480E+09   0.531240E+09   0.602499E+12
 0217   0.671299E+01   0.545984E+10   0.603833E+09   0.531481E+09   0.593079E+12
 0218   0.676218E+01   0.548949E+10   0.602754E+09   0.532409E+09   0.583804E+12
 0219   0.681118E+01   0.551916E+10   0.605421E+09   0.533886E+09   0.574670E+12
 0220   0.686003E+01   0.554892E+10   0.609220E+09   0.535154E+09   0.565673E+12
 0221   0.691851E+01   0.558104E+10   0.549341E+09   0.528934E+09   0.556711E+12
 0222   0.696723E+01   0.561078E+10   0.610334E+09   0.530153E+09   0.547996E+12
 0223   0.701599E+01   0.564052E+10   0.609986E+09   0.531671E+09   0.539413E+12
 0224   0.706480E+01   0.567032E+10   0.610484E+09   0.533052E+09   0.530960E+12
 0225   0.711364E+01   0.570016E+10   0.610931E+09   0.534703E+09   0.522634E+12
 0226   0.717225E+01   0.573242E+10   0.550482E+09   0.529141E+09   0.514335E+12
 0227   0.722105E+01   0.576233E+10   0.612949E+09   0.530714E+09   0.506263E+12
 0228   0.726982E+01   0.579221E+10   0.612747E+09   0.532594E+09   0.498313E+12
 0229   0.731855E+01   0.582211E+10   0.613531E+09   0.534123E+09   0.490486E+12
 0230   0.737694E+01   0.585431E+10   0.551358E+09   0.529295E+09   0.482690E+12
 0231   0.742568E+01   0.588428E+10   0.614968E+09   0.532462E+09   0.475109E+12
 0232   0.747445E+01   0.591452E+10   0.620021E+09   0.536544E+09   0.467651E+12
 0233   0.753323E+01   0.594761E+10   0.562914E+09   0.533625E+09   0.460238E+12
 0234   0.758255E+01   0.597873E+10   0.631135E+09   0.538170E+09   0.453038E+12
 0235   0.763231E+01   0.601039E+10   0.636137E+09   0.542960E+09   0.445957E+12
 0236   0.769247E+01   0.604494E+10   0.574413E+09   0.540912E+09   0.438923E+12
 0237   0.774306E+01   0.607759E+10   0.645176E+09   0.545659E+09   0.432082E+12
 0238   0.780448E+01   0.611318E+10   0.579436E+09   0.542935E+09   0.425284E+12
 0239   0.785633E+01   0.614667E+10   0.645985E+09   0.547168E+09   0.418669E+12
 0240   0.791922E+01   0.618310E+10   0.579302E+09   0.544554E+09   0.412093E+12
 0241   0.797215E+01   0.621739E+10   0.647837E+09   0.548237E+09   0.405695E+12
 0242   0.803627E+01   0.625460E+10   0.580222E+09   0.544822E+09   0.399338E+12
 0243   0.809034E+01   0.628948E+10   0.645064E+09   0.548285E+09   0.393151E+12
 0244   0.815572E+01   0.632733E+10   0.579032E+09   0.544200E+09   0.386994E+12
 0245   0.821047E+01   0.636257E+10   0.643520E+09   0.547792E+09   0.381005E+12
 0246   0.827638E+01   0.640083E+10   0.580545E+09   0.543665E+09   0.375042E+12
 0247   0.833145E+01   0.643635E+10   0.645085E+09   0.547106E+09   0.369243E+12
 0248   0.838672E+01   0.647206E+10   0.646007E+09   0.550376E+09   0.363533E+12
 0249   0.845324E+01   0.651071E+10   0.580981E+09   0.546504E+09   0.357852E+12
 0250   0.850891E+01   0.654671E+10   0.646835E+09   0.550309E+09   0.352321E+12
 0251   0.857582E+01   0.658577E+10   0.583795E+09   0.546990E+09   0.346817E+12
 0252   0.863167E+01   0.662214E+10   0.651228E+09   0.551063E+09   0.341463E+12
 0253   0.869873E+01   0.666149E+10   0.586637E+09   0.547273E+09   0.336141E+12
 0254   0.875461E+01   0.669790E+10   0.651650E+09   0.551003E+09   0.330967E+12
 0255   0.882174E+01   0.673716E+10   0.584844E+09   0.547014E+09   0.325823E+12
 0256   0.887769E+01   0.677349E+10   0.649372E+09   0.551120E+09   0.320818E+12
 0257   0.894492E+01   0.681281E+10   0.584930E+09   0.547555E+09   0.315839E+12
 0258   0.900095E+01   0.684926E+10   0.650424E+09   0.551087E+09   0.310993E+12
 0259   0.906819E+01   0.688847E+10   0.583172E+09   0.547295E+09   0.306179E+12
 0260   0.912409E+01   0.692475E+10   0.648991E+09   0.552065E+09   0.301494E+12
 0261   0.919097E+01   0.696399E+10   0.586653E+09   0.548958E+09   0.296837E+12
 0262   0.925771E+01   0.700320E+10   0.587560E+09   0.545869E+09   0.292256E+12
 0263   0.931332E+01   0.703952E+10   0.653117E+09   0.550533E+09   0.287798E+12
 0264   0.938004E+01   0.707878E+10   0.588419E+09   0.548032E+09   0.283364E+12
 0265   0.944687E+01   0.711817E+10   0.589479E+09   0.545178E+09   0.279001E+12
 0266   0.950264E+01   0.715465E+10   0.654156E+09   0.549913E+09   0.274756E+12
 0267   0.956963E+01   0.719410E+10   0.588716E+09   0.547294E+09   0.270532E+12
 0268   0.962544E+01   0.723067E+10   0.655299E+09   0.551681E+09   0.266421E+12
 0269   0.969239E+01   0.727002E+10   0.587807E+09   0.549706E+09   0.262333E+12
 0270   0.975927E+01   0.730950E+10   0.590249E+09   0.547282E+09   0.258310E+12
 0271   0.981493E+01   0.734608E+10   0.657294E+09   0.552548E+09   0.254392E+12
 0272   0.988183E+01   0.738562E+10   0.591055E+09   0.550600E+09   0.250497E+12
 0273   0.994876E+01   0.742525E+10   0.592055E+09   0.548626E+09   0.246666E+12
 0274   0.100158E+02   0.746499E+10   0.592609E+09   0.547142E+09   0.242897E+12
 0275   0.100717E+02   0.750195E+10   0.661125E+09   0.552690E+09   0.239229E+12
 0276   0.101389E+02   0.754189E+10   0.594401E+09   0.551043E+09   0.235582E+12
 0277   0.102061E+02   0.758190E+10   0.595154E+09   0.549458E+09   0.231994E+12
 0278   0.102734E+02   0.762198E+10   0.596338E+09   0.547790E+09   0.228465E+12
 0279   0.103294E+02   0.765915E+10   0.662967E+09   0.554397E+09   0.225030E+12
 0280   0.103968E+02   0.769953E+10   0.598964E+09   0.553497E+09   0.221615E+12
 0281   0.104643E+02   0.774007E+10   0.600612E+09   0.552738E+09   0.218255E+12
 0282   0.105321E+02   0.778083E+10   0.601431E+09   0.552802E+09   0.214950E+12
 0283   0.106000E+02   0.782197E+10   0.605793E+09   0.552925E+09   0.211702E+12
 0284   0.106568E+02   0.786049E+10   0.678187E+09   0.560211E+09   0.208539E+12
 0285   0.107253E+02   0.790229E+10   0.610029E+09   0.560237E+09   0.205398E+12
 0286   0.107942E+02   0.794439E+10   0.611500E+09   0.561121E+09   0.202308E+12
 0287   0.108636E+02   0.798703E+10   0.614418E+09   0.562452E+09   0.199269E+12
 0288   0.109335E+02   0.803032E+10   0.618873E+09   0.564051E+09   0.196286E+12
 0289   0.110042E+02   0.807442E+10   0.624345E+09   0.578475E+09   0.193373E+12
 0290   0.110874E+02   0.812591E+10   0.618923E+09   0.572412E+09   0.190492E+12
 0291   0.111598E+02   0.817400E+10   0.664250E+09   0.573645E+09   0.187688E+12
 0292   0.112334E+02   0.822215E+10   0.654131E+09   0.574754E+09   0.184930E+12
 0293   0.113081E+02   0.827044E+10   0.645921E+09   0.575189E+09   0.182219E+12
 0294   0.113837E+02   0.831877E+10   0.639673E+09   0.575771E+09   0.179554E+12
 0295   0.114598E+02   0.836726E+10   0.636751E+09   0.576061E+09   0.176932E+12
 0296   0.115365E+02   0.841591E+10   0.634409E+09   0.575571E+09   0.174354E+12
 0297   0.116139E+02   0.846460E+10   0.629394E+09   0.575140E+09   0.171819E+12
 0298   0.116918E+02   0.851346E+10   0.626901E+09   0.573974E+09   0.169327E+12
 0299   0.117701E+02   0.856230E+10   0.624236E+09   0.572156E+09   0.166876E+12
 0300   0.118486E+02   0.861097E+10   0.619734E+09   0.570474E+09   0.164467E+12
 0301   0.119268E+02   0.865947E+10   0.619770E+09   0.569549E+09   0.162098E+12
 0302   0.119919E+02   0.870449E+10   0.691989E+09   0.576047E+09   0.159790E+12
 0303   0.120697E+02   0.875293E+10   0.622459E+09   0.575028E+09   0.157500E+12
 0304   0.121475E+02   0.880129E+10   0.622099E+09   0.573435E+09   0.155248E+12
 0305   0.122251E+02   0.884940E+10   0.619873E+09   0.572420E+09   0.153034E+12
 0306   0.123025E+02   0.889741E+10   0.620058E+09   0.571785E+09   0.150857E+12
 0307   0.123796E+02   0.894537E+10   0.622338E+09   0.571269E+09   0.148716E+12
 0308   0.124565E+02   0.899330E+10   0.623212E+09   0.570646E+09   0.146609E+12
 0309   0.125332E+02   0.904115E+10   0.623311E+09   0.570080E+09   0.144537E+12
 0310   0.126099E+02   0.908892E+10   0.623071E+09   0.569545E+09   0.142499E+12
 0311   0.126865E+02   0.913661E+10   0.622578E+09   0.568651E+09   0.140495E+12
 0312   0.127630E+02   0.918410E+10   0.621094E+09   0.568224E+09   0.138523E+12
 0313   0.128392E+02   0.923150E+10   0.621666E+09   0.567958E+09   0.136583E+12
 0314   0.129152E+02   0.927879E+10   0.622689E+09   0.567611E+09   0.134675E+12
 0315   0.129910E+02   0.932595E+10   0.622200E+09   0.567645E+09   0.132797E+12
 0316   0.130666E+02   0.937307E+10   0.623098E+09   0.567765E+09   0.130949E+12
 0317   0.131421E+02   0.942015E+10   0.623688E+09   0.567982E+09   0.129131E+12
 0318   0.132175E+02   0.946720E+10   0.623755E+09   0.567816E+09   0.127341E+12
 0319   0.132928E+02   0.951411E+10   0.622760E+09   0.567910E+09   0.125581E+12
 0320   0.133680E+02   0.956091E+10   0.622573E+09   0.568191E+09   0.123848E+12
 0321   0.134429E+02   0.960762E+10   0.623490E+09   0.568662E+09   0.122142E+12
 0322   0.135177E+02   0.965427E+10   0.624200E+09   0.569010E+09   0.120463E+12
 0323   0.135922E+02   0.970081E+10   0.624160E+09   0.568897E+09   0.118811E+12
 0324   0.136666E+02   0.974712E+10   0.622213E+09   0.569373E+09   0.117185E+12
 0325   0.137409E+02   0.979337E+10   0.622680E+09   0.570319E+09   0.115584E+12
 0326   0.138149E+02   0.983961E+10   0.624737E+09   0.571377E+09   0.114007E+12
 0327   0.138888E+02   0.988586E+10   0.625897E+09   0.572284E+09   0.112455E+12
 0328   0.139626E+02   0.993206E+10   0.626600E+09   0.572813E+09   0.110927E+12
 0329   0.140361E+02   0.997808E+10   0.625649E+09   0.573896E+09   0.109422E+12
 0330   0.141096E+02   0.100241E+11   0.626022E+09   0.574984E+09   0.107941E+12
 0331   0.141950E+02   0.100732E+11   0.574815E+09   0.569252E+09   0.106470E+12
 0332   0.142681E+02   0.101190E+11   0.627487E+09   0.570961E+09   0.105033E+12
 0333   0.143410E+02   0.101650E+11   0.629595E+09   0.572236E+09   0.103618E+12
 0334   0.144140E+02   0.102108E+11   0.628752E+09   0.573174E+09   0.102225E+12
 0335   0.144869E+02   0.102566E+11   0.627170E+09   0.574415E+09   0.100852E+12
 0336   0.145717E+02   0.103053E+11   0.575454E+09   0.569058E+09   0.994897E+11
 0337   0.146440E+02   0.103508E+11   0.629026E+09   0.571397E+09   0.981585E+11
 0338   0.147162E+02   0.103964E+11   0.631748E+09   0.574389E+09   0.968467E+11
 0339   0.147883E+02   0.104423E+11   0.635666E+09   0.577742E+09   0.955537E+11
 0340   0.148725E+02   0.104916E+11   0.585405E+09   0.574045E+09   0.942690E+11
 0341   0.149449E+02   0.105379E+11   0.640334E+09   0.576598E+09   0.930135E+11
 0342   0.150175E+02   0.105844E+11   0.639273E+09   0.579236E+09   0.917764E+11
 0343   0.151026E+02   0.106340E+11   0.584226E+09   0.574881E+09   0.905478E+11
 0344   0.151755E+02   0.106806E+11   0.638163E+09   0.577706E+09   0.893470E+11
 0345   0.152485E+02   0.107272E+11   0.638897E+09   0.579941E+09   0.881639E+11
 0346   0.153335E+02   0.107769E+11   0.584164E+09   0.575108E+09   0.869893E+11
 0347   0.154063E+02   0.108233E+11   0.636772E+09   0.577692E+09   0.858416E+11
 0348   0.154791E+02   0.108696E+11   0.637530E+09   0.580195E+09   0.847107E+11
 0349   0.155638E+02   0.109191E+11   0.583792E+09   0.575559E+09   0.835876E+11
 0350   0.156363E+02   0.109653E+11   0.637464E+09   0.578146E+09   0.824902E+11
 0351   0.157086E+02   0.110114E+11   0.637832E+09   0.580600E+09   0.814088E+11
 0352   0.157926E+02   0.110605E+11   0.583698E+09   0.576127E+09   0.803353E+11
 0353   0.158644E+02   0.111062E+11   0.637887E+09   0.579310E+09   0.792858E+11
 0354   0.159361E+02   0.111521E+11   0.639950E+09   0.582020E+09   0.782513E+11
 0355   0.160193E+02   0.112009E+11   0.585382E+09   0.577989E+09   0.772244E+11
 0356   0.160907E+02   0.112465E+11   0.639595E+09   0.580824E+09   0.762201E+11
 0357   0.161736E+02   0.112951E+11   0.585460E+09   0.576784E+09   0.752229E+11
 0358   0.162446E+02   0.113404E+11   0.639432E+09   0.580119E+09   0.742477E+11
 0359   0.163271E+02   0.113889E+11   0.586983E+09   0.576299E+09   0.732790E+11
 0360   0.163976E+02   0.114341E+11   0.641384E+09   0.579553E+09   0.723319E+11
 0361   0.164797E+02   0.114823E+11   0.587485E+09   0.575429E+09   0.713910E+11
 0362   0.165498E+02   0.115272E+11   0.640334E+09   0.578907E+09   0.704713E+11
 0363   0.166198E+02   0.115721E+11   0.641510E+09   0.582420E+09   0.695643E+11
 0364   0.167011E+02   0.116199E+11   0.587744E+09   0.579200E+09   0.686634E+11
 0365   0.167707E+02   0.116647E+11   0.643533E+09   0.582320E+09   0.677821E+11
 0366   0.168516E+02   0.117122E+11   0.587282E+09   0.578620E+09   0.669069E+11
 0367   0.169208E+02   0.117566E+11   0.641347E+09   0.581811E+09   0.660508E+11
 0368   0.170012E+02   0.118037E+11   0.585864E+09   0.578561E+09   0.652004E+11
 0369   0.170699E+02   0.118477E+11   0.641647E+09   0.582376E+09   0.643683E+11
 0370   0.171496E+02   0.118946E+11   0.588282E+09   0.579176E+09   0.635417E+11
 0371   0.172177E+02   0.119385E+11   0.643559E+09   0.582685E+09   0.627328E+11
 0372   0.172970E+02   0.119850E+11   0.587367E+09   0.579585E+09   0.619293E+11
 0373   0.173761E+02   0.120315E+11   0.588186E+09   0.576410E+09   0.611367E+11
 0374   0.174437E+02   0.120750E+11   0.642535E+09   0.580780E+09   0.603613E+11
 0375   0.175223E+02   0.121214E+11   0.589922E+09   0.577899E+09   0.595904E+11
 0376   0.175895E+02   0.121648E+11   0.645690E+09   0.582089E+09   0.588360E+11
 0377   0.176677E+02   0.122110E+11   0.590863E+09   0.579880E+09   0.580861E+11
 0378   0.177346E+02   0.122544E+11   0.648875E+09   0.584784E+09   0.573518E+11
 0379   0.178126E+02   0.123007E+11   0.594671E+09   0.582580E+09   0.566220E+11
 0380   0.178904E+02   0.123471E+11   0.595168E+09   0.580105E+09   0.559020E+11
 0381   0.179570E+02   0.123904E+11   0.650259E+09   0.584536E+09   0.551974E+11
 0382   0.180347E+02   0.124365E+11   0.593633E+09   0.582128E+09   0.544971E+11
 0383   0.181121E+02   0.124825E+11   0.593812E+09   0.579968E+09   0.538063E+11
 0384   0.181784E+02   0.125255E+11   0.650054E+09   0.584437E+09   0.531301E+11
 0385   0.182553E+02   0.125713E+11   0.594115E+09   0.582002E+09   0.524582E+11
 0386   0.183321E+02   0.126168E+11   0.593961E+09   0.579789E+09   0.517953E+11
 0387   0.183976E+02   0.126594E+11   0.650013E+09   0.584411E+09   0.511466E+11
 0388   0.184737E+02   0.127047E+11   0.594077E+09   0.582377E+09   0.505017E+11
 0389   0.185497E+02   0.127498E+11   0.594861E+09   0.580226E+09   0.498654E+11
 0390   0.186145E+02   0.127920E+11   0.650729E+09   0.585164E+09   0.492425E+11
 0391   0.186900E+02   0.128370E+11   0.594940E+09   0.583594E+09   0.486233E+11
 0392   0.187653E+02   0.128819E+11   0.596869E+09   0.582057E+09   0.480123E+11
 0393   0.188403E+02   0.129268E+11   0.598318E+09   0.580505E+09   0.474093E+11
 0394   0.189045E+02   0.129688E+11   0.654513E+09   0.585983E+09   0.468190E+11
 0395   0.189792E+02   0.130136E+11   0.599437E+09   0.584642E+09   0.462320E+11
 0396   0.190538E+02   0.130583E+11   0.600406E+09   0.583421E+09   0.456527E+11
 0397   0.191282E+02   0.131031E+11   0.601427E+09   0.582321E+09   0.450811E+11
 0398   0.191918E+02   0.131450E+11   0.658754E+09   0.588428E+09   0.445212E+11
 0399   0.192659E+02   0.131898E+11   0.603831E+09   0.587681E+09   0.439645E+11
 0400   0.193400E+02   0.132346E+11   0.605042E+09   0.586949E+09   0.434151E+11
 0401   0.194140E+02   0.132794E+11   0.605836E+09   0.586163E+09   0.428729E+11
 0402   0.194878E+02   0.133242E+11   0.606439E+09   0.585162E+09   0.423379E+11
 0403   0.195616E+02   0.133689E+11   0.606048E+09   0.584315E+09   0.418099E+11
 0404   0.196247E+02   0.134107E+11   0.663046E+09   0.590408E+09   0.412929E+11
 0405   0.196982E+02   0.134553E+11   0.606732E+09   0.589533E+09   0.407788E+11
 0406   0.197714E+02   0.134997E+11   0.606622E+09   0.588570E+09   0.402716E+11
 0407   0.198443E+02   0.135439E+11   0.606330E+09   0.587921E+09   0.397710E+11
 0408   0.199170E+02   0.135881E+11   0.607210E+09   0.587601E+09   0.392771E+11
 0409   0.199895E+02   0.136322E+11   0.608650E+09   0.586969E+09   0.387896E+11
 0410   0.200618E+02   0.136762E+11   0.608474E+09   0.586214E+09   0.383085E+11
 0411   0.201340E+02   0.137201E+11   0.607917E+09   0.585418E+09   0.378337E+11
 0412   0.201956E+02   0.137610E+11   0.664482E+09   0.591790E+09   0.373688E+11
 0413   0.202674E+02   0.138046E+11   0.607605E+09   0.591685E+09   0.369063E+11
 0414   0.203388E+02   0.138482E+11   0.609720E+09   0.591712E+09   0.364498E+11
 0415   0.204100E+02   0.138917E+11   0.611400E+09   0.591688E+09   0.359993E+11
 0416   0.204811E+02   0.139352E+11   0.612282E+09   0.591926E+09   0.355545E+11
 0417   0.205520E+02   0.139787E+11   0.613596E+09   0.592396E+09   0.351154E+11
 0418   0.206228E+02   0.140223E+11   0.615252E+09   0.592754E+09   0.346819E+11
 0419   0.206936E+02   0.140659E+11   0.615863E+09   0.593064E+09   0.342539E+11
 0420   0.207644E+02   0.141095E+11   0.616227E+09   0.593580E+09   0.338314E+11
 0421   0.208350E+02   0.141531E+11   0.617268E+09   0.594041E+09   0.334144E+11
 0422   0.209055E+02   0.141967E+11   0.617731E+09   0.594447E+09   0.330026E+11
 0423   0.209759E+02   0.142402E+11   0.617859E+09   0.594892E+09   0.325962E+11
 0424   0.210461E+02   0.142836E+11   0.618386E+09   0.595388E+09   0.321950E+11
 0425   0.211162E+02   0.143269E+11   0.618836E+09   0.595825E+09   0.317990E+11
 0426   0.211861E+02   0.143702E+11   0.619120E+09   0.598084E+09   0.314083E+11
 0427   0.212558E+02   0.144139E+11   0.625697E+09   0.601049E+09   0.310229E+11
 0428   0.213354E+02   0.144606E+11   0.587738E+09   0.597335E+09   0.306400E+11
 0429   0.214053E+02   0.145051E+11   0.636502E+09   0.600261E+09   0.302653E+11
 0430   0.214755E+02   0.145500E+11   0.639615E+09   0.604067E+09   0.298958E+11
 0431   0.215461E+02   0.145955E+11   0.644854E+09   0.608600E+09   0.295315E+11
 0432   0.216274E+02   0.146446E+11   0.603578E+09   0.607081E+09   0.291698E+11
 0433   0.216992E+02   0.146918E+11   0.656914E+09   0.612441E+09   0.288158E+11
 0434   0.217714E+02   0.147398E+11   0.665000E+09   0.617541E+09   0.284667E+11
 0435   0.218547E+02   0.147914E+11   0.619142E+09   0.614794E+09   0.281203E+11
 0436   0.219285E+02   0.148405E+11   0.665878E+09   0.618635E+09   0.277808E+11
 0437   0.220134E+02   0.148929E+11   0.617474E+09   0.615546E+09   0.274437E+11
 0438   0.220884E+02   0.149427E+11   0.663650E+09   0.619102E+09   0.271135E+11
 0439   0.221641E+02   0.149930E+11   0.663802E+09   0.622222E+09   0.267878E+11
 0440   0.222510E+02   0.150465E+11   0.616292E+09   0.618610E+09   0.264647E+11
 0441   0.223276E+02   0.150973E+11   0.663763E+09   0.621997E+09   0.261480E+11
 0442   0.224047E+02   0.151486E+11   0.664866E+09   0.625228E+09   0.258357E+11
 0443   0.224822E+02   0.152003E+11   0.667028E+09   0.628472E+09   0.255278E+11
 0444   0.225714E+02   0.152555E+11   0.619132E+09   0.623471E+09   0.252222E+11
 0445   0.226499E+02   0.153076E+11   0.663437E+09   0.624671E+09   0.249226E+11
 0446   0.227287E+02   0.153596E+11   0.660013E+09   0.625621E+09   0.246271E+11
 0447   0.228077E+02   0.154115E+11   0.657049E+09   0.626567E+09   0.243355E+11
 0448   0.228867E+02   0.154633E+11   0.655466E+09   0.627837E+09   0.240478E+11
 0449   0.229653E+02   0.155150E+11   0.657511E+09   0.629269E+09   0.237640E+11
 0450   0.230549E+02   0.155698E+11   0.612242E+09   0.623600E+09   0.234823E+11
 0451   0.231330E+02   0.156214E+11   0.659953E+09   0.624890E+09   0.232062E+11
 0452   0.232109E+02   0.156728E+11   0.660019E+09   0.626254E+09   0.229338E+11
 0453   0.232887E+02   0.157242E+11   0.660109E+09   0.627781E+09   0.226650E+11
 0454   0.233663E+02   0.157754E+11   0.660659E+09   0.629301E+09   0.223998E+11
 0455   0.234547E+02   0.158297E+11   0.614242E+09   0.623717E+09   0.221366E+11
 0456   0.235318E+02   0.158807E+11   0.661158E+09   0.625189E+09   0.218785E+11
 0457   0.236086E+02   0.159315E+11   0.661443E+09   0.626692E+09   0.216239E+11
 0458   0.236851E+02   0.159821E+11   0.661733E+09   0.628598E+09   0.213727E+11
 0459   0.237613E+02   0.160327E+11   0.663267E+09   0.630581E+09   0.211248E+11
 0460   0.238482E+02   0.160863E+11   0.617162E+09   0.625772E+09   0.208787E+11
 0461   0.239240E+02   0.161368E+11   0.665738E+09   0.628065E+09   0.206374E+11
 0462   0.239997E+02   0.161873E+11   0.667166E+09   0.630247E+09   0.203992E+11
 0463   0.240753E+02   0.162377E+11   0.667465E+09   0.632418E+09   0.201642E+11
 0464   0.241616E+02   0.162912E+11   0.619743E+09   0.627604E+09   0.199308E+11
 0465   0.242370E+02   0.163415E+11   0.667551E+09   0.629814E+09   0.197020E+11
 0466   0.243121E+02   0.163917E+11   0.668065E+09   0.631977E+09   0.194761E+11
 0467   0.243870E+02   0.164418E+11   0.668537E+09   0.633961E+09   0.192532E+11
 0468   0.244723E+02   0.164946E+11   0.619930E+09   0.629021E+09   0.190320E+11
 0469   0.245466E+02   0.165443E+11   0.667634E+09   0.630972E+09   0.188149E+11
 0470   0.246207E+02   0.165937E+11   0.667336E+09   0.632896E+09   0.186007E+11
 0471   0.247050E+02   0.166459E+11   0.619132E+09   0.627916E+09   0.183880E+11
 0472   0.247785E+02   0.166949E+11   0.666893E+09   0.630241E+09   0.181794E+11
 0473   0.248516E+02   0.167438E+11   0.668141E+09   0.632642E+09   0.179734E+11
 0474   0.249349E+02   0.167955E+11   0.621342E+09   0.628183E+09   0.177688E+11
 0475   0.250075E+02   0.168441E+11   0.669606E+09   0.630947E+09   0.175681E+11
 0476   0.250799E+02   0.168927E+11   0.671319E+09   0.633857E+09   0.173700E+11
 0477   0.251624E+02   0.169443E+11   0.624572E+09   0.629813E+09   0.171732E+11
 0478   0.252344E+02   0.169928E+11   0.673307E+09   0.632569E+09   0.169801E+11
 0479   0.253062E+02   0.170411E+11   0.673722E+09   0.634903E+09   0.167895E+11
 0480   0.253880E+02   0.170922E+11   0.624054E+09   0.630102E+09   0.166002E+11
 0481   0.254593E+02   0.171400E+11   0.670684E+09   0.632475E+09   0.164144E+11
 0482   0.255303E+02   0.171876E+11   0.670729E+09   0.635000E+09   0.162310E+11
 0483   0.256110E+02   0.172379E+11   0.622975E+09   0.630754E+09   0.160489E+11
 0484   0.256813E+02   0.172851E+11   0.672002E+09   0.633445E+09   0.158701E+11
 0485   0.257613E+02   0.173351E+11   0.624690E+09   0.628824E+09   0.156925E+11
 0486   0.258310E+02   0.173819E+11   0.670978E+09   0.631223E+09   0.155183E+11
 0487   0.259004E+02   0.174284E+11   0.670758E+09   0.633546E+09   0.153462E+11
 0488   0.259794E+02   0.174776E+11   0.622539E+09   0.629120E+09   0.151753E+11
 0489   0.260479E+02   0.175236E+11   0.670842E+09   0.632109E+09   0.150075E+11
 0490   0.261161E+02   0.175695E+11   0.673147E+09   0.635373E+09   0.148418E+11
 0491   0.261936E+02   0.176180E+11   0.626417E+09   0.632125E+09   0.146771E+11
 0492   0.262611E+02   0.176637E+11   0.677353E+09   0.636021E+09   0.145155E+11
 0493   0.263381E+02   0.177123E+11   0.630295E+09   0.633125E+09   0.143548E+11
 0494   0.264053E+02   0.177580E+11   0.680508E+09   0.637139E+09   0.141971E+11
 0495   0.264821E+02   0.178065E+11   0.632360E+09   0.634276E+09   0.140404E+11
 0496   0.265491E+02   0.178523E+11   0.681931E+09   0.638247E+09   0.138864E+11
 0497   0.266257E+02   0.179008E+11   0.633427E+09   0.635156E+09   0.137335E+11
 0498   0.266925E+02   0.179464E+11   0.682374E+09   0.638833E+09   0.135833E+11
 0499   0.267688E+02   0.179947E+11   0.633053E+09   0.635571E+09   0.134340E+11
 0500   0.268353E+02   0.180400E+11   0.682066E+09   0.639078E+09   0.132875E+11
 0501   0.269112E+02   0.180880E+11   0.632509E+09   0.635660E+09   0.131419E+11
 0502   0.269773E+02   0.181331E+11   0.681499E+09   0.639184E+09   0.129989E+11
 0503   0.270526E+02   0.181807E+11   0.632521E+09   0.635678E+09   0.128568E+11
 0504   0.271181E+02   0.182254E+11   0.681450E+09   0.639283E+09   0.127172E+11
 0505   0.271928E+02   0.182726E+11   0.632861E+09   0.636036E+09   0.125786E+11
 0506   0.272577E+02   0.183169E+11   0.682804E+09   0.639529E+09   0.124424E+11
 0507   0.273317E+02   0.183638E+11   0.633267E+09   0.636196E+09   0.123070E+11
 0508   0.273961E+02   0.184077E+11   0.682604E+09   0.639925E+09   0.121741E+11
 0509   0.274694E+02   0.184542E+11   0.633999E+09   0.637024E+09   0.120420E+11
 0510   0.275332E+02   0.184979E+11   0.684578E+09   0.641109E+09   0.119122E+11
 0511   0.276059E+02   0.185442E+11   0.636212E+09   0.638564E+09   0.117832E+11
 0512   0.276692E+02   0.185877E+11   0.687711E+09   0.642873E+09   0.116565E+11
 0513   0.277412E+02   0.186337E+11   0.638723E+09   0.640582E+09   0.115306E+11
 0514   0.278129E+02   0.186796E+11   0.640454E+09   0.638336E+09   0.114061E+11
 0515   0.278754E+02   0.187228E+11   0.691083E+09   0.643062E+09   0.112839E+11
 0516   0.279467E+02   0.187686E+11   0.642009E+09   0.641274E+09   0.111623E+11
 0517   0.280178E+02   0.188143E+11   0.643941E+09   0.639469E+09   0.110422E+11
 0518   0.280799E+02   0.188575E+11   0.694431E+09   0.644547E+09   0.109242E+11
 0519   0.281509E+02   0.189033E+11   0.644836E+09   0.642841E+09   0.108068E+11
 0520   0.282130E+02   0.189465E+11   0.696169E+09   0.647974E+09   0.106915E+11
 0521   0.282840E+02   0.189923E+11   0.645693E+09   0.646308E+09   0.105768E+11
 0522   0.283548E+02   0.190381E+11   0.646742E+09   0.644544E+09   0.104635E+11
 0523   0.284166E+02   0.190813E+11   0.698108E+09   0.649525E+09   0.103521E+11
 0524   0.284871E+02   0.191269E+11   0.647141E+09   0.647545E+09   0.102415E+11
 0525   0.285573E+02   0.191723E+11   0.647528E+09   0.645385E+09   0.101321E+11
 0526   0.286185E+02   0.192151E+11   0.698039E+09   0.649998E+09   0.100246E+11
 0527   0.286883E+02   0.192602E+11   0.646565E+09   0.647921E+09   0.991782E+10
 0528   0.287578E+02   0.193052E+11   0.647221E+09   0.645734E+09   0.981224E+10
 0529   0.288184E+02   0.193475E+11   0.698290E+09   0.650304E+09   0.970849E+10
 0530   0.288873E+02   0.193921E+11   0.646890E+09   0.648262E+09   0.960537E+10
 0531   0.289560E+02   0.194366E+11   0.647736E+09   0.646190E+09   0.950345E+10
 0532   0.290159E+02   0.194785E+11   0.699315E+09   0.651048E+09   0.940328E+10
 0533   0.290840E+02   0.195227E+11   0.648557E+09   0.649098E+09   0.930370E+10
 0534   0.291520E+02   0.195668E+11   0.649339E+09   0.646989E+09   0.920527E+10
 0535   0.292196E+02   0.196107E+11   0.649869E+09   0.644944E+09   0.910796E+10
 0536   0.292786E+02   0.196520E+11   0.699887E+09   0.650034E+09   0.901233E+10
 0537   0.293457E+02   0.196957E+11   0.650286E+09   0.648404E+09   0.891724E+10
 0538   0.294126E+02   0.197392E+11   0.651884E+09   0.647040E+09   0.882322E+10
 0539   0.294708E+02   0.197802E+11   0.704269E+09   0.652763E+09   0.873083E+10
 0540   0.295370E+02   0.198236E+11   0.654776E+09   0.651929E+09   0.863896E+10
 0541   0.296030E+02   0.198669E+11   0.656992E+09   0.651221E+09   0.854813E+10
 0542   0.296687E+02   0.199102E+11   0.658931E+09   0.650530E+09   0.845833E+10
 0543   0.297261E+02   0.199511E+11   0.711842E+09   0.656652E+09   0.837006E+10
 0544   0.297917E+02   0.199944E+11   0.660201E+09   0.655980E+09   0.828228E+10
 0545   0.298571E+02   0.200376E+11   0.660908E+09   0.655145E+09   0.819549E+10
 0546   0.299225E+02   0.200809E+11   0.660939E+09   0.654152E+09   0.810968E+10
 0547   0.299878E+02   0.201240E+11   0.660813E+09   0.652930E+09   0.802484E+10
 0548   0.300449E+02   0.201647E+11   0.712009E+09   0.658620E+09   0.794143E+10
 0549   0.301100E+02   0.202076E+11   0.659792E+09   0.657702E+09   0.785849E+10
 0550   0.301748E+02   0.202505E+11   0.660989E+09   0.656639E+09   0.777648E+10
 0551   0.302395E+02   0.202932E+11   0.661522E+09   0.655384E+09   0.769540E+10
 0552   0.303039E+02   0.203359E+11   0.661568E+09   0.654190E+09   0.761524E+10
 0553   0.303601E+02   0.203759E+11   0.713650E+09   0.660031E+09   0.753644E+10
 0554   0.304240E+02   0.204183E+11   0.662074E+09   0.659067E+09   0.745807E+10
 0555   0.304878E+02   0.204605E+11   0.662796E+09   0.658214E+09   0.738058E+10
 0556   0.305512E+02   0.205027E+11   0.663883E+09   0.657750E+09   0.730395E+10
 0557   0.306144E+02   0.205448E+11   0.666070E+09   0.657470E+09   0.722818E+10
 0558   0.306774E+02   0.205869E+11   0.668087E+09   0.657184E+09   0.715325E+10
 0559   0.307324E+02   0.206265E+11   0.721639E+09   0.663827E+09   0.707960E+10
 0560   0.307951E+02   0.206685E+11   0.669887E+09   0.663643E+09   0.700633E+10
 0561   0.308576E+02   0.207105E+11   0.670707E+09   0.663374E+09   0.693387E+10
 0562   0.309200E+02   0.207523E+11   0.670916E+09   0.663107E+09   0.686222E+10
 0563   0.309822E+02   0.207941E+11   0.671349E+09   0.662756E+09   0.679137E+10
 0564   0.310444E+02   0.208358E+11   0.671612E+09   0.662213E+09   0.672130E+10
 0565   0.311063E+02   0.208774E+11   0.671366E+09   0.661556E+09   0.665201E+10
 0566   0.311681E+02   0.209189E+11   0.671056E+09   0.660794E+09   0.658349E+10
 0567   0.312297E+02   0.209602E+11   0.670858E+09   0.660016E+09   0.651573E+10
 0568   0.312833E+02   0.209990E+11   0.723023E+09   0.666338E+09   0.644913E+10
 0569   0.313444E+02   0.210400E+11   0.670884E+09   0.665853E+09   0.638287E+10
 0570   0.314052E+02   0.210808E+11   0.671769E+09   0.665300E+09   0.631735E+10
 0571   0.314658E+02   0.211215E+11   0.672182E+09   0.664736E+09   0.625255E+10
 0572   0.315261E+02   0.211621E+11   0.672473E+09   0.664213E+09   0.618847E+10
 0573   0.315861E+02   0.212024E+11   0.672900E+09   0.663735E+09   0.612509E+10
 0574   0.316459E+02   0.212427E+11   0.673383E+09   0.663339E+09   0.606240E+10
 0575   0.317054E+02   0.212828E+11   0.674158E+09   0.663003E+09   0.600040E+10
 0576   0.317646E+02   0.213228E+11   0.674939E+09   0.662697E+09   0.593908E+10
 0577   0.318163E+02   0.213604E+11   0.728290E+09   0.669284E+09   0.587880E+10
 0578   0.318751E+02   0.214002E+11   0.675293E+09   0.669222E+09   0.581881E+10
 0579   0.319337E+02   0.214398E+11   0.676224E+09   0.669496E+09   0.575947E+10
 0580   0.319921E+02   0.214794E+11   0.678113E+09   0.669905E+09   0.570077E+10
 0581   0.320503E+02   0.215189E+11   0.679882E+09   0.670454E+09   0.564271E+10
 0582   0.321082E+02   0.215584E+11   0.681545E+09   0.671119E+09   0.558527E+10
 0583   0.321660E+02   0.215979E+11   0.683205E+09   0.671950E+09   0.552846E+10
 0584   0.322237E+02   0.216374E+11   0.684794E+09   0.672814E+09   0.547225E+10
 0585   0.322812E+02   0.216768E+11   0.686111E+09   0.673751E+09   0.541665E+10
 0586   0.323386E+02   0.217163E+11   0.687333E+09   0.674656E+09   0.536165E+10
 0587   0.323959E+02   0.217557E+11   0.688212E+09   0.675312E+09   0.530724E+10
 0588   0.324532E+02   0.217951E+11   0.687982E+09   0.675586E+09   0.525341E+10
 0589   0.325104E+02   0.218344E+11   0.686711E+09   0.675619E+09   0.520016E+10
 0590   0.325675E+02   0.218736E+11   0.685392E+09   0.675744E+09   0.514749E+10
 0591   0.326244E+02   0.219126E+11   0.685202E+09   0.676030E+09   0.509538E+10
 0592   0.326811E+02   0.219514E+11   0.686019E+09   0.676602E+09   0.504383E+10
 0593   0.327375E+02   0.219902E+11   0.687760E+09   0.677454E+09   0.499284E+10
 0594   0.327936E+02   0.220290E+11   0.690069E+09   0.678674E+09   0.494240E+10
 0595   0.328496E+02   0.220677E+11   0.692627E+09   0.680053E+09   0.489249E+10
 0596   0.329054E+02   0.221065E+11   0.694684E+09   0.681451E+09   0.484312E+10
 0597   0.329681E+02   0.221474E+11   0.652796E+09   0.675994E+09   0.479397E+10
 0598   0.330238E+02   0.221862E+11   0.696401E+09   0.677277E+09   0.474564E+10
 0599   0.330795E+02   0.222251E+11   0.696541E+09   0.678272E+09   0.469782E+10
 0600   0.331352E+02   0.222638E+11   0.695866E+09   0.678931E+09   0.465051E+10
 0601   0.331909E+02   0.223025E+11   0.694734E+09   0.679327E+09   0.460371E+10
 0602   0.332464E+02   0.223410E+11   0.693631E+09   0.679708E+09   0.455740E+10
 0603   0.333017E+02   0.223793E+11   0.693374E+09   0.680195E+09   0.451158E+10
 0604   0.333566E+02   0.224175E+11   0.694121E+09   0.680809E+09   0.446626E+10
 0605   0.334112E+02   0.224554E+11   0.695353E+09   0.681577E+09   0.442142E+10
 0606   0.334655E+02   0.224933E+11   0.696878E+09   0.682469E+09   0.437706E+10
 0607   0.335195E+02   0.225309E+11   0.698270E+09   0.683285E+09   0.433318E+10
 0608   0.335732E+02   0.225685E+11   0.698753E+09   0.684005E+09   0.428976E+10
 0609   0.336268E+02   0.226059E+11   0.698597E+09   0.684684E+09   0.424680E+10
 0610   0.336802E+02   0.226432E+11   0.698401E+09   0.685421E+09   0.420429E+10
 0611   0.337334E+02   0.226804E+11   0.698523E+09   0.686337E+09   0.416222E+10
 0612   0.337930E+02   0.227195E+11   0.656430E+09   0.680706E+09   0.412033E+10
 0613   0.338458E+02   0.227565E+11   0.701371E+09   0.682379E+09   0.407915E+10
 0614   0.338984E+02   0.227936E+11   0.703730E+09   0.684230E+09   0.403840E+10
 0615   0.339508E+02   0.228306E+11   0.705906E+09   0.686096E+09   0.399808E+10
 0616   0.340031E+02   0.228676E+11   0.707454E+09   0.687908E+09   0.395817E+10
 0617   0.340553E+02   0.229045E+11   0.708239E+09   0.689712E+09   0.391868E+10
 0618   0.341074E+02   0.229415E+11   0.708899E+09   0.691420E+09   0.387960E+10
 0619   0.341659E+02   0.229804E+11   0.665235E+09   0.685988E+09   0.384068E+10
 0620   0.342179E+02   0.230172E+11   0.708556E+09   0.687444E+09   0.380241E+10
 0621   0.342697E+02   0.230539E+11   0.708587E+09   0.688903E+09   0.376454E+10
 0622   0.343214E+02   0.230906E+11   0.708916E+09   0.690306E+09   0.372707E+10
 0623   0.343730E+02   0.231272E+11   0.709257E+09   0.691499E+09   0.368998E+10
 0624   0.344244E+02   0.231636E+11   0.709044E+09   0.692636E+09   0.365328E+10
 0625   0.344756E+02   0.231999E+11   0.708987E+09   0.693917E+09   0.361696E+10
 0626   0.345329E+02   0.232381E+11   0.665970E+09   0.688340E+09   0.358079E+10
 0627   0.345836E+02   0.232741E+11   0.710546E+09   0.689858E+09   0.354523E+10
 0628   0.346341E+02   0.233100E+11   0.711604E+09   0.691374E+09   0.351003E+10
 0629   0.346843E+02   0.233458E+11   0.712548E+09   0.692958E+09   0.347521E+10
 0630   0.347343E+02   0.233815E+11   0.713477E+09   0.694759E+09   0.344074E+10
 0631   0.347841E+02   0.234170E+11   0.714766E+09   0.696552E+09   0.340663E+10
 0632   0.348399E+02   0.234545E+11   0.671214E+09   0.691369E+09   0.337265E+10
 0633   0.348893E+02   0.234899E+11   0.715667E+09   0.693292E+09   0.333924E+10
 0634   0.349386E+02   0.235252E+11   0.716687E+09   0.695352E+09   0.330618E+10
 0635   0.349877E+02   0.235605E+11   0.717973E+09   0.697335E+09   0.327345E+10
 0636   0.350367E+02   0.235957E+11   0.718703E+09   0.699355E+09   0.324105E+10
 0637   0.350916E+02   0.236327E+11   0.674664E+09   0.694362E+09   0.320878E+10
 0638   0.351403E+02   0.236678E+11   0.719537E+09   0.696523E+09   0.317705E+10
 0639   0.351889E+02   0.237028E+11   0.720619E+09   0.698887E+09   0.314565E+10
 0640   0.352373E+02   0.237377E+11   0.722461E+09   0.701348E+09   0.311456E+10
 0641   0.352916E+02   0.237746E+11   0.679329E+09   0.696808E+09   0.308358E+10
 0642   0.353398E+02   0.238096E+11   0.724619E+09   0.699279E+09   0.305313E+10
 0643   0.353879E+02   0.238445E+11   0.725702E+09   0.701700E+09   0.302298E+10
 0644   0.354359E+02   0.238793E+11   0.726490E+09   0.704084E+09   0.299314E+10
 0645   0.354898E+02   0.239161E+11   0.682129E+09   0.699371E+09   0.296341E+10
 0646   0.355376E+02   0.239508E+11   0.727067E+09   0.701771E+09   0.293417E+10
 0647   0.355852E+02   0.239855E+11   0.728096E+09   0.704111E+09   0.290523E+10
 0648   0.356327E+02   0.240201E+11   0.729112E+09   0.706447E+09   0.287658E+10
 0649   0.356859E+02   0.240566E+11   0.684545E+09   0.701695E+09   0.284804E+10
 0650   0.357331E+02   0.240910E+11   0.729745E+09   0.704005E+09   0.281998E+10
 0651   0.357801E+02   0.241253E+11   0.730416E+09   0.706197E+09   0.279220E+10
 0652   0.358269E+02   0.241596E+11   0.730843E+09   0.708312E+09   0.276469E+10
 0653   0.358795E+02   0.241956E+11   0.685417E+09   0.703508E+09   0.273730E+10
 0654   0.359260E+02   0.242296E+11   0.730889E+09   0.705923E+09   0.271035E+10
 0655   0.359723E+02   0.242635E+11   0.732319E+09   0.708591E+09   0.268367E+10
 0656   0.360185E+02   0.242974E+11   0.734251E+09   0.711311E+09   0.265727E+10
 0657   0.360703E+02   0.243331E+11   0.689645E+09   0.707309E+09   0.263096E+10
 0658   0.361162E+02   0.243669E+11   0.737178E+09   0.710469E+09   0.260508E+10
 0659   0.361619E+02   0.244008E+11   0.739342E+09   0.713511E+09   0.257946E+10
 0660   0.362132E+02   0.244364E+11   0.693813E+09   0.709472E+09   0.255393E+10
 0661   0.362588E+02   0.244701E+11   0.740154E+09   0.712567E+09   0.252883E+10
 0662   0.363043E+02   0.245038E+11   0.741381E+09   0.715635E+09   0.250397E+10
 0663   0.363553E+02   0.245393E+11   0.695664E+09   0.711553E+09   0.247920E+10
 0664   0.364006E+02   0.245729E+11   0.742073E+09   0.714418E+09   0.245484E+10
 0665   0.364458E+02   0.246065E+11   0.742611E+09   0.717258E+09   0.243072E+10
 0666   0.364965E+02   0.246418E+11   0.696449E+09   0.713031E+09   0.240668E+10
 0667   0.365415E+02   0.246752E+11   0.742892E+09   0.716052E+09   0.238304E+10
 0668   0.365864E+02   0.247086E+11   0.744383E+09   0.718951E+09   0.235964E+10
 0669   0.366367E+02   0.247438E+11   0.698663E+09   0.714713E+09   0.233632E+10
 0670   0.366813E+02   0.247770E+11   0.745184E+09   0.717775E+09   0.231338E+10
 0671   0.367258E+02   0.248102E+11   0.746855E+09   0.720858E+09   0.229067E+10
 0672   0.367756E+02   0.248452E+11   0.701304E+09   0.716889E+09   0.226805E+10
 0673   0.368197E+02   0.248782E+11   0.748788E+09   0.720019E+09   0.224579E+10
 0674   0.368637E+02   0.249112E+11   0.750277E+09   0.723044E+09   0.222375E+10
 0675   0.369130E+02   0.249459E+11   0.703634E+09   0.719056E+09   0.220180E+10
 0676   0.369568E+02   0.249788E+11   0.751178E+09   0.722196E+09   0.218020E+10
 0677   0.370003E+02   0.250116E+11   0.752550E+09   0.725392E+09   0.215882E+10
 0678   0.370492E+02   0.250460E+11   0.705837E+09   0.721606E+09   0.213751E+10
 0679   0.370925E+02   0.250787E+11   0.754521E+09   0.724943E+09   0.211655E+10
 0680   0.371410E+02   0.251131E+11   0.708644E+09   0.721035E+09   0.209566E+10
 0681   0.371840E+02   0.251456E+11   0.755595E+09   0.724227E+09   0.207511E+10
 0682   0.372269E+02   0.251781E+11   0.756398E+09   0.727298E+09   0.205477E+10
 0683   0.372750E+02   0.252122E+11   0.708875E+09   0.722963E+09   0.203450E+10
 0684   0.373176E+02   0.252443E+11   0.755331E+09   0.725579E+09   0.201457E+10
 0685   0.373601E+02   0.252764E+11   0.754901E+09   0.728084E+09   0.199482E+10
 0686   0.374076E+02   0.253100E+11   0.706752E+09   0.723596E+09   0.197516E+10
 0687   0.374496E+02   0.253416E+11   0.754348E+09   0.726530E+09   0.195581E+10
 0688   0.374965E+02   0.253749E+11   0.709062E+09   0.722598E+09   0.193652E+10
 0689   0.375380E+02   0.254064E+11   0.757138E+09   0.726359E+09   0.191756E+10
 0690   0.375794E+02   0.254378E+11   0.760417E+09   0.730510E+09   0.189877E+10
 0691   0.376257E+02   0.254710E+11   0.715639E+09   0.727877E+09   0.188005E+10
 0692   0.376668E+02   0.255025E+11   0.766184E+09   0.732405E+09   0.186163E+10
 0693   0.377131E+02   0.255357E+11   0.720166E+09   0.729650E+09   0.184328E+10
 0694   0.377542E+02   0.255673E+11   0.768664E+09   0.733783E+09   0.182521E+10
 0695   0.378004E+02   0.256007E+11   0.720762E+09   0.730496E+09   0.180721E+10
 0696   0.378415E+02   0.256322E+11   0.767791E+09   0.734464E+09   0.178950E+10
 0697   0.378825E+02   0.256638E+11   0.768829E+09   0.738273E+09   0.177195E+10
 0698   0.379286E+02   0.256969E+11   0.720502E+09   0.734885E+09   0.175447E+10
 0699   0.379694E+02   0.257284E+11   0.769811E+09   0.738539E+09   0.173727E+10
 0700   0.380152E+02   0.257614E+11   0.721717E+09   0.735084E+09   0.172013E+10
 0701   0.380558E+02   0.257927E+11   0.770861E+09   0.738907E+09   0.170326E+10
 0702   0.381012E+02   0.258256E+11   0.723611E+09   0.735470E+09   0.168645E+10
 0703   0.381416E+02   0.258567E+11   0.772340E+09   0.739307E+09   0.166991E+10
 0704   0.381867E+02   0.258895E+11   0.725370E+09   0.735941E+09   0.165343E+10
 0705   0.382268E+02   0.259205E+11   0.773998E+09   0.739961E+09   0.163722E+10
 0706   0.382717E+02   0.259532E+11   0.727559E+09   0.736664E+09   0.162105E+10
 0707   0.383115E+02   0.259841E+11   0.775950E+09   0.740830E+09   0.160515E+10
 0708   0.383512E+02   0.260149E+11   0.778194E+09   0.744969E+09   0.158940E+10
 0709   0.383956E+02   0.260474E+11   0.730010E+09   0.741906E+09   0.157371E+10
 0710   0.384351E+02   0.260782E+11   0.780359E+09   0.745994E+09   0.155826E+10
 0711   0.384793E+02   0.261105E+11   0.731676E+09   0.743108E+09   0.154287E+10
 0712   0.385185E+02   0.261412E+11   0.782635E+09   0.747532E+09   0.152772E+10
 0713   0.385624E+02   0.261735E+11   0.734565E+09   0.744818E+09   0.151263E+10
 0714   0.386014E+02   0.262041E+11   0.785679E+09   0.749319E+09   0.149777E+10
 0715   0.386451E+02   0.262363E+11   0.737027E+09   0.746715E+09   0.148297E+10
 0716   0.386839E+02   0.262669E+11   0.788213E+09   0.751182E+09   0.146840E+10
 0717   0.387274E+02   0.262990E+11   0.738600E+09   0.748653E+09   0.145388E+10
 0718   0.387708E+02   0.263312E+11   0.740531E+09   0.746034E+09   0.143950E+10
 0719   0.388094E+02   0.263616E+11   0.790244E+09   0.750671E+09   0.142535E+10
 0720   0.388527E+02   0.263938E+11   0.742047E+09   0.747836E+09   0.141124E+10
 0721   0.388911E+02   0.264242E+11   0.791037E+09   0.752278E+09   0.139736E+10
 0722   0.389343E+02   0.264562E+11   0.742443E+09   0.749308E+09   0.138352E+10
 0723   0.389726E+02   0.264865E+11   0.791456E+09   0.753743E+09   0.136991E+10
 0724   0.390155E+02   0.265185E+11   0.743253E+09   0.750633E+09   0.135633E+10
 0725   0.390536E+02   0.265487E+11   0.792334E+09   0.754852E+09   0.134298E+10
 0726   0.390963E+02   0.265804E+11   0.743692E+09   0.751722E+09   0.132967E+10
 0727   0.391342E+02   0.266105E+11   0.793220E+09   0.755969E+09   0.131657E+10
 0728   0.391766E+02   0.266420E+11   0.744843E+09   0.753012E+09   0.130351E+10
 0729   0.392142E+02   0.266719E+11   0.795144E+09   0.757556E+09   0.129066E+10
 0730   0.392562E+02   0.267033E+11   0.747358E+09   0.754784E+09   0.127785E+10
 0731   0.392935E+02   0.267331E+11   0.798066E+09   0.759436E+09   0.126525E+10
 0732   0.393353E+02   0.267644E+11   0.749389E+09   0.756777E+09   0.125269E+10
 0733   0.393724E+02   0.267941E+11   0.800477E+09   0.761435E+09   0.124033E+10
 0734   0.394139E+02   0.268253E+11   0.750759E+09   0.758482E+09   0.122800E+10
 0735   0.394508E+02   0.268548E+11   0.801080E+09   0.762736E+09   0.121588E+10
 0736   0.394921E+02   0.268858E+11   0.750027E+09   0.759609E+09   0.120379E+10
 0737   0.395287E+02   0.269151E+11   0.800817E+09   0.763817E+09   0.119189E+10
 0738   0.395697E+02   0.269459E+11   0.750046E+09   0.760741E+09   0.118003E+10
 0739   0.396105E+02   0.269765E+11   0.751837E+09   0.757727E+09   0.116828E+10
 0740   0.396466E+02   0.270055E+11   0.801879E+09   0.762604E+09   0.115673E+10
 0741   0.396869E+02   0.270359E+11   0.754736E+09   0.760178E+09   0.114520E+10
 0742   0.397227E+02   0.270647E+11   0.806430E+09   0.765360E+09   0.113387E+10
 0743   0.397627E+02   0.270951E+11   0.757957E+09   0.763148E+09   0.112256E+10
 0744   0.397983E+02   0.271239E+11   0.810104E+09   0.768362E+09   0.111144E+10
 0745   0.398381E+02   0.271542E+11   0.759938E+09   0.766333E+09   0.110035E+10
 0746   0.398779E+02   0.271845E+11   0.761686E+09   0.764338E+09   0.108936E+10
 0747   0.399133E+02   0.272132E+11   0.813357E+09   0.770097E+09   0.107855E+10
 0748   0.399529E+02   0.272436E+11   0.764767E+09   0.768576E+09   0.106776E+10
 0749   0.399881E+02   0.272724E+11   0.818596E+09   0.774615E+09   0.105715E+10
 0750   0.400277E+02   0.273028E+11   0.768962E+09   0.773370E+09   0.104657E+10
 0751   0.400672E+02   0.273333E+11   0.771198E+09   0.771937E+09   0.103608E+10
 0752   0.401023E+02   0.273622E+11   0.824037E+09   0.777697E+09   0.102576E+10
 0753   0.401418E+02   0.273927E+11   0.772238E+09   0.775972E+09   0.101547E+10
 0754   0.401813E+02   0.274232E+11   0.772704E+09   0.774014E+09   0.100528E+10
 0755   0.402164E+02   0.274522E+11   0.824366E+09   0.779494E+09   0.995246E+09
 0756   0.402558E+02   0.274826E+11   0.772782E+09   0.777312E+09   0.985239E+09
 0757   0.402951E+02   0.275130E+11   0.773462E+09   0.774789E+09   0.975325E+09
 0758   0.403300E+02   0.275418E+11   0.823690E+09   0.779784E+09   0.965575E+09
 0759   0.403692E+02   0.275720E+11   0.772422E+09   0.777249E+09   0.955847E+09
 0760   0.404039E+02   0.276006E+11   0.824420E+09   0.782435E+09   0.946279E+09
 0761   0.404428E+02   0.276307E+11   0.773568E+09   0.780059E+09   0.936733E+09
 0762   0.404815E+02   0.276607E+11   0.775444E+09   0.777806E+09   0.927275E+09
 0763   0.405158E+02   0.276891E+11   0.827885E+09   0.783485E+09   0.917976E+09
 0764   0.405541E+02   0.277190E+11   0.778576E+09   0.781875E+09   0.908697E+09
 0765   0.405881E+02   0.277473E+11   0.833645E+09   0.787764E+09   0.899569E+09
 0766   0.406262E+02   0.277771E+11   0.782117E+09   0.786088E+09   0.890463E+09
 0767   0.406643E+02   0.278069E+11   0.783235E+09   0.784329E+09   0.881440E+09
 0768   0.406981E+02   0.278352E+11   0.836534E+09   0.790101E+09   0.872564E+09
 0769   0.407361E+02   0.278650E+11   0.783823E+09   0.788356E+09   0.863708E+09
 0770   0.407741E+02   0.278948E+11   0.784857E+09   0.786476E+09   0.854932E+09
 0771   0.408078E+02   0.279231E+11   0.837952E+09   0.792124E+09   0.846301E+09
 0772   0.408456E+02   0.279528E+11   0.785544E+09   0.790122E+09   0.837689E+09
 0773   0.408833E+02   0.279825E+11   0.786555E+09   0.787900E+09   0.829156E+09
 0774   0.409168E+02   0.280105E+11   0.838928E+09   0.793141E+09   0.820766E+09
 0775   0.409543E+02   0.280400E+11   0.786164E+09   0.790873E+09   0.812393E+09
 0776   0.409915E+02   0.280693E+11   0.787466E+09   0.788581E+09   0.804098E+09
 0777   0.410245E+02   0.280971E+11   0.840554E+09   0.793950E+09   0.795943E+09
 0778   0.410614E+02   0.281262E+11   0.788615E+09   0.791741E+09   0.787804E+09
 0779   0.410981E+02   0.281552E+11   0.790192E+09   0.789698E+09   0.779740E+09
 0780   0.411306E+02   0.281826E+11   0.843597E+09   0.795690E+09   0.771812E+09
 0781   0.411671E+02   0.282115E+11   0.792812E+09   0.794396E+09   0.763897E+09
 0782   0.412034E+02   0.282403E+11   0.795790E+09   0.793439E+09   0.756054E+09
 0783   0.412356E+02   0.282678E+11   0.851418E+09   0.800148E+09   0.748342E+09
 0784   0.412718E+02   0.282967E+11   0.799909E+09   0.799447E+09   0.740642E+09
 0785   0.413080E+02   0.283257E+11   0.801966E+09   0.798744E+09   0.733012E+09
 0786   0.413401E+02   0.283533E+11   0.857938E+09   0.805512E+09   0.725507E+09
 0787   0.413763E+02   0.283824E+11   0.804281E+09   0.804543E+09   0.718016E+09
 0788   0.414124E+02   0.284115E+11   0.804956E+09   0.803186E+09   0.710593E+09
 0789   0.414484E+02   0.284405E+11   0.804897E+09   0.801716E+09   0.703237E+09
 0790   0.414805E+02   0.284680E+11   0.859132E+09   0.807932E+09   0.696004E+09
 0791   0.415164E+02   0.284970E+11   0.805330E+09   0.806498E+09   0.688784E+09
 0792   0.415522E+02   0.285258E+11   0.806446E+09   0.804875E+09   0.681629E+09
 0793   0.415880E+02   0.285547E+11   0.807353E+09   0.803090E+09   0.674538E+09
 0794   0.416197E+02   0.285820E+11   0.860728E+09   0.809276E+09   0.667569E+09
 0795   0.416552E+02   0.286107E+11   0.807672E+09   0.807687E+09   0.660608E+09
 0796   0.416907E+02   0.286394E+11   0.808952E+09   0.806121E+09   0.653710E+09
 0797   0.417221E+02   0.286666E+11   0.863462E+09   0.812543E+09   0.646929E+09
 0798   0.417574E+02   0.286952E+11   0.810656E+09   0.811302E+09   0.640157E+09
 0799   0.417926E+02   0.287237E+11   0.812597E+09   0.810242E+09   0.633446E+09
 0800   0.418238E+02   0.287509E+11   0.869107E+09   0.817000E+09   0.626848E+09
 0801   0.418588E+02   0.287794E+11   0.815522E+09   0.816029E+09   0.620260E+09
 0802   0.418938E+02   0.288080E+11   0.816922E+09   0.814940E+09   0.613732E+09
 0803   0.419287E+02   0.288365E+11   0.817796E+09   0.813595E+09   0.607262E+09
 0804   0.419597E+02   0.288636E+11   0.872982E+09   0.820126E+09   0.600903E+09
 0805   0.419944E+02   0.288920E+11   0.818162E+09   0.819156E+09   0.594551E+09
 0806   0.420291E+02   0.289204E+11   0.820042E+09   0.818119E+09   0.588256E+09
 0807   0.420637E+02   0.289489E+11   0.821741E+09   0.816874E+09   0.582017E+09
 0808   0.420944E+02   0.289758E+11   0.877294E+09   0.823513E+09   0.575886E+09
 0809   0.421288E+02   0.290041E+11   0.822551E+09   0.822442E+09   0.569762E+09
 0810   0.421632E+02   0.290325E+11   0.823739E+09   0.821067E+09   0.563692E+09
 0811   0.421975E+02   0.290607E+11   0.824129E+09   0.819679E+09   0.557677E+09
 0812   0.422279E+02   0.290875E+11   0.879623E+09   0.826165E+09   0.551767E+09
 0813   0.422620E+02   0.291156E+11   0.824810E+09   0.824907E+09   0.545862E+09
 0814   0.422960E+02   0.291437E+11   0.826034E+09   0.823715E+09   0.540010E+09
 0815   0.423299E+02   0.291717E+11   0.827623E+09   0.822660E+09   0.534211E+09
 0816   0.423600E+02   0.291983E+11   0.884431E+09   0.829722E+09   0.528513E+09
 0817   0.423936E+02   0.292263E+11   0.830324E+09   0.829212E+09   0.522818E+09
 0818   0.424273E+02   0.292543E+11   0.832725E+09   0.828880E+09   0.517173E+09
 0819   0.424608E+02   0.292823E+11   0.835155E+09   0.828536E+09   0.511579E+09
 0820   0.424943E+02   0.293103E+11   0.836872E+09   0.828312E+09   0.506033E+09
 0821   0.425241E+02   0.293370E+11   0.894722E+09   0.836178E+09   0.500585E+09
 0822   0.425576E+02   0.293651E+11   0.840308E+09   0.836103E+09   0.495139E+09
 0823   0.425911E+02   0.293933E+11   0.841850E+09   0.835840E+09   0.489740E+09
 0824   0.426245E+02   0.294215E+11   0.842792E+09   0.835414E+09   0.484390E+09
 0825   0.426579E+02   0.294496E+11   0.843559E+09   0.834718E+09   0.479088E+09
 0826   0.426875E+02   0.294763E+11   0.900809E+09   0.841809E+09   0.473880E+09
 0827   0.427208E+02   0.295044E+11   0.843534E+09   0.841130E+09   0.468673E+09
 0828   0.427539E+02   0.295324E+11   0.844699E+09   0.840621E+09   0.463513E+09
 0829   0.427870E+02   0.295604E+11   0.846602E+09   0.840513E+09   0.458398E+09
 0830   0.428200E+02   0.295884E+11   0.849621E+09   0.840523E+09   0.453328E+09
 0831   0.428493E+02   0.296151E+11   0.909780E+09   0.848552E+09   0.448348E+09
 0832   0.428823E+02   0.296432E+11   0.853611E+09   0.848297E+09   0.443369E+09
 0833   0.429152E+02   0.296714E+11   0.853948E+09   0.847784E+09   0.438433E+09
 0834   0.429482E+02   0.296995E+11   0.853474E+09   0.847204E+09   0.433540E+09
 0835   0.429811E+02   0.297276E+11   0.853661E+09   0.846653E+09   0.428690E+09
 0836   0.430139E+02   0.297557E+11   0.854823E+09   0.846019E+09   0.423882E+09
 0837   0.430431E+02   0.297823E+11   0.913427E+09   0.853419E+09   0.419162E+09
 0838   0.430758E+02   0.298103E+11   0.856596E+09   0.852720E+09   0.414441E+09
 0839   0.431084E+02   0.298383E+11   0.857692E+09   0.852145E+09   0.409762E+09
 0840   0.431409E+02   0.298662E+11   0.859026E+09   0.851774E+09   0.405124E+09
 0841   0.431734E+02   0.298942E+11   0.861194E+09   0.851462E+09   0.400528E+09
 0842   0.432057E+02   0.299221E+11   0.863134E+09   0.850891E+09   0.395972E+09
 0843   0.432344E+02   0.299485E+11   0.921621E+09   0.858252E+09   0.391501E+09
 0844   0.432666E+02   0.299763E+11   0.863519E+09   0.857681E+09   0.387027E+09
 0845   0.432987E+02   0.300041E+11   0.864404E+09   0.857358E+09   0.382593E+09
 0846   0.433307E+02   0.300318E+11   0.866251E+09   0.857498E+09   0.378197E+09
 0847   0.433627E+02   0.300596E+11   0.869522E+09   0.857672E+09   0.373840E+09
 0848   0.433945E+02   0.300874E+11   0.872066E+09   0.857479E+09   0.369522E+09
 0849   0.434228E+02   0.301137E+11   0.931319E+09   0.865046E+09   0.365285E+09
 0850   0.434546E+02   0.301414E+11   0.871577E+09   0.864456E+09   0.361045E+09
 0851   0.434863E+02   0.301691E+11   0.871188E+09   0.864041E+09   0.356841E+09
 0852   0.435180E+02   0.301967E+11   0.872058E+09   0.864265E+09   0.352674E+09
 0853   0.435495E+02   0.302243E+11   0.875720E+09   0.865161E+09   0.348543E+09
 0854   0.435810E+02   0.302520E+11   0.880770E+09   0.866420E+09   0.344447E+09
 0855   0.436125E+02   0.302798E+11   0.885062E+09   0.867815E+09   0.340387E+09
 0856   0.436439E+02   0.303078E+11   0.888306E+09   0.869171E+09   0.336361E+09
 0857   0.436755E+02   0.303359E+11   0.890279E+09   0.870203E+09   0.332369E+09
 0858   0.437036E+02   0.303626E+11   0.951105E+09   0.878884E+09   0.328454E+09
 0859   0.437353E+02   0.303908E+11   0.889433E+09   0.879226E+09   0.324531E+09
 0860   0.437670E+02   0.304191E+11   0.888975E+09   0.879204E+09   0.320641E+09
 0861   0.437988E+02   0.304473E+11   0.888612E+09   0.878910E+09   0.316785E+09
 0862   0.438306E+02   0.304755E+11   0.888312E+09   0.878353E+09   0.312963E+09
 0863   0.438622E+02   0.305036E+11   0.888399E+09   0.877664E+09   0.309174E+09
 0864   0.438938E+02   0.305317E+11   0.888767E+09   0.877146E+09   0.305420E+09
 0865   0.439253E+02   0.305597E+11   0.890071E+09   0.877047E+09   0.301698E+09
 0866   0.439531E+02   0.305862E+11   0.952402E+09   0.885344E+09   0.298052E+09
 0867   0.439844E+02   0.306142E+11   0.894135E+09   0.885672E+09   0.294397E+09
 0868   0.440155E+02   0.306421E+11   0.896757E+09   0.885902E+09   0.290774E+09
 0869   0.440466E+02   0.306700E+11   0.898389E+09   0.885969E+09   0.287182E+09
 0870   0.440777E+02   0.306979E+11   0.898732E+09   0.886124E+09   0.283621E+09
 0871   0.441087E+02   0.307259E+11   0.899625E+09   0.886456E+09   0.280091E+09
 0872   0.441397E+02   0.307538E+11   0.901370E+09   0.886745E+09   0.276592E+09
 0873   0.441707E+02   0.307817E+11   0.902674E+09   0.887060E+09   0.273123E+09
 0874   0.442016E+02   0.308097E+11   0.903966E+09   0.887242E+09   0.269683E+09
 0875   0.442291E+02   0.308362E+11   0.965744E+09   0.896046E+09   0.266316E+09
 0876   0.442599E+02   0.308642E+11   0.905979E+09   0.896748E+09   0.262936E+09
 0877   0.442908E+02   0.308922E+11   0.908333E+09   0.897758E+09   0.259587E+09
 0878   0.443215E+02   0.309202E+11   0.911325E+09   0.898709E+09   0.256266E+09
 0879   0.443523E+02   0.309483E+11   0.913551E+09   0.899098E+09   0.252975E+09
 0880   0.443830E+02   0.309764E+11   0.913500E+09   0.899189E+09   0.249712E+09
 0881   0.444137E+02   0.310044E+11   0.912847E+09   0.899552E+09   0.246478E+09
 0882   0.444444E+02   0.310324E+11   0.913927E+09   0.900237E+09   0.243271E+09
 0883   0.444749E+02   0.310605E+11   0.916490E+09   0.901658E+09   0.240091E+09
 0884   0.445055E+02   0.310886E+11   0.921130E+09   0.903800E+09   0.236938E+09
 0885   0.445359E+02   0.311168E+11   0.926909E+09   0.906103E+09   0.233813E+09
 0886   0.445664E+02   0.311452E+11   0.930964E+09   0.908159E+09   0.230714E+09
 0887   0.445970E+02   0.311737E+11   0.932889E+09   0.909983E+09   0.227641E+09
 0888   0.446277E+02   0.312024E+11   0.933609E+09   0.911493E+09   0.224594E+09
 0889   0.446584E+02   0.312311E+11   0.933387E+09   0.912427E+09   0.221572E+09
 0890   0.446893E+02   0.312598E+11   0.932047E+09   0.913176E+09   0.218574E+09
 0891   0.447201E+02   0.312886E+11   0.932030E+09   0.913955E+09   0.215602E+09
 0892   0.447510E+02   0.313174E+11   0.933393E+09   0.914640E+09   0.212655E+09
 0893   0.447818E+02   0.313462E+11   0.934667E+09   0.915175E+09   0.209734E+09
 0894   0.448092E+02   0.313735E+11   0.999033E+09   0.924472E+09   0.206878E+09
 0895   0.448399E+02   0.314023E+11   0.937210E+09   0.925449E+09   0.204007E+09
 0896   0.448705E+02   0.314311E+11   0.939580E+09   0.926653E+09   0.201160E+09
 0897   0.449012E+02   0.314600E+11   0.942104E+09   0.927991E+09   0.198338E+09
 0898   0.449318E+02   0.314889E+11   0.944696E+09   0.929134E+09   0.195541E+09
 0899   0.449623E+02   0.315178E+11   0.946056E+09   0.929964E+09   0.192767E+09
 0900   0.449929E+02   0.315467E+11   0.945988E+09   0.930048E+09   0.190017E+09
 0901   0.450235E+02   0.315756E+11   0.943946E+09   0.930195E+09   0.187290E+09
 0902   0.450541E+02   0.316044E+11   0.943315E+09   0.931372E+09   0.184586E+09
 0903   0.450846E+02   0.316333E+11   0.947283E+09   0.933291E+09   0.181904E+09
 0904   0.451150E+02   0.316623E+11   0.953236E+09   0.935985E+09   0.179246E+09
 0905   0.451454E+02   0.316915E+11   0.959618E+09   0.939109E+09   0.176610E+09
 0906   0.451758E+02   0.317208E+11   0.965836E+09   0.941781E+09   0.173997E+09
 0907   0.452062E+02   0.317503E+11   0.968012E+09   0.944156E+09   0.171406E+09
 0908   0.452368E+02   0.317799E+11   0.968907E+09   0.946800E+09   0.168836E+09
 0909   0.452674E+02   0.318096E+11   0.970600E+09   0.949157E+09   0.166288E+09
 0910   0.452981E+02   0.318395E+11   0.971795E+09   0.951256E+09   0.163761E+09
 0911   0.453322E+02   0.318709E+11   0.919578E+09   0.944074E+09   0.161214E+09
 0912   0.453630E+02   0.319008E+11   0.972644E+09   0.945060E+09   0.158729E+09
 0913   0.453938E+02   0.319307E+11   0.971785E+09   0.945721E+09   0.156265E+09
 0914   0.454246E+02   0.319606E+11   0.971062E+09   0.946621E+09   0.153822E+09
 0915   0.454520E+02   0.319890E+11   0.103816E+10   0.957327E+09   0.151440E+09
 0916   0.454827E+02   0.320190E+11   0.976551E+09   0.959908E+09   0.149038E+09
 0917   0.455133E+02   0.320491E+11   0.982662E+09   0.962917E+09   0.146656E+09
 0918   0.455474E+02   0.320810E+11   0.934100E+09   0.957581E+09   0.144254E+09
 0919   0.455781E+02   0.321115E+11   0.993032E+09   0.961350E+09   0.141913E+09
 0920   0.456090E+02   0.321423E+11   0.997728E+09   0.964867E+09   0.139591E+09
 0921   0.456399E+02   0.321732E+11   0.100029E+10   0.968112E+09   0.137288E+09
 0922   0.456710E+02   0.322043E+11   0.100150E+10   0.971337E+09   0.135004E+09
 0923   0.457022E+02   0.322356E+11   0.100312E+10   0.973927E+09   0.132738E+09
 0924   0.457335E+02   0.322670E+11   0.100298E+10   0.976267E+09   0.130491E+09
 0925   0.457649E+02   0.322986E+11   0.100281E+10   0.978745E+09   0.128263E+09
 0926   0.457965E+02   0.323302E+11   0.100478E+10   0.981297E+09   0.126052E+09
 0927   0.458280E+02   0.323620E+11   0.100733E+10   0.983530E+09   0.123861E+09
 0928   0.458597E+02   0.323939E+11   0.100845E+10   0.984790E+09   0.121689E+09
 0929   0.458949E+02   0.324274E+11   0.951894E+09   0.976448E+09   0.119494E+09
 0930   0.459231E+02   0.324577E+11   0.107244E+10   0.986351E+09   0.117399E+09
 0931   0.459548E+02   0.324895E+11   0.100387E+10   0.988256E+09   0.115281E+09
 0932   0.459865E+02   0.325215E+11   0.100804E+10   0.991572E+09   0.113182E+09
 0933   0.460180E+02   0.325536E+11   0.101689E+10   0.995650E+09   0.111101E+09
 0934   0.460531E+02   0.325876E+11   0.969324E+09   0.991264E+09   0.109000E+09
 0935   0.460847E+02   0.326202E+11   0.103286E+10   0.996141E+09   0.106958E+09
 0936   0.461164E+02   0.326531E+11   0.103909E+10   0.100077E+10   0.104933E+09
 0937   0.461482E+02   0.326863E+11   0.104283E+10   0.100481E+10   0.102925E+09
 0938   0.461802E+02   0.327196E+11   0.104252E+10   0.100849E+10   0.100933E+09
 0939   0.462159E+02   0.327548E+11   0.984537E+09   0.100272E+10   0.989192E+08
 0940   0.462482E+02   0.327885E+11   0.104200E+10   0.100649E+10   0.969607E+08
 0941   0.462806E+02   0.328223E+11   0.104422E+10   0.101069E+10   0.950176E+08
 0942   0.463132E+02   0.328565E+11   0.104841E+10   0.101465E+10   0.930904E+08
 0943   0.463459E+02   0.328909E+11   0.105252E+10   0.101927E+10   0.911795E+08
 0944   0.463787E+02   0.329256E+11   0.105789E+10   0.102367E+10   0.892848E+08
 0945   0.464153E+02   0.329623E+11   0.100267E+10   0.101876E+10   0.873673E+08
 0946   0.464484E+02   0.329975E+11   0.106340E+10   0.102333E+10   0.855062E+08
 0947   0.464817E+02   0.330330E+11   0.106681E+10   0.102709E+10   0.836605E+08
 0948   0.465151E+02   0.330687E+11   0.106745E+10   0.103045E+10   0.818301E+08
 0949   0.465487E+02   0.331045E+11   0.106733E+10   0.103423E+10   0.800149E+08
 0950   0.465824E+02   0.331406E+11   0.106957E+10   0.103800E+10   0.782148E+08
 0951   0.466162E+02   0.331769E+11   0.107265E+10   0.104177E+10   0.764299E+08
 0952   0.466539E+02   0.332152E+11   0.101606E+10   0.103685E+10   0.746229E+08
 0953   0.466880E+02   0.332520E+11   0.108053E+10   0.104155E+10   0.728704E+08
 0954   0.467222E+02   0.332891E+11   0.108585E+10   0.104607E+10   0.711331E+08
 0955   0.467566E+02   0.333265E+11   0.108869E+10   0.105115E+10   0.694104E+08
 0956   0.467911E+02   0.333643E+11   0.109362E+10   0.105834E+10   0.677026E+08
 0957   0.468297E+02   0.334046E+11   0.104392E+10   0.105613E+10   0.659723E+08
 0958   0.468646E+02   0.334435E+11   0.111417E+10   0.106321E+10   0.642972E+08
 0959   0.468998E+02   0.334829E+11   0.112047E+10   0.107020E+10   0.626358E+08
 0960   0.469391E+02   0.335246E+11   0.106197E+10   0.106790E+10   0.609516E+08
 0961   0.469748E+02   0.335649E+11   0.112914E+10   0.107746E+10   0.593224E+08
 0962   0.470107E+02   0.336059E+11   0.114162E+10   0.108669E+10   0.577061E+08
 0963   0.470509E+02   0.336496E+11   0.108625E+10   0.108610E+10   0.560704E+08
 0964   0.470913E+02   0.336938E+11   0.109305E+10   0.108520E+10   0.544479E+08
 0965   0.471279E+02   0.337363E+11   0.116149E+10   0.109382E+10   0.528816E+08
 0966   0.471689E+02   0.337814E+11   0.109958E+10   0.109381E+10   0.512913E+08
 0967   0.472060E+02   0.338249E+11   0.117168E+10   0.110361E+10   0.497546E+08
 0968   0.472476E+02   0.338710E+11   0.110995E+10   0.110348E+10   0.481944E+08
 0969   0.472854E+02   0.339156E+11   0.118076E+10   0.111299E+10   0.466848E+08
 0970   0.473275E+02   0.339627E+11   0.111855E+10   0.111369E+10   0.451554E+08
 0971   0.473699E+02   0.340105E+11   0.112620E+10   0.111650E+10   0.436405E+08
 0972   0.474083E+02   0.340568E+11   0.120651E+10   0.113256E+10   0.421750E+08
 0973   0.474514E+02   0.341068E+11   0.115920E+10   0.114027E+10   0.406920E+08
 0974   0.474948E+02   0.341580E+11   0.118099E+10   0.114508E+10   0.392239E+08
 0975   0.475429E+02   0.342123E+11   0.112802E+10   0.113986E+10   0.377380E+08
 0976   0.475870E+02   0.342648E+11   0.118933E+10   0.114676E+10   0.363016E+08
 0977   0.476314E+02   0.343181E+11   0.120062E+10   0.115623E+10   0.348792E+08
 0978   0.476761E+02   0.343725E+11   0.121916E+10   0.116777E+10   0.334698E+08
 0979   0.477256E+02   0.344308E+11   0.117675E+10   0.117140E+10   0.320423E+08
 0980   0.477711E+02   0.344881E+11   0.125959E+10   0.118188E+10   0.306600E+08
 0981   0.478214E+02   0.345486E+11   0.120301E+10   0.118630E+10   0.292589E+08
 0982   0.478719E+02   0.346102E+11   0.121870E+10   0.119620E+10   0.278716E+08
 0983   0.479229E+02   0.346738E+11   0.124757E+10   0.120579E+10   0.264959E+08
 0984   0.479743E+02   0.347390E+11   0.126899E+10   0.122080E+10   0.251329E+08
 0985   0.480309E+02   0.348093E+11   0.124214E+10   0.122890E+10   0.237498E+08
 0986   0.480880E+02   0.348820E+11   0.127280E+10   0.123769E+10   0.223789E+08
 0987   0.481458E+02   0.349568E+11   0.129440E+10   0.124956E+10   0.210179E+08
 0988   0.482045E+02   0.350343E+11   0.131878E+10   0.126516E+10   0.196664E+08
 0989   0.482641E+02   0.351147E+11   0.135212E+10   0.128546E+10   0.183243E+08
 0990   0.483292E+02   0.352017E+11   0.133544E+10   0.130012E+10   0.169491E+08
 0991   0.484002E+02   0.352955E+11   0.132032E+10   0.131684E+10   0.155351E+08
 0992   0.484720E+02   0.353948E+11   0.138199E+10   0.133723E+10   0.141234E+08
 0993   0.485447E+02   0.354996E+11   0.144297E+10   0.136793E+10   0.127188E+08
 0994   0.486291E+02   0.356186E+11   0.140914E+10   0.139677E+10   0.111972E+08
 0995   0.487149E+02   0.357480E+11   0.150857E+10   0.143137E+10   0.966606E+07
 0996   0.488128E+02   0.358950E+11   0.150238E+10   0.147228E+10   0.797349E+07
 0997   0.489178E+02   0.360620E+11   0.158968E+10   0.152178E+10   0.608793E+07
 0998   0.490367E+02   0.362577E+11   0.164615E+10   0.160319E+10   0.301977E+07
 0999   0.491700E+02   0.365035E+11   0.184354E+10   0.177996E+10   0.861859E+06
