  0.0000000000E+000 0000
  0.6004848877E+002 0000
  0.1200936231E+003 0000
  0.1800787707E+003 0000
  0.2400716020E+003 0000
  0.3000810605E+003 0000
  0.3600827557E+003 0000
  0.4201357391E+003 0000
  0.4802536305E+003 0000
  0.5403279949E+003 0000
  0.6003040054E+003 0000
  0.6604715365E+003 0000
  0.7203034355E+003 0000
  0.7805095045E+003 0000
  0.8405565223E+003 0000
  0.9005614178E+003 0000
  0.9605126445E+003 0000
  0.1020588005E+004 0000
  0.1081063620E+004 0000
  0.1140714816E+004 0000
  0.1201172466E+004 0000
  0.1261237418E+004 0000
  0.1321158915E+004 0000
  0.1381047406E+004 0000
  0.1441229873E+004 0000
  0.1500859635E+004 0000
  0.1561276311E+004 0000
  0.1620908078E+004 0000
  0.1680906028E+004 0000
  0.1741171695E+004 0000
  0.1800952531E+004 0000
  0.1860859985E+004 0000
  0.1920564673E+004 0000
  0.1980581133E+004 0000
  0.2040829604E+004 0000
  0.2100605011E+004 0000
  0.2160719621E+004 0000
  0.2220608773E+004 0000
  0.2280476120E+004 0000
  0.2340753957E+004 0000
  0.2400463673E+004 0000
  0.2460590398E+004 0000
  0.2520358861E+004 0000
  0.2580442729E+004 0000
  0.2640518461E+004 0000
  0.2700352105E+004 0000
  0.2760385858E+004 0000
  0.2820317406E+004 0000
  0.2880548887E+004 0000
  0.2940536853E+004 0000
  0.3000468273E+004 0000
  0.3060282663E+004 0000
  0.3120499302E+004 0000
  0.3180425029E+004 0000
  0.3240440067E+004 0000
  0.3300478702E+004 0000
  0.3360494831E+004 0000
  0.3420480990E+004 0000
  0.3480524315E+004 0000
  0.3540387416E+004 0000
  0.3600580357E+004 0000
  0.3660404427E+004 0000
  0.3720557964E+004 0000
  0.3780326378E+004 0000
  0.3840537010E+004 0000
  0.3900425834E+004 0000
  0.3960644842E+004 0000
  0.4020489360E+004 0000
  0.4080600718E+004 0000
  0.4140573202E+004 0000
  0.4200626907E+004 0000
  0.4260723969E+004 0000
  0.4320866791E+004 0000
  0.4380934389E+004 0000
  0.4440888261E+004 0000
  0.4500884909E+004 0000
  0.4560768794E+004 0000
  0.4621015163E+004 0000
  0.4680626423E+004 0000
  0.4740714742E+004 0000
  0.4800743986E+004 0000
  0.4860490653E+004 0000
  0.4920484214E+004 0000
  0.4980895559E+004 0000
  0.5040572814E+004 0000
  0.5100551164E+004 0000
  0.5160474109E+004 0000
  0.5220428007E+004 0000
  0.5280462549E+004 0000
  0.5340589892E+004 0000
  0.5400416613E+004 0000
  0.5460685663E+004 0000
  0.5520619360E+004 0000
  0.5580620516E+004 0000
  0.5640377065E+004 0000
  0.5700416219E+004 0000
  0.5760653764E+004 0000
  0.5820407735E+004 0000
  0.5880426716E+004 0000
  0.5940691571E+004 0000
  0.6000392007E+004 0000
  0.6060447753E+004 0000
  0.6120459342E+004 0000
  0.6180604166E+004 0000
  0.6240578804E+004 0000
  0.6300705928E+004 0000
  0.6360709970E+004 0000
  0.6420634505E+004 0000
  0.6480394877E+004 0000
  0.6540497866E+004 0000
  0.6600618288E+004 0000
  0.6660732353E+004 0000
  0.6720406290E+004 0000
  0.6780768506E+004 0000
  0.6840681794E+004 0000
  0.6900654211E+004 0000
  0.6960797311E+004 0000
  0.7020746674E+004 0000
  0.7080473699E+004 0000
  0.7140753636E+004 0000
  0.7200649200E+004 0000
  0.7260522031E+004 0000
  0.7320825581E+004 0000
  0.7380654192E+004 0000
  0.7440836293E+004 0000
  0.7500773421E+004 0000
  0.7560624347E+004 0000
  0.7620792414E+004 0000
  0.7680723548E+004 0000
  0.7740778206E+004 0000
  0.7800439808E+004 0000
  0.7860533227E+004 0000
  0.7920608743E+004 0000
  0.7980690315E+004 0000
  0.8040825422E+004 0000
  0.8100679219E+004 0000
  0.8160803883E+004 0000
  0.8220539562E+004 0000
  0.8280430605E+004 0000
  0.8340562143E+004 0000
  0.8400600935E+004 0000
  0.8460590616E+004 0000
  0.8520534387E+004 0000
  0.8580452174E+004 0000
  0.8640796968E+004 0000
  0.8700464711E+004 0000
  0.8760731323E+004 0000
  0.8820796982E+004 0000
  0.8880648860E+004 0000
  0.8940735175E+004 0000
  0.9000486019E+004 0000
  0.9060711373E+004 0000
  0.9120597211E+004 0000
  0.9180606424E+004 0000
  0.9240449883E+004 0000
  0.9300626235E+004 0000
  0.9360454238E+004 0000
  0.9420470920E+004 0000
  0.9480797260E+004 0000
  0.9540714769E+004 0000
  0.9600695152E+004 0000
  0.9660775878E+004 0000
  0.9720551826E+004 0000
  0.9780424184E+004 0000
  0.9840824471E+004 0000
  0.9900452593E+004 0000
  0.9960513390E+004 0000
  0.1002044260E+005 0000
  0.1008056260E+005 0000
  0.1014082369E+005 0000
  0.1020077624E+005 0000
  0.1026044596E+005 0000
  0.1032051995E+005 0000
  0.1038084070E+005 0000
  0.1044049833E+005 0000
  0.1050074259E+005 0000
  0.1056065386E+005 0000
  0.1062064464E+005 0000
  0.1068071588E+005 0000
  0.1074045522E+005 0000
  0.1080072976E+005 0000
  0.1086071655E+005 0000
  0.1092044142E+005 0000
  0.1098073361E+005 0000
  0.1104076067E+005 0000
  0.1110055015E+005 0000
  0.1116053498E+005 0000
  0.1122072557E+005 0000
  0.1128075662E+005 0000
  0.1134070122E+005 0000
  0.1140067234E+005 0000
  0.1146076730E+005 0000
  0.1152060834E+005 0000
  0.1158055793E+005 0000
  0.1164056594E+005 0000
  0.1170061695E+005 0000
  0.1176071499E+005 0000
  0.1182045158E+005 0000
  0.1188066262E+005 0000
  0.1194048707E+005 0000
  0.1200062920E+005 0000
  0.1206068342E+005 0000
  0.1212065201E+005 0000
  0.1218055917E+005 0000
  0.1224044168E+005 0000
  0.1230073899E+005 0000
  0.1236065354E+005 0000
  0.1242063591E+005 0000
  0.1248073102E+005 0000
  0.1254057902E+005 0000
  0.1260062105E+005 0000
  0.1266042472E+005 0000
  0.1272080073E+005 0000
  0.1278050524E+005 0000
  0.1284079404E+005 0000
  0.1290079223E+005 0000
  0.1296043511E+005 0000
  0.1302054367E+005 0000
  0.1308071441E+005 0000
  0.1314048163E+005 0000
  0.1320053110E+005 0000
  0.1326041993E+005 0000
  0.1332058151E+005 0000
  0.1338060974E+005 0000
  0.1344052164E+005 0000
  0.1350074459E+005 0000
  0.1356043665E+005 0000
  0.1362042234E+005 0000
  0.1368069381E+005 0000
  0.1374042410E+005 0000
  0.1380046283E+005 0000
  0.1386046419E+005 0000
  0.1392048785E+005 0000
  0.1398053378E+005 0000
  0.1404056679E+005 0000
  0.1410057240E+005 0000
  0.1416056046E+005 0000
  0.1422052890E+005 0000
  0.1428046966E+005 0000
  0.1434078779E+005 0000
  0.1440068016E+005 0000
  0.1446061057E+005 0000
  0.1452061494E+005 0000
  0.1458069587E+005 0000
  0.1464071071E+005 0000
  0.1470065120E+005 0000
  0.1476053646E+005 0000
  0.1482077818E+005 0000
  0.1488055564E+005 0000
  0.1494071333E+005 0000
  0.1500047169E+005 0000
  0.1506068603E+005 0000
  0.1512057455E+005 0000
  0.1518061279E+005 0000
  0.1524044178E+005 0000
  0.1530046016E+005 0000
  0.1536062646E+005 0000
  0.1542048270E+005 0000
  0.1548044237E+005 0000
  0.1554052060E+005 0000
  0.1560070720E+005 0000
  0.1566052696E+005 0000
  0.1572073467E+005 0000
  0.1578049507E+005 0000
  0.1584065002E+005 0000
  0.1590078045E+005 0000
  0.1596047362E+005 0000
  0.1602057273E+005 0000
  0.1608067871E+005 0000
  0.1614079834E+005 0000
  0.1620053355E+005 0000
  0.1626066505E+005 0000
  0.1632071107E+005 0000
  0.1638068118E+005 0000
  0.1644060508E+005 0000
  0.1650052052E+005 0000
  0.1656045624E+005 0000
  0.1662043652E+005 0000
  0.1668049143E+005 0000
  0.1674067578E+005 0000
  0.1680058490E+005 0000
  0.1686060272E+005 0000
  0.1692068053E+005 0000
  0.1698079297E+005 0000
  0.1704051548E+005 0000
  0.1710069907E+005 0000
  0.1716050578E+005 0000
  0.1722070689E+005 0000
  0.1728045246E+005 0000
  0.1734059722E+005 0000
  0.1740072529E+005 0000
  0.1746042770E+005 0000
  0.1752055725E+005 0000
  0.1758068375E+005 0000
  0.1764080199E+005 0000
  0.1770046727E+005 0000
  0.1776051827E+005 0000
  0.1782056711E+005 0000
  0.1788065950E+005 0000
  0.1794077723E+005 0000
  0.1800042703E+005 0000
  0.1806045885E+005 0000
  0.1812044290E+005 0000
  0.1818079354E+005 0000
  0.1824068393E+005 0000
  0.1830055902E+005 0000
  0.1836044591E+005 0000
  0.1842079295E+005 0000
  0.1848077423E+005 0000
  0.1854080521E+005 0000
  0.1860046834E+005 0000
  0.1866062179E+005 0000
  0.1872044001E+005 0000
  0.1878078931E+005 0000
  0.1884083302E+005 0000
  0.1890056667E+005 0000
  0.1896082822E+005 0000
  0.1902076893E+005 0000
  0.1908080599E+005 0000
  0.1914048302E+005 0000
  0.1920063281E+005 0000
  0.1926083749E+005 0000
  0.1932070481E+005 0000
  0.1938068329E+005 0000
  0.1944075213E+005 0000
  0.1950078182E+005 0000
  0.1956075207E+005 0000
  0.1962067103E+005 0000
  0.1968053502E+005 0000
  0.1974076619E+005 0000
  0.1980050812E+005 0000
  0.1986061109E+005 0000
  0.1992064005E+005 0000
  0.1998059270E+005 0000
  0.2004045327E+005 0000
  0.2010062807E+005 0000
  0.2016069938E+005 0000
  0.2022068381E+005 0000
  0.2028061118E+005 0000
  0.2034048858E+005 0000
  0.2040074575E+005 0000
  0.2046057093E+005 0000
  0.2052083462E+005 0000
  0.2058070861E+005 0000
  0.2064060972E+005 0000
  0.2070053110E+005 0000
  0.2076047488E+005 0000
  0.2082046463E+005 0000
  0.2088049487E+005 0000
  0.2094046303E+005 0000
  0.2100081242E+005 0000
  0.2106072937E+005 0000
  0.2112067320E+005 0000
  0.2118065772E+005 0000
  0.2124068450E+005 0000
  0.2130073552E+005 0000
  0.2136080003E+005 0000
  0.2142045895E+005 0000
  0.2148055709E+005 0000
  0.2154066283E+005 0000
  0.2160077672E+005 0000
  0.2166049297E+005 0000
  0.2172067537E+005 0000
  0.2178047080E+005 0000
  0.2184071914E+005 0000
  0.2190054989E+005 0000
  0.2196081462E+005 0000
  0.2202067884E+005 0000
  0.2208057142E+005 0000
  0.2214046978E+005 0000
  0.2220078446E+005 0000
  0.2226066044E+005 0000
  0.2232050834E+005 0000
  0.2238074868E+005 0000
  0.2244053459E+005 0000
  0.2250073631E+005 0000
  0.2256053683E+005 0000
  0.2262080635E+005 0000
  0.2268061083E+005 0000
  0.2274080842E+005 0000
  0.2280057248E+005 0000
  0.2286077070E+005 0000
  0.2292056761E+005 0000
  0.2298082392E+005 0000
  0.2304070375E+005 0000
  0.2310062787E+005 0000
  0.2316055557E+005 0000
  0.2322046826E+005 0000
  0.2328076699E+005 0000
  0.2334057488E+005 0000
  0.2340071932E+005 0000
  0.2346078566E+005 0000
  0.2352078701E+005 0000
  0.2358072705E+005 0000
  0.2364061668E+005 0000
  0.2370044909E+005 0000
  0.2376063588E+005 0000
  0.2382076112E+005 0000
  0.2388083503E+005 0000
  0.2394044261E+005 0000
  0.2400083292E+005 0000
  0.2406074805E+005 0000
  0.2412061351E+005 0000
  0.2418045138E+005 0000
  0.2424070208E+005 0000
  0.2430053506E+005 0000
  0.2436078617E+005 0000
  0.2442062234E+005 0000
  0.2448047474E+005 0000
  0.2454076350E+005 0000
  0.2460063288E+005 0000
  0.2466050874E+005 0000
  0.2472083022E+005 0000
  0.2478076884E+005 0000
  0.2484065605E+005 0000
  0.2490049286E+005 0000
  0.2496072888E+005 0000
  0.2502056426E+005 0000
  0.2508042773E+005 0000
  0.2514074215E+005 0000
  0.2520066139E+005 0000
  0.2526060256E+005 0000
  0.2532057383E+005 0000
  0.2538058137E+005 0000
  0.2544062590E+005 0000
  0.2550069823E+005 0000
  0.2556080518E+005 0000
  0.2562053808E+005 0000
  0.2568072761E+005 0000
  0.2574050652E+005 0000
  0.2580070559E+005 0000
  0.2586047455E+005 0000
  0.2592065196E+005 0000
  0.2598081208E+005 0000
  0.2604053738E+005 0000
  0.2610066916E+005 0000
  0.2616076510E+005 0000
  0.2622081224E+005 0000
  0.2628080328E+005 0000
  0.2634075535E+005 0000
  0.2640068495E+005 0000
  0.2646061065E+005 0000
  0.2652053351E+005 0000
  0.2658043973E+005 0000
  0.2664073925E+005 0000
  0.2670060876E+005 0000
  0.2676048463E+005 0000
  0.2682078591E+005 0000
  0.2688066514E+005 0000
  0.2694054637E+005 0000
  0.2700083576E+005 0000
  0.2706068147E+005 0000
  0.2712047607E+005 0000
  0.2718062103E+005 0000
  0.2724070362E+005 0000
  0.2730074711E+005 0000
  0.2736076863E+005 0000
  0.2742076863E+005 0000
  0.2748074250E+005 0000
  0.2754069139E+005 0000
  0.2760061822E+005 0000
  0.2766052740E+005 0000
  0.2772042364E+005 0000
  0.2778072059E+005 0000
  0.2784058243E+005 0000
  0.2790044768E+005 0000
  0.2796075919E+005 0000
  0.2802069885E+005 0000
  0.2808066663E+005 0000
  0.2814060957E+005 0000
  0.2820052976E+005 0000
  0.2826043031E+005 0000
  0.2832072699E+005 0000
  0.2838059956E+005 0000
  0.2844046939E+005 0000
  0.2850075045E+005 0000
  0.2856061769E+005 0000
  0.2862050913E+005 0000
  0.2868045464E+005 0000
  0.2874046064E+005 0000
  0.2880052114E+005 0000
  0.2886062436E+005 0000
  0.2892075539E+005 0000
  0.2898049827E+005 0000
  0.2904070379E+005 0000
  0.2910054217E+005 0000
  0.2916083656E+005 0000
  0.2922073743E+005 0000
  0.2928065583E+005 0000
  0.2934059317E+005 0000
  0.2940053828E+005 0000
  0.2946048115E+005 0000
  0.2952042313E+005 0000
  0.2958077281E+005 0000
  0.2964067469E+005 0000
  0.2970054647E+005 0000
  0.2976081585E+005 0000
  0.2982064176E+005 0000
  0.2988044288E+005 0000
  0.2994063725E+005 0000
  0.3000081782E+005 0000
  0.3006056902E+005 0000
  0.3012073695E+005 0000
  0.3018047409E+005 0000
  0.3024060279E+005 0000
  0.3030070524E+005 0000
  0.3036079840E+005 0000
  0.3042048970E+005 0000
  0.3048063289E+005 0000
  0.3054080336E+005 0000
  0.3060055688E+005 0000
  0.3066072662E+005 0000
  0.3072046881E+005 0000
  0.3078061491E+005 0000
  0.3084074842E+005 0000
  0.3090045056E+005 0000
  0.3096053967E+005 0000
  0.3102059304E+005 0000
  0.3108062746E+005 0000
  0.3114066102E+005 0000
  0.3120071617E+005 0000
  0.3126080563E+005 0000
  0.3132051430E+005 0000
  0.3138068375E+005 0000
  0.3144048689E+005 0000
  0.3150077289E+005 0000
  0.3156070448E+005 0000
  0.3162069587E+005 0000
  0.3168073517E+005 0000
  0.3174082016E+005 0000
  0.3180053945E+005 0000
  0.3186074281E+005 0000
  0.3192057769E+005 0000
  0.3198043930E+005 0000
  0.3204072037E+005 0000
  0.3210054830E+005 0000
  0.3216074965E+005 0000
  0.3222047312E+005 0000
  0.3228054968E+005 0000
  0.3234055290E+005 0000
  0.3240047889E+005 0000
  0.3246075568E+005 0000
  0.3252056847E+005 0000
  0.3258076992E+005 0000
  0.3264053192E+005 0000
  0.3270068617E+005 0000
  0.3276081118E+005 0000
  0.3282049824E+005 0000
  0.3288059744E+005 0000
  0.3294072241E+005 0000
  0.3300047023E+005 0000
  0.3306067249E+005 0000
  0.3312049075E+005 0000
  0.3318072281E+005 0000
  0.3324049759E+005 0000
  0.3330066512E+005 0000
  0.3336082608E+005 0000
  0.3342057458E+005 0000
  0.3348075003E+005 0000
  0.3354050784E+005 0000
  0.3360068564E+005 0000
  0.3366045572E+005 0000
  0.3372066672E+005 0000
  0.3378048622E+005 0000
  0.3384075785E+005 0000
  0.3390065742E+005 0000
  0.3396061246E+005 0000
  0.3402061814E+005 0000
  0.3408066638E+005 0000
  0.3414074268E+005 0000
  0.3420083091E+005 0000
  0.3426051414E+005 0000
  0.3432065544E+005 0000
  0.3438084174E+005 0000
  0.3444063885E+005 0000
  0.3450043651E+005 0000
  0.3456065151E+005 0000
  0.3462044123E+005 0000
  0.3468064542E+005 0000
  0.3474042353E+005 0000
  0.3480062462E+005 0000
  0.3486082311E+005 0000
  0.3492058667E+005 0000
  0.3498075780E+005 0000
  0.3504050190E+005 0000
  0.3510066412E+005 0000
  0.3516081795E+005 0000
  0.3522054105E+005 0000
  0.3528066341E+005 0000
  0.3534075809E+005 0000
  0.3540083134E+005 0000
  0.3546046742E+005 0000
  0.3552050788E+005 0000
  0.3558052728E+005 0000
  0.3564053292E+005 0000
  0.3570054298E+005 0000
  0.3576057956E+005 0000
  0.3582064903E+005 0000
  0.3588072541E+005 0000
  0.3594080043E+005 0000
  0.3600045438E+005 0000
  0.3606053176E+005 0000
  0.3612060663E+005 0000
  0.3618067532E+005 0000
  0.3624072774E+005 0000
  0.3630076279E+005 0000
  0.3636078432E+005 0000
  0.3642080039E+005 0000
  0.3648082175E+005 0000
  0.3654043888E+005 0000
  0.3660049218E+005 0000
  0.3666054984E+005 0000
  0.3672060682E+005 0000
  0.3678066660E+005 0000
  0.3684074494E+005 0000
  0.3690043677E+005 0000
  0.3696058718E+005 0000
  0.3702077187E+005 0000
  0.3708055864E+005 0000
  0.3714080002E+005 0000
  0.3720066167E+005 0000
  0.3726054519E+005 0000
  0.3732043113E+005 0000
  0.3738073895E+005 0000
  0.3744062301E+005 0000
  0.3750050328E+005 0000
  0.3756080877E+005 0000
  0.3762069554E+005 0000
  0.3768058283E+005 0000
  0.3774047075E+005 0000
  0.3780077967E+005 0000
  0.3786066527E+005 0000
  0.3792054400E+005 0000
  0.3798083806E+005 0000
  0.3804071461E+005 0000
  0.3810060257E+005 0000
  0.3816050655E+005 0000
  0.3822082748E+005 0000
  0.3828073469E+005 0000
  0.3834062527E+005 0000
  0.3840049530E+005 0000
  0.3846078717E+005 0000
  0.3852066525E+005 0000
  0.3858055588E+005 0000
  0.3864045682E+005 0000
  0.3870079263E+005 0000
  0.3876072548E+005 0000
  0.3882067272E+005 0000
  0.3888062643E+005 0000
  0.3894057914E+005 0000
  0.3900052307E+005 0000
  0.3906044833E+005 0000
  0.3912076874E+005 0000
  0.3918063380E+005 0000
  0.3924045997E+005 0000
  0.3930066911E+005 0000
  0.3936042131E+005 0000
  0.3942055579E+005 0000
  0.3948065810E+005 0000
  0.3954075401E+005 0000
  0.3960043474E+005 0000
  0.3966053993E+005 0000
  0.3972063345E+005 0000
  0.3978071218E+005 0000
  0.3984078488E+005 0000
  0.3990045142E+005 0000
  0.3996056620E+005 0000
  0.4002070850E+005 0000
  0.4008083942E+005 0000
  0.4014052987E+005 0000
  0.4020062511E+005 0000
  0.4026071125E+005 0000
  0.4032079731E+005 0000
  0.4038045718E+005 0000
  0.4044053545E+005 0000
  0.4050060947E+005 0000
  0.4056067978E+005 0000
  0.4062075584E+005 0000
  0.4068043799E+005 0000
  0.4074058241E+005 0000
  0.4080077109E+005 0000
  0.4086057905E+005 0000
  0.4092042501E+005 0000
  0.4098073902E+005 0000
  0.4104068676E+005 0000
  0.4110068273E+005 0000
  0.4116071340E+005 0000
  0.4122076112E+005 0000
  0.4128078136E+005 0000
  0.4134075299E+005 0000
  0.4140067365E+005 0000
  0.4146054690E+005 0000
  0.4152080322E+005 0000
  0.4158060889E+005 0000
  0.4164081367E+005 0000
  0.4170057410E+005 0000
  0.4176072785E+005 0000
  0.4182043120E+005 0000
  0.4188051317E+005 0000
  0.4194054734E+005 0000
  0.4200053161E+005 0000
  0.4206048079E+005 0000
  0.4212083601E+005 0000
  0.4218077495E+005 0000
  0.4224071704E+005 0000
  0.4230065101E+005 0000
  0.4236057473E+005 0000
  0.4242050398E+005 0000
  0.4248044683E+005 0000
  0.4254082088E+005 0000
  0.4260078094E+005 0000
  0.4266075221E+005 0000
  0.4272073316E+005 0000
  0.4278072906E+005 0000
  0.4284071467E+005 0000
  0.4290069025E+005 0000
  0.4296066090E+005 0000
  0.4302063196E+005 0000
  0.4308059696E+005 0000
  0.4314055391E+005 0000
  0.4320050535E+005 0000
  0.4326045284E+005 0000
  0.4332082107E+005 0000
  0.4338077097E+005 0000
  0.4344072814E+005 0000
  0.4350070213E+005 0000
  0.4356071322E+005 0000
  0.4362076089E+005 0000
  0.4368082703E+005 0000
  0.4374048183E+005 0000
  0.4380057156E+005 0000
  0.4386069190E+005 0000
  0.4392043542E+005 0000
  0.4398064290E+005 0000
  0.4404046899E+005 0000
  0.4410070826E+005 0000
  0.4416049775E+005 0000
  0.4422068204E+005 0000
  0.4428042116E+005 0000
  0.4434055951E+005 0000
  0.4440067005E+005 0000
  0.4446074722E+005 0000
  0.4452078276E+005 0000
  0.4458077126E+005 0000
  0.4464072291E+005 0000
  0.4470064678E+005 0000
  0.4476053771E+005 0000
  0.4482081079E+005 0000
  0.4488063587E+005 0000
  0.4494044595E+005 0000
  0.4500066630E+005 0000
  0.4506045659E+005 0000
  0.4512064526E+005 0000
  0.4518081944E+005 0000
  0.4524057931E+005 0000
  0.4530078261E+005 0000
  0.4536060370E+005 0000
  0.4542045710E+005 0000
  0.4548071317E+005 0000
  0.4554052863E+005 0000
  0.4560075440E+005 0000
  0.4566055633E+005 0000
  0.4572077228E+005 0000
  0.4578057273E+005 0000
  0.4584079804E+005 0000
  0.4590060737E+005 0000
  0.4596042254E+005 0000
  0.4602067947E+005 0000
  0.4608055257E+005 0000
  0.4614045966E+005 0000
  0.4620080624E+005 0000
  0.4626074752E+005 0000
  0.4632070795E+005 0000
  0.4638069888E+005 0000
  0.4644072739E+005 0000
  0.4650078697E+005 0000
  0.4656045186E+005 0000
  0.4662056144E+005 0000
  0.4668065688E+005 0000
  0.4674072569E+005 0000
  0.4680077295E+005 0000
  0.4686081220E+005 0000
  0.4692043756E+005 0000
  0.4698048665E+005 0000
  0.4704053650E+005 0000
  0.4710057971E+005 0000
  0.4716061952E+005 0000
  0.4722065174E+005 0000
  0.4728067124E+005 0000
  0.4734068028E+005 0000
  0.4740068689E+005 0000
  0.4746070478E+005 0000
  0.4752073248E+005 0000
  0.4758075463E+005 0000
  0.4764075233E+005 0000
  0.4770072539E+005 0000
  0.4776068730E+005 0000
  0.4782064234E+005 0000
  0.4788059563E+005 0000
  0.4794054456E+005 0000
  0.4800048342E+005 0000
  0.4806083072E+005 0000
  0.4812074818E+005 0000
  0.4818065516E+005 0000
  0.4824054634E+005 0000
  0.4830042214E+005 0000
  0.4836070665E+005 0000
  0.4842057141E+005 0000
  0.4848044075E+005 0000
  0.4854073219E+005 0000
  0.4860060665E+005 0000
  0.4866048477E+005 0000
  0.4872079970E+005 0000
  0.4878069379E+005 0000
  0.4884058108E+005 0000
  0.4890046540E+005 0000
  0.4896075879E+005 0000
  0.4902061546E+005 0000
  0.4908046067E+005 0000
  0.4914072714E+005 0000
  0.4920059236E+005 0000
  0.4926048425E+005 0000
  0.4932081519E+005 0000
  0.4938073849E+005 0000
  0.4944066455E+005 0000
  0.4950059712E+005 0000
  0.4956054224E+005 0000
  0.4962050320E+005 0000
  0.4968048398E+005 0000
  0.4974048070E+005 0000
  0.4980049691E+005 0000
  0.4986053042E+005 0000
  0.4992056872E+005 0000
  0.4998059883E+005 0000
  0.5004062524E+005 0000
  0.5010066250E+005 0000
  0.5016069280E+005 0000
  0.5022070213E+005 0000
  0.5028069310E+005 0000
  0.5034066108E+005 0000
  0.5040060023E+005 0000
  0.5046050939E+005 0000
  0.5052081540E+005 0000
  0.5058069516E+005 0000
  0.5064056967E+005 0000
  0.5070043885E+005 0000
  0.5076071187E+005 0000
  0.5082054447E+005 0000
  0.5088077133E+005 0000
  0.5094056878E+005 0000
  0.5100077561E+005 0000
  0.5106055165E+005 0000
  0.5112073443E+005 0000
  0.5118049349E+005 0000
  0.5124066408E+005 0000
  0.5130082341E+005 0000
  0.5136055141E+005 0000
  0.5142069836E+005 0000
  0.5148044424E+005 0000
  0.5154064132E+005 0000
  0.5160083247E+005 0000
  0.5166058851E+005 0000
  0.5172075726E+005 0000
  0.5178050340E+005 0000
  0.5184065947E+005 0000
  0.5190081013E+005 0000
  0.5196053746E+005 0000
  0.5202068500E+005 0000
  0.5208042430E+005 0000
  0.5214058798E+005 0000
  0.5220076183E+005 0000
  0.5226053519E+005 0000
  0.5232075875E+005 0000
  0.5238059819E+005 0000
  0.5244046861E+005 0000
  0.5250078573E+005 0000
  0.5256071474E+005 0000
  0.5262067977E+005 0000
  0.5268068145E+005 0000
  0.5274071580E+005 0000
  0.5280078280E+005 0000
  0.5286042780E+005 0000
  0.5292043637E+005 0000
  0.5298081520E+005 0000
  0.5304073737E+005 0000
  0.5310063311E+005 0000
  0.5316050627E+005 0000
  0.5322076759E+005 0000
  0.5328057151E+005 0000
  0.5334075573E+005 0000
  0.5340049755E+005 0000
  0.5346063968E+005 0000
  0.5352077139E+005 0000
  0.5358047903E+005 0000
  0.5364060889E+005 0000
  0.5370074987E+005 0000
  0.5376048932E+005 0000
  0.5382065888E+005 0000
  0.5388041952E+005 0000
  0.5394061748E+005 0000
  0.5400081184E+005 0000
  0.5406056285E+005 0000
  0.5412071807E+005 0000
  0.5418044915E+005 0000
  0.5424059108E+005 0000
  0.5430072880E+005 0000
  0.5436044921E+005 0000
  0.5442059868E+005 0000
  0.5448077157E+005 0000
  0.5454055280E+005 0000
  0.5460077353E+005 0000
  0.5466059016E+005 0000
  0.5472042448E+005 0000
  0.5478070518E+005 0000
  0.5484060502E+005 0000
  0.5490054516E+005 0000
  0.5496051362E+005 0000
  0.5502050132E+005 0000
  0.5508050651E+005 0000
  0.5514052812E+005 0000
  0.5520055358E+005 0000
  0.5526058621E+005 0000
  0.5532063862E+005 0000
  0.5538072307E+005 0000
  0.5544081897E+005 0000
  0.5550046936E+005 0000
  0.5556051807E+005 0000
  0.5562054846E+005 0000
  0.5568055367E+005 0000
  0.5574052940E+005 0000
  0.5580047815E+005 0000
  0.5586082289E+005 0000
  0.5592072914E+005 0000
  0.5598061477E+005 0000
  0.5604047921E+005 0000
  0.5610073584E+005 0000
  0.5616056320E+005 0000
  0.5622081045E+005 0000
  0.5628063890E+005 0000
  0.5634046105E+005 0000
  0.5640069272E+005 0000
  0.5646050244E+005 0000
  0.5652072745E+005 0000
  0.5658052999E+005 0000
  0.5664075347E+005 0000
  0.5670057038E+005 0000
  0.5676083206E+005 0000
  0.5682066455E+005 0000
  0.5688047622E+005 0000
  0.5694070293E+005 0000
  0.5700051537E+005 0000
  0.5706074641E+005 0000
  0.5712055838E+005 0000
  0.5718078158E+005 0000
  0.5724058755E+005 0000
  0.5730082841E+005 0000
  0.5736067576E+005 0000
  0.5742054488E+005 0000
  0.5748043073E+005 0000
  0.5754075686E+005 0000
  0.5760068552E+005 0000
  0.5766063246E+005 0000
  0.5772058886E+005 0000
  0.5778055338E+005 0000
  0.5784053226E+005 0000
  0.5790053050E+005 0000
  0.5796054557E+005 0000
  0.5802055397E+005 0000
  0.5808054714E+005 0000
  0.5814052258E+005 0000
  0.5820048302E+005 0000
  0.5826043729E+005 0000
  0.5832080987E+005 0000
  0.5838076933E+005 0000
  0.5844073126E+005 0000
  0.5850068241E+005 0000
  0.5856061318E+005 0000
  0.5862053208E+005 0000
  0.5868045367E+005 0000
  0.5874080711E+005 0000
  0.5880074983E+005 0000
  0.5886069871E+005 0000
  0.5892064580E+005 0000
  0.5898059086E+005 0000
  0.5904052726E+005 0000
  0.5910044789E+005 0000
  0.5916076644E+005 0000
  0.5922065612E+005 0000
  0.5928054147E+005 0000
  0.5934083526E+005 0000
  0.5940069564E+005 0000
  0.5946053858E+005 0000
  0.5952078502E+005 0000
  0.5958060797E+005 0000
  0.5964042959E+005 0000
  0.5970067321E+005 0000
  0.5976049639E+005 0000
  0.5982074101E+005 0000
  0.5988057884E+005 0000
  0.5994043162E+005 0000
  0.6000069370E+005 0000
  0.6006052986E+005 0000
  0.6012078587E+005 0000
  0.6018062082E+005 0000
  0.6024044086E+005 0000
  0.6030066152E+005 0000
  0.6036045809E+005 0000
  0.6042066899E+005 0000
  0.6048046371E+005 0000
  0.6054068486E+005 0000
  0.6060050989E+005 0000
  0.6066077925E+005 0000
  0.6072065593E+005 0000
  0.6078055312E+005 0000
  0.6084046646E+005 0000
  0.6090081863E+005 0000
  0.6096078286E+005 0000
  0.6102078881E+005 0000
  0.6108083549E+005 0000
  0.6114049020E+005 0000
  0.6120058393E+005 0000
  0.6126068402E+005 0000
  0.6132078655E+005 0000
  0.6138045602E+005 0000
  0.6144054001E+005 0000
  0.6150061911E+005 0000
  0.6156068404E+005 0000
  0.6162072259E+005 0000
  0.6168073508E+005 0000
  0.6174072529E+005 0000
  0.6180069748E+005 0000
  0.6186065354E+005 0000
  0.6192059628E+005 0000
  0.6198053030E+005 0000
  0.6204046037E+005 0000
  0.6210080869E+005 0000
  0.6216073253E+005 0000
  0.6222064863E+005 0000
  0.6228056023E+005 0000
  0.6234047594E+005 0000
  0.6240082912E+005 0000
  0.6246078406E+005 0000
  0.6252072522E+005 0000
  0.6258066485E+005 0000
  0.6264060699E+005 0000
  0.6270054364E+005 0000
  0.6276046955E+005 0000
  0.6282080379E+005 0000
  0.6288071401E+005 0000
  0.6294062125E+005 0000
  0.6300052713E+005 0000
  0.6306043800E+005 0000
  0.6312077801E+005 0000
  0.6318071914E+005 0000
  0.6324067895E+005 0000
  0.6330065066E+005 0000
  0.6336063339E+005 0000
  0.6342063184E+005 0000
  0.6348065130E+005 0000
  0.6354069647E+005 0000
  0.6360077372E+005 0000
  0.6366046002E+005 0000
  0.6372059616E+005 0000
  0.6378076839E+005 0000
  0.6384056107E+005 0000
  0.6390081045E+005 0000
  0.6396065653E+005 0000
  0.6402051239E+005 0000
  0.6408080186E+005 0000
  0.6414067972E+005 0000
  0.6420052969E+005 0000
  0.6426076616E+005 0000
  0.6432055044E+005 0000
  0.6438072205E+005 0000
  0.6444043852E+005 0000
  0.6450055121E+005 0000
  0.6456064251E+005 0000
  0.6462071053E+005 0000
  0.6468075207E+005 0000
  0.6474076257E+005 0000
  0.6480074479E+005 0000
  0.6486070672E+005 0000
  0.6492066724E+005 0000
  0.6498063736E+005 0000
  0.6504062028E+005 0000
  0.6510061226E+005 0000
  0.6516062047E+005 0000
  0.6522065414E+005 0000
  0.6528068965E+005 0000
  0.6534069908E+005 0000
  0.6540069739E+005 0000
  0.6546069343E+005 0000
  0.6552068174E+005 0000
  0.6558066266E+005 0000
  0.6564064420E+005 0000
  0.6570063500E+005 0000
  0.6576064051E+005 0000
  0.6582066446E+005 0000
  0.6588071023E+005 0000
  0.6594077748E+005 0000
  0.6600044643E+005 0000
  0.6606055848E+005 0000
  0.6612069056E+005 0000
  0.6618042093E+005 0000
  0.6624059580E+005 0000
  0.6630080837E+005 0000
  0.6636064252E+005 0000
  0.6642051947E+005 0000
  0.6648042243E+005 0000
  0.6654074640E+005 0000
  0.6660064422E+005 0000
  0.6666052819E+005 0000
  0.6672081829E+005 0000
  0.6678067606E+005 0000
  0.6684052240E+005 0000
  0.6690077707E+005 0000
  0.6696059630E+005 0000
  0.6702082370E+005 0000
  0.6708062463E+005 0000
  0.6714042241E+005 0000
  0.6720064420E+005 0000
  0.6726044128E+005 0000
  0.6732065314E+005 0000
  0.6738043839E+005 0000
  0.6744063873E+005 0000
  0.6750083285E+005 0000
  0.6756059862E+005 0000
  0.6762077696E+005 0000
  0.6768052533E+005 0000
  0.6774069732E+005 0000
  0.6780046324E+005 0000
  0.6786065816E+005 0000
  0.6792042826E+005 0000
  0.6798060729E+005 0000
  0.6804078184E+005 0000
  0.6810053857E+005 0000
  0.6816072330E+005 0000
  0.6822049387E+005 0000
  0.6828068192E+005 0000
  0.6834044701E+005 0000
  0.6840063316E+005 0000
  0.6846082282E+005 0000
  0.6852059587E+005 0000
  0.6858078766E+005 0000
  0.6864056248E+005 0000
  0.6870075449E+005 0000
  0.6876051516E+005 0000
  0.6882068886E+005 0000
  0.6888044411E+005 0000
  0.6894062949E+005 0000
  0.6900082159E+005 0000
  0.6906059132E+005 0000
  0.6912078007E+005 0000
  0.6918055273E+005 0000
  0.6924075468E+005 0000
  0.6930054002E+005 0000
  0.6936074328E+005 0000
  0.6942052457E+005 0000
  0.6948073126E+005 0000
  0.6954053448E+005 0000
  0.6960077475E+005 0000
  0.6966060390E+005 0000
  0.6972043696E+005 0000
  0.6978069168E+005 0000
  0.6984051902E+005 0000
  0.6990076246E+005 0000
  0.6996058165E+005 0000
  0.7002082417E+005 0000
  0.7008065052E+005 0000
  0.7014049140E+005 0000
  0.7020074887E+005 0000
  0.7026057641E+005 0000
  0.7032082928E+005 0000
  0.7038066592E+005 0000
  0.7044049957E+005 0000
  0.7050074468E+005 0000
  0.7056055653E+005 0000
  0.7062078727E+005 0000
  0.7068060051E+005 0000
  0.7074083442E+005 0000
  0.7080064361E+005 0000
  0.7086045196E+005 0000
  0.7092068284E+005 0000
  0.7098048937E+005 0000
  0.7104071118E+005 0000
  0.7110049949E+005 0000
  0.7116068899E+005 0000
  0.7122043844E+005 0000
  0.7128059027E+005 0000
  0.7134073032E+005 0000
  0.7140043383E+005 0000
  0.7146054498E+005 0000
  0.7152064939E+005 0000
  0.7158075046E+005 0000
  0.7164042859E+005 0000
  0.7170051784E+005 0000
  0.7176059258E+005 0000
  0.7182065944E+005 0000
  0.7188073730E+005 0000
  0.7194083840E+005 0000
  0.7200053368E+005 0000
  0.7206064039E+005 0000
  0.7212074151E+005 0000
  0.7218083780E+005 0000
  0.7224051062E+005 0000
  0.7230060013E+005 0000
  0.7236068235E+005 0000
  0.7242075904E+005 0000
  0.7248082986E+005 0000
  0.7254047651E+005 0000
  0.7260054445E+005 0000
  0.7266062471E+005 0000
  0.7272072726E+005 0000
  0.7278043277E+005 0000
  0.7284058341E+005 0000
  0.7290075375E+005 0000
  0.7296052749E+005 0000
  0.7302075538E+005 0000
  0.7308059178E+005 0000
  0.7314045178E+005 0000
  0.7320075108E+005 0000
  0.7326065290E+005 0000
  0.7332054102E+005 0000
  0.7338081362E+005 0000
  0.7344062922E+005 0000
  0.7350083823E+005 0000
  0.7356060176E+005 0000
  0.7362076198E+005 0000
  0.7368047206E+005 0000
  0.7374057319E+005 0000
  0.7380064420E+005 0000
  0.7386068727E+005 0000
  0.7392070772E+005 0000
  0.7398070879E+005 0000
  0.7404069692E+005 0000
  0.7410068154E+005 0000
  0.7416066654E+005 0000
  0.7422064617E+005 0000
  0.7428061107E+005 0000
  0.7434056733E+005 0000
  0.7440052765E+005 0000
  0.7446050535E+005 0000
  0.7452050260E+005 0000
  0.7458052056E+005 0000
  0.7464053495E+005 0000
  0.7470053245E+005 0000
  0.7476051302E+005 0000
  0.7482048342E+005 0000
  0.7488045659E+005 0000
  0.7494043753E+005 0000
  0.7500042758E+005 0000
  0.7506042480E+005 0000
  0.7512042872E+005 0000
  0.7518043612E+005 0000
  0.7524045417E+005 0000
  0.7530048901E+005 0000
  0.7536054148E+005 0000
  0.7542061258E+005 0000
  0.7548070597E+005 0000
  0.7554082845E+005 0000
  0.7560055219E+005 0000
  0.7566070714E+005 0000
  0.7572045089E+005 0000
  0.7578062892E+005 0000
  0.7584083435E+005 0000
  0.7590065024E+005 0000
  0.7596047291E+005 0000
  0.7602070139E+005 0000
  0.7608049303E+005 0000
  0.7614069004E+005 0000
  0.7620045046E+005 0000
  0.7626061581E+005 0000
  0.7632076459E+005 0000
  0.7638047672E+005 0000
  0.7644059373E+005 0000
  0.7650069040E+005 0000
  0.7656076628E+005 0000
  0.7662082807E+005 0000
  0.7668045958E+005 0000
  0.7674049776E+005 0000
  0.7680051711E+005 0000
  0.7686052150E+005 0000
  0.7692051422E+005 0000
  0.7698050308E+005 0000
  0.7704048697E+005 0000
  0.7710046254E+005 0000
  0.7716043823E+005 0000
  0.7722042782E+005 0000
  0.7728044197E+005 0000
  0.7734046930E+005 0000
  0.7740048101E+005 0000
  0.7746048545E+005 0000
  0.7752048909E+005 0000
  0.7758049164E+005 0000
  0.7764048722E+005 0000
  0.7770047478E+005 0000
  0.7776045974E+005 0000
  0.7782044660E+005 0000
  0.7788043882E+005 0000
  0.7794044419E+005 0000
  0.7800046986E+005 0000
  0.7806052129E+005 0000
  0.7812060036E+005 0000
  0.7818069735E+005 0000
  0.7824080460E+005 0000
  0.7830050282E+005 0000
  0.7836064446E+005 0000
  0.7842080951E+005 0000
  0.7848057144E+005 0000
  0.7854076800E+005 0000
  0.7860055975E+005 0000
  0.7866078331E+005 0000
  0.7872057065E+005 0000
  0.7878075982E+005 0000
  0.7884051895E+005 0000
  0.7890069459E+005 0000
  0.7896044116E+005 0000
  0.7902059919E+005 0000
  0.7908074477E+005 0000
  0.7914046136E+005 0000
  0.7920059577E+005 0000
  0.7926073526E+005 0000
  0.7932045846E+005 0000
  0.7938060847E+005 0000
  0.7944077109E+005 0000
  0.7950051198E+005 0000
  0.7956066885E+005 0000
  0.7962083306E+005 0000
  0.7968057604E+005 0000
  0.7974074290E+005 0000
  0.7980048746E+005 0000
  0.7986064380E+005 0000
  0.7992079870E+005 0000
  0.7998053903E+005 0000
  0.8004070841E+005 0000
  0.8010046206E+005 0000
  0.8016063745E+005 0000
  0.8022080994E+005 0000
  0.8028056041E+005 0000
  0.8034072762E+005 0000
  0.8040047411E+005 0000
  0.8046064492E+005 0000
  0.8052081620E+005 0000
  0.8058056029E+005 0000
  0.8064071288E+005 0000
  0.8070043853E+005 0000
  0.8076058361E+005 0000
  0.8082072778E+005 0000
  0.8088045235E+005 0000
  0.8094060482E+005 0000
  0.8100075678E+005 0000
  0.8106047125E+005 0000
  0.8112059321E+005 0000
  0.8118071786E+005 0000
  0.8124043396E+005 0000
  0.8130057746E+005 0000
  0.8136072434E+005 0000
  0.8142044824E+005 0000
  0.8148059058E+005 0000
  0.8154073642E+005 0000
  0.8160047224E+005 0000
  0.8166064415E+005 0000
  0.8172082600E+005 0000
  0.8178059626E+005 0000
  0.8184079995E+005 0000
  0.8190059588E+005 0000
  0.8196082044E+005 0000
  0.8202062891E+005 0000
  0.8208044950E+005 0000
  0.8214070712E+005 0000
  0.8220056602E+005 0000
  0.8226043845E+005 0000
  0.8232072667E+005 0000
  0.8238058031E+005 0000
  0.8244083686E+005 0000
  0.8250065076E+005 0000
  0.8256044911E+005 0000
  0.8262065378E+005 0000
  0.8268042386E+005 0000
  0.8274059845E+005 0000
  0.8280074932E+005 0000
  0.8286045323E+005 0000
  0.8292055733E+005 0000
  0.8298065459E+005 0000
  0.8304075003E+005 0000
  0.8310042167E+005 0000
  0.8316050970E+005 0000
  0.8322058965E+005 0000
  0.8328066221E+005 0000
  0.8334072500E+005 0000
  0.8340077575E+005 0000
  0.8346081518E+005 0000
  0.8352043622E+005 0000
  0.8358048845E+005 0000
  0.8364055272E+005 0000
  0.8370062059E+005 0000
  0.8376068934E+005 0000
  0.8382076135E+005 0000
  0.8388042189E+005 0000
  0.8394049604E+005 0000
  0.8400055564E+005 0000
  0.8406060753E+005 0000
  0.8412065486E+005 0000
  0.8418069762E+005 0000
  0.8424073621E+005 0000
  0.8430077334E+005 0000
  0.8436081805E+005 0000
  0.8442045729E+005 0000
  0.8448053484E+005 0000
  0.8454062451E+005 0000
  0.8460072189E+005 0000
  0.8466083328E+005 0000
  0.8472053918E+005 0000
  0.8478068079E+005 0000
  0.8484083423E+005 0000
  0.8490058647E+005 0000
  0.8496078471E+005 0000
  0.8502058814E+005 0000
  0.8508083376E+005 0000
  0.8514066854E+005 0000
  0.8520049578E+005 0000
  0.8526072295E+005 0000
  0.8532049444E+005 0000
  0.8538064592E+005 0000
  0.8544075635E+005 0000
  0.8550083169E+005 0000
  0.8556046172E+005 0000
  0.8562048664E+005 0000
  0.8568048741E+005 0000
  0.8574046590E+005 0000
  0.8580043109E+005 0000
  0.8586080076E+005 0000
  0.8592073179E+005 0000
  0.8598064358E+005 0000
  0.8604054664E+005 0000
  0.8610044926E+005 0000
  0.8616077446E+005 0000
  0.8622068879E+005 0000
  0.8628061296E+005 0000
  0.8634055177E+005 0000
  0.8640051340E+005 0000
  0.8646047449E+005 0000
  0.8652042091E+005 0000
  0.8658077978E+005 0000
  0.8664071393E+005 0000
  0.8670064057E+005 0000
  0.8676055683E+005 0000
  0.8682046581E+005 0000
  0.8688079873E+005 0000
  0.8694073186E+005 0000
  0.8700068896E+005 0000
  0.8706066682E+005 0000
  0.8712066212E+005 0000
  0.8718067884E+005 0000
  0.8724071394E+005 0000
  0.8730076587E+005 0000
  0.8736083281E+005 0000
  0.8742049752E+005 0000
  0.8748060616E+005 0000
  0.8754074039E+005 0000
  0.8760047037E+005 0000
  0.8766062325E+005 0000
  0.8772076708E+005 0000
  0.8778047929E+005 0000
  0.8784059390E+005 0000
  0.8790068905E+005 0000
  0.8796076659E+005 0000
  0.8802082876E+005 0000
  0.8808045644E+005 0000
  0.8814048259E+005 0000
  0.8820048829E+005 0000
  0.8826048255E+005 0000
  0.8832047248E+005 0000
  0.8838046127E+005 0000
  0.8844044329E+005 0000
  0.8850083488E+005 0000
  0.8856079636E+005 0000
  0.8862075386E+005 0000
  0.8868070890E+005 0000
  0.8874065955E+005 0000
  0.8880061291E+005 0000
  0.8886057532E+005 0000
  0.8892054751E+005 0000
  0.8898052212E+005 0000
  0.8904049120E+005 0000
  0.8910045327E+005 0000
  0.8916082820E+005 0000
  0.8922078990E+005 0000
  0.8928076421E+005 0000
  0.8934072632E+005 0000
  0.8940068084E+005 0000
  0.8946063251E+005 0000
  0.8952058163E+005 0000
  0.8958052917E+005 0000
  0.8964047607E+005 0000
  0.8970043055E+005 0000
  0.8976081526E+005 0000
  0.8982078739E+005 0000
  0.8988076387E+005 0000
  0.8994074583E+005 0000
  0.9000074130E+005 0000
  0.9006074952E+005 0000
  0.9012076901E+005 0000
  0.9018079918E+005 0000
  0.9024083978E+005 0000
  0.9030047258E+005 0000
  0.9036053433E+005 0000
  0.9042060350E+005 0000
  0.9048067432E+005 0000
  0.9054074907E+005 0000
  0.9060083210E+005 0000
  0.9066047930E+005 0000
  0.9072052631E+005 0000
  0.9078056177E+005 0000
  0.9084059587E+005 0000
  0.9090062939E+005 0000
  0.9096065511E+005 0000
  0.9102067167E+005 0000
  0.9108068185E+005 0000
  0.9114068753E+005 0000
  0.9120068608E+005 0000
  0.9126067797E+005 0000
  0.9132067147E+005 0000
  0.9138066859E+005 0000
  0.9144067124E+005 0000
  0.9150067543E+005 0000
  0.9156067236E+005 0000
  0.9162065940E+005 0000
  0.9168063906E+005 0000
  0.9174061474E+005 0000
  0.9180058517E+005 0000
  0.9186055043E+005 0000
  0.9192051027E+005 0000
  0.9198046722E+005 0000
  0.9204042791E+005 0000
  0.9210081274E+005 0000
  0.9216077632E+005 0000
  0.9222072657E+005 0000
  0.9228066694E+005 0000
  0.9234060861E+005 0000
  0.9240055701E+005 0000
  0.9246051503E+005 0000
  0.9252047549E+005 0000
  0.9258042745E+005 0000
  0.9264079178E+005 0000
  0.9270073140E+005 0000
  0.9276067087E+005 0000
  0.9282061260E+005 0000
  0.9288055030E+005 0000
  0.9294048159E+005 0000
  0.9300082578E+005 0000
  0.9306075156E+005 0000
  0.9312068675E+005 0000
  0.9318063796E+005 0000
  0.9324060770E+005 0000
  0.9330058869E+005 0000
  0.9336057918E+005 0000
  0.9342058753E+005 0000
  0.9348061872E+005 0000
  0.9354067149E+005 0000
  0.9360074123E+005 0000
  0.9366082957E+005 0000
  0.9372051610E+005 0000
  0.9378064306E+005 0000
  0.9384076168E+005 0000
  0.9390044708E+005 0000
  0.9396054108E+005 0000
  0.9402061982E+005 0000
  0.9408068272E+005 0000
  0.9414072954E+005 0000
  0.9420075700E+005 0000
  0.9426075976E+005 0000
  0.9432073815E+005 0000
  0.9438068958E+005 0000
  0.9444062115E+005 0000
  0.9450054324E+005 0000
  0.9456046959E+005 0000
  0.9462081664E+005 0000
  0.9468074045E+005 0000
  0.9474065843E+005 0000
  0.9480057571E+005 0000
  0.9486050297E+005 0000
  0.9492044688E+005 0000
  0.9498082564E+005 0000
  0.9504077831E+005 0000
  0.9510071750E+005 0000
  0.9516064298E+005 0000
  0.9522056426E+005 0000
  0.9528048706E+005 0000
  0.9534083514E+005 0000
  0.9540076806E+005 0000
  0.9546070457E+005 0000
  0.9552064401E+005 0000
  0.9558058776E+005 0000
  0.9564054139E+005 0000
  0.9570050729E+005 0000
  0.9576048343E+005 0000
  0.9582047360E+005 0000
  0.9588048155E+005 0000
  0.9594051538E+005 0000
  0.9600057442E+005 0000
  0.9606065509E+005 0000
  0.9612074675E+005 0000
  0.9618043045E+005 0000
  0.9624055583E+005 0000
  0.9630070795E+005 0000
  0.9636046151E+005 0000
  0.9642065049E+005 0000
  0.9648083654E+005 0000
  0.9654059187E+005 0000
  0.9660075785E+005 0000
  0.9666049100E+005 0000
  0.9672063006E+005 0000
  0.9678074987E+005 0000
  0.9684042206E+005 0000
  0.9690048489E+005 0000
  0.9696052464E+005 0000
  0.9702054668E+005 0000
  0.9708055744E+005 0000
  0.9714055707E+005 0000
  0.9720054101E+005 0000
  0.9726050961E+005 0000
  0.9732046713E+005 0000
  0.9738042411E+005 0000
  0.9744079721E+005 0000
  0.9750074570E+005 0000
  0.9756069457E+005 0000
  0.9762065558E+005 0000
  0.9768063651E+005 0000
  0.9774063168E+005 0000
  0.9780061221E+005 0000
  0.9786058195E+005 0000
  0.9792054613E+005 0000
  0.9798050624E+005 0000
  0.9804046577E+005 0000
  0.9810042598E+005 0000
  0.9816080620E+005 0000
  0.9822076918E+005 0000
  0.9828073642E+005 0000
  0.9834071309E+005 0000
  0.9840070652E+005 0000
  0.9846072648E+005 0000
  0.9852077330E+005 0000
  0.9858083846E+005 0000
  0.9864049399E+005 0000
  0.9870058529E+005 0000
  0.9876070016E+005 0000
  0.9882083958E+005 0000
  0.9888058269E+005 0000
  0.9894076377E+005 0000
  0.9900052290E+005 0000
  0.9906068359E+005 0000
  0.9912082749E+005 0000
  0.9918053755E+005 0000
  0.9924065933E+005 0000
  0.9930077032E+005 0000
  0.9936045027E+005 0000
  0.9942053913E+005 0000
  0.9948061531E+005 0000
  0.9954068241E+005 0000
  0.9960074297E+005 0000
  0.9966079824E+005 0000
  0.9972042478E+005 0000
  0.9978046869E+005 0000
  0.9984051640E+005 0000
  0.9990056726E+005 0000
  0.9996061422E+005 0000
  0.1000206513E+006 0000
  0.1000806800E+006 0000
  0.1001407109E+006 0000
  0.1002007552E+006 0000
  0.1002608135E+006 0000
  0.1003204462E+006 0000
  0.1003804929E+006 0000
  0.1004405395E+006 0000
  0.1005005874E+006 0000
  0.1005606410E+006 0000
  0.1006207012E+006 0000
  0.1006807635E+006 0000
  0.1007408278E+006 0000
  0.1008004692E+006 0000
  0.1008605273E+006 0000
  0.1009205868E+006 0000
  0.1009806520E+006 0000
  0.1010407218E+006 0000
  0.1011007903E+006 0000
  0.1011604361E+006 0000
  0.1012205000E+006 0000
  0.1012805693E+006 0000
  0.1013406421E+006 0000
  0.1014007129E+006 0000
  0.1014607802E+006 0000
  0.1015204313E+006 0000
  0.1015805148E+006 0000
  0.1016406113E+006 0000
  0.1017007163E+006 0000
  0.1017608277E+006 0000
  0.1018205199E+006 0000
  0.1018806366E+006 0000
  0.1019407596E+006 0000
  0.1020004742E+006 0000
  0.1020606195E+006 0000
  0.1021207776E+006 0000
  0.1021805281E+006 0000
  0.1022407091E+006 0000
  0.1023004746E+006 0000
  0.1023606610E+006 0000
  0.1024204252E+006 0000
  0.1024806161E+006 0000
  0.1025408050E+006 0000
  0.1026005568E+006 0000
  0.1026607209E+006 0000
  0.1027204599E+006 0000
  0.1027806126E+006 0000
  0.1028407578E+006 0000
  0.1029004788E+006 0000
  0.1029606165E+006 0000
  0.1030207537E+006 0000
  0.1030804691E+006 0000
  0.1031405974E+006 0000
  0.1032007174E+006 0000
  0.1032608303E+006 0000
  0.1033205217E+006 0000
  0.1033806334E+006 0000
  0.1034407472E+006 0000
  0.1035004410E+006 0000
  0.1035605546E+006 0000
  0.1036206676E+006 0000
  0.1036807799E+006 0000
  0.1037404664E+006 0000
  0.1038005651E+006 0000
  0.1038606638E+006 0000
  0.1039207771E+006 0000
  0.1039804645E+006 0000
  0.1040405617E+006 0000
  0.1041006561E+006 0000
  0.1041607540E+006 0000
  0.1042204326E+006 0000
  0.1042805292E+006 0000
  0.1043406229E+006 0000
  0.1044007167E+006 0000
  0.1044608119E+006 0000
  0.1045204900E+006 0000
  0.1045805938E+006 0000
  0.1046407043E+006 0000
  0.1047008251E+006 0000
  0.1047605368E+006 0000
  0.1048206825E+006 0000
  0.1048808364E+006 0000
  0.1049405761E+006 0000
  0.1050007497E+006 0000
  0.1050605228E+006 0000
  0.1051207371E+006 0000
  0.1051805493E+006 0000
  0.1052408023E+006 0000
  0.1053006567E+006 0000
  0.1053605292E+006 0000
  0.1054208042E+006 0000
  0.1054806434E+006 0000
  0.1055404699E+006 0000
  0.1056007054E+006 0000
  0.1056604989E+006 0000
  0.1057206901E+006 0000
  0.1057804329E+006 0000
  0.1058405707E+006 0000
  0.1059006889E+006 0000
  0.1059607914E+006 0000
  0.1060204596E+006 0000
  0.1060805371E+006 0000
  0.1061406089E+006 0000
  0.1062006749E+006 0000
  0.1062607288E+006 0000
  0.1063207727E+006 0000
  0.1063808099E+006 0000
  0.1064404326E+006 0000
  0.1065004895E+006 0000
  0.1065605619E+006 0000
  0.1066206480E+006 0000
  0.1066807375E+006 0000
  0.1067408113E+006 0000
  0.1068004486E+006 0000
  0.1068604971E+006 0000
  0.1069205437E+006 0000
  0.1069805931E+006 0000
  0.1070406451E+006 0000
  0.1071007025E+006 0000
  0.1071607621E+006 0000
  0.1072208308E+006 0000
  0.1072804959E+006 0000
  0.1073406025E+006 0000
  0.1074007317E+006 0000
  0.1074604601E+006 0000
  0.1075206297E+006 0000
  0.1075808199E+006 0000
  0.1076406065E+006 0000
  0.1077008276E+006 0000
  0.1077606383E+006 0000
  0.1078204680E+006 0000
  0.1078807431E+006 0000
  0.1079406029E+006 0000
  0.1080004504E+006 0000
  0.1080607122E+006 0000
  0.1081205433E+006 0000
  0.1081807853E+006 0000
  0.1082405895E+006 0000
  0.1083007966E+006 0000
  0.1083605651E+006 0000
  0.1084207382E+006 0000
  0.1084804744E+006 0000
  0.1085406152E+006 0000
  0.1086007439E+006 0000
  0.1086604453E+006 0000
  0.1087205665E+006 0000
  0.1087806856E+006 0000
  0.1088407986E+006 0000
  0.1089004834E+006 0000
  0.1089605832E+006 0000
  0.1090206811E+006 0000
  0.1090807725E+006 0000
  0.1091404363E+006 0000
  0.1092005207E+006 0000
  0.1092606127E+006 0000
  0.1093207185E+006 0000
  0.1093808350E+006 0000
  0.1094405292E+006 0000
  0.1095006421E+006 0000
  0.1095607522E+006 0000
  0.1096204327E+006 0000
  0.1096805230E+006 0000
  0.1097406039E+006 0000
  0.1098006824E+006 0000
  0.1098607641E+006 0000
  0.1099204332E+006 0000
  0.1099805328E+006 0000
  0.1100406418E+006 0000
  0.1101007650E+006 0000
  0.1101604805E+006 0000
  0.1102206246E+006 0000
  0.1102807723E+006 0000
  0.1103405100E+006 0000
  0.1104006866E+006 0000
  0.1104604601E+006 0000
  0.1105206707E+006 0000
  0.1105804720E+006 0000
  0.1106407065E+006 0000
  0.1107005356E+006 0000
  0.1107607998E+006 0000
  0.1108206426E+006 0000
  0.1108804795E+006 0000
  0.1109407290E+006 0000
  0.1110005438E+006 0000
  0.1110607623E+006 0000
  0.1111205402E+006 0000
  0.1111807234E+006 0000
  0.1112404809E+006 0000
  0.1113006586E+006 0000
  0.1113608341E+006 0000
  0.1114205878E+006 0000
  0.1114807618E+006 0000
  0.1115405140E+006 0000
  0.1116006807E+006 0000
  0.1116608378E+006 0000
  0.1117205684E+006 0000
  0.1117807227E+006 0000
  0.1118404659E+006 0000
  0.1119006373E+006 0000
  0.1119608093E+006 0000
  0.1120205576E+006 0000
  0.1120807238E+006 0000
  0.1121404702E+006 0000
  0.1122006376E+006 0000
  0.1122608076E+006 0000
  0.1123205561E+006 0000
  0.1123807238E+006 0000
  0.1124404731E+006 0000
  0.1125006433E+006 0000
  0.1125608111E+006 0000
  0.1126205603E+006 0000
  0.1126807283E+006 0000
  0.1127404710E+006 0000
  0.1128006347E+006 0000
  0.1128607991E+006 0000
  0.1129205407E+006 0000
  0.1129807031E+006 0000
  0.1130404482E+006 0000
  0.1131006129E+006 0000
  0.1131607754E+006 0000
  0.1132205214E+006 0000
  0.1132806897E+006 0000
  0.1133404311E+006 0000
  0.1134005838E+006 0000
  0.1134607246E+006 0000
  0.1135204388E+006 0000
  0.1135805768E+006 0000
  0.1136407262E+006 0000
  0.1137004652E+006 0000
  0.1137606313E+006 0000
  0.1138208028E+006 0000
  0.1138805600E+006 0000
  0.1139407459E+006 0000
  0.1140005172E+006 0000
  0.1140607156E+006 0000
  0.1141205009E+006 0000
  0.1141807214E+006 0000
  0.1142405373E+006 0000
  0.1143007806E+006 0000
  0.1143605963E+006 0000
  0.1144208233E+006 0000
  0.1144806136E+006 0000
  0.1145408118E+006 0000
  0.1146005738E+006 0000
  0.1146607431E+006 0000
  0.1147204758E+006 0000
  0.1147806075E+006 0000
  0.1148407155E+006 0000
  0.1149008015E+006 0000
  0.1149604560E+006 0000
  0.1150205275E+006 0000
  0.1150805983E+006 0000
  0.1151406666E+006 0000
  0.1152007272E+006 0000
  0.1152607824E+006 0000
  0.1153208356E+006 0000
  0.1153804702E+006 0000
  0.1154405237E+006 0000
  0.1155005812E+006 0000
  0.1155606494E+006 0000
  0.1156207294E+006 0000
  0.1156808118E+006 0000
  0.1157404700E+006 0000
  0.1158005473E+006 0000
  0.1158606199E+006 0000
  0.1159206838E+006 0000
  0.1159807371E+006 0000
  0.1160407872E+006 0000
  0.1161008382E+006 0000
  0.1161604740E+006 0000
  0.1162205351E+006 0000
  0.1162806027E+006 0000
  0.1163406789E+006 0000
  0.1164007672E+006 0000
  0.1164604526E+006 0000
  0.1165205706E+006 0000
  0.1165806930E+006 0000
  0.1166408224E+006 0000
  0.1167005430E+006 0000
  0.1167607007E+006 0000
  0.1168204528E+006 0000
  0.1168806425E+006 0000
  0.1169404265E+006 0000
  0.1170006478E+006 0000
  0.1170604580E+006 0000
  0.1171206880E+006 0000
  0.1171804937E+006 0000
  0.1172407117E+006 0000
  0.1173004886E+006 0000
  0.1173606617E+006 0000
  0.1174208091E+006 0000
  0.1174805127E+006 0000
  0.1175406215E+006 0000
  0.1176007161E+006 0000
  0.1176607933E+006 0000
  0.1177204311E+006 0000
  0.1177804746E+006 0000
  0.1178405089E+006 0000
  0.1179005333E+006 0000
  0.1179605482E+006 0000
  0.1180205570E+006 0000
  0.1180805668E+006 0000
  0.1181405842E+006 0000
  0.1182006107E+006 0000
  0.1182606459E+006 0000
  0.1183206893E+006 0000
  0.1183807435E+006 0000
  0.1184407894E+006 0000
  0.1185008256E+006 0000
  0.1185604353E+006 0000
  0.1186204596E+006 0000
  0.1186804776E+006 0000
  0.1187404894E+006 0000
  0.1188004941E+006 0000
  0.1188605014E+006 0000
  0.1189205228E+006 0000
  0.1189805621E+006 0000
  0.1190406192E+006 0000
  0.1191006882E+006 0000
  0.1191607701E+006 0000
  0.1192204483E+006 0000
  0.1192805692E+006 0000
  0.1193407154E+006 0000
  0.1194004634E+006 0000
  0.1194606571E+006 0000
  0.1195204567E+006 0000
  0.1195806985E+006 0000
  0.1196405253E+006 0000
  0.1197007649E+006 0000
  0.1197605746E+006 0000
  0.1198207921E+006 0000
  0.1198805708E+006 0000
  0.1199407515E+006 0000
  0.1200004952E+006 0000
  0.1200606439E+006 0000
  0.1201207744E+006 0000
  0.1201804658E+006 0000
  0.1202405625E+006 0000
  0.1203006511E+006 0000
  0.1203607393E+006 0000
  0.1204208260E+006 0000
  0.1204804874E+006 0000
  0.1205405588E+006 0000
  0.1206006268E+006 0000
  0.1206606980E+006 0000
  0.1207207729E+006 0000
  0.1207804318E+006 0000
  0.1208405181E+006 0000
  0.1209006123E+006 0000
  0.1209607122E+006 0000
  0.1210208129E+006 0000
  0.1210804926E+006 0000
  0.1211405909E+006 0000
  0.1212006905E+006 0000
  0.1212607839E+006 0000
  0.1213204483E+006 0000
  0.1213805295E+006 0000
  0.1214406141E+006 0000
  0.1215007051E+006 0000
  0.1215608007E+006 0000
  0.1216204752E+006 0000
  0.1216805684E+006 0000
  0.1217406661E+006 0000
  0.1218007688E+006 0000
  0.1218604527E+006 0000
  0.1219205570E+006 0000
  0.1219806665E+006 0000
  0.1220407849E+006 0000
  0.1221004944E+006 0000
  0.1221606340E+006 0000
  0.1222207795E+006 0000
  0.1222805088E+006 0000
  0.1223406638E+006 0000
  0.1224008224E+006 0000
  0.1224605622E+006 0000
  0.1225207243E+006 0000
  0.1225804732E+006 0000
  0.1226406495E+006 0000
  0.1227008158E+006 0000
  0.1227605496E+006 0000
  0.1228207000E+006 0000
  0.1228804326E+006 0000
  0.1229405834E+006 0000
  0.1230007229E+006 0000
  0.1230604293E+006 0000
  0.1231205433E+006 0000
  0.1231806483E+006 0000
  0.1232407450E+006 0000
  0.1233008344E+006 0000
  0.1233604996E+006 0000
  0.1234205838E+006 0000
  0.1234806720E+006 0000
  0.1235407591E+006 0000
  0.1236004217E+006 0000
  0.1236605000E+006 0000
  0.1237205763E+006 0000
  0.1237806513E+006 0000
  0.1238407242E+006 0000
  0.1239007961E+006 0000
  0.1239604431E+006 0000
  0.1240205064E+006 0000
  0.1240805713E+006 0000
  0.1241406384E+006 0000
  0.1242007035E+006 0000
  0.1242607614E+006 0000
  0.1243208166E+006 0000
  0.1243804570E+006 0000
  0.1244405262E+006 0000
  0.1245005910E+006 0000
  0.1245606534E+006 0000
  0.1246207176E+006 0000
  0.1246807848E+006 0000
  0.1247404323E+006 0000
  0.1248005016E+006 0000
  0.1248605713E+006 0000
  0.1249206343E+006 0000
  0.1249806920E+006 0000
  0.1250407433E+006 0000
  0.1251007935E+006 0000
  0.1251604282E+006 0000
  0.1252204925E+006 0000
  0.1252805643E+006 0000
  0.1253406379E+006 0000
  0.1254007132E+006 0000
  0.1254607934E+006 0000
  0.1255204637E+006 0000
  0.1255805666E+006 0000
  0.1256406800E+006 0000
  0.1257008031E+006 0000
  0.1257605180E+006 0000
  0.1258206731E+006 0000
  0.1258804239E+006 0000
  0.1259405974E+006 0000
  0.1260007638E+006 0000
  0.1260605004E+006 0000
  0.1261206469E+006 0000
  0.1261807783E+006 0000
  0.1262404709E+006 0000
  0.1263005656E+006 0000
  0.1263606391E+006 0000
  0.1264206922E+006 0000
  0.1264807268E+006 0000
  0.1265407506E+006 0000
  0.1266007676E+006 0000
  0.1266607773E+006 0000
  0.1267207757E+006 0000
  0.1267807612E+006 0000
  0.1268407377E+006 0000
  0.1269007176E+006 0000
  0.1269607088E+006 0000
  0.1270207111E+006 0000
  0.1270807219E+006 0000
  0.1271407456E+006 0000
  0.1272007644E+006 0000
  0.1272607712E+006 0000
  0.1273207703E+006 0000
  0.1273807659E+006 0000
  0.1274407583E+006 0000
  0.1275007478E+006 0000
  0.1275607355E+006 0000
  0.1276207260E+006 0000
  0.1276807253E+006 0000
  0.1277407358E+006 0000
  0.1278007607E+006 0000
  0.1278608000E+006 0000
  0.1279204347E+006 0000
  0.1279805055E+006 0000
  0.1280405954E+006 0000
  0.1281006993E+006 0000
  0.1281608107E+006 0000
  0.1282205121E+006 0000
  0.1282806541E+006 0000
  0.1283408206E+006 0000
  0.1284005898E+006 0000
  0.1284607850E+006 0000
  0.1285205490E+006 0000
  0.1285807238E+006 0000
  0.1286404648E+006 0000
  0.1287006149E+006 0000
  0.1287607523E+006 0000
  0.1288204553E+006 0000
  0.1288805607E+006 0000
  0.1289406493E+006 0000
  0.1290007243E+006 0000
  0.1290607867E+006 0000
  0.1291204219E+006 0000
  0.1291804692E+006 0000
  0.1292405030E+006 0000
  0.1293005218E+006 0000
  0.1293605294E+006 0000
  0.1294205333E+006 0000
  0.1294805328E+006 0000
  0.1295405278E+006 0000
  0.1296005203E+006 0000
  0.1296605171E+006 0000
  0.1297205260E+006 0000
  0.1297805494E+006 0000
  0.1298405815E+006 0000
  0.1299006075E+006 0000
  0.1299606272E+006 0000
  0.1300206396E+006 0000
  0.1300806456E+006 0000
  0.1301406449E+006 0000
  0.1302006401E+006 0000
  0.1302606348E+006 0000
  0.1303206341E+006 0000
  0.1303806397E+006 0000
  0.1304406572E+006 0000
  0.1305006910E+006 0000
  0.1305607385E+006 0000
  0.1306207961E+006 0000
  0.1306804384E+006 0000
  0.1307405100E+006 0000
  0.1308005991E+006 0000
  0.1308607114E+006 0000
  0.1309204274E+006 0000
  0.1309805799E+006 0000
  0.1310407479E+006 0000
  0.1311005117E+006 0000
  0.1311607039E+006 0000
  0.1312204656E+006 0000
  0.1312806386E+006 0000
  0.1313408014E+006 0000
  0.1314005317E+006 0000
  0.1314606660E+006 0000
  0.1315207837E+006 0000
  0.1315804666E+006 0000
  0.1316405598E+006 0000
  0.1317006440E+006 0000
  0.1317607208E+006 0000
  0.1318207934E+006 0000
  0.1318804450E+006 0000
  0.1319405174E+006 0000
  0.1320005880E+006 0000
  0.1320606523E+006 0000
  0.1321207105E+006 0000
  0.1321807727E+006 0000
  0.1322404285E+006 0000
  0.1323005149E+006 0000
  0.1323606013E+006 0000
  0.1324206843E+006 0000
  0.1324807661E+006 0000
  0.1325404252E+006 0000
  0.1326005018E+006 0000
  0.1326605763E+006 0000
  0.1327206489E+006 0000
  0.1327807228E+006 0000
  0.1328407979E+006 0000
  0.1329004572E+006 0000
  0.1329605446E+006 0000
  0.1330206432E+006 0000
  0.1330807523E+006 0000
  0.1331404474E+006 0000
  0.1332005633E+006 0000
  0.1332606791E+006 0000
  0.1333207991E+006 0000
  0.1333805017E+006 0000
  0.1334406236E+006 0000
  0.1335007437E+006 0000
  0.1335604462E+006 0000
  0.1336205776E+006 0000
  0.1336807177E+006 0000
  0.1337404423E+006 0000
  0.1338005857E+006 0000
  0.1338607270E+006 0000
  0.1339204486E+006 0000
  0.1339805976E+006 0000
  0.1340407555E+006 0000
  0.1341005016E+006 0000
  0.1341606770E+006 0000
  0.1342204372E+006 0000
  0.1342806209E+006 0000
  0.1343408081E+006 0000
  0.1344005747E+006 0000
  0.1344607616E+006 0000
  0.1345205331E+006 0000
  0.1345807358E+006 0000
  0.1346405103E+006 0000
  0.1347006962E+006 0000
  0.1347604562E+006 0000
  0.1348206293E+006 0000
  0.1348807917E+006 0000
  0.1349405222E+006 0000
  0.1350006639E+006 0000
  0.1350608018E+006 0000
  0.1351205135E+006 0000
  0.1351806369E+006 0000
  0.1352407533E+006 0000
  0.1353004443E+006 0000
  0.1353605546E+006 0000
  0.1354206660E+006 0000
  0.1354807807E+006 0000
  0.1355404736E+006 0000
  0.1356005832E+006 0000
  0.1356606915E+006 0000
  0.1357207996E+006 0000
  0.1357804875E+006 0000
  0.1358405951E+006 0000
  0.1359007096E+006 0000
  0.1359608278E+006 0000
  0.1360205146E+006 0000
  0.1360806164E+006 0000
  0.1361407228E+006 0000
  0.1362008347E+006 0000
  0.1362605285E+006 0000
  0.1363206371E+006 0000
  0.1363807418E+006 0000
  0.1364404248E+006 0000
  0.1365005288E+006 0000
  0.1365606381E+006 0000
  0.1366207535E+006 0000
  0.1366804552E+006 0000
  0.1367405871E+006 0000
  0.1368007300E+006 0000
  0.1368604637E+006 0000
  0.1369206237E+006 0000
  0.1369807890E+006 0000
  0.1370405398E+006 0000
  0.1371007218E+006 0000
  0.1371604950E+006 0000
  0.1372206994E+006 0000
  0.1372804924E+006 0000
  0.1373407168E+006 0000
  0.1374005228E+006 0000
  0.1374607381E+006 0000
  0.1375205247E+006 0000
  0.1375807245E+006 0000
  0.1376404910E+006 0000
  0.1377006600E+006 0000
  0.1377608059E+006 0000
  0.1378205089E+006 0000
  0.1378806150E+006 0000
  0.1379407098E+006 0000
  0.1380007932E+006 0000
  0.1380604463E+006 0000
  0.1381205087E+006 0000
  0.1381805629E+006 0000
  0.1382406074E+006 0000
  0.1383006445E+006 0000
  0.1383606748E+006 0000
  0.1384207028E+006 0000
  0.1384807373E+006 0000
  0.1385407847E+006 0000
  0.1386004209E+006 0000
  0.1386604840E+006 0000
  0.1387205541E+006 0000
  0.1387806137E+006 0000
  0.1388406605E+006 0000
  0.1389006970E+006 0000
  0.1389607286E+006 0000
  0.1390207571E+006 0000
  0.1390807837E+006 0000
  0.1391408095E+006 0000
  0.1392008385E+006 0000
  0.1392604600E+006 0000
  0.1393205207E+006 0000
  0.1393806042E+006 0000
  0.1394407098E+006 0000
  0.1395008314E+006 0000
  0.1395605483E+006 0000
  0.1396207016E+006 0000
  0.1396804523E+006 0000
  0.1397406376E+006 0000
  0.1398008397E+006 0000
  0.1398606414E+006 0000
  0.1399204642E+006 0000
  0.1399807059E+006 0000
  0.1400405160E+006 0000
  0.1401007391E+006 0000
  0.1401605291E+006 0000
  0.1402207224E+006 0000
  0.1402804754E+006 0000
  0.1403406315E+006 0000
  0.1404007729E+006 0000
  0.1404604814E+006 0000
  0.1405205982E+006 0000
  0.1405807059E+006 0000
  0.1406408037E+006 0000
  0.1407004783E+006 0000
  0.1407605732E+006 0000
  0.1408206656E+006 0000
  0.1408807534E+006 0000
  0.1409408377E+006 0000
  0.1410005046E+006 0000
  0.1410605958E+006 0000
  0.1411206914E+006 0000
  0.1411807917E+006 0000
  0.1412404791E+006 0000
  0.1413005890E+006 0000
  0.1413606912E+006 0000
  0.1414207897E+006 0000
  0.1414804712E+006 0000
  0.1415405743E+006 0000
  0.1416006727E+006 0000
  0.1416607626E+006 0000
  0.1417204266E+006 0000
  0.1417805095E+006 0000
  0.1418405992E+006 0000
  0.1419006995E+006 0000
  0.1419608103E+006 0000
  0.1420205077E+006 0000
  0.1420806339E+006 0000
  0.1421407693E+006 0000
  0.1422004941E+006 0000
  0.1422606461E+006 0000
  0.1423208063E+006 0000
  0.1423805596E+006 0000
  0.1424407501E+006 0000
  0.1425005361E+006 0000
  0.1425607533E+006 0000
  0.1426205563E+006 0000
  0.1426807891E+006 0000
  0.1427406095E+006 0000
  0.1428004308E+006 0000
  0.1428606698E+006 0000
  0.1429204825E+006 0000
  0.1429807074E+006 0000
  0.1430404973E+006 0000
  0.1431006908E+006 0000
  0.1431604500E+006 0000
  0.1432206213E+006 0000
  0.1432807905E+006 0000
  0.1433405333E+006 0000
  0.1434006907E+006 0000
  0.1434608400E+006 0000
  0.1435205628E+006 0000
  0.1435807042E+006 0000
  0.1436404223E+006 0000
  0.1437005590E+006 0000
  0.1437606985E+006 0000
  0.1438204250E+006 0000
  0.1438805781E+006 0000
  0.1439407292E+006 0000
  0.1440004565E+006 0000
  0.1440606010E+006 0000
  0.1441207476E+006 0000
  0.1441804800E+006 0000
  0.1442406324E+006 0000
  0.1443007794E+006 0000
  0.1443605051E+006 0000
  0.1444206509E+006 0000
  0.1444807952E+006 0000
  0.1445405197E+006 0000
  0.1446006688E+006 0000
  0.1446608255E+006 0000
  0.1447205675E+006 0000
  0.1447807339E+006 0000
  0.1448404758E+006 0000
  0.1449006382E+006 0000
  0.1449608041E+006 0000
  0.1450205530E+006 0000
  0.1450807249E+006 0000
  0.1451404773E+006 0000
  0.1452006547E+006 0000
  0.1452608342E+006 0000
  0.1453205897E+006 0000
  0.1453807592E+006 0000
  0.1454405000E+006 0000
  0.1455006599E+006 0000
  0.1455608243E+006 0000
  0.1456205773E+006 0000
  0.1456807579E+006 0000
  0.1457405206E+006 0000
  0.1458007052E+006 0000
  0.1458604694E+006 0000
  0.1459206606E+006 0000
  0.1459804387E+006 0000
  0.1460406434E+006 0000
  0.1461004320E+006 0000
  0.1461606494E+006 0000
  0.1462204548E+006 0000
  0.1462806756E+006 0000
  0.1463404707E+006 0000
  0.1464006817E+006 0000
  0.1464604617E+006 0000
  0.1465206505E+006 0000
  0.1465808259E+006 0000
  0.1466405688E+006 0000
  0.1467007208E+006 0000
  0.1467604371E+006 0000
  0.1468205587E+006 0000
  0.1468806688E+006 0000
  0.1469407718E+006 0000
  0.1470004527E+006 0000
  0.1470605535E+006 0000
  0.1471206498E+006 0000
  0.1471807371E+006 0000
  0.1472408200E+006 0000
  0.1473004852E+006 0000
  0.1473605811E+006 0000
  0.1474206879E+006 0000
  0.1474808038E+006 0000
  0.1475404904E+006 0000
  0.1476005890E+006 0000
  0.1476606836E+006 0000
  0.1477207781E+006 0000
  0.1477804563E+006 0000
  0.1478405564E+006 0000
  0.1479006537E+006 0000
  0.1479607474E+006 0000
  0.1480204226E+006 0000
  0.1480805237E+006 0000
  0.1481406333E+006 0000
  0.1482007522E+006 0000
  0.1482604601E+006 0000
  0.1483205989E+006 0000
  0.1483807516E+006 0000
  0.1484404999E+006 0000
  0.1485006848E+006 0000
  0.1485604576E+006 0000
  0.1486206606E+006 0000
  0.1486804548E+006 0000
  0.1487406874E+006 0000
  0.1488005152E+006 0000
  0.1488607738E+006 0000
  0.1489206065E+006 0000
  0.1489804299E+006 0000
  0.1490406646E+006 0000
  0.1491004704E+006 0000
  0.1491606886E+006 0000
  0.1492204740E+006 0000
  0.1492806620E+006 0000
  0.1493408300E+006 0000
  0.1494005598E+006 0000
  0.1494606962E+006 0000
  0.1495208253E+006 0000
  0.1495805258E+006 0000
  0.1496406358E+006 0000
  0.1497007312E+006 0000
  0.1497608146E+006 0000
  0.1498204722E+006 0000
  0.1498805475E+006 0000
  0.1499406232E+006 0000
  0.1500006975E+006 0000
  0.1500607761E+006 0000
  0.1501204443E+006 0000
  0.1501805437E+006 0000
  0.1502406505E+006 0000
  0.1503007593E+006 0000
  0.1503604405E+006 0000
  0.1504205356E+006 0000
  0.1504806237E+006 0000
  0.1505407064E+006 0000
  0.1506007842E+006 0000
  0.1506604381E+006 0000
  0.1507205103E+006 0000
  0.1507805822E+006 0000
  0.1508406615E+006 0000
  0.1509007562E+006 0000
  0.1509604469E+006 0000
  0.1510205731E+006 0000
  0.1510807091E+006 0000
  0.1511404334E+006 0000
  0.1512005909E+006 0000
  0.1512607691E+006 0000
  0.1513205493E+006 0000
  0.1513807689E+006 0000
  0.1514405849E+006 0000
  0.1515008381E+006 0000
  0.1515606659E+006 0000
  0.1516204815E+006 0000
  0.1516807054E+006 0000
  0.1517404944E+006 0000
  0.1518006879E+006 0000
  0.1518604407E+006 0000
  0.1519205958E+006 0000
  0.1519807371E+006 0000
  0.1520404456E+006 0000
  0.1521005633E+006 0000
  0.1521606687E+006 0000
  0.1522207645E+006 0000
  0.1522804311E+006 0000
  0.1523405157E+006 0000
  0.1524005970E+006 0000
  0.1524606728E+006 0000
  0.1525207414E+006 0000
  0.1525808089E+006 0000
  0.1526404646E+006 0000
  0.1527005531E+006 0000
  0.1527606521E+006 0000
  0.1528207571E+006 0000
  0.1528804375E+006 0000
  0.1529405333E+006 0000
  0.1530006272E+006 0000
  0.1530607209E+006 0000
  0.1531208162E+006 0000
  0.1531804883E+006 0000
  0.1532405776E+006 0000
  0.1533006671E+006 0000
  0.1533607609E+006 0000
  0.1534204430E+006 0000
  0.1534805567E+006 0000
  0.1535406781E+006 0000
  0.1536008021E+006 0000
  0.1536605043E+006 0000
  0.1537206322E+006 0000
  0.1537807659E+006 0000
  0.1538404848E+006 0000
  0.1539006268E+006 0000
  0.1539607742E+006 0000
  0.1540205093E+006 0000
  0.1540806765E+006 0000
  0.1541404328E+006 0000
  0.1542006133E+006 0000
  0.1542607943E+006 0000
  0.1543205569E+006 0000
  0.1543807424E+006 0000
  0.1544405095E+006 0000
  0.1545006992E+006 0000
  0.1545604682E+006 0000
  0.1546206527E+006 0000
  0.1546808304E+006 0000
  0.1547405821E+006 0000
  0.1548007522E+006 0000
  0.1548605031E+006 0000
  0.1549206707E+006 0000
  0.1549808268E+006 0000
  0.1550405500E+006 0000
  0.1551006837E+006 0000
  0.1551608151E+006 0000
  0.1552205262E+006 0000
  0.1552806571E+006 0000
  0.1553407847E+006 0000
  0.1554004901E+006 0000
  0.1554606160E+006 0000
  0.1555207395E+006 0000
  0.1555804382E+006 0000
  0.1556405541E+006 0000
  0.1557006697E+006 0000
  0.1557607889E+006 0000
  0.1558204917E+006 0000
  0.1558806201E+006 0000
  0.1559407497E+006 0000
  0.1560004592E+006 0000
  0.1560605866E+006 0000
  0.1561207121E+006 0000
  0.1561808375E+006 0000
  0.1562405437E+006 0000
  0.1563006705E+006 0000
  0.1563607944E+006 0000
  0.1564204894E+006 0000
  0.1564805990E+006 0000
  0.1565407129E+006 0000
  0.1566008353E+006 0000
  0.1566605450E+006 0000
  0.1567206781E+006 0000
  0.1567808135E+006 0000
  0.1568405302E+006 0000
  0.1569006688E+006 0000
  0.1569608101E+006 0000
  0.1570205348E+006 0000
  0.1570806851E+006 0000
  0.1571404220E+006 0000
  0.1572005882E+006 0000
  0.1572607602E+006 0000
  0.1573205125E+006 0000
  0.1573806873E+006 0000
  0.1574404436E+006 0000
  0.1575006289E+006 0000
  0.1575608248E+006 0000
  0.1576206090E+006 0000
  0.1576808200E+006 0000
  0.1577406159E+006 0000
  0.1578008380E+006 0000
  0.1578606285E+006 0000
  0.1579208318E+006 0000
  0.1579806070E+006 0000
  0.1580407948E+006 0000
  0.1581005485E+006 0000
  0.1581607076E+006 0000
  0.1582204288E+006 0000
  0.1582805581E+006 0000
  0.1583406758E+006 0000
  0.1584007834E+006 0000
  0.1584604636E+006 0000
  0.1585205568E+006 0000
  0.1585806433E+006 0000
  0.1586407225E+006 0000
  0.1587007922E+006 0000
  0.1587604321E+006 0000
  0.1588204868E+006 0000
  0.1588805472E+006 0000
  0.1589406213E+006 0000
  0.1590007098E+006 0000
  0.1590608062E+006 0000
  0.1591204750E+006 0000
  0.1591805563E+006 0000
  0.1592406294E+006 0000
  0.1593006951E+006 0000
  0.1593607598E+006 0000
  0.1594208262E+006 0000
  0.1594804730E+006 0000
  0.1595405414E+006 0000
  0.1596006142E+006 0000
  0.1596606973E+006 0000
  0.1597207919E+006 0000
  0.1597804819E+006 0000
  0.1598406077E+006 0000
  0.1599007474E+006 0000
  0.1599604805E+006 0000
  0.1600206498E+006 0000
  0.1600808353E+006 0000
  0.1601406109E+006 0000
  0.1602008193E+006 0000
  0.1602606227E+006 0000
  0.1603204379E+006 0000
  0.1603806615E+006 0000
  0.1604404505E+006 0000
  0.1605006529E+006 0000
  0.1605604253E+006 0000
  0.1606206031E+006 0000
  0.1606807641E+006 0000
  0.1607404877E+006 0000
  0.1608006168E+006 0000
  0.1608607316E+006 0000
  0.1609208343E+006 0000
  0.1609805088E+006 0000
  0.1610405962E+006 0000
  0.1611006795E+006 0000
  0.1611607593E+006 0000
  0.1612208329E+006 0000
  0.1612804783E+006 0000
  0.1613405383E+006 0000
  0.1614005990E+006 0000
  0.1614606633E+006 0000
  0.1615207330E+006 0000
  0.1615808065E+006 0000
  0.1616404665E+006 0000
  0.1617005557E+006 0000
  0.1617606362E+006 0000
  0.1618207099E+006 0000
  0.1618807828E+006 0000
  0.1619404364E+006 0000
  0.1620005073E+006 0000
  0.1620605739E+006 0000
  0.1621206359E+006 0000
  0.1621806972E+006 0000
  0.1622407636E+006 0000
  0.1623008401E+006 0000
  0.1623605073E+006 0000
  0.1624206070E+006 0000
  0.1624807206E+006 0000
  0.1625404249E+006 0000
  0.1626005594E+006 0000
  0.1626607020E+006 0000
  0.1627204312E+006 0000
  0.1627805931E+006 0000
  0.1628407727E+006 0000
  0.1629005490E+006 0000
  0.1629607573E+006 0000
  0.1630205516E+006 0000
  0.1630807761E+006 0000
  0.1631405790E+006 0000
  0.1632007896E+006 0000
  0.1632605669E+006 0000
  0.1633207517E+006 0000
  0.1633805038E+006 0000
  0.1634406595E+006 0000
  0.1635008004E+006 0000
  0.1635605091E+006 0000
  0.1636206311E+006 0000
  0.1636807484E+006 0000
  0.1637404412E+006 0000
  0.1638005502E+006 0000
  0.1638606534E+006 0000
  0.1639207528E+006 0000
  0.1639804307E+006 0000
  0.1640405257E+006 0000
  0.1641006194E+006 0000
  0.1641607172E+006 0000
  0.1642208281E+006 0000
  0.1642805280E+006 0000
  0.1643406428E+006 0000
  0.1644007568E+006 0000
  0.1644604514E+006 0000
  0.1645205644E+006 0000
  0.1645806717E+006 0000
  0.1646407744E+006 0000
  0.1647004556E+006 0000
  0.1647605589E+006 0000
  0.1648206651E+006 0000
  0.1648807790E+006 0000
  0.1649404790E+006 0000
  0.1650006094E+006 0000
  0.1650607500E+006 0000
  0.1651204791E+006 0000
  0.1651806328E+006 0000
  0.1652407875E+006 0000
  0.1653005264E+006 0000
  0.1653606920E+006 0000
  0.1654204410E+006 0000
  0.1654806137E+006 0000
  0.1655407886E+006 0000
  0.1656005482E+006 0000
  0.1656607341E+006 0000
  0.1657205038E+006 0000
  0.1657806910E+006 0000
  0.1658404531E+006 0000
  0.1659006362E+006 0000
  0.1659608244E+006 0000
  0.1660205981E+006 0000
  0.1660807963E+006 0000
  0.1661405728E+006 0000
  0.1662007716E+006 0000
  0.1662605486E+006 0000
  0.1663207471E+006 0000
  0.1663805215E+006 0000
  0.1664407143E+006 0000
  0.1665004799E+006 0000
  0.1665606562E+006 0000
  0.1666208233E+006 0000
  0.1666805634E+006 0000
  0.1667407217E+006 0000
  0.1668004579E+006 0000
  0.1668606075E+006 0000
  0.1669207457E+006 0000
  0.1669804527E+006 0000
  0.1670405737E+006 0000
  0.1671006885E+006 0000
  0.1671607958E+006 0000
  0.1672204765E+006 0000
  0.1672805752E+006 0000
  0.1673406759E+006 0000
  0.1674007815E+006 0000
  0.1674604730E+006 0000
  0.1675205869E+006 0000
  0.1675806996E+006 0000
  0.1676408122E+006 0000
  0.1677005076E+006 0000
  0.1677606275E+006 0000
  0.1678207419E+006 0000
  0.1678804309E+006 0000
  0.1679405353E+006 0000
  0.1680006348E+006 0000
  0.1680607321E+006 0000
  0.1681208344E+006 0000
  0.1681805232E+006 0000
  0.1682406347E+006 0000
  0.1683007443E+006 0000
  0.1683604322E+006 0000
  0.1684205448E+006 0000
  0.1684806660E+006 0000
  0.1685407990E+006 0000
  0.1686005236E+006 0000
  0.1686606773E+006 0000
  0.1687208408E+006 0000
  0.1687805942E+006 0000
  0.1688407784E+006 0000
  0.1689005497E+006 0000
  0.1689607484E+006 0000
  0.1690205315E+006 0000
  0.1690807434E+006 0000
  0.1691405440E+006 0000
  0.1692007633E+006 0000
  0.1692605564E+006 0000
  0.1693207652E+006 0000
  0.1693805420E+006 0000
  0.1694407303E+006 0000
  0.1695004900E+006 0000
  0.1695606620E+006 0000
  0.1696208228E+006 0000
  0.1696805465E+006 0000
  0.1697406735E+006 0000
  0.1698007860E+006 0000
  0.1698604723E+006 0000
  0.1699205777E+006 0000
  0.1699806799E+006 0000
  0.1700407786E+006 0000
  0.1701004498E+006 0000
  0.1701605359E+006 0000
  0.1702206184E+006 0000
  0.1702807022E+006 0000
  0.1703407888E+006 0000
  0.1704004602E+006 0000
  0.1704605626E+006 0000
  0.1705206700E+006 0000
  0.1705807659E+006 0000
  0.1706404366E+006 0000
  0.1707005249E+006 0000
  0.1707606094E+006 0000
  0.1708206901E+006 0000
  0.1708807665E+006 0000
  0.1709404249E+006 0000
  0.1710005083E+006 0000
  0.1710605957E+006 0000
  0.1711206879E+006 0000
  0.1711807886E+006 0000
  0.1712404834E+006 0000
  0.1713006163E+006 0000
  0.1713607695E+006 0000
  0.1714205207E+006 0000
  0.1714807062E+006 0000
  0.1715404842E+006 0000
  0.1716006993E+006 0000
  0.1716605141E+006 0000
  0.1717207672E+006 0000
  0.1717806130E+006 0000
  0.1718404508E+006 0000
  0.1719006949E+006 0000
  0.1719605028E+006 0000
  0.1720207208E+006 0000
  0.1720805089E+006 0000
  0.1721407045E+006 0000
  0.1722004597E+006 0000
  0.1722606151E+006 0000
  0.1723207548E+006 0000
  0.1723804621E+006 0000
  0.1724405823E+006 0000
  0.1725006954E+006 0000
  0.1725608034E+006 0000
  0.1726204855E+006 0000
  0.1726805860E+006 0000
  0.1727406893E+006 0000
  0.1728000000E+006 0000
