 0001  0.2398639948852285E+000
 0002  0.2398639948852285E+000
 0003  0.2398648308125084E+000
 0004  0.2398648308125084E+000
 0005  0.2398648308125084E+000
 0006  0.2398657505821808E+000
 0007  0.2398657505821808E+000
 0008  0.2398657505821808E+000
 0009  0.2398657505821808E+000
 0010  0.2398666687365824E+000
 0011  0.2398666687365824E+000
 0012  0.2398666687365824E+000
 0013  0.2398676813828418E+000
 0014  0.2398676813828418E+000
 0015  0.2398687775163613E+000
 0016  0.2398687775163613E+000
 0017  0.2398687775163613E+000
 0018  0.2398698624318120E+000
 0019  0.2398698624318120E+000
 0020  0.2398698624318120E+000
 0021  0.2398710476442271E+000
 0022  0.2398710476442271E+000
 0023  0.2398723178795354E+000
 0024  0.2398723178795354E+000
 0025  0.2398723178795354E+000
 0026  0.2398735785976217E+000
 0027  0.2398735785976217E+000
 0028  0.2398749328920882E+000
 0029  0.2398749328920882E+000
 0030  0.2398749328920882E+000
 0031  0.2398762798146092E+000
 0032  0.2398762798146092E+000
 0033  0.2398777299648492E+000
 0034  0.2398777299648492E+000
 0035  0.2398792747659219E+000
 0036  0.2398792747659219E+000
 0037  0.2398807836937942E+000
 0038  0.2398807836937942E+000
 0039  0.2398823970518307E+000
 0040  0.2398823970518307E+000
 0041  0.2398841143847462E+000
 0042  0.2398841143847462E+000
 0043  0.2398857918379459E+000
 0044  0.2398857918379459E+000
 0045  0.2398875839976582E+000
 0046  0.2398875839976582E+000
 0047  0.2398894811080814E+000
 0048  0.2398894811080814E+000
 0049  0.2398913341640152E+000
 0050  0.2398913341640152E+000
 0051  0.2398933052460119E+000
 0052  0.2398953312046635E+000
 0053  0.2398953312046635E+000
 0054  0.2398974690886025E+000
 0055  0.2398974690886025E+000
 0056  0.2398995573268360E+000
 0057  0.2398995573268360E+000
 0058  0.2399017714370937E+000
 0059  0.2399040267744894E+000
 0060  0.2399040267744894E+000
 0061  0.2399062297386884E+000
 0062  0.2399084720375133E+000
 0063  0.2399084720375133E+000
 0064  0.2399108338815317E+000
 0065  0.2399108338815317E+000
 0066  0.2399133134183162E+000
 0067  0.2399156330496129E+000
 0068  0.2399156330496129E+000
 0069  0.2399180836730167E+000
 0070  0.2399205460822647E+000
 0071  0.2399205460822647E+000
 0072  0.2399231312253745E+000
 0073  0.2399255340649376E+000
 0074  0.2399255340649376E+000
 0075  0.2399280683917651E+000
 0076  0.2399305877321756E+000
 0077  0.2399330805659698E+000
 0078  0.2399330805659698E+000
 0079  0.2399356727933743E+000
 0080  0.2399382092692604E+000
 0081  0.2399382092692604E+000
 0082  0.2399406868433827E+000
 0083  0.2399431174708596E+000
 0084  0.2399454947196695E+000
 0085  0.2399454947196695E+000
 0086  0.2399479645728065E+000
 0087  0.2399503555664798E+000
 0088  0.2399527317369463E+000
 0089  0.2399527317369463E+000
 0090  0.2399551102598170E+000
 0091  0.2399573281536229E+000
 0092  0.2399594053177716E+000
 0093  0.2399613583382302E+000
 0094  0.2399632011699316E+000
 0095  0.2399632011699316E+000
 0096  0.2399650940146814E+000
 0097  0.2399668812060719E+000
 0098  0.2399685741144141E+000
 0099  0.2399701825367148E+000
 0100  0.2399731024837413E+000
 0101  0.2399744252229401E+000
 0102  0.2399756872296946E+000
 0103  0.2399768909833470E+000
 0104  0.2399780388837631E+000
 0105  0.2399791332522911E+000
 0106  0.2399801763328391E+000
 0107  0.2399811709248112E+000
 0108  0.2399821189412587E+000
 0109  0.2399830222532295E+000
 0110  0.2399839082360238E+000
 0111  0.2399854791342835E+000
 0112  0.2399861769351297E+000
 0113  0.2399868425657687E+000
 0114  0.2399874776991711E+000
 0115  0.2399880835957919E+000
 0116  0.2399886614755661E+000
 0117  0.2399892125181062E+000
 0118  0.2399897508571904E+000
 0119  0.2399902620312954E+000
 0120  0.2399907474348348E+000
 0121  0.2399916136817317E+000
 0122  0.2399920007668211E+000
 0123  0.2399923705427811E+000
 0124  0.2399927237313363E+000
 0125  0.2399930610283428E+000
 0126  0.2399933899993971E+000
 0127  0.2399937031933622E+000
 0128  0.2399940013673323E+000
 0129  0.2399942852420378E+000
 0130  0.2399947947130565E+000
 0131  0.2399950235935002E+000
 0132  0.2399952426145257E+000
 0133  0.2399954560640646E+000
 0134  0.2399956597505127E+000
 0135  0.2399958541209616E+000
 0136  0.2399960396018633E+000
 0137  0.2399962165999725E+000
 0138  0.2399963855310087E+000
 0139  0.2399966928154271E+000
 0140  0.2399968325221999E+000
 0141  0.2399969661549481E+000
 0142  0.2399970939936122E+000
 0143  0.2399972162868851E+000
 0144  0.2399973332728370E+000
 0145  0.2399974451794218E+000
 0146  0.2399975537909710E+000
 0147  0.2399977503670472E+000
 0148  0.2399978393872832E+000
 0149  0.2399979246572077E+000
 0150  0.2399980056357428E+000
 0151  0.2399980790080875E+000
 0152  0.2399981284904283E+000
 0153  0.2399981519528422E+000
 0154  0.2399980523847672E+000
 0155  0.2399978487611967E+000
 0156  0.2399974638226265E+000
 0157  0.2399964581020916E+000
 0158  0.2399950119490668E+000
 0159  0.2399928433494078E+000
 0160  0.2399898454160173E+000
 0161  0.2399811193814197E+000
 0162  0.2399731764898476E+000
 0163  0.2399636851097658E+000
 0164  0.2399525345241861E+000
 0165  0.2399395956247651E+000
 0166  0.2399244408627554E+000
 0167  0.2399038495344532E+000
 0168  0.2398564885756839E+000
 0169  0.2398291967740644E+000
 0170  0.2397989301523709E+000
 0171  0.2397609893773321E+000
 0172  0.2397195041802752E+000
 0173  0.2396743183384461E+000
 0174  0.2395749121517642E+000
 0175  0.2395197368694759E+000
 0176  0.2394518679771676E+000
 0177  0.2393786136459580E+000
 0178  0.2392978702593008E+000
 0179  0.2392087414367969E+000
 0180  0.2389722831611664E+000
 0181  0.2388372153728024E+000
 0182  0.2386875835917505E+000
 0183  0.2385198970854102E+000
 0184  0.2383066729047432E+000
 0185  0.2378311572274909E+000
 0186  0.2375654361417070E+000
 0187  0.2372402201611802E+000
 0188  0.2368904219034320E+000
 0189  0.2365157231193685E+000
 0190  0.2357029694561669E+000
 0191  0.2352233397315104E+000
 0192  0.2347166680409871E+000
 0193  0.2341831557197417E+000
 0194  0.2336229969046192E+000
 0195  0.2329855353414251E+000
 0196  0.2316638748745756E+000
 0197  0.2309785644574548E+000
 0198  0.2302165570120262E+000
 0199  0.2294309391194792E+000
 0200  0.2277715415820964E+000
 0201  0.2269007339963487E+000
 0202  0.2260087438191124E+000
 0203  0.2250962230844359E+000
 0204  0.2241110134748817E+000
 0205  0.2221279981508593E+000
 0206  0.2211308859933407E+000
 0207  0.2200658794591491E+000
 0208  0.2189857971402341E+000
 0209  0.2167793769594482E+000
 0210  0.2156557675571728E+000
 0211  0.2145201297692208E+000
 0212  0.2133261220312813E+000
 0213  0.2121237616716311E+000
 0214  0.2097403798030150E+000
 0215  0.2085154205149237E+000
 0216  0.2072846712564246E+000
 0217  0.2060479021450266E+000
 0218  0.2035230813453745E+000
 0219  0.2022790275609340E+000
 0220  0.2009913994780260E+000
 0221  0.1997026018472198E+000
 0222  0.1971310058242050E+000
 0223  0.1958491832287904E+000
 0224  0.1945315028176663E+000
 0225  0.1919489212614157E+000
 0226  0.1906496361483738E+000
 0227  0.1893531119596446E+000
 0228  0.1880595919387270E+000
 0229  0.1854648925121212E+000
 0230  0.1841663896589184E+000
 0231  0.1828730954918740E+000
 0232  0.1815848936558591E+000
 0233  0.1790124017377063E+000
 0234  0.1777303311683066E+000
 0235  0.1764550642981350E+000
 0236  0.1739415988692659E+000
 0237  0.1727032454181421E+000
 0238  0.1714482531304331E+000
 0239  0.1689793930074737E+000
 0240  0.1677654021753283E+000
 0241  0.1665381158300229E+000
 0242  0.1653195777614939E+000
 0243  0.1629259608183868E+000
 0244  0.1617506523423077E+000
 0245  0.1605648812309554E+000
 0246  0.1582384690263771E+000
 0247  0.1570974098029700E+000
 0248  0.1559481329001745E+000
 0249  0.1536953236661527E+000
 0250  0.1525913414597469E+000
 0251  0.1514810219124310E+000
 0252  0.1493060085268093E+000
 0253  0.1482271919880175E+000
 0254  0.1461151857731727E+000
 0255  0.1450815114642397E+000
 0256  0.1440444033573830E+000
 0257  0.1420149319731152E+000
 0258  0.1410108637902595E+000
 0259  0.1400160288380918E+000
 0260  0.1380594757999760E+000
 0261  0.1370978924130811E+000
 0262  0.1352078072172578E+000
 0263  0.1342793517000634E+000
 0264  0.1333507472707698E+000
 0265  0.1315359154058459E+000
 0266  0.1306410387492900E+000
 0267  0.1288921551672438E+000
 0268  0.1280302462009529E+000
 0269  0.1271766849947718E+000
 0270  0.1254947990371396E+000
 0271  0.1246668140811791E+000
 0272  0.1230492272624650E+000
 0273  0.1222531189040764E+000
 0274  0.1206864284263368E+000
 0275  0.1199214062343515E+000
 0276  0.1184161139775140E+000
 0277  0.1176759853704284E+000
 0278  0.1169383066101475E+000
 0279  0.1154928923694633E+000
 0280  0.1147849430785720E+000
 0281  0.1133934802277144E+000
 0282  0.1127099918643631E+000
 0283  0.1113671665906397E+000
 0284  0.1107078158480802E+000
 0285  0.1094129477207992E+000
 0286  0.1087774627268221E+000
 0287  0.1075300842899966E+000
 0288  0.1069181773292321E+000
 0289  0.1057149077888026E+000
 0290  0.1051236454888663E+000
 0291  0.1039642042097039E+000
 0292  0.1028431411303061E+000
 0293  0.1022915339258259E+000
 0294  0.1012101918774057E+000
 0295  0.1006803392112308E+000
 0296  0.9963819947747830E-001
 0297  0.9912768829983054E-001
 0298  0.9812405963387187E-001
 0299  0.9715129369071025E-001
 0300  0.9667346936934798E-001
 0301  0.9573602807642849E-001
 0302  0.9527631969155448E-001
 0303  0.9437226020953580E-001
 0304  0.9349658769170172E-001
 0305  0.9306625868418493E-001
 0306  0.9222049703347475E-001
 0307  0.9140147039163574E-001
 0308  0.9099915811476597E-001
 0309  0.9020873830981629E-001
 0310  0.8944053961542815E-001
 0311  0.8906338360038502E-001
 0312  0.8832210523560020E-001
 0313  0.8760266966144141E-001
 0314  0.8724902410919821E-001
 0315  0.8655375034735492E-001
 0316  0.8587834217558452E-001
 0317  0.8522189042217629E-001
 0318  0.8489922481000237E-001
 0319  0.8426488000120082E-001
 0320  0.8364804699333353E-001
 0321  0.8304808923205373E-001
 0322  0.8246442087999148E-001
 0323  0.8217739125932276E-001
 0324  0.8161243650990477E-001
 0325  0.8106270083354991E-001
 0326  0.8052759569913874E-001
 0327  0.8000647510731522E-001
 0328  0.7949883484455172E-001
 0329  0.7924899285860210E-001
 0330  0.7875691357271994E-001
 0331  0.7827743481369143E-001
 0332  0.7781011321180868E-001
 0333  0.7735447864691507E-001
 0334  0.7691021344226258E-001
 0335  0.7647691177578639E-001
 0336  0.7605419271478310E-001
 0337  0.7564332540287473E-001
 0338  0.7524485434631736E-001
 0339  0.7485827103920509E-001
 0340  0.7448309323502016E-001
 0341  0.7411886332129031E-001
 0342  0.7376514681103494E-001
 0343  0.7342153094147426E-001
 0344  0.7292596065614762E-001
 0345  0.7260818647313742E-001
 0346  0.7229911413499171E-001
 0347  0.7199841944429507E-001
 0348  0.7170579344289403E-001
 0349  0.7142094155182573E-001
 0350  0.7100903475192157E-001
 0351  0.7074422347453219E-001
 0352  0.7048617853641354E-001
 0353  0.7023466472607036E-001
 0354  0.6987035829125945E-001
 0355  0.6963576514102895E-001
 0356  0.6940689352526637E-001
 0357  0.6907497743877883E-001
 0358  0.6886098514773585E-001
 0359  0.6855038080666841E-001
 0360  0.6834995966491116E-001
 0361  0.6805881693947419E-001
 0362  0.6787080361039696E-001
 0363  0.6759747471778146E-001
 0364  0.6742083154468033E-001
 0365  0.6716384459888250E-001
 0366  0.6691662615206656E-001
 0367  0.6675666916849658E-001
 0368  0.6652369310687770E-001
 0369  0.6629926194712915E-001
 0370  0.6608294916691294E-001
 0371  0.6587435550948663E-001
 0372  0.6573913514171986E-001
 0373  0.6554182807488777E-001
 0374  0.6535133398329165E-001
 0375  0.6516733424609072E-001
 0376  0.6498952933887474E-001
 0377  0.6476202798214456E-001
 0378  0.6459821595712052E-001
 0379  0.6443969135579818E-001
 0380  0.6428622457446395E-001
 0381  0.6408944965653181E-001
 0382  0.6394747190221366E-001
 0383  0.6380985064902869E-001
 0384  0.6363313497690858E-001
 0385  0.6346402831097987E-001
 0386  0.6334177107846667E-001
 0387  0.6318454752148916E-001
 0388  0.6303383807670604E-001
 0389  0.6288928738416495E-001
 0390  0.6275056488746873E-001
 0391  0.6261736272326801E-001
 0392  0.6248939382136740E-001
 0393  0.6236639019144311E-001
 0394  0.6221941669476600E-001
 0395  0.6210696828790908E-001
 0396  0.6197244300167049E-001
 0397  0.6184438058629769E-001
 0398  0.6172238468499448E-001
 0399  0.6160608978639374E-001
 0400  0.6149515829598654E-001
 0401  0.6136879829170842E-001
 0402  0.6126878450166508E-001
 0403  0.6115469888273266E-001
 0404  0.6104676597146345E-001
 0405  0.6094457580498926E-001
 0406  0.6083219528070699E-001
 0407  0.6072672788410020E-001
 0408  0.6062765797441499E-001
 0409  0.6052173564222722E-001
 0410  0.6042304589390009E-001
 0411  0.6033100198039187E-001
 0412  0.6023479089207283E-001
 0413  0.6013630382311132E-001
 0414  0.6004589271132300E-001
 0415  0.5995489763517491E-001
 0416  0.5986478248129960E-001
 0417  0.5977682944424337E-001
 0418  0.5968646089594419E-001
 0419  0.5960160703497283E-001
 0420  0.5951848833223318E-001
 0421  0.5943565006701678E-001
 0422  0.5935363519001320E-001
 0423  0.5927453591151684E-001
 0424  0.5919443518539687E-001
 0425  0.5911611204073913E-001
 0426  0.5909491468564881E-001
 0427  0.5909491468564881E-001
 0428  0.5909491468564881E-001
 0429  0.5909491468564881E-001
 0430  0.5909491468564881E-001
 0431  0.5909491468564881E-001
 0432  0.5909491468564881E-001
 0433  0.5909491468564881E-001
 0434  0.5909491468564881E-001
 0435  0.5909491468564881E-001
 0436  0.5909491468564881E-001
 0437  0.5909491468564881E-001
 0438  0.5909491468564881E-001
 0439  0.5909491468564881E-001
 0440  0.5909491468564881E-001
 0441  0.5909491468564881E-001
 0442  0.5909491468564881E-001
 0443  0.5909491468564881E-001
 0444  0.5909491468564881E-001
 0445  0.5909491468564881E-001
 0446  0.5909491468564881E-001
 0447  0.5909491468564881E-001
 0448  0.5909491468564881E-001
 0449  0.5909491468564881E-001
 0450  0.5909491468564881E-001
 0451  0.5909491468564881E-001
 0452  0.5909491468564881E-001
 0453  0.5909491468564881E-001
 0454  0.5909491468564881E-001
 0455  0.5909491468564881E-001
 0456  0.5909491468564881E-001
 0457  0.5909491468564881E-001
 0458  0.5909491468564881E-001
 0459  0.5909491468564881E-001
 0460  0.5909491468564881E-001
 0461  0.5909491468564881E-001
 0462  0.5909491468564881E-001
 0463  0.5909491468564881E-001
 0464  0.5909491468564881E-001
 0465  0.5909491468564881E-001
 0466  0.5909491468564881E-001
 0467  0.5909491468564881E-001
 0468  0.5909491468564881E-001
 0469  0.5909491468564881E-001
 0470  0.5909491468564881E-001
 0471  0.5909491468564881E-001
 0472  0.5909491468564881E-001
 0473  0.5909491468564881E-001
 0474  0.5909491468564881E-001
 0475  0.5909491468564881E-001
 0476  0.5909491468564881E-001
 0477  0.5909491468564881E-001
 0478  0.5909491468564881E-001
 0479  0.5909491468564881E-001
 0480  0.5909491468564881E-001
 0481  0.5909491468564881E-001
 0482  0.5909491468564881E-001
 0483  0.5909491468564881E-001
 0484  0.5909491468564881E-001
 0485  0.5909491468564881E-001
 0486  0.5909491468564881E-001
 0487  0.5909491468564881E-001
 0488  0.5909491468564881E-001
 0489  0.5909491468564881E-001
 0490  0.5909491468564881E-001
 0491  0.5909491468564881E-001
 0492  0.5909491468564881E-001
 0493  0.5909491468564881E-001
 0494  0.5909491468564881E-001
 0495  0.5909491468564881E-001
 0496  0.5909491468564881E-001
 0497  0.5909491468564881E-001
 0498  0.5909491468564881E-001
 0499  0.5909491468564881E-001
 0500  0.5909491468564881E-001
 0501  0.5909491468564881E-001
 0502  0.5909491468564881E-001
 0503  0.5909491468564881E-001
 0504  0.5909491468564881E-001
 0505  0.5909491468564881E-001
 0506  0.5909491468564881E-001
 0507  0.5909491468564881E-001
 0508  0.5909491468564881E-001
 0509  0.5909491468564881E-001
 0510  0.5909491468564881E-001
 0511  0.5909491468564881E-001
 0512  0.5909491468564881E-001
 0513  0.5909491468564881E-001
 0514  0.5909491468564881E-001
 0515  0.5909491468564881E-001
 0516  0.5909491468564881E-001
 0517  0.5909491468564881E-001
 0518  0.5909491468564881E-001
 0519  0.5909491468564881E-001
 0520  0.5909491468564881E-001
 0521  0.5909491468564881E-001
 0522  0.5909491468564881E-001
 0523  0.5909491468564881E-001
 0524  0.5909491468564881E-001
 0525  0.5909491468564881E-001
 0526  0.5909491468564881E-001
 0527  0.5909491468564881E-001
 0528  0.5909491468564881E-001
 0529  0.5909491468564881E-001
 0530  0.5909491468564881E-001
 0531  0.5909491468564881E-001
 0532  0.5909491468564881E-001
 0533  0.5909491468564881E-001
 0534  0.5909491468564881E-001
 0535  0.5909491468564881E-001
 0536  0.5909491468564881E-001
 0537  0.5909491468564881E-001
 0538  0.5909491468564881E-001
 0539  0.5909491468564881E-001
 0540  0.5909491468564881E-001
 0541  0.5909491468564881E-001
 0542  0.5909491468564881E-001
 0543  0.5909491468564881E-001
 0544  0.5909491468564881E-001
 0545  0.5909491468564881E-001
 0546  0.5909491468564881E-001
 0547  0.5909491468564881E-001
 0548  0.5909491468564881E-001
 0549  0.5909491468564881E-001
 0550  0.5909491468564881E-001
 0551  0.5909491468564881E-001
 0552  0.5909491468564881E-001
 0553  0.5909491468564881E-001
 0554  0.5909491468564881E-001
 0555  0.5909491468564881E-001
 0556  0.5909491468564881E-001
 0557  0.5909491468564881E-001
 0558  0.5909491468564881E-001
 0559  0.5909491468564881E-001
 0560  0.5909491468564881E-001
 0561  0.5909491468564881E-001
 0562  0.5909491468564881E-001
 0563  0.5909491468564881E-001
 0564  0.5909491468564881E-001
 0565  0.5909491468564881E-001
 0566  0.5909491468564881E-001
 0567  0.5909491468564881E-001
 0568  0.5909491468564881E-001
 0569  0.5909491468564881E-001
 0570  0.5909491468564881E-001
 0571  0.5909491468564881E-001
 0572  0.5909491468564881E-001
 0573  0.5909491468564881E-001
 0574  0.5909491468564881E-001
 0575  0.5909491468564881E-001
 0576  0.5909491468564881E-001
 0577  0.5909491468564881E-001
 0578  0.5909491468564881E-001
 0579  0.5909491468564881E-001
 0580  0.5909491468564881E-001
 0581  0.5909491468564881E-001
 0582  0.5909491468564881E-001
 0583  0.5909491468564881E-001
 0584  0.5909491468564881E-001
 0585  0.5909491468564881E-001
 0586  0.5909491468564881E-001
 0587  0.5909491468564881E-001
 0588  0.5909491468564881E-001
 0589  0.5909491468564881E-001
 0590  0.5909491468564881E-001
 0591  0.5909491468564881E-001
 0592  0.5909491468564881E-001
 0593  0.5909491468564881E-001
 0594  0.5909491468564881E-001
 0595  0.5909491468564881E-001
 0596  0.5909491468564881E-001
 0597  0.5909491468564881E-001
 0598  0.5909491468564881E-001
 0599  0.5909491468564881E-001
 0600  0.5909491468564881E-001
 0601  0.5909491468564881E-001
 0602  0.5909491468564881E-001
 0603  0.5909491468564881E-001
 0604  0.5909491468564881E-001
 0605  0.5909491468564881E-001
 0606  0.5909491468564881E-001
 0607  0.5909491468564881E-001
 0608  0.5909491468564881E-001
 0609  0.5909491468564881E-001
 0610  0.5909491468564881E-001
 0611  0.5909491468564881E-001
 0612  0.5909491468564881E-001
 0613  0.5909491468564881E-001
 0614  0.5909491468564881E-001
 0615  0.5909491468564881E-001
 0616  0.5909491468564881E-001
 0617  0.5909491468564881E-001
 0618  0.5909491468564881E-001
 0619  0.5909491468564881E-001
 0620  0.5909491468564881E-001
 0621  0.5909491468564881E-001
 0622  0.5909491468564881E-001
 0623  0.5909491468564881E-001
 0624  0.5909491468564881E-001
 0625  0.5909491468564881E-001
 0626  0.5909491468564881E-001
 0627  0.5909491468564881E-001
 0628  0.5909491468564881E-001
 0629  0.5909491468564881E-001
 0630  0.5909491468564881E-001
 0631  0.5909491468564881E-001
 0632  0.5909491468564881E-001
 0633  0.5909491468564881E-001
 0634  0.5909491468564881E-001
 0635  0.5909491468564881E-001
 0636  0.5909491468564881E-001
 0637  0.5909491468564881E-001
 0638  0.5909491468564881E-001
 0639  0.5909491468564881E-001
 0640  0.5909491468564881E-001
 0641  0.5909491468564881E-001
 0642  0.5909491468564881E-001
 0643  0.5909491468564881E-001
 0644  0.5909491468564881E-001
 0645  0.5909491468564881E-001
 0646  0.5909491468564881E-001
 0647  0.5909491468564881E-001
 0648  0.5909491468564881E-001
 0649  0.5909491468564881E-001
 0650  0.5909491468564881E-001
 0651  0.5909491468564881E-001
 0652  0.5909491468564881E-001
 0653  0.5909491468564881E-001
 0654  0.5909491468564881E-001
 0655  0.5909491468564881E-001
 0656  0.5909491468564881E-001
 0657  0.5909491468564881E-001
 0658  0.5909491468564881E-001
 0659  0.5909491468564881E-001
 0660  0.5909491468564881E-001
 0661  0.5909491468564881E-001
 0662  0.5909491468564881E-001
 0663  0.5909491468564881E-001
 0664  0.5909491468564881E-001
 0665  0.5909491468564881E-001
 0666  0.5909491468564881E-001
 0667  0.5909491468564881E-001
 0668  0.5909491468564881E-001
 0669  0.5909491468564881E-001
 0670  0.5909491468564881E-001
 0671  0.5909491468564881E-001
 0672  0.5909491468564881E-001
 0673  0.5909491468564881E-001
 0674  0.5909491468564881E-001
 0675  0.5909491468564881E-001
 0676  0.5909491468564881E-001
 0677  0.5909491468564881E-001
 0678  0.5909491468564881E-001
 0679  0.5909491468564881E-001
 0680  0.5909491468564881E-001
 0681  0.5909491468564881E-001
 0682  0.5909491468564881E-001
 0683  0.5909491468564881E-001
 0684  0.5909491468564881E-001
 0685  0.5909491468564881E-001
 0686  0.5909491468564881E-001
 0687  0.5909491468564881E-001
 0688  0.5909491468564881E-001
 0689  0.5909491468564881E-001
 0690  0.5909491468564881E-001
 0691  0.5909491468564881E-001
 0692  0.5909491468564881E-001
 0693  0.5909491468564881E-001
 0694  0.5909491468564881E-001
 0695  0.5909491468564881E-001
 0696  0.5909491468564881E-001
 0697  0.5909491468564881E-001
 0698  0.5909491468564881E-001
 0699  0.5909491468564881E-001
 0700  0.5909491468564881E-001
 0701  0.5909491468564881E-001
 0702  0.5909491468564881E-001
 0703  0.5909491468564881E-001
 0704  0.5909491468564881E-001
 0705  0.5909491468564881E-001
 0706  0.5909491468564881E-001
 0707  0.5909491468564881E-001
 0708  0.5909491468564881E-001
 0709  0.5909491468564881E-001
 0710  0.5909491468564881E-001
 0711  0.5909491468564881E-001
 0712  0.5909491468564881E-001
 0713  0.5909491468564881E-001
 0714  0.5909491468564881E-001
 0715  0.5909491468564881E-001
 0716  0.5909491468564881E-001
 0717  0.5909491468564881E-001
 0718  0.5909491468564881E-001
 0719  0.5909491468564881E-001
 0720  0.5909491468564881E-001
 0721  0.5909491468564881E-001
 0722  0.5909491468564881E-001
 0723  0.5909491468564881E-001
 0724  0.5909491468564881E-001
 0725  0.5909491468564881E-001
 0726  0.5909491468564881E-001
 0727  0.5909491468564881E-001
 0728  0.5909491468564881E-001
 0729  0.5909491468564881E-001
 0730  0.5909491468564881E-001
 0731  0.5909491468564881E-001
 0732  0.5909491468564881E-001
 0733  0.5909491468564881E-001
 0734  0.5909491468564881E-001
 0735  0.5909491468564881E-001
 0736  0.5909491468564881E-001
 0737  0.5909491468564881E-001
 0738  0.5909491468564881E-001
 0739  0.5909491468564881E-001
 0740  0.5909491468564881E-001
 0741  0.5909491468564881E-001
 0742  0.5909491468564881E-001
 0743  0.5909491468564881E-001
 0744  0.5909491468564881E-001
 0745  0.5909491468564881E-001
 0746  0.5909491468564881E-001
 0747  0.5909491468564881E-001
 0748  0.5909491468564881E-001
 0749  0.5909491468564881E-001
 0750  0.5909491468564881E-001
 0751  0.5909491468564881E-001
 0752  0.5909491468564881E-001
 0753  0.5909491468564881E-001
 0754  0.5909491468564881E-001
 0755  0.5909491468564881E-001
 0756  0.5909491468564881E-001
 0757  0.5909491468564881E-001
 0758  0.5909491468564881E-001
 0759  0.5909491468564881E-001
 0760  0.5909491468564881E-001
 0761  0.5909491468564881E-001
 0762  0.5909491468564881E-001
 0763  0.5909491468564881E-001
 0764  0.5909491468564881E-001
 0765  0.5909491468564881E-001
 0766  0.5909491468564881E-001
 0767  0.5909491468564881E-001
 0768  0.5909491468564881E-001
 0769  0.5909491468564881E-001
 0770  0.5909491468564881E-001
 0771  0.5909491468564881E-001
 0772  0.5909491468564881E-001
 0773  0.5909491468564881E-001
 0774  0.5909491468564881E-001
 0775  0.5909491468564881E-001
 0776  0.5909491468564881E-001
 0777  0.5909491468564881E-001
 0778  0.5909491468564881E-001
 0779  0.5909491468564881E-001
 0780  0.5909491468564881E-001
 0781  0.5909491468564881E-001
 0782  0.5909491468564881E-001
 0783  0.5909491468564881E-001
 0784  0.5909491468564881E-001
 0785  0.5909491468564881E-001
 0786  0.5909491468564881E-001
 0787  0.5909491468564881E-001
 0788  0.5909491468564881E-001
 0789  0.5909491468564881E-001
 0790  0.5909491468564881E-001
 0791  0.5909491468564881E-001
 0792  0.5909491468564881E-001
 0793  0.5909491468564881E-001
 0794  0.5909491468564881E-001
 0795  0.5909491468564881E-001
 0796  0.5909491468564881E-001
 0797  0.5909491468564881E-001
 0798  0.5909491468564881E-001
 0799  0.5909491468564881E-001
 0800  0.5909491468564881E-001
 0801  0.5909491468564881E-001
 0802  0.5909491468564881E-001
 0803  0.5909491468564881E-001
 0804  0.5909491468564881E-001
 0805  0.5909491468564881E-001
 0806  0.5909491468564881E-001
 0807  0.5909491468564881E-001
 0808  0.5909491468564881E-001
 0809  0.5909491468564881E-001
 0810  0.5909491468564881E-001
 0811  0.5909491468564881E-001
 0812  0.5909491468564881E-001
 0813  0.5909491468564881E-001
 0814  0.5909491468564881E-001
 0815  0.5909491468564881E-001
 0816  0.5909491468564881E-001
 0817  0.5909491468564881E-001
 0818  0.5909491468564881E-001
 0819  0.5909491468564881E-001
 0820  0.5909491468564881E-001
 0821  0.5909491468564881E-001
 0822  0.5909491468564881E-001
 0823  0.5909491468564881E-001
 0824  0.5909491468564881E-001
 0825  0.5909491468564881E-001
 0826  0.5909491468564881E-001
 0827  0.5909491468564881E-001
 0828  0.5909491468564881E-001
 0829  0.5909491468564881E-001
 0830  0.5909491468564881E-001
 0831  0.5909491468564881E-001
 0832  0.5909491468564881E-001
 0833  0.5909491468564881E-001
 0834  0.5909491468564881E-001
 0835  0.5909491468564881E-001
 0836  0.5909491468564881E-001
 0837  0.5909491468564881E-001
 0838  0.5909491468564881E-001
 0839  0.5909491468564881E-001
 0840  0.5909491468564881E-001
 0841  0.5909491468564881E-001
 0842  0.5909491468564881E-001
 0843  0.5909491468564881E-001
 0844  0.5909491468564881E-001
 0845  0.5909491468564881E-001
 0846  0.5909491468564881E-001
 0847  0.5909491468564881E-001
 0848  0.5909491468564881E-001
 0849  0.5909491468564881E-001
 0850  0.5909491468564881E-001
 0851  0.5909491468564881E-001
 0852  0.5909491468564881E-001
 0853  0.5909491468564881E-001
 0854  0.5909491468564881E-001
 0855  0.5909491468564881E-001
 0856  0.5909491468564881E-001
 0857  0.5909491468564881E-001
 0858  0.5909491468564881E-001
 0859  0.5909491468564881E-001
 0860  0.5909491468564881E-001
 0861  0.5909491468564881E-001
 0862  0.5909491468564881E-001
 0863  0.5909491468564881E-001
 0864  0.5909491468564881E-001
 0865  0.5909491468564881E-001
 0866  0.5909491468564881E-001
 0867  0.5909491468564881E-001
 0868  0.5909491468564881E-001
 0869  0.5909491468564881E-001
 0870  0.5909491468564881E-001
 0871  0.5909491468564881E-001
 0872  0.5909491468564881E-001
 0873  0.5909491468564881E-001
 0874  0.5909491468564881E-001
 0875  0.5909491468564881E-001
 0876  0.5909491468564881E-001
 0877  0.5909491468564881E-001
 0878  0.5909491468564881E-001
 0879  0.5909491468564881E-001
 0880  0.5909491468564881E-001
 0881  0.5909491468564881E-001
 0882  0.5909491468564881E-001
 0883  0.5909491468564881E-001
 0884  0.5909491468564881E-001
 0885  0.5909491468564881E-001
 0886  0.5909491468564881E-001
 0887  0.5909491468564881E-001
 0888  0.5909491468564881E-001
 0889  0.5909491468564881E-001
 0890  0.5909491468564881E-001
 0891  0.5909491468564881E-001
 0892  0.5909491468564881E-001
 0893  0.5909491468564881E-001
 0894  0.5909491468564881E-001
 0895  0.5909491468564881E-001
 0896  0.5909491468564881E-001
 0897  0.5909491468564881E-001
 0898  0.5909491468564881E-001
 0899  0.5909491468564881E-001
 0900  0.5909491468564881E-001
 0901  0.5909491468564881E-001
 0902  0.5909491468564881E-001
 0903  0.5909491468564881E-001
 0904  0.5909491468564881E-001
 0905  0.5909491468564881E-001
 0906  0.5909491468564881E-001
 0907  0.5909491468564881E-001
 0908  0.5909491468564881E-001
 0909  0.5909491468564881E-001
 0910  0.5909491468564881E-001
 0911  0.5909491468564881E-001
 0912  0.5909491468564881E-001
 0913  0.5909491468564881E-001
 0914  0.5909491468564881E-001
 0915  0.5909491468564881E-001
 0916  0.5909491468564881E-001
 0917  0.5909491468564881E-001
 0918  0.5909491468564881E-001
 0919  0.5909491468564881E-001
 0920  0.5909491468564881E-001
 0921  0.5909491468564881E-001
 0922  0.5909491468564881E-001
 0923  0.5909491468564881E-001
 0924  0.5909491468564881E-001
 0925  0.5909491468564881E-001
 0926  0.5909491468564881E-001
 0927  0.5909491468564881E-001
 0928  0.5909491468564881E-001
 0929  0.5909491468564881E-001
 0930  0.5909491468564881E-001
 0931  0.5909491468564881E-001
 0932  0.5909491468564881E-001
 0933  0.5909491468564881E-001
 0934  0.5909491468564881E-001
 0935  0.5909491468564881E-001
 0936  0.5909491468564881E-001
 0937  0.5909491468564881E-001
 0938  0.5909491468564881E-001
 0939  0.5909491468564881E-001
 0940  0.5909491468564881E-001
 0941  0.5909491468564881E-001
 0942  0.5909491468564881E-001
 0943  0.5909491468564881E-001
 0944  0.5909491468564881E-001
 0945  0.5909491468564881E-001
 0946  0.5909491468564881E-001
 0947  0.5909491468564881E-001
 0948  0.5909491468564881E-001
 0949  0.5909491468564881E-001
 0950  0.5909491468564881E-001
 0951  0.5909491468564881E-001
 0952  0.5909491468564881E-001
 0953  0.5909491468564881E-001
 0954  0.5909491468564881E-001
 0955  0.5909491468564881E-001
 0956  0.5909491468564881E-001
 0957  0.5909491468564881E-001
 0958  0.5909491468564881E-001
 0959  0.5909491468564881E-001
 0960  0.5909491468564881E-001
 0961  0.5909491468564881E-001
 0962  0.5909491468564881E-001
 0963  0.5909491468564881E-001
 0964  0.5909491468564881E-001
 0965  0.5909491468564881E-001
 0966  0.5909491468564881E-001
 0967  0.5909491468564881E-001
 0968  0.5909491468564881E-001
 0969  0.5909491468564881E-001
 0970  0.5909491468564881E-001
 0971  0.5909491468564881E-001
 0972  0.5909491468564881E-001
 0973  0.5909491468564881E-001
 0974  0.5909491468564881E-001
 0975  0.5909491468564881E-001
 0976  0.5909491468564881E-001
 0977  0.5909491468564881E-001
 0978  0.5909491468564881E-001
 0979  0.5909491468564881E-001
 0980  0.5909491468564881E-001
 0981  0.5909491468564881E-001
 0982  0.5909491468564881E-001
 0983  0.5909491468564881E-001
 0984  0.5909491468564881E-001
 0985  0.5909491468564881E-001
 0986  0.5909491468564881E-001
 0987  0.5909491468564881E-001
 0988  0.5909491468564881E-001
 0989  0.5909491468564881E-001
 0990  0.5909491468564881E-001
 0991  0.5909491468564881E-001
 0992  0.5909491468564881E-001
 0993  0.5909491468564881E-001
 0994  0.5909491468564881E-001
 0995  0.5909491468564881E-001
 0996  0.5909491468564881E-001
 0997  0.5909491468564881E-001
 0998  0.5909491468564881E-001
 0999  0.5909491468564881E-001
 1000  0.5909491468564881E-001
