 0059   0.100228E+00   0.307270E+09   0.306572E+10   0.122779E+10   0.106886E+15
 0060   0.102581E+00   0.316226E+09   0.380568E+10   0.130178E+10   0.101073E+15
 0061   0.110408E+00   0.330285E+09   0.179612E+10   0.129745E+10   0.955135E+14
 0062   0.119198E+00   0.345441E+09   0.172431E+10   0.128383E+10   0.902960E+14
 0063   0.128029E+00   0.360946E+09   0.175571E+10   0.127513E+10   0.854083E+14
 0064   0.137349E+00   0.377109E+09   0.173432E+10   0.126530E+10   0.808250E+14
 0065   0.147272E+00   0.393971E+09   0.169924E+10   0.125411E+10   0.765241E+14
 0066   0.157455E+00   0.411314E+09   0.170313E+10   0.124658E+10   0.724882E+14
 0067   0.168918E+00   0.429890E+09   0.162054E+10   0.123375E+10   0.686945E+14
 0068   0.180392E+00   0.448909E+09   0.165756E+10   0.122444E+10   0.651359E+14
 0069   0.192379E+00   0.468653E+09   0.164714E+10   0.121737E+10   0.617951E+14
 0070   0.205184E+00   0.489390E+09   0.161934E+10   0.120857E+10   0.586577E+14
 0071   0.219138E+00   0.511303E+09   0.157041E+10   0.119656E+10   0.557106E+14
 0072   0.232908E+00   0.533604E+09   0.161958E+10   0.120656E+10   0.529471E+14
 0073   0.247892E+00   0.558310E+09   0.164883E+10   0.122629E+10   0.503584E+14
 0074   0.266766E+00   0.588026E+09   0.157440E+10   0.119979E+10   0.479446E+14
 0075   0.284998E+00   0.617321E+09   0.160680E+10   0.118378E+10   0.457096E+14
 0076   0.304257E+00   0.647325E+09   0.155790E+10   0.116855E+10   0.436313E+14
 0077   0.323570E+00   0.677590E+09   0.156711E+10   0.115694E+10   0.416957E+14
 0078   0.344896E+00   0.709272E+09   0.148558E+10   0.113904E+10   0.398855E+14
 0079   0.366563E+00   0.741299E+09   0.147821E+10   0.112417E+10   0.381913E+14
 0080   0.388356E+00   0.773613E+09   0.148276E+10   0.111242E+10   0.366024E+14
 0081   0.411696E+00   0.807115E+09   0.143536E+10   0.109625E+10   0.351076E+14
 0082   0.434443E+00   0.840373E+09   0.146207E+10   0.108555E+10   0.337009E+14
 0083   0.459307E+00   0.874935E+09   0.139009E+10   0.107078E+10   0.323716E+14
 0084   0.484305E+00   0.909785E+09   0.139405E+10   0.105836E+10   0.311152E+14
 0085   0.510658E+00   0.945532E+09   0.135650E+10   0.104516E+10   0.299245E+14
 0086   0.537676E+00   0.981880E+09   0.134534E+10   0.103313E+10   0.287952E+14
 0087   0.565916E+00   0.101918E+10   0.132087E+10   0.101870E+10   0.277222E+14
 0088   0.594499E+00   0.105668E+10   0.131182E+10   0.100578E+10   0.267017E+14
 0089   0.622673E+00   0.109411E+10   0.132847E+10   0.996956E+09   0.257298E+14
 0090   0.653806E+00   0.113315E+10   0.125408E+10   0.985143E+09   0.248013E+14
 0091   0.685862E+00   0.117313E+10   0.124721E+10   0.970556E+09   0.239144E+14
 0092   0.716182E+00   0.121223E+10   0.128947E+10   0.963396E+09   0.230673E+14
 0093   0.749309E+00   0.125292E+10   0.122837E+10   0.952686E+09   0.222551E+14
 0094   0.784654E+00   0.129494E+10   0.118885E+10   0.938895E+09   0.214761E+14
 0095   0.819406E+00   0.133682E+10   0.120530E+10   0.929404E+09   0.207290E+14
 0096   0.854625E+00   0.137931E+10   0.120624E+10   0.921006E+09   0.200116E+14
 0097   0.893289E+00   0.142357E+10   0.114476E+10   0.907997E+09   0.193211E+14
 0098   0.931240E+00   0.146777E+10   0.116469E+10   0.900122E+09   0.186573E+14
 0099   0.969572E+00   0.151259E+10   0.116937E+10   0.892848E+09   0.180183E+14
 0100   0.101279E+01   0.155995E+10   0.109594E+10   0.877561E+09   0.174019E+14
 0101   0.105405E+01   0.160579E+10   0.111067E+10   0.866762E+09   0.168216E+14
 0102   0.109471E+01   0.165051E+10   0.109990E+10   0.859293E+09   0.162779E+14
 0103   0.113648E+01   0.169524E+10   0.107089E+10   0.849993E+09   0.157668E+14
 0104   0.117697E+01   0.173889E+10   0.107808E+10   0.842377E+09   0.152860E+14
 0105   0.121915E+01   0.178260E+10   0.103639E+10   0.834564E+09   0.148322E+14
 0106   0.125912E+01   0.182516E+10   0.106474E+10   0.828281E+09   0.144037E+14
 0107   0.130163E+01   0.186815E+10   0.101141E+10   0.819662E+09   0.139978E+14
 0108   0.134114E+01   0.190950E+10   0.104651E+10   0.814880E+09   0.136133E+14
 0109   0.138253E+01   0.195117E+10   0.100668E+10   0.807474E+09   0.132480E+14
 0110   0.142586E+01   0.199309E+10   0.967407E+09   0.798382E+09   0.129005E+14
 0111   0.146647E+01   0.203357E+10   0.996897E+09   0.792904E+09   0.125699E+14
 0112   0.150824E+01   0.207409E+10   0.970096E+09   0.785814E+09   0.122545E+14
 0113   0.154749E+01   0.211328E+10   0.998395E+09   0.782887E+09   0.119537E+14
 0114   0.158842E+01   0.215279E+10   0.965185E+09   0.778053E+09   0.116662E+14
 0115   0.162967E+01   0.219215E+10   0.954292E+09   0.772623E+09   0.113911E+14
 0116   0.167230E+01   0.223176E+10   0.929230E+09   0.765896E+09   0.111277E+14
 0117   0.171162E+01   0.226986E+10   0.968879E+09   0.763735E+09   0.108756E+14
 0118   0.175217E+01   0.230818E+10   0.945096E+09   0.759271E+09   0.106337E+14
 0119   0.179438E+01   0.234668E+10   0.912072E+09   0.752971E+09   0.104014E+14
 0120   0.183715E+01   0.238508E+10   0.897713E+09   0.747128E+09   0.101783E+14
 0121   0.187648E+01   0.242209E+10   0.941064E+09   0.744837E+09   0.996397E+13
 0122   0.191685E+01   0.245915E+10   0.918080E+09   0.741854E+09   0.975772E+13
 0123   0.195824E+01   0.249639E+10   0.899582E+09   0.737834E+09   0.955914E+13
 0124   0.200138E+01   0.253410E+10   0.874233E+09   0.731665E+09   0.936781E+13
 0125   0.204030E+01   0.257011E+10   0.925225E+09   0.731013E+09   0.918355E+13
 0126   0.208012E+01   0.260627E+10   0.908281E+09   0.729223E+09   0.900584E+13
 0127   0.212123E+01   0.264267E+10   0.885376E+09   0.725538E+09   0.883436E+13
 0128   0.216345E+01   0.267915E+10   0.863791E+09   0.720982E+09   0.866880E+13
 0129   0.220629E+01   0.271563E+10   0.851723E+09   0.716218E+09   0.850888E+13
 0130   0.224997E+01   0.275231E+10   0.839847E+09   0.710057E+09   0.835432E+13
 0131   0.228815E+01   0.278686E+10   0.904777E+09   0.710836E+09   0.820503E+13
 0132   0.233297E+01   0.282345E+10   0.816384E+09   0.703559E+09   0.806048E+13
 0133   0.237193E+01   0.285786E+10   0.883080E+09   0.703656E+09   0.792073E+13
 0134   0.241164E+01   0.289235E+10   0.868748E+09   0.703344E+09   0.778541E+13
 0135   0.245808E+01   0.292899E+10   0.788866E+09   0.693852E+09   0.765422E+13
 0136   0.249849E+01   0.296333E+10   0.849994E+09   0.692263E+09   0.752723E+13
 0137   0.253972E+01   0.299776E+10   0.834895E+09   0.689963E+09   0.740411E+13
 0138   0.258103E+01   0.303206E+10   0.830343E+09   0.687600E+09   0.728472E+13
 0139   0.262303E+01   0.306649E+10   0.819804E+09   0.683976E+09   0.716889E+13
 0140   0.266610E+01   0.310106E+10   0.802559E+09   0.680188E+09   0.705648E+13
 0141   0.270207E+01   0.313315E+10   0.892217E+09   0.683832E+09   0.694745E+13
 0142   0.274568E+01   0.316758E+10   0.789398E+09   0.679103E+09   0.684148E+13
 0143   0.279095E+01   0.320254E+10   0.772218E+09   0.671815E+09   0.673851E+13
 0144   0.282930E+01   0.323488E+10   0.843314E+09   0.673199E+09   0.663855E+13
 0145   0.286744E+01   0.326706E+10   0.843758E+09   0.675006E+09   0.654139E+13
 0146   0.291442E+01   0.330208E+10   0.745529E+09   0.666372E+09   0.644682E+13
 0147   0.295490E+01   0.333481E+10   0.808584E+09   0.665156E+09   0.635491E+13
 0148   0.299548E+01   0.336733E+10   0.801282E+09   0.664207E+09   0.626550E+13
 0149   0.303588E+01   0.339969E+10   0.800903E+09   0.663547E+09   0.617850E+13
 0150   0.307652E+01   0.343199E+10   0.795007E+09   0.662697E+09   0.609380E+13
 0151   0.311712E+01   0.346418E+10   0.792810E+09   0.661723E+09   0.601135E+13
 0152   0.315770E+01   0.349623E+10   0.789737E+09   0.661128E+09   0.593104E+13
 0153   0.319828E+01   0.352820E+10   0.787667E+09   0.660815E+09   0.585282E+13
 0154   0.324692E+01   0.356266E+10   0.708516E+09   0.650802E+09   0.577653E+13
 0155   0.328753E+01   0.359442E+10   0.782136E+09   0.650409E+09   0.570226E+13
 0156   0.332815E+01   0.362608E+10   0.779464E+09   0.650009E+09   0.562986E+13
 0157   0.336868E+01   0.365760E+10   0.777659E+09   0.649613E+09   0.559453E+13
 0158   0.340913E+01   0.368898E+10   0.775694E+09   0.649084E+09   0.552570E+13
 0159   0.344952E+01   0.372022E+10   0.773414E+09   0.649411E+09   0.545855E+13
 0160   0.348990E+01   0.375146E+10   0.773692E+09   0.649215E+09   0.539305E+13
 0161   0.353828E+01   0.378506E+10   0.694569E+09   0.639952E+09   0.532909E+13
 0162   0.357871E+01   0.381606E+10   0.766829E+09   0.640241E+09   0.526672E+13
 0163   0.361913E+01   0.384700E+10   0.765424E+09   0.640239E+09   0.520584E+13
 0164   0.365949E+01   0.387781E+10   0.763347E+09   0.640366E+09   0.518078E+13
 0165   0.369975E+01   0.390849E+10   0.762132E+09   0.640520E+09   0.512269E+13
 0166   0.374783E+01   0.394147E+10   0.685869E+09   0.632123E+09   0.509942E+13
 0167   0.378781E+01   0.397186E+10   0.760238E+09   0.633135E+09   0.507672E+13
 0168   0.382768E+01   0.400220E+10   0.760865E+09   0.633859E+09   0.505447E+13
 0169   0.386749E+01   0.403244E+10   0.759614E+09   0.634714E+09   0.503268E+13
 0170   0.390733E+01   0.406263E+10   0.757766E+09   0.635653E+09   0.501131E+13
 0171   0.395516E+01   0.409517E+10   0.680334E+09   0.628137E+09   0.499027E+13
 0172   0.399515E+01   0.412531E+10   0.753732E+09   0.629444E+09   0.496971E+13
 0173   0.403516E+01   0.415544E+10   0.753056E+09   0.630042E+09   0.494956E+13
 0174   0.407513E+01   0.418541E+10   0.749800E+09   0.630927E+09   0.492981E+13
 0175   0.412295E+01   0.421759E+10   0.672798E+09   0.623067E+09   0.491037E+13
 0176   0.416261E+01   0.424718E+10   0.746276E+09   0.624893E+09   0.489136E+13
 0177   0.420208E+01   0.427674E+10   0.749011E+09   0.626914E+09   0.487271E+13
 0178   0.424922E+01   0.430864E+10   0.676594E+09   0.620260E+09   0.485433E+13
 0179   0.428859E+01   0.433816E+10   0.749767E+09   0.622068E+09   0.483637E+13
 0180   0.432800E+01   0.436764E+10   0.748157E+09   0.624101E+09   0.480661E+13
 0181   0.437534E+01   0.439948E+10   0.672623E+09   0.617127E+09   0.478949E+13
 0182   0.441485E+01   0.442887E+10   0.743592E+09   0.619300E+09   0.477272E+13
 0183   0.445435E+01   0.445824E+10   0.743652E+09   0.621064E+09   0.475633E+13
 0184   0.450153E+01   0.448979E+10   0.668750E+09   0.614630E+09   0.474005E+13
 0185   0.454068E+01   0.451888E+10   0.742990E+09   0.617191E+09   0.472424E+13
 0186   0.457963E+01   0.454791E+10   0.745370E+09   0.620084E+09   0.470871E+13
 0187   0.462616E+01   0.457917E+10   0.671789E+09   0.614324E+09   0.469329E+13
 0188   0.466488E+01   0.460807E+10   0.746543E+09   0.616894E+09   0.467830E+13
 0189   0.471131E+01   0.463920E+10   0.670398E+09   0.610827E+09   0.466341E+13
 0190   0.475009E+01   0.466795E+10   0.741273E+09   0.613700E+09   0.464894E+13
 0191   0.478886E+01   0.469671E+10   0.741917E+09   0.616511E+09   0.463471E+13
 0192   0.483527E+01   0.472766E+10   0.666919E+09   0.611514E+09   0.462056E+13
 0193   0.487389E+01   0.475639E+10   0.743740E+09   0.614999E+09   0.460681E+13
 0194   0.492009E+01   0.478735E+10   0.670130E+09   0.610179E+09   0.459312E+13
 0195   0.495854E+01   0.481603E+10   0.746140E+09   0.613630E+09   0.457983E+13
 0196   0.500459E+01   0.484691E+10   0.670484E+09   0.608976E+09   0.456660E+13
 0197   0.504296E+01   0.487553E+10   0.745798E+09   0.612968E+09   0.455374E+13
 0198   0.508898E+01   0.490643E+10   0.671563E+09   0.608650E+09   0.454094E+13
 0199   0.512737E+01   0.493510E+10   0.746919E+09   0.612202E+09   0.452849E+13
 0200   0.517341E+01   0.496594E+10   0.669760E+09   0.607951E+09   0.451611E+13
 0201   0.521176E+01   0.499455E+10   0.745884E+09   0.612069E+09   0.450407E+13
 0202   0.525769E+01   0.502534E+10   0.670501E+09   0.608065E+09   0.449209E+13
 0203   0.529596E+01   0.505394E+10   0.747074E+09   0.612360E+09   0.448044E+13
 0204   0.534184E+01   0.508471E+10   0.670844E+09   0.608574E+09   0.446884E+13
 0205   0.538777E+01   0.511554E+10   0.671121E+09   0.604787E+09   0.445742E+13
 0206   0.542615E+01   0.514413E+10   0.745059E+09   0.609481E+09   0.444632E+13
 0207   0.547223E+01   0.517503E+10   0.670384E+09   0.605925E+09   0.443526E+13
 0208   0.551070E+01   0.520372E+10   0.745870E+09   0.610576E+09   0.442450E+13
 0209   0.555685E+01   0.523461E+10   0.669433E+09   0.607060E+09   0.441379E+13
 0210   0.560291E+01   0.526546E+10   0.669757E+09   0.603330E+09   0.440326E+13
 0211   0.564116E+01   0.529395E+10   0.744760E+09   0.608249E+09   0.439302E+13
 0212   0.568696E+01   0.532462E+10   0.669564E+09   0.605644E+09   0.438282E+13
 0213   0.573264E+01   0.535534E+10   0.672743E+09   0.602976E+09   0.437277E+13
 0214   0.577074E+01   0.538389E+10   0.749315E+09   0.608218E+09   0.436301E+13
 0215   0.581653E+01   0.541467E+10   0.672100E+09   0.605350E+09   0.435328E+13
 0216   0.586242E+01   0.544548E+10   0.671344E+09   0.602703E+09   0.434369E+13
 0217   0.590073E+01   0.547411E+10   0.747400E+09   0.608062E+09   0.433437E+13
 0218   0.594669E+01   0.550494E+10   0.670861E+09   0.605774E+09   0.432508E+13
 0219   0.599260E+01   0.553581E+10   0.672245E+09   0.603291E+09   0.431594E+13
 0220   0.603841E+01   0.556664E+10   0.673049E+09   0.600827E+09   0.430694E+13
 0221   0.607658E+01   0.559520E+10   0.748249E+09   0.606524E+09   0.429819E+13
 0222   0.612238E+01   0.562597E+10   0.671840E+09   0.604644E+09   0.428947E+13
 0223   0.616820E+01   0.565682E+10   0.673375E+09   0.602943E+09   0.428088E+13
 0224   0.621406E+01   0.568777E+10   0.674752E+09   0.600919E+09   0.427242E+13
 0225   0.625232E+01   0.571648E+10   0.750478E+09   0.606763E+09   0.426419E+13
 0226   0.629823E+01   0.574736E+10   0.672619E+09   0.604829E+09   0.425599E+13
 0227   0.634407E+01   0.577820E+10   0.672766E+09   0.603316E+09   0.424792E+13
 0228   0.638979E+01   0.580906E+10   0.674955E+09   0.602115E+09   0.423997E+13
 0229   0.643541E+01   0.583996E+10   0.677515E+09   0.601666E+09   0.423214E+13
 0230   0.647344E+01   0.586884E+10   0.759077E+09   0.609194E+09   0.422453E+13
 0231   0.651916E+01   0.590008E+10   0.683241E+09   0.610018E+09   0.421695E+13
 0232   0.656512E+01   0.593170E+10   0.688140E+09   0.611270E+09   0.420950E+13
 0233   0.661134E+01   0.596375E+10   0.693405E+09   0.612878E+09   0.420218E+13
 0234   0.665795E+01   0.599628E+10   0.697898E+09   0.615158E+09   0.419499E+13
 0235   0.670487E+01   0.602936E+10   0.704953E+09   0.616154E+09   0.418792E+13
 0236   0.675220E+01   0.606272E+10   0.704857E+09   0.618717E+09   0.418097E+13
 0237   0.680012E+01   0.609670E+10   0.709084E+09   0.620329E+09   0.417415E+13
 0238   0.684864E+01   0.613112E+10   0.709496E+09   0.622149E+09   0.416743E+13
 0239   0.690589E+01   0.616843E+10   0.651789E+09   0.615819E+09   0.416076E+13
 0240   0.695547E+01   0.620373E+10   0.711829E+09   0.616720E+09   0.415427E+13
 0241   0.700561E+01   0.623932E+10   0.709849E+09   0.617147E+09   0.414788E+13
 0242   0.705634E+01   0.627517E+10   0.706672E+09   0.617171E+09   0.414161E+13
 0243   0.710738E+01   0.631119E+10   0.705722E+09   0.617999E+09   0.413543E+13
 0244   0.715862E+01   0.634749E+10   0.708480E+09   0.617870E+09   0.412936E+13
 0245   0.721000E+01   0.638387E+10   0.708002E+09   0.617930E+09   0.412339E+13
 0246   0.726164E+01   0.642038E+10   0.707177E+09   0.617681E+09   0.411751E+13
 0247   0.731340E+01   0.645698E+10   0.706970E+09   0.617470E+09   0.411172E+13
 0248   0.736543E+01   0.649369E+10   0.705536E+09   0.617386E+09   0.410603E+13
 0249   0.741751E+01   0.653048E+10   0.706413E+09   0.617055E+09   0.410043E+13
 0250   0.746094E+01   0.656466E+10   0.787052E+09   0.625075E+09   0.409498E+13
 0251   0.752169E+01   0.660413E+10   0.649660E+09   0.617738E+09   0.408950E+13
 0252   0.757371E+01   0.664111E+10   0.710940E+09   0.619340E+09   0.408417E+13
 0253   0.762579E+01   0.667840E+10   0.715955E+09   0.620683E+09   0.407893E+13
 0254   0.767802E+01   0.671593E+10   0.718570E+09   0.622313E+09   0.407376E+13
 0255   0.773056E+01   0.675375E+10   0.719829E+09   0.623165E+09   0.406868E+13
 0256   0.778328E+01   0.679164E+10   0.718686E+09   0.623961E+09   0.406368E+13
 0257   0.783620E+01   0.682956E+10   0.716536E+09   0.624207E+09   0.405876E+13
 0258   0.788908E+01   0.686734E+10   0.714579E+09   0.624549E+09   0.405392E+13
 0259   0.794188E+01   0.690503E+10   0.713653E+09   0.625898E+09   0.404917E+13
 0260   0.799450E+01   0.694279E+10   0.717716E+09   0.627541E+09   0.404449E+13
 0261   0.805578E+01   0.698333E+10   0.661539E+09   0.621704E+09   0.403984E+13
 0262   0.810841E+01   0.702133E+10   0.722030E+09   0.622479E+09   0.403531E+13
 0263   0.816111E+01   0.705924E+10   0.719346E+09   0.624185E+09   0.403086E+13
 0264   0.821397E+01   0.709729E+10   0.719848E+09   0.625884E+09   0.402648E+13
 0265   0.826682E+01   0.713541E+10   0.721382E+09   0.626686E+09   0.402217E+13
 0266   0.832849E+01   0.717609E+10   0.659579E+09   0.620030E+09   0.401788E+13
 0267   0.838123E+01   0.721398E+10   0.718468E+09   0.621923E+09   0.401372E+13
 0268   0.843390E+01   0.725195E+10   0.720788E+09   0.623643E+09   0.400962E+13
 0269   0.848661E+01   0.728995E+10   0.720885E+09   0.625093E+09   0.400558E+13
 0270   0.853941E+01   0.732796E+10   0.720022E+09   0.627304E+09   0.400161E+13
 0271   0.860095E+01   0.736873E+10   0.662466E+09   0.621036E+09   0.399766E+13
 0272   0.865367E+01   0.740672E+10   0.720549E+09   0.624175E+09   0.399382E+13
 0273   0.870643E+01   0.744496E+10   0.724925E+09   0.627440E+09   0.399004E+13
 0274   0.875907E+01   0.748343E+10   0.730719E+09   0.630312E+09   0.398632E+13
 0275   0.882072E+01   0.752469E+10   0.669261E+09   0.625982E+09   0.398262E+13
 0276   0.887370E+01   0.756347E+10   0.732082E+09   0.628573E+09   0.397902E+13
 0277   0.892688E+01   0.760235E+10   0.731107E+09   0.631794E+09   0.397548E+13
 0278   0.898924E+01   0.764413E+10   0.669833E+09   0.627921E+09   0.397196E+13
 0279   0.904275E+01   0.768346E+10   0.735167E+09   0.631654E+09   0.396853E+13
 0280   0.910535E+01   0.772579E+10   0.676219E+09   0.627564E+09   0.396512E+13
 0281   0.915915E+01   0.776551E+10   0.738081E+09   0.631268E+09   0.396181E+13
 0282   0.921307E+01   0.780545E+10   0.740751E+09   0.636179E+09   0.395855E+13
 0283   0.927632E+01   0.784861E+10   0.682492E+09   0.633595E+09   0.395532E+13
 0284   0.933081E+01   0.788946E+10   0.749554E+09   0.637736E+09   0.395216E+13
 0285   0.939490E+01   0.793340E+10   0.685567E+09   0.634685E+09   0.394903E+13
 0286   0.945014E+01   0.797485E+10   0.750400E+09   0.640195E+09   0.394599E+13
 0287   0.951502E+01   0.801972E+10   0.691727E+09   0.638617E+09   0.394297E+13
 0288   0.957108E+01   0.806246E+10   0.762279E+09   0.660695E+09   0.394005E+13
 0289   0.963711E+01   0.811265E+10   0.760084E+09   0.658870E+09   0.393717E+13
 0290   0.970418E+01   0.816282E+10   0.748121E+09   0.656539E+09   0.393433E+13
 0291   0.977246E+01   0.821286E+10   0.732813E+09   0.654001E+09   0.393154E+13
 0292   0.984196E+01   0.826292E+10   0.720275E+09   0.651243E+09   0.392881E+13
 0293   0.990197E+01   0.830983E+10   0.781626E+09   0.655762E+09   0.392614E+13
 0294   0.997265E+01   0.835997E+10   0.709484E+09   0.653238E+09   0.392349E+13
 0295   0.100437E+02   0.841048E+10   0.710477E+09   0.649273E+09   0.392089E+13
 0296   0.101051E+02   0.845772E+10   0.769750E+09   0.652626E+09   0.391835E+13
 0297   0.101669E+02   0.850503E+10   0.765836E+09   0.656016E+09   0.391585E+13
 0298   0.102393E+02   0.855562E+10   0.699048E+09   0.651202E+09   0.391338E+13
 0299   0.103016E+02   0.860296E+10   0.759360E+09   0.654381E+09   0.391096E+13
 0300   0.103742E+02   0.865355E+10   0.696670E+09   0.649449E+09   0.390857E+13
 0301   0.104362E+02   0.870071E+10   0.760854E+09   0.652386E+09   0.390624E+13
 0302   0.105085E+02   0.875104E+10   0.696483E+09   0.647847E+09   0.390392E+13
 0303   0.105702E+02   0.879800E+10   0.760400E+09   0.651004E+09   0.390167E+13
 0304   0.106319E+02   0.884489E+10   0.760232E+09   0.654149E+09   0.389945E+13
 0305   0.107037E+02   0.889486E+10   0.695873E+09   0.649892E+09   0.389725E+13
 0306   0.107652E+02   0.894161E+10   0.760552E+09   0.653789E+09   0.389510E+13
 0307   0.108367E+02   0.899155E+10   0.697875E+09   0.649158E+09   0.389297E+13
 0308   0.108979E+02   0.903808E+10   0.760518E+09   0.652938E+09   0.389090E+13
 0309   0.109692E+02   0.908776E+10   0.697028E+09   0.649253E+09   0.388884E+13
 0310   0.110301E+02   0.913426E+10   0.763023E+09   0.652902E+09   0.388683E+13
 0311   0.111012E+02   0.918383E+10   0.697521E+09   0.648882E+09   0.388483E+13
 0312   0.111621E+02   0.923016E+10   0.761118E+09   0.653006E+09   0.388289E+13
 0313   0.112329E+02   0.927961E+10   0.697817E+09   0.649214E+09   0.388095E+13
 0314   0.112936E+02   0.932582E+10   0.761898E+09   0.652772E+09   0.387907E+13
 0315   0.113641E+02   0.937493E+10   0.696262E+09   0.649017E+09   0.387720E+13
 0316   0.114245E+02   0.942083E+10   0.760601E+09   0.653621E+09   0.387537E+13
 0317   0.114946E+02   0.946981E+10   0.698513E+09   0.650627E+09   0.387356E+13
 0318   0.115646E+02   0.951884E+10   0.700415E+09   0.647617E+09   0.387178E+13
 0319   0.116245E+02   0.956469E+10   0.765079E+09   0.651905E+09   0.387004E+13
 0320   0.116944E+02   0.961356E+10   0.699185E+09   0.648406E+09   0.386831E+13
 0321   0.117543E+02   0.965917E+10   0.762037E+09   0.653119E+09   0.386662E+13
 0322   0.118239E+02   0.970779E+10   0.698608E+09   0.650907E+09   0.386494E+13
 0323   0.118933E+02   0.975655E+10   0.702239E+09   0.648480E+09   0.386329E+13
 0324   0.119527E+02   0.980218E+10   0.768662E+09   0.653144E+09   0.386168E+13
 0325   0.120219E+02   0.985076E+10   0.701672E+09   0.650235E+09   0.386008E+13
 0326   0.120911E+02   0.989928E+10   0.700772E+09   0.647091E+09   0.385850E+13
 0327   0.121504E+02   0.994450E+10   0.763128E+09   0.652870E+09   0.385696E+13
 0328   0.122194E+02   0.999289E+10   0.701528E+09   0.652108E+09   0.385543E+13
 0329   0.122881E+02   0.100416E+11   0.708505E+09   0.651215E+09   0.385392E+13
 0330   0.123470E+02   0.100874E+11   0.777437E+09   0.658201E+09   0.385244E+13
 0331   0.124159E+02   0.101365E+11   0.712881E+09   0.657330E+09   0.385097E+13
 0332   0.124849E+02   0.101857E+11   0.713770E+09   0.656450E+09   0.384953E+13
 0333   0.125543E+02   0.102352E+11   0.713147E+09   0.654610E+09   0.384810E+13
 0334   0.126140E+02   0.102816E+11   0.777234E+09   0.660539E+09   0.384671E+13
 0335   0.126838E+02   0.103311E+11   0.708198E+09   0.658732E+09   0.384533E+13
 0336   0.127534E+02   0.103804E+11   0.708521E+09   0.657174E+09   0.384396E+13
 0337   0.128230E+02   0.104298E+11   0.709523E+09   0.655501E+09   0.384262E+13
 0338   0.128924E+02   0.104791E+11   0.710368E+09   0.653776E+09   0.384129E+13
 0339   0.129518E+02   0.105252E+11   0.776180E+09   0.660007E+09   0.384000E+13
 0340   0.130209E+02   0.105743E+11   0.710218E+09   0.658391E+09   0.383871E+13
 0341   0.130900E+02   0.106233E+11   0.709685E+09   0.656464E+09   0.383744E+13
 0342   0.131589E+02   0.106721E+11   0.708551E+09   0.655081E+09   0.383618E+13
 0343   0.132277E+02   0.107209E+11   0.709983E+09   0.653817E+09   0.383495E+13
 0344   0.132864E+02   0.107666E+11   0.777515E+09   0.660056E+09   0.383374E+13
 0345   0.133547E+02   0.108151E+11   0.710225E+09   0.658810E+09   0.383254E+13
 0346   0.134228E+02   0.108635E+11   0.711004E+09   0.657936E+09   0.383136E+13
 0347   0.134907E+02   0.109119E+11   0.712467E+09   0.657008E+09   0.383019E+13
 0348   0.135586E+02   0.109603E+11   0.712798E+09   0.656130E+09   0.382904E+13
 0349   0.136263E+02   0.110086E+11   0.713019E+09   0.655056E+09   0.382790E+13
 0350   0.136939E+02   0.110567E+11   0.712778E+09   0.653889E+09   0.382677E+13
 0351   0.137517E+02   0.111017E+11   0.778691E+09   0.661044E+09   0.382568E+13
 0352   0.138189E+02   0.111497E+11   0.713695E+09   0.660287E+09   0.382459E+13
 0353   0.138859E+02   0.111975E+11   0.714034E+09   0.659756E+09   0.382351E+13
 0354   0.139528E+02   0.112453E+11   0.714332E+09   0.659284E+09   0.382244E+13
 0355   0.140194E+02   0.112930E+11   0.715350E+09   0.658782E+09   0.382139E+13
 0356   0.140860E+02   0.113406E+11   0.714992E+09   0.658506E+09   0.382035E+13
 0357   0.141525E+02   0.113882E+11   0.715720E+09   0.657985E+09   0.381932E+13
 0358   0.142188E+02   0.114356E+11   0.715544E+09   0.657790E+09   0.381831E+13
 0359   0.142849E+02   0.114830E+11   0.716073E+09   0.657838E+09   0.381731E+13
 0360   0.143508E+02   0.115303E+11   0.717731E+09   0.657738E+09   0.381632E+13
 0361   0.144166E+02   0.115775E+11   0.717798E+09   0.657708E+09   0.381535E+13
 0362   0.144823E+02   0.116246E+11   0.717970E+09   0.657662E+09   0.381438E+13
 0363   0.145478E+02   0.116717E+11   0.718019E+09   0.657647E+09   0.381343E+13
 0364   0.146132E+02   0.117187E+11   0.717683E+09   0.657882E+09   0.381248E+13
 0365   0.146785E+02   0.117656E+11   0.718440E+09   0.657586E+09   0.381155E+13
 0366   0.147436E+02   0.118123E+11   0.717391E+09   0.657649E+09   0.381063E+13
 0367   0.148085E+02   0.118588E+11   0.717535E+09   0.657978E+09   0.380972E+13
 0368   0.148731E+02   0.119053E+11   0.718991E+09   0.658546E+09   0.380882E+13
 0369   0.149376E+02   0.119517E+11   0.719950E+09   0.659148E+09   0.380793E+13
 0370   0.150019E+02   0.119981E+11   0.720795E+09   0.659185E+09   0.380705E+13
 0371   0.150661E+02   0.120442E+11   0.719103E+09   0.659292E+09   0.380618E+13
 0372   0.151301E+02   0.120902E+11   0.717770E+09   0.659794E+09   0.380532E+13
 0373   0.151939E+02   0.121360E+11   0.718618E+09   0.660246E+09   0.380447E+13
 0374   0.152576E+02   0.121818E+11   0.718750E+09   0.660493E+09   0.380363E+13
 0375   0.153210E+02   0.122273E+11   0.718284E+09   0.661088E+09   0.380279E+13
 0376   0.153842E+02   0.122728E+11   0.719281E+09   0.661457E+09   0.380197E+13
 0377   0.154471E+02   0.123180E+11   0.718995E+09   0.662423E+09   0.380115E+13
 0378   0.155099E+02   0.123632E+11   0.720474E+09   0.663385E+09   0.380034E+13
 0379   0.155724E+02   0.124084E+11   0.722180E+09   0.664520E+09   0.379954E+13
 0380   0.156438E+02   0.124563E+11   0.671143E+09   0.658952E+09   0.379873E+13
 0381   0.157061E+02   0.125016E+11   0.726218E+09   0.660746E+09   0.379794E+13
 0382   0.157684E+02   0.125469E+11   0.728109E+09   0.662403E+09   0.379716E+13
 0383   0.158306E+02   0.125922E+11   0.728437E+09   0.663686E+09   0.379639E+13
 0384   0.158928E+02   0.126375E+11   0.727849E+09   0.664765E+09   0.379562E+13
 0385   0.159549E+02   0.126826E+11   0.726581E+09   0.666261E+09   0.379486E+13
 0386   0.160256E+02   0.127304E+11   0.675188E+09   0.660278E+09   0.379409E+13
 0387   0.160873E+02   0.127753E+11   0.727711E+09   0.662205E+09   0.379334E+13
 0388   0.161489E+02   0.128202E+11   0.729360E+09   0.663770E+09   0.379260E+13
 0389   0.162103E+02   0.128650E+11   0.729699E+09   0.665126E+09   0.379187E+13
 0390   0.162716E+02   0.129096E+11   0.728311E+09   0.666394E+09   0.379114E+13
 0391   0.163415E+02   0.129568E+11   0.675664E+09   0.660309E+09   0.379040E+13
 0392   0.164024E+02   0.130011E+11   0.727080E+09   0.661990E+09   0.378968E+13
 0393   0.164630E+02   0.130453E+11   0.728184E+09   0.663786E+09   0.378897E+13
 0394   0.165234E+02   0.130894E+11   0.729509E+09   0.665742E+09   0.378827E+13
 0395   0.165837E+02   0.131334E+11   0.730753E+09   0.667651E+09   0.378757E+13
 0396   0.166523E+02   0.131800E+11   0.678751E+09   0.662589E+09   0.378685E+13
 0397   0.167123E+02   0.132239E+11   0.732537E+09   0.665381E+09   0.378616E+13
 0398   0.167721E+02   0.132679E+11   0.735454E+09   0.668059E+09   0.378547E+13
 0399   0.168319E+02   0.133120E+11   0.736935E+09   0.670457E+09   0.378479E+13
 0400   0.169002E+02   0.133587E+11   0.683454E+09   0.665575E+09   0.378409E+13
 0401   0.169599E+02   0.134026E+11   0.736803E+09   0.668435E+09   0.378342E+13
 0402   0.170195E+02   0.134466E+11   0.738675E+09   0.671425E+09   0.378275E+13
 0403   0.170875E+02   0.134933E+11   0.686936E+09   0.667251E+09   0.378206E+13
 0404   0.171469E+02   0.135374E+11   0.742156E+09   0.670277E+09   0.378139E+13
 0405   0.172063E+02   0.135816E+11   0.743315E+09   0.672990E+09   0.378074E+13
 0406   0.172741E+02   0.136283E+11   0.688681E+09   0.668762E+09   0.378005E+13
 0407   0.173334E+02   0.136723E+11   0.743129E+09   0.671731E+09   0.377940E+13
 0408   0.174010E+02   0.137191E+11   0.690447E+09   0.667100E+09   0.377872E+13
 0409   0.174601E+02   0.137629E+11   0.742449E+09   0.670197E+09   0.377807E+13
 0410   0.175190E+02   0.138068E+11   0.744129E+09   0.673141E+09   0.377743E+13
 0411   0.175862E+02   0.138532E+11   0.690878E+09   0.668687E+09   0.377676E+13
 0412   0.176448E+02   0.138967E+11   0.743897E+09   0.671623E+09   0.377612E+13
 0413   0.177032E+02   0.139402E+11   0.744492E+09   0.674547E+09   0.377548E+13
 0414   0.177698E+02   0.139862E+11   0.690418E+09   0.670315E+09   0.377482E+13
 0415   0.178278E+02   0.140295E+11   0.744821E+09   0.673739E+09   0.377419E+13
 0416   0.178940E+02   0.140753E+11   0.692708E+09   0.669714E+09   0.377353E+13
 0417   0.179518E+02   0.141184E+11   0.746778E+09   0.672840E+09   0.377290E+13
 0418   0.180094E+02   0.141615E+11   0.746787E+09   0.675992E+09   0.377227E+13
 0419   0.180751E+02   0.142070E+11   0.692543E+09   0.672780E+09   0.377161E+13
 0420   0.181324E+02   0.142500E+11   0.750317E+09   0.677209E+09   0.377099E+13
 0421   0.181978E+02   0.142957E+11   0.699238E+09   0.674319E+09   0.377034E+13
 0422   0.182550E+02   0.143389E+11   0.756135E+09   0.678619E+09   0.376971E+13
 0423   0.183202E+02   0.143848E+11   0.702816E+09   0.677200E+09   0.376906E+13
 0424   0.183773E+02   0.144284E+11   0.763939E+09   0.683425E+09   0.376844E+13
 0425   0.184427E+02   0.144751E+11   0.713640E+09   0.683067E+09   0.376779E+13
 0426   0.185084E+02   0.145223E+11   0.719494E+09   0.682862E+09   0.376713E+13
 0427   0.185662E+02   0.145675E+11   0.781085E+09   0.690447E+09   0.376651E+13
 0428   0.186326E+02   0.146159E+11   0.729576E+09   0.691373E+09   0.376585E+13
 0429   0.186995E+02   0.146651E+11   0.735073E+09   0.692917E+09   0.376519E+13
 0430   0.187670E+02   0.147151E+11   0.741670E+09   0.694780E+09   0.376453E+13
 0431   0.188265E+02   0.147632E+11   0.808012E+09   0.703506E+09   0.376390E+13
 0432   0.188951E+02   0.148148E+11   0.752134E+09   0.703656E+09   0.376323E+13
 0433   0.189644E+02   0.148668E+11   0.749559E+09   0.703599E+09   0.376256E+13
 0434   0.190343E+02   0.149191E+11   0.748387E+09   0.703496E+09   0.376188E+13
 0435   0.191047E+02   0.149718E+11   0.748051E+09   0.703552E+09   0.376119E+13
 0436   0.191758E+02   0.150250E+11   0.748804E+09   0.703586E+09   0.376050E+13
 0437   0.192384E+02   0.150757E+11   0.810410E+09   0.711280E+09   0.375985E+13
 0438   0.193103E+02   0.151299E+11   0.754398E+09   0.711507E+09   0.375915E+13
 0439   0.193827E+02   0.151847E+11   0.756197E+09   0.710976E+09   0.375845E+13
 0440   0.194556E+02   0.152399E+11   0.756055E+09   0.710228E+09   0.375773E+13
 0441   0.195290E+02   0.152953E+11   0.755752E+09   0.708092E+09   0.375701E+13
 0442   0.195937E+02   0.153476E+11   0.808522E+09   0.713157E+09   0.375634E+13
 0443   0.196681E+02   0.154030E+11   0.745624E+09   0.710268E+09   0.375560E+13
 0444   0.197333E+02   0.154554E+11   0.801475E+09   0.714434E+09   0.375491E+13
 0445   0.198079E+02   0.155106E+11   0.740940E+09   0.710985E+09   0.375416E+13
 0446   0.198730E+02   0.155626E+11   0.799125E+09   0.715386E+09   0.375347E+13
 0447   0.199470E+02   0.156175E+11   0.741781E+09   0.712287E+09   0.375271E+13
 0448   0.200207E+02   0.156723E+11   0.743112E+09   0.709099E+09   0.375195E+13
 0449   0.200849E+02   0.157237E+11   0.800688E+09   0.713715E+09   0.375125E+13
 0450   0.201582E+02   0.157782E+11   0.743369E+09   0.710702E+09   0.375048E+13
 0451   0.202220E+02   0.158294E+11   0.801981E+09   0.715513E+09   0.374977E+13
 0452   0.202948E+02   0.158835E+11   0.744351E+09   0.713146E+09   0.374899E+13
 0453   0.203673E+02   0.159377E+11   0.747043E+09   0.710908E+09   0.374820E+13
 0454   0.204305E+02   0.159887E+11   0.806809E+09   0.716258E+09   0.374747E+13
 0455   0.205027E+02   0.160428E+11   0.749025E+09   0.713827E+09   0.374667E+13
 0456   0.205748E+02   0.160968E+11   0.749515E+09   0.711206E+09   0.374586E+13
 0457   0.206378E+02   0.161476E+11   0.806452E+09   0.716327E+09   0.374512E+13
 0458   0.207096E+02   0.162014E+11   0.748217E+09   0.713916E+09   0.374429E+13
 0459   0.207723E+02   0.162520E+11   0.807728E+09   0.719089E+09   0.374354E+13
 0460   0.208437E+02   0.163054E+11   0.749089E+09   0.716906E+09   0.374271E+13
 0461   0.209148E+02   0.163588E+11   0.750422E+09   0.714800E+09   0.374187E+13
 0462   0.209768E+02   0.164091E+11   0.810866E+09   0.720460E+09   0.374110E+13
 0463   0.210475E+02   0.164623E+11   0.752495E+09   0.718606E+09   0.374025E+13
 0464   0.211181E+02   0.165155E+11   0.753614E+09   0.716461E+09   0.373940E+13
 0465   0.211885E+02   0.165686E+11   0.753862E+09   0.714366E+09   0.373854E+13
 0466   0.212500E+02   0.166186E+11   0.812362E+09   0.719664E+09   0.373775E+13
 0467   0.213201E+02   0.166713E+11   0.752800E+09   0.717269E+09   0.373688E+13
 0468   0.213900E+02   0.167239E+11   0.752270E+09   0.714859E+09   0.373600E+13
 0469   0.214508E+02   0.167732E+11   0.810991E+09   0.720258E+09   0.373520E+13
 0470   0.215200E+02   0.168253E+11   0.752266E+09   0.717926E+09   0.373430E+13
 0471   0.215890E+02   0.168771E+11   0.752383E+09   0.715295E+09   0.373341E+13
 0472   0.216575E+02   0.169287E+11   0.752111E+09   0.712572E+09   0.373251E+13
 0473   0.217171E+02   0.169769E+11   0.808681E+09   0.717479E+09   0.373169E+13
 0474   0.217849E+02   0.170277E+11   0.749563E+09   0.715196E+09   0.373078E+13
 0475   0.218522E+02   0.170783E+11   0.751011E+09   0.713483E+09   0.372986E+13
 0476   0.219108E+02   0.171258E+11   0.812100E+09   0.719939E+09   0.372903E+13
 0477   0.219774E+02   0.171762E+11   0.755992E+09   0.719285E+09   0.372810E+13
 0478   0.220438E+02   0.172267E+11   0.759364E+09   0.718907E+09   0.372717E+13
 0479   0.221101E+02   0.172772E+11   0.762491E+09   0.718618E+09   0.372623E+13
 0480   0.221764E+02   0.173279E+11   0.764363E+09   0.718116E+09   0.372527E+13
 0481   0.222345E+02   0.173757E+11   0.824449E+09   0.724849E+09   0.372441E+13
 0482   0.223008E+02   0.174263E+11   0.763596E+09   0.723648E+09   0.372343E+13
 0483   0.223670E+02   0.174768E+11   0.762145E+09   0.722119E+09   0.372245E+13
 0484   0.224331E+02   0.175271E+11   0.760483E+09   0.720506E+09   0.372146E+13
 0485   0.224990E+02   0.175771E+11   0.759798E+09   0.718941E+09   0.372046E+13
 0486   0.225564E+02   0.176242E+11   0.819581E+09   0.725172E+09   0.371955E+13
 0487   0.226216E+02   0.176738E+11   0.760441E+09   0.723853E+09   0.371854E+13
 0488   0.226866E+02   0.177233E+11   0.761153E+09   0.722617E+09   0.371752E+13
 0489   0.227514E+02   0.177726E+11   0.761776E+09   0.721472E+09   0.371648E+13
 0490   0.228158E+02   0.178218E+11   0.762645E+09   0.720302E+09   0.371545E+13
 0491   0.228800E+02   0.178708E+11   0.763245E+09   0.719074E+09   0.371440E+13
 0492   0.229361E+02   0.179168E+11   0.822584E+09   0.725349E+09   0.371345E+13
 0493   0.229998E+02   0.179655E+11   0.762436E+09   0.724346E+09   0.371239E+13
 0494   0.230633E+02   0.180139E+11   0.763295E+09   0.723598E+09   0.371132E+13
 0495   0.231264E+02   0.180622E+11   0.765004E+09   0.723037E+09   0.371024E+13
 0496   0.231893E+02   0.181104E+11   0.766685E+09   0.722724E+09   0.370915E+13
 0497   0.232520E+02   0.181586E+11   0.768639E+09   0.722412E+09   0.370805E+13
 0498   0.233144E+02   0.182067E+11   0.769739E+09   0.722187E+09   0.370694E+13
 0499   0.233767E+02   0.182547E+11   0.770380E+09   0.722026E+09   0.370582E+13
 0500   0.234312E+02   0.182999E+11   0.831350E+09   0.729690E+09   0.370482E+13
 0501   0.234933E+02   0.183479E+11   0.772058E+09   0.730163E+09   0.370368E+13
 0502   0.235553E+02   0.183959E+11   0.774309E+09   0.730539E+09   0.370253E+13
 0503   0.236171E+02   0.184438E+11   0.775569E+09   0.730938E+09   0.370136E+13
 0504   0.236789E+02   0.184918E+11   0.776488E+09   0.731549E+09   0.370019E+13
 0505   0.237406E+02   0.185398E+11   0.778070E+09   0.732035E+09   0.369901E+13
 0506   0.238022E+02   0.185878E+11   0.778647E+09   0.732417E+09   0.369782E+13
 0507   0.238639E+02   0.186358E+11   0.778681E+09   0.732564E+09   0.369662E+13
 0508   0.239254E+02   0.186837E+11   0.778423E+09   0.732596E+09   0.369540E+13
 0509   0.239870E+02   0.187316E+11   0.777938E+09   0.732526E+09   0.369418E+13
 0510   0.240484E+02   0.187794E+11   0.777751E+09   0.732553E+09   0.369295E+13
 0511   0.241096E+02   0.188270E+11   0.778390E+09   0.732644E+09   0.369171E+13
 0512   0.241707E+02   0.188746E+11   0.779497E+09   0.732756E+09   0.369046E+13
 0513   0.242315E+02   0.189221E+11   0.780526E+09   0.732864E+09   0.368920E+13
 0514   0.242921E+02   0.189694E+11   0.781292E+09   0.732920E+09   0.368793E+13
 0515   0.243525E+02   0.190166E+11   0.781612E+09   0.732823E+09   0.368666E+13
 0516   0.244126E+02   0.190636E+11   0.781255E+09   0.732497E+09   0.368538E+13
 0517   0.244726E+02   0.191104E+11   0.780306E+09   0.732136E+09   0.368409E+13
 0518   0.245323E+02   0.191570E+11   0.779738E+09   0.732032E+09   0.368280E+13
 0519   0.245918E+02   0.192034E+11   0.780446E+09   0.732249E+09   0.368149E+13
 0520   0.246509E+02   0.192496E+11   0.782024E+09   0.732947E+09   0.368018E+13
 0521   0.247097E+02   0.192958E+11   0.784502E+09   0.734031E+09   0.367887E+13
 0522   0.247684E+02   0.193419E+11   0.787178E+09   0.735237E+09   0.367754E+13
 0523   0.248269E+02   0.193881E+11   0.789069E+09   0.736463E+09   0.367621E+13
 0524   0.248853E+02   0.194342E+11   0.790123E+09   0.737722E+09   0.367487E+13
 0525   0.249436E+02   0.194804E+11   0.790801E+09   0.738820E+09   0.367351E+13
 0526   0.250019E+02   0.195265E+11   0.790758E+09   0.739666E+09   0.367214E+13
 0527   0.250601E+02   0.195725E+11   0.790179E+09   0.740234E+09   0.367076E+13
 0528   0.251182E+02   0.196184E+11   0.789396E+09   0.740855E+09   0.366938E+13
 0529   0.251761E+02   0.196641E+11   0.789473E+09   0.741568E+09   0.366798E+13
 0530   0.252338E+02   0.197096E+11   0.790294E+09   0.742363E+09   0.366657E+13
 0531   0.252912E+02   0.197551E+11   0.791281E+09   0.743309E+09   0.366516E+13
 0532   0.253484E+02   0.198004E+11   0.792671E+09   0.744234E+09   0.366374E+13
 0533   0.254054E+02   0.198457E+11   0.793515E+09   0.745061E+09   0.366231E+13
 0534   0.254694E+02   0.198933E+11   0.744601E+09   0.738513E+09   0.366070E+13
 0535   0.255262E+02   0.199384E+11   0.793897E+09   0.739714E+09   0.365925E+13
 0536   0.255829E+02   0.199834E+11   0.795028E+09   0.741172E+09   0.365779E+13
 0537   0.256395E+02   0.200285E+11   0.796670E+09   0.742895E+09   0.365632E+13
 0538   0.256959E+02   0.200736E+11   0.798952E+09   0.744789E+09   0.365484E+13
 0539   0.257523E+02   0.201188E+11   0.801276E+09   0.746612E+09   0.365335E+13
 0540   0.258085E+02   0.201639E+11   0.802610E+09   0.748172E+09   0.365185E+13
 0541   0.258646E+02   0.202089E+11   0.802777E+09   0.749794E+09   0.365033E+13
 0542   0.259205E+02   0.202539E+11   0.803369E+09   0.751345E+09   0.364881E+13
 0543   0.259833E+02   0.203012E+11   0.753777E+09   0.745377E+09   0.364710E+13
 0544   0.260390E+02   0.203459E+11   0.803848E+09   0.746992E+09   0.364556E+13
 0545   0.260945E+02   0.203906E+11   0.804759E+09   0.748441E+09   0.364401E+13
 0546   0.261499E+02   0.204352E+11   0.804984E+09   0.749853E+09   0.364245E+13
 0547   0.262051E+02   0.204797E+11   0.805084E+09   0.751176E+09   0.364088E+13
 0548   0.262602E+02   0.205241E+11   0.805158E+09   0.752459E+09   0.363930E+13
 0549   0.263151E+02   0.205683E+11   0.805146E+09   0.753921E+09   0.363771E+13
 0550   0.263767E+02   0.206148E+11   0.756100E+09   0.747853E+09   0.363593E+13
 0551   0.264312E+02   0.206588E+11   0.806577E+09   0.749224E+09   0.363433E+13
 0552   0.264856E+02   0.207026E+11   0.806551E+09   0.750752E+09   0.363272E+13
 0553   0.265397E+02   0.207463E+11   0.807354E+09   0.752369E+09   0.363110E+13
 0554   0.265937E+02   0.207900E+11   0.808380E+09   0.753981E+09   0.362948E+13
 0555   0.266475E+02   0.208335E+11   0.808895E+09   0.755641E+09   0.362785E+13
 0556   0.267079E+02   0.208794E+11   0.759731E+09   0.749840E+09   0.362602E+13
 0557   0.267613E+02   0.209227E+11   0.810409E+09   0.751880E+09   0.362437E+13
 0558   0.268145E+02   0.209659E+11   0.812139E+09   0.754254E+09   0.362272E+13
 0559   0.268676E+02   0.210091E+11   0.814752E+09   0.756810E+09   0.362107E+13
 0560   0.269204E+02   0.210523E+11   0.817370E+09   0.759288E+09   0.361941E+13
 0561   0.269796E+02   0.210978E+11   0.767638E+09   0.754297E+09   0.361754E+13
 0562   0.270322E+02   0.211408E+11   0.819238E+09   0.756950E+09   0.361587E+13
 0563   0.270847E+02   0.211839E+11   0.820440E+09   0.759425E+09   0.361419E+13
 0564   0.271371E+02   0.212269E+11   0.820863E+09   0.761794E+09   0.361250E+13
 0565   0.271960E+02   0.212722E+11   0.769638E+09   0.756379E+09   0.361061E+13
 0566   0.272482E+02   0.213150E+11   0.819920E+09   0.758223E+09   0.360891E+13
 0567   0.273003E+02   0.213577E+11   0.818844E+09   0.759815E+09   0.360720E+13
 0568   0.273523E+02   0.214002E+11   0.817678E+09   0.761542E+09   0.360550E+13
 0569   0.274041E+02   0.214426E+11   0.817756E+09   0.763626E+09   0.360379E+13
 0570   0.274621E+02   0.214871E+11   0.768160E+09   0.758336E+09   0.360187E+13
 0571   0.275134E+02   0.215292E+11   0.820811E+09   0.761014E+09   0.360016E+13
 0572   0.275645E+02   0.215713E+11   0.823636E+09   0.764029E+09   0.359845E+13
 0573   0.276154E+02   0.216134E+11   0.826910E+09   0.767324E+09   0.359674E+13
 0574   0.276725E+02   0.216578E+11   0.777285E+09   0.763186E+09   0.359482E+13
 0575   0.277233E+02   0.217000E+11   0.831067E+09   0.766564E+09   0.359310E+13
 0576   0.277740E+02   0.217422E+11   0.832626E+09   0.769844E+09   0.359137E+13
 0577   0.278310E+02   0.217868E+11   0.781112E+09   0.765193E+09   0.358942E+13
 0578   0.278817E+02   0.218290E+11   0.832356E+09   0.768045E+09   0.358768E+13
 0579   0.279324E+02   0.218712E+11   0.832474E+09   0.770740E+09   0.358593E+13
 0580   0.279893E+02   0.219156E+11   0.780812E+09   0.765947E+09   0.358396E+13
 0581   0.280397E+02   0.219576E+11   0.833214E+09   0.768990E+09   0.358220E+13
 0582   0.280899E+02   0.219996E+11   0.835491E+09   0.772069E+09   0.358045E+13
 0583   0.281463E+02   0.220438E+11   0.785289E+09   0.767260E+09   0.357848E+13
 0584   0.281962E+02   0.220856E+11   0.836863E+09   0.770001E+09   0.357671E+13
 0585   0.282461E+02   0.221273E+11   0.836964E+09   0.772394E+09   0.357495E+13
 0586   0.282958E+02   0.221689E+11   0.836137E+09   0.774704E+09   0.357318E+13
 0587   0.283517E+02   0.222126E+11   0.782653E+09   0.769564E+09   0.357120E+13
 0588   0.284011E+02   0.222539E+11   0.835264E+09   0.772660E+09   0.356943E+13
 0589   0.284502E+02   0.222951E+11   0.838294E+09   0.775999E+09   0.356766E+13
 0590   0.285053E+02   0.223385E+11   0.788666E+09   0.772058E+09   0.356568E+13
 0591   0.285540E+02   0.223796E+11   0.843846E+09   0.775828E+09   0.356392E+13
 0592   0.286026E+02   0.224208E+11   0.846644E+09   0.779639E+09   0.356215E+13
 0593   0.286572E+02   0.224642E+11   0.794589E+09   0.775855E+09   0.356017E+13
 0594   0.287057E+02   0.225053E+11   0.848571E+09   0.779408E+09   0.355839E+13
 0595   0.287601E+02   0.225486E+11   0.795592E+09   0.775064E+09   0.355640E+13
 0596   0.288086E+02   0.225897E+11   0.847199E+09   0.778260E+09   0.355462E+13
 0597   0.288569E+02   0.226306E+11   0.847168E+09   0.781139E+09   0.355283E+13
 0598   0.289112E+02   0.226737E+11   0.793214E+09   0.775972E+09   0.355082E+13
 0599   0.289594E+02   0.227143E+11   0.843896E+09   0.778669E+09   0.354903E+13
 0600   0.290073E+02   0.227548E+11   0.844468E+09   0.781527E+09   0.354724E+13
 0601   0.290609E+02   0.227973E+11   0.792985E+09   0.776813E+09   0.354524E+13
 0602   0.291083E+02   0.228375E+11   0.846504E+09   0.780045E+09   0.354346E+13
 0603   0.291555E+02   0.228775E+11   0.849049E+09   0.783473E+09   0.354169E+13
 0604   0.292082E+02   0.229195E+11   0.797665E+09   0.779650E+09   0.353970E+13
 0605   0.292549E+02   0.229594E+11   0.853361E+09   0.783564E+09   0.353793E+13
 0606   0.293072E+02   0.230013E+11   0.802291E+09   0.780000E+09   0.353595E+13
 0607   0.293536E+02   0.230411E+11   0.856605E+09   0.784453E+09   0.353417E+13
 0608   0.294000E+02   0.230810E+11   0.859832E+09   0.788769E+09   0.353240E+13
 0609   0.294522E+02   0.231231E+11   0.806555E+09   0.785311E+09   0.353041E+13
 0610   0.294985E+02   0.231630E+11   0.861144E+09   0.789287E+09   0.352863E+13
 0611   0.295506E+02   0.232050E+11   0.807327E+09   0.785604E+09   0.352662E+13
 0612   0.295968E+02   0.232448E+11   0.861355E+09   0.789709E+09   0.352484E+13
 0613   0.296487E+02   0.232868E+11   0.809016E+09   0.785956E+09   0.352284E+13
 0614   0.296947E+02   0.233265E+11   0.862928E+09   0.790056E+09   0.352106E+13
 0615   0.297406E+02   0.233662E+11   0.864819E+09   0.794029E+09   0.351928E+13
 0616   0.297921E+02   0.234079E+11   0.810473E+09   0.790278E+09   0.351728E+13
 0617   0.298378E+02   0.234475E+11   0.865437E+09   0.794270E+09   0.351550E+13
 0618   0.298891E+02   0.234891E+11   0.811468E+09   0.790697E+09   0.351351E+13
 0619   0.299346E+02   0.235285E+11   0.866964E+09   0.794773E+09   0.351173E+13
 0620   0.299856E+02   0.235701E+11   0.813640E+09   0.791008E+09   0.350975E+13
 0621   0.300309E+02   0.236094E+11   0.867771E+09   0.795129E+09   0.350798E+13
 0622   0.300817E+02   0.236508E+11   0.815263E+09   0.791307E+09   0.350599E+13
 0623   0.301267E+02   0.236899E+11   0.869013E+09   0.795235E+09   0.350423E+13
 0624   0.301716E+02   0.237290E+11   0.870090E+09   0.799089E+09   0.350247E+13
 0625   0.302219E+02   0.237700E+11   0.815278E+09   0.795465E+09   0.350051E+13
 0626   0.302664E+02   0.238088E+11   0.871868E+09   0.799876E+09   0.349876E+13
 0627   0.303163E+02   0.238496E+11   0.818701E+09   0.796838E+09   0.349681E+13
 0628   0.303605E+02   0.238884E+11   0.876519E+09   0.801749E+09   0.349508E+13
 0629   0.304101E+02   0.239292E+11   0.823490E+09   0.799026E+09   0.349314E+13
 0630   0.304540E+02   0.239679E+11   0.880946E+09   0.804067E+09   0.349141E+13
 0631   0.305034E+02   0.240088E+11   0.826634E+09   0.801471E+09   0.348948E+13
 0632   0.305473E+02   0.240475E+11   0.883849E+09   0.806554E+09   0.348776E+13
 0633   0.305967E+02   0.240884E+11   0.828812E+09   0.803757E+09   0.348583E+13
 0634   0.306405E+02   0.241272E+11   0.885589E+09   0.808607E+09   0.348411E+13
 0635   0.306897E+02   0.241681E+11   0.829645E+09   0.806040E+09   0.348218E+13
 0636   0.307390E+02   0.242091E+11   0.832270E+09   0.803257E+09   0.348026E+13
 0637   0.307827E+02   0.242479E+11   0.888126E+09   0.808275E+09   0.347854E+13
 0638   0.308318E+02   0.242889E+11   0.833799E+09   0.805141E+09   0.347662E+13
 0639   0.308755E+02   0.243277E+11   0.888774E+09   0.809979E+09   0.347492E+13
 0640   0.309244E+02   0.243685E+11   0.834220E+09   0.806904E+09   0.347301E+13
 0641   0.309679E+02   0.244072E+11   0.890126E+09   0.811686E+09   0.347131E+13
 0642   0.310167E+02   0.244480E+11   0.835606E+09   0.808455E+09   0.346941E+13
 0643   0.310599E+02   0.244865E+11   0.891567E+09   0.813139E+09   0.346772E+13
 0644   0.311084E+02   0.245271E+11   0.836632E+09   0.809849E+09   0.346584E+13
 0645   0.311514E+02   0.245655E+11   0.892834E+09   0.814657E+09   0.346417E+13
 0646   0.311996E+02   0.246058E+11   0.837971E+09   0.811704E+09   0.346230E+13
 0647   0.312422E+02   0.246441E+11   0.895759E+09   0.816665E+09   0.346064E+13
 0648   0.312901E+02   0.246843E+11   0.840369E+09   0.813790E+09   0.345879E+13
 0649   0.313326E+02   0.247224E+11   0.898241E+09   0.818634E+09   0.345714E+13
 0650   0.313802E+02   0.247625E+11   0.841588E+09   0.815417E+09   0.345531E+13
 0651   0.314277E+02   0.248025E+11   0.842204E+09   0.811647E+09   0.345348E+13
 0652   0.314698E+02   0.248402E+11   0.895588E+09   0.815913E+09   0.345185E+13
 0653   0.315169E+02   0.248798E+11   0.840171E+09   0.812329E+09   0.345004E+13
 0654   0.315586E+02   0.249171E+11   0.895948E+09   0.817468E+09   0.344844E+13
 0655   0.316051E+02   0.249564E+11   0.843750E+09   0.815337E+09   0.344666E+13
 0656   0.316464E+02   0.249937E+11   0.904323E+09   0.821700E+09   0.344508E+13
 0657   0.316926E+02   0.250331E+11   0.852277E+09   0.820447E+09   0.344331E+13
 0658   0.317336E+02   0.250706E+11   0.913758E+09   0.826859E+09   0.344175E+13
 0659   0.317798E+02   0.251102E+11   0.857034E+09   0.825387E+09   0.343999E+13
 0660   0.318260E+02   0.251498E+11   0.857786E+09   0.823666E+09   0.343824E+13
 0661   0.318672E+02   0.251875E+11   0.915510E+09   0.829711E+09   0.343668E+13
 0662   0.319136E+02   0.252273E+11   0.857669E+09   0.827594E+09   0.343493E+13
 0663   0.319600E+02   0.252672E+11   0.858133E+09   0.825299E+09   0.343318E+13
 0664   0.320013E+02   0.253049E+11   0.915638E+09   0.830894E+09   0.343163E+13
 0665   0.320476E+02   0.253447E+11   0.858808E+09   0.828577E+09   0.342990E+13
 0666   0.320886E+02   0.253824E+11   0.917972E+09   0.834401E+09   0.342836E+13
 0667   0.321347E+02   0.254221E+11   0.861162E+09   0.832439E+09   0.342665E+13
 0668   0.321807E+02   0.254618E+11   0.863804E+09   0.830441E+09   0.342494E+13
 0669   0.322215E+02   0.254995E+11   0.923354E+09   0.836513E+09   0.342343E+13
 0670   0.322673E+02   0.255391E+11   0.866438E+09   0.834367E+09   0.342174E+13
 0671   0.323130E+02   0.255788E+11   0.867200E+09   0.831780E+09   0.342007E+13
 0672   0.323536E+02   0.256163E+11   0.923899E+09   0.837103E+09   0.341858E+13
 0673   0.323991E+02   0.256557E+11   0.865241E+09   0.834458E+09   0.341692E+13
 0674   0.324445E+02   0.256949E+11   0.866312E+09   0.832214E+09   0.341527E+13
 0675   0.324847E+02   0.257322E+11   0.925304E+09   0.838532E+09   0.341381E+13
 0676   0.325297E+02   0.257714E+11   0.871154E+09   0.837080E+09   0.341218E+13
 0677   0.325697E+02   0.258087E+11   0.933180E+09   0.843577E+09   0.341074E+13
 0678   0.326145E+02   0.258479E+11   0.875723E+09   0.842142E+09   0.340914E+13
 0679   0.326593E+02   0.258872E+11   0.877311E+09   0.840677E+09   0.340754E+13
 0680   0.326991E+02   0.259246E+11   0.937690E+09   0.847161E+09   0.340612E+13
 0681   0.327439E+02   0.259639E+11   0.878536E+09   0.845723E+09   0.340453E+13
 0682   0.327886E+02   0.260033E+11   0.879924E+09   0.844070E+09   0.340296E+13
 0683   0.328334E+02   0.260427E+11   0.881133E+09   0.842251E+09   0.340139E+13
 0684   0.328731E+02   0.260800E+11   0.939902E+09   0.848489E+09   0.339999E+13
 0685   0.329177E+02   0.261194E+11   0.881336E+09   0.846587E+09   0.339844E+13
 0686   0.329623E+02   0.261587E+11   0.882481E+09   0.844618E+09   0.339689E+13
 0687   0.330019E+02   0.261960E+11   0.941592E+09   0.850745E+09   0.339552E+13
 0688   0.330463E+02   0.262352E+11   0.883278E+09   0.848842E+09   0.339399E+13
 0689   0.330906E+02   0.262744E+11   0.885131E+09   0.847043E+09   0.339248E+13
 0690   0.331298E+02   0.263115E+11   0.945325E+09   0.853381E+09   0.339113E+13
 0691   0.331739E+02   0.263506E+11   0.887139E+09   0.851515E+09   0.338964E+13
 0692   0.332178E+02   0.263896E+11   0.888604E+09   0.849752E+09   0.338815E+13
 0693   0.332568E+02   0.264266E+11   0.948984E+09   0.856282E+09   0.338683E+13
 0694   0.333005E+02   0.264656E+11   0.890756E+09   0.854698E+09   0.338537E+13
 0695   0.333441E+02   0.265045E+11   0.892622E+09   0.853141E+09   0.338391E+13
 0696   0.333828E+02   0.265414E+11   0.953756E+09   0.859933E+09   0.338262E+13
 0697   0.334263E+02   0.265803E+11   0.895128E+09   0.858672E+09   0.338118E+13
 0698   0.334696E+02   0.266191E+11   0.897050E+09   0.857258E+09   0.337975E+13
 0699   0.335128E+02   0.266580E+11   0.898327E+09   0.855770E+09   0.337833E+13
 0700   0.335512E+02   0.266948E+11   0.958664E+09   0.862645E+09   0.337708E+13
 0701   0.335942E+02   0.267335E+11   0.899718E+09   0.861506E+09   0.337568E+13
 0702   0.336372E+02   0.267722E+11   0.901798E+09   0.860572E+09   0.337428E+13
 0703   0.336753E+02   0.268090E+11   0.965158E+09   0.868207E+09   0.337305E+13
 0704   0.337181E+02   0.268478E+11   0.906916E+09   0.867898E+09   0.337168E+13
 0705   0.337608E+02   0.268867E+11   0.910152E+09   0.867506E+09   0.337031E+13
 0706   0.338035E+02   0.269257E+11   0.912045E+09   0.867153E+09   0.336895E+13
 0707   0.338463E+02   0.269647E+11   0.913670E+09   0.866802E+09   0.336759E+13
 0708   0.338843E+02   0.270019E+11   0.976853E+09   0.874463E+09   0.336639E+13
 0709   0.339272E+02   0.270411E+11   0.915326E+09   0.873704E+09   0.336505E+13
 0710   0.339701E+02   0.270804E+11   0.915619E+09   0.872922E+09   0.336371E+13
 0711   0.340129E+02   0.271197E+11   0.916718E+09   0.872071E+09   0.336237E+13
 0712   0.340511E+02   0.271571E+11   0.979699E+09   0.879662E+09   0.336119E+13
 0713   0.340939E+02   0.271964E+11   0.918934E+09   0.879033E+09   0.335987E+13
 0714   0.341368E+02   0.272359E+11   0.920983E+09   0.878511E+09   0.335856E+13
 0715   0.341796E+02   0.272754E+11   0.923082E+09   0.877969E+09   0.335726E+13
 0716   0.342224E+02   0.273150E+11   0.924841E+09   0.877024E+09   0.335596E+13
 0717   0.342604E+02   0.273525E+11   0.986694E+09   0.884188E+09   0.335481E+13
 0718   0.343031E+02   0.273920E+11   0.923729E+09   0.882915E+09   0.335353E+13
 0719   0.343458E+02   0.274314E+11   0.923776E+09   0.881926E+09   0.335226E+13
 0720   0.343884E+02   0.274708E+11   0.925713E+09   0.880996E+09   0.335100E+13
 0721   0.344262E+02   0.275082E+11   0.989617E+09   0.888449E+09   0.334989E+13
 0722   0.344686E+02   0.275476E+11   0.928411E+09   0.887689E+09   0.334864E+13
 0723   0.345110E+02   0.275870E+11   0.930567E+09   0.887066E+09   0.334741E+13
 0724   0.345532E+02   0.276264E+11   0.932761E+09   0.886213E+09   0.334619E+13
 0725   0.345954E+02   0.276659E+11   0.933663E+09   0.885151E+09   0.334498E+13
 0726   0.346329E+02   0.277032E+11   0.996043E+09   0.892704E+09   0.334390E+13
 0727   0.346750E+02   0.277425E+11   0.934438E+09   0.891867E+09   0.334271E+13
 0728   0.347170E+02   0.277818E+11   0.935894E+09   0.891415E+09   0.334152E+13
 0729   0.347588E+02   0.278211E+11   0.938805E+09   0.891341E+09   0.334035E+13
 0730   0.347960E+02   0.278585E+11   0.100614E+10   0.900062E+09   0.333931E+13
 0731   0.348376E+02   0.278979E+11   0.945666E+09   0.900687E+09   0.333815E+13
 0732   0.348793E+02   0.279374E+11   0.949403E+09   0.901206E+09   0.333700E+13
 0733   0.349209E+02   0.279770E+11   0.951557E+09   0.901448E+09   0.333586E+13
 0734   0.349626E+02   0.280167E+11   0.952175E+09   0.901488E+09   0.333473E+13
 0735   0.350043E+02   0.280564E+11   0.952389E+09   0.901189E+09   0.333360E+13
 0736   0.350461E+02   0.280962E+11   0.952126E+09   0.900941E+09   0.333248E+13
 0737   0.350878E+02   0.281360E+11   0.953195E+09   0.900755E+09   0.333137E+13
 0738   0.351249E+02   0.281738E+11   0.101903E+10   0.909205E+09   0.333038E+13
 0739   0.351666E+02   0.282137E+11   0.956191E+09   0.909381E+09   0.332928E+13
 0740   0.352083E+02   0.282536E+11   0.958886E+09   0.910049E+09   0.332819E+13
 0741   0.352499E+02   0.282937E+11   0.962815E+09   0.910908E+09   0.332711E+13
 0742   0.352916E+02   0.283340E+11   0.966280E+09   0.911490E+09   0.332603E+13
 0743   0.353333E+02   0.283743E+11   0.967920E+09   0.911855E+09   0.332496E+13
 0744   0.353750E+02   0.284148E+11   0.968805E+09   0.911831E+09   0.332390E+13
 0745   0.354122E+02   0.284532E+11   0.103430E+10   0.920235E+09   0.332296E+13
 0746   0.354539E+02   0.284936E+11   0.967759E+09   0.920193E+09   0.332191E+13
 0747   0.354957E+02   0.285341E+11   0.968767E+09   0.920178E+09   0.332086E+13
 0748   0.355375E+02   0.285746E+11   0.970377E+09   0.919989E+09   0.331983E+13
 0749   0.355792E+02   0.286151E+11   0.971498E+09   0.919854E+09   0.331880E+13
 0750   0.356209E+02   0.286557E+11   0.972979E+09   0.919604E+09   0.331778E+13
 0751   0.356625E+02   0.286962E+11   0.974107E+09   0.919420E+09   0.331676E+13
 0752   0.356995E+02   0.287347E+11   0.104108E+10   0.928233E+09   0.331587E+13
 0753   0.357410E+02   0.287753E+11   0.977167E+09   0.928807E+09   0.331487E+13
 0754   0.357824E+02   0.288159E+11   0.980683E+09   0.929592E+09   0.331387E+13
 0755   0.358238E+02   0.288567E+11   0.983906E+09   0.930471E+09   0.331289E+13
 0756   0.358652E+02   0.288975E+11   0.986476E+09   0.931529E+09   0.331191E+13
 0757   0.359067E+02   0.289385E+11   0.988902E+09   0.932817E+09   0.331094E+13
 0758   0.359482E+02   0.289796E+11   0.991459E+09   0.934028E+09   0.330997E+13
 0759   0.359897E+02   0.290209E+11   0.993308E+09   0.935030E+09   0.330901E+13
 0760   0.360314E+02   0.290624E+11   0.994497E+09   0.935766E+09   0.330805E+13
 0761   0.360731E+02   0.291039E+11   0.995354E+09   0.936936E+09   0.330710E+13
 0762   0.361149E+02   0.291455E+11   0.998145E+09   0.938414E+09   0.330615E+13
 0763   0.361566E+02   0.291874E+11   0.100209E+10   0.940247E+09   0.330521E+13
 0764   0.361983E+02   0.292294E+11   0.100639E+10   0.942096E+09   0.330427E+13
 0765   0.362401E+02   0.292716E+11   0.100988E+10   0.943837E+09   0.330334E+13
 0766   0.362820E+02   0.293139E+11   0.101213E+10   0.945387E+09   0.330242E+13
 0767   0.363240E+02   0.293565E+11   0.101310E+10   0.946781E+09   0.330150E+13
 0768   0.363614E+02   0.293970E+11   0.108287E+10   0.957155E+09   0.330069E+13
 0769   0.364037E+02   0.294399E+11   0.101548E+10   0.958373E+09   0.329978E+13
 0770   0.364460E+02   0.294830E+11   0.101649E+10   0.958667E+09   0.329887E+13
 0771   0.364884E+02   0.295260E+11   0.101484E+10   0.959044E+09   0.329797E+13
 0772   0.365308E+02   0.295690E+11   0.101498E+10   0.959954E+09   0.329707E+13
 0773   0.365731E+02   0.296121E+11   0.101818E+10   0.961692E+09   0.329619E+13
 0774   0.366154E+02   0.296554E+11   0.102363E+10   0.963086E+09   0.329531E+13
 0775   0.366577E+02   0.296988E+11   0.102702E+10   0.964291E+09   0.329444E+13
 0776   0.366999E+02   0.297422E+11   0.102873E+10   0.965607E+09   0.329358E+13
 0777   0.367421E+02   0.297858E+11   0.103039E+10   0.967767E+09   0.329272E+13
 0778   0.367845E+02   0.298295E+11   0.103412E+10   0.970403E+09   0.329187E+13
 0779   0.368269E+02   0.298736E+11   0.103888E+10   0.973454E+09   0.329103E+13
 0780   0.368694E+02   0.299180E+11   0.104416E+10   0.976199E+09   0.329019E+13
 0781   0.369121E+02   0.299627E+11   0.104731E+10   0.978943E+09   0.328935E+13
 0782   0.369550E+02   0.300077E+11   0.104939E+10   0.981104E+09   0.328852E+13
 0783   0.369980E+02   0.300529E+11   0.104979E+10   0.983258E+09   0.328769E+13
 0784   0.370412E+02   0.300982E+11   0.105024E+10   0.985333E+09   0.328686E+13
 0785   0.370845E+02   0.301438E+11   0.105193E+10   0.987077E+09   0.328604E+13
 0786   0.371279E+02   0.301895E+11   0.105284E+10   0.988922E+09   0.328523E+13
 0787   0.371714E+02   0.302354E+11   0.105491E+10   0.991388E+09   0.328442E+13
 0788   0.372149E+02   0.302815E+11   0.105968E+10   0.993925E+09   0.328362E+13
 0789   0.372586E+02   0.303279E+11   0.106340E+10   0.996111E+09   0.328282E+13
 0790   0.373023E+02   0.303745E+11   0.106486E+10   0.998107E+09   0.328203E+13
 0791   0.373462E+02   0.304213E+11   0.106593E+10   0.100062E+10   0.328124E+13
 0792   0.373902E+02   0.304683E+11   0.106903E+10   0.100352E+10   0.328046E+13
 0793   0.374391E+02   0.305179E+11   0.101450E+10   0.996637E+09   0.327960E+13
 0794   0.374833E+02   0.305654E+11   0.107478E+10   0.998283E+09   0.327883E+13
 0795   0.375276E+02   0.306130E+11   0.107441E+10   0.100051E+10   0.327806E+13
 0796   0.375719E+02   0.306608E+11   0.107716E+10   0.100423E+10   0.327730E+13
 0797   0.376163E+02   0.307089E+11   0.108473E+10   0.100902E+10   0.327654E+13
 0798   0.376608E+02   0.307576E+11   0.109389E+10   0.101422E+10   0.327578E+13
 0799   0.377056E+02   0.308069E+11   0.110234E+10   0.101983E+10   0.327503E+13
 0800   0.377505E+02   0.308569E+11   0.111046E+10   0.102443E+10   0.327428E+13
 0801   0.377958E+02   0.309072E+11   0.111299E+10   0.102766E+10   0.327354E+13
 0802   0.378464E+02   0.309602E+11   0.104743E+10   0.102189E+10   0.327271E+13
 0803   0.378923E+02   0.310111E+11   0.110771E+10   0.102658E+10   0.327197E+13
 0804   0.379384E+02   0.310624E+11   0.111374E+10   0.103072E+10   0.327123E+13
 0805   0.379847E+02   0.311141E+11   0.111718E+10   0.103424E+10   0.327049E+13
 0806   0.380312E+02   0.311661E+11   0.111783E+10   0.103770E+10   0.326976E+13
 0807   0.380779E+02   0.312185E+11   0.111991E+10   0.104191E+10   0.326904E+13
 0808   0.381249E+02   0.312712E+11   0.112416E+10   0.104681E+10   0.326832E+13
 0809   0.381773E+02   0.313272E+11   0.106734E+10   0.104344E+10   0.326752E+13
 0810   0.382248E+02   0.313813E+11   0.113890E+10   0.105027E+10   0.326681E+13
 0811   0.382726E+02   0.314362E+11   0.115038E+10   0.105594E+10   0.326610E+13
 0812   0.383205E+02   0.314916E+11   0.115477E+10   0.106016E+10   0.326539E+13
 0813   0.383743E+02   0.315501E+11   0.108728E+10   0.105465E+10   0.326461E+13
 0814   0.384229E+02   0.316060E+11   0.115052E+10   0.105948E+10   0.326392E+13
 0815   0.384718E+02   0.316623E+11   0.115274E+10   0.106647E+10   0.326323E+13
 0816   0.385210E+02   0.317196E+11   0.116317E+10   0.107388E+10   0.326254E+13
 0817   0.385760E+02   0.317806E+11   0.110898E+10   0.107196E+10   0.326178E+13
 0818   0.386259E+02   0.318397E+11   0.118368E+10   0.108066E+10   0.326110E+13
 0819   0.386760E+02   0.318996E+11   0.119658E+10   0.108906E+10   0.326043E+13
 0820   0.387321E+02   0.319632E+11   0.113518E+10   0.108804E+10   0.325969E+13
 0821   0.387827E+02   0.320246E+11   0.121101E+10   0.109472E+10   0.325903E+13
 0822   0.388393E+02   0.320891E+11   0.113971E+10   0.109248E+10   0.325830E+13
 0823   0.388907E+02   0.321511E+11   0.120813E+10   0.110277E+10   0.325765E+13
 0824   0.389481E+02   0.322173E+11   0.115214E+10   0.110605E+10   0.325693E+13
 0825   0.390059E+02   0.322850E+11   0.117115E+10   0.110853E+10   0.325622E+13
 0826   0.390584E+02   0.323508E+11   0.125355E+10   0.112009E+10   0.325559E+13
 0827   0.391173E+02   0.324208E+11   0.118915E+10   0.112202E+10   0.325489E+13
 0828   0.391766E+02   0.324917E+11   0.119505E+10   0.112683E+10   0.325419E+13
 0829   0.392364E+02   0.325641E+11   0.120979E+10   0.113338E+10   0.325349E+13
 0830   0.392966E+02   0.326380E+11   0.122788E+10   0.113856E+10   0.325280E+13
 0831   0.393572E+02   0.327130E+11   0.123725E+10   0.114702E+10   0.325212E+13
 0832   0.394183E+02   0.327897E+11   0.125615E+10   0.115358E+10   0.325144E+13
 0833   0.394860E+02   0.328709E+11   0.119854E+10   0.115248E+10   0.325070E+13
 0834   0.395481E+02   0.329499E+11   0.127224E+10   0.116349E+10   0.325003E+13
 0835   0.396108E+02   0.330308E+11   0.129265E+10   0.117614E+10   0.324936E+13
 0836   0.396804E+02   0.331175E+11   0.124408E+10   0.118166E+10   0.324864E+13
 0837   0.397507E+02   0.332066E+11   0.126651E+10   0.119057E+10   0.324792E+13
 0838   0.398218E+02   0.332985E+11   0.129487E+10   0.120085E+10   0.324720E+13
 0839   0.398934E+02   0.333933E+11   0.132289E+10   0.121423E+10   0.324650E+13
 0840   0.399723E+02   0.334951E+11   0.128945E+10   0.121485E+10   0.324574E+13
 0841   0.400456E+02   0.335947E+11   0.135881E+10   0.122985E+10   0.324505E+13
 0842   0.401263E+02   0.337012E+11   0.131999E+10   0.124411E+10   0.324430E+13
 0843   0.402079E+02   0.338127E+11   0.136625E+10   0.126040E+10   0.324357E+13
 0844   0.402904E+02   0.339291E+11   0.141121E+10   0.128057E+10   0.324285E+13
 0845   0.403809E+02   0.340551E+11   0.139366E+10   0.129768E+10   0.324208E+13
 0846   0.404794E+02   0.341917E+11   0.138580E+10   0.131024E+10   0.324127E+13
 0847   0.405794E+02   0.343348E+11   0.143095E+10   0.133191E+10   0.324048E+13
 0848   0.406810E+02   0.344870E+11   0.149760E+10   0.136259E+10   0.323970E+13
 0849   0.407990E+02   0.346600E+11   0.146703E+10   0.138858E+10   0.323883E+13
 0850   0.409190E+02   0.348474E+11   0.156085E+10   0.142244E+10   0.323798E+13
 0851   0.410564E+02   0.350609E+11   0.155455E+10   0.146502E+10   0.323704E+13
 0852   0.412038E+02   0.353053E+11   0.165836E+10   0.153124E+10   0.323608E+13
 0853   0.413786E+02   0.356091E+11   0.173749E+10   0.161304E+10   0.323490E+13
 0854   0.415745E+02   0.359920E+11   0.195465E+10   0.178478E+10   0.321269E+13
 0855   0.418268E+02   0.365991E+11   0.240602E+10   0.272278E+10   0.320944E+13
 0856   0.437240E+02   0.423387E+11   0.302539E+10   0.232688E+10   0.197773E+13
 0857   0.446718E+02   0.453721E+11   0.320020E+10   0.234386E+10   0.194209E+13
 0858   0.463680E+02   0.489273E+11   0.209610E+10   0.228948E+10   0.167620E+13
 0859   0.480353E+02   0.523324E+11   0.204224E+10   0.225686E+10   0.146013E+13
 0860   0.496217E+02   0.556682E+11   0.210272E+10   0.223463E+10   0.128160E+13
 0861   0.511911E+02   0.590067E+11   0.212720E+10   0.221202E+10   0.113228E+13
 0862   0.527595E+02   0.623384E+11   0.212427E+10   0.218924E+10   0.100653E+13
 0863   0.543615E+02   0.656782E+11   0.208482E+10   0.216408E+10   0.899708E+12
 0864   0.559516E+02   0.689782E+11   0.207524E+10   0.214262E+10   0.808451E+12
 0865   0.575255E+02   0.722373E+11   0.207080E+10   0.212478E+10   0.729961E+12
 0866   0.591281E+02   0.754964E+11   0.203360E+10   0.210517E+10   0.661784E+12
 0867   0.607220E+02   0.787213E+11   0.202336E+10   0.208802E+10   0.602381E+12
 0868   0.623173E+02   0.819240E+11   0.200747E+10   0.207174E+10   0.550261E+12
 0869   0.639029E+02   0.850930E+11   0.199869E+10   0.205770E+10   0.504345E+12
 0870   0.655050E+02   0.882527E+11   0.197219E+10   0.204252E+10   0.463592E+12
 0871   0.671174E+02   0.913980E+11   0.195068E+10   0.202690E+10   0.427259E+12
 0872   0.687222E+02   0.945130E+11   0.194115E+10   0.201286E+10   0.394818E+12
 0873   0.703203E+02   0.976002E+11   0.193173E+10   0.200001E+10   0.365745E+12
 0874   0.718854E+02   0.100638E+12   0.194090E+10   0.199114E+10   0.339675E+12
 0875   0.734930E+02   0.103690E+12   0.189840E+10   0.197804E+10   0.315969E+12
 0876   0.750787E+02   0.106701E+12   0.189898E+10   0.196761E+10   0.294546E+12
 0877   0.766920E+02   0.109717E+12   0.186923E+10   0.195426E+10   0.274977E+12
 0878   0.782815E+02   0.112692E+12   0.187172E+10   0.194366E+10   0.257195E+12
 0879   0.798373E+02   0.115619E+12   0.188186E+10   0.193650E+10   0.241025E+12
 0880   0.814227E+02   0.118554E+12   0.185088E+10   0.192604E+10   0.226125E+12
 0881   0.829688E+02   0.121436E+12   0.186434E+10   0.191974E+10   0.212512E+12
 0882   0.845643E+02   0.124341E+12   0.182053E+10   0.190814E+10   0.199883E+12
 0883   0.861033E+02   0.127182E+12   0.184626E+10   0.190206E+10   0.188328E+12
 0884   0.876950E+02   0.130050E+12   0.180133E+10   0.189029E+10   0.177555E+12
 0885   0.892296E+02   0.132852E+12   0.182632E+10   0.188421E+10   0.167669E+12
 0886   0.907592E+02   0.135635E+12   0.181894E+10   0.187825E+10   0.158489E+12
 0887   0.922865E+02   0.138398E+12   0.180949E+10   0.187227E+10   0.149947E+12
 0888   0.938681E+02   0.141189E+12   0.176437E+10   0.186026E+10   0.141940E+12
 0889   0.953843E+02   0.143910E+12   0.179501E+10   0.185468E+10   0.134533E+12
 0890   0.968987E+02   0.146615E+12   0.178611E+10   0.184877E+10   0.127610E+12
 0891   0.984085E+02   0.149301E+12   0.177874E+10   0.184287E+10   0.121138E+12
 0892   0.999187E+02   0.151971E+12   0.176816E+10   0.183650E+10   0.115075E+12
 0893   0.101425E+03   0.154623E+12   0.176130E+10   0.182996E+10   0.109392E+12
 0894   0.102930E+03   0.157260E+12   0.175118E+10   0.182298E+10   0.104057E+12
 0895   0.104433E+03   0.159880E+12   0.174333E+10   0.181570E+10   0.990441E+11
 0896   0.105876E+03   0.162438E+12   0.177342E+10   0.181421E+10   0.943621E+11
 0897   0.107371E+03   0.165024E+12   0.172911E+10   0.180653E+10   0.899302E+11
 0898   0.108805E+03   0.167548E+12   0.176011E+10   0.180469E+10   0.857712E+11
 0899   0.110294E+03   0.170100E+12   0.171420E+10   0.179647E+10   0.818394E+11
 0900   0.111721E+03   0.172591E+12   0.174599E+10   0.179409E+10   0.781358E+11
 0901   0.113200E+03   0.175110E+12   0.170197E+10   0.178551E+10   0.746349E+11
 0902   0.114618E+03   0.177567E+12   0.173280E+10   0.178277E+10   0.713283E+11
 0903   0.116035E+03   0.180010E+12   0.172440E+10   0.177950E+10   0.681968E+11
 0904   0.117503E+03   0.182479E+12   0.168192E+10   0.177025E+10   0.652395E+11
 0905   0.118912E+03   0.184889E+12   0.171082E+10   0.176655E+10   0.624335E+11
 0906   0.120318E+03   0.187285E+12   0.170365E+10   0.176244E+10   0.597727E+11
 0907   0.121720E+03   0.189665E+12   0.169738E+10   0.175808E+10   0.572486E+11
 0908   0.123120E+03   0.192031E+12   0.169007E+10   0.175327E+10   0.548533E+11
 0909   0.124516E+03   0.194382E+12   0.168388E+10   0.174807E+10   0.525784E+11
 0910   0.125851E+03   0.196674E+12   0.171723E+10   0.174876E+10   0.504035E+11
 0911   0.127241E+03   0.198995E+12   0.167079E+10   0.174285E+10   0.483494E+11
 0912   0.128624E+03   0.201301E+12   0.166635E+10   0.173679E+10   0.463949E+11
 0913   0.129952E+03   0.203553E+12   0.169538E+10   0.173596E+10   0.445204E+11
 0914   0.131332E+03   0.205832E+12   0.165191E+10   0.172878E+10   0.427510E+11
 0915   0.132655E+03   0.208057E+12   0.168201E+10   0.172704E+10   0.410498E+11
 0916   0.133975E+03   0.210268E+12   0.167556E+10   0.172481E+10   0.394274E+11
 0917   0.135292E+03   0.212467E+12   0.166883E+10   0.172214E+10   0.378801E+11
 0918   0.136607E+03   0.214653E+12   0.166203E+10   0.171884E+10   0.364040E+11
 0919   0.137918E+03   0.216824E+12   0.165649E+10   0.171530E+10   0.349946E+11
 0920   0.139230E+03   0.218985E+12   0.164797E+10   0.171094E+10   0.336503E+11
 0921   0.140538E+03   0.221133E+12   0.164169E+10   0.170612E+10   0.323663E+11
 0922   0.141792E+03   0.223230E+12   0.167217E+10   0.170646E+10   0.311183E+11
 0923   0.143095E+03   0.225353E+12   0.162908E+10   0.170067E+10   0.299460E+11
 0924   0.144346E+03   0.227426E+12   0.165798E+10   0.169990E+10   0.288041E+11
 0925   0.145646E+03   0.229526E+12   0.161461E+10   0.169272E+10   0.277343E+11
 0926   0.146894E+03   0.231577E+12   0.164370E+10   0.169070E+10   0.266891E+11
 0927   0.148137E+03   0.233614E+12   0.163840E+10   0.168832E+10   0.256876E+11
 0928   0.149381E+03   0.235642E+12   0.163049E+10   0.168505E+10   0.247299E+11
 0929   0.150620E+03   0.237656E+12   0.162596E+10   0.168157E+10   0.238117E+11
 0930   0.151807E+03   0.239623E+12   0.165705E+10   0.168318E+10   0.229097E+11
 0931   0.153043E+03   0.241616E+12   0.161181E+10   0.167831E+10   0.220677E+11
 0932   0.154226E+03   0.243561E+12   0.164436E+10   0.167873E+10   0.212390E+11
 0933   0.155460E+03   0.245533E+12   0.159788E+10   0.167241E+10   0.204665E+11
 0934   0.156638E+03   0.247455E+12   0.163183E+10   0.167179E+10   0.197029E+11
 0935   0.157816E+03   0.249368E+12   0.162340E+10   0.167027E+10   0.189715E+11
 0936   0.158989E+03   0.251268E+12   0.161990E+10   0.166861E+10   0.182682E+11
 0937   0.160164E+03   0.253160E+12   0.161019E+10   0.166580E+10   0.175946E+11
 0938   0.161334E+03   0.255039E+12   0.160614E+10   0.166280E+10   0.169466E+11
 0939   0.162506E+03   0.256911E+12   0.159733E+10   0.165870E+10   0.163261E+11
 0940   0.163674E+03   0.258771E+12   0.159226E+10   0.165420E+10   0.157302E+11
 0941   0.164789E+03   0.260584E+12   0.162636E+10   0.165525E+10   0.151358E+11
 0942   0.165957E+03   0.262426E+12   0.157780E+10   0.164908E+10   0.145881E+11
 0943   0.167069E+03   0.264219E+12   0.161280E+10   0.164882E+10   0.140389E+11
 0944   0.168181E+03   0.266004E+12   0.160508E+10   0.164768E+10   0.135122E+11
 0945   0.169292E+03   0.267780E+12   0.159740E+10   0.164575E+10   0.130065E+11
 0946   0.170401E+03   0.269546E+12   0.159289E+10   0.164339E+10   0.125196E+11
 0947   0.171512E+03   0.271305E+12   0.158299E+10   0.163979E+10   0.120535E+11
 0948   0.172618E+03   0.273051E+12   0.157962E+10   0.163599E+10   0.116045E+11
 0949   0.173672E+03   0.274753E+12   0.161409E+10   0.163774E+10   0.111514E+11
 0950   0.174778E+03   0.276484E+12   0.156484E+10   0.163219E+10   0.107379E+11
 0951   0.175828E+03   0.278166E+12   0.160269E+10   0.163283E+10   0.103175E+11
 0952   0.176880E+03   0.279843E+12   0.159342E+10   0.163232E+10   0.991480E+10
 0953   0.177929E+03   0.281509E+12   0.158837E+10   0.163136E+10   0.952678E+10
 0954   0.178977E+03   0.283167E+12   0.158159E+10   0.162959E+10   0.915340E+10
 0955   0.180026E+03   0.284818E+12   0.157344E+10   0.162685E+10   0.879464E+10
 0956   0.181074E+03   0.286460E+12   0.156748E+10   0.162347E+10   0.844941E+10
 0957   0.182120E+03   0.288093E+12   0.156160E+10   0.161931E+10   0.811775E+10
 0958   0.183115E+03   0.289683E+12   0.159748E+10   0.162102E+10   0.777840E+10
 0959   0.184109E+03   0.291264E+12   0.159131E+10   0.162206E+10   0.745268E+10
 0960   0.185151E+03   0.292873E+12   0.154243E+10   0.161568E+10   0.715656E+10
 0961   0.186146E+03   0.294440E+12   0.157558E+10   0.161480E+10   0.685448E+10
 0962   0.187137E+03   0.295997E+12   0.157172E+10   0.161367E+10   0.656255E+10
 0963   0.188126E+03   0.297546E+12   0.156600E+10   0.161175E+10   0.628125E+10
 0964   0.189119E+03   0.299091E+12   0.155533E+10   0.160841E+10   0.601242E+10
 0965   0.190056E+03   0.300589E+12   0.159883E+10   0.161197E+10   0.573367E+10
 0966   0.191044E+03   0.302115E+12   0.154546E+10   0.160757E+10   0.548241E+10
 0967   0.191983E+03   0.303601E+12   0.158200E+10   0.160900E+10   0.522508E+10
 0968   0.192971E+03   0.305114E+12   0.153084E+10   0.160278E+10   0.499311E+10
 0969   0.193906E+03   0.306583E+12   0.157184E+10   0.160313E+10   0.475186E+10
 0970   0.194843E+03   0.308047E+12   0.156209E+10   0.160224E+10   0.452070E+10
 0971   0.195778E+03   0.309502E+12   0.155629E+10   0.160073E+10   0.429758E+10
 0972   0.196712E+03   0.310950E+12   0.155098E+10   0.159858E+10   0.408211E+10
 0973   0.197645E+03   0.312391E+12   0.154403E+10   0.159549E+10   0.387489E+10
 0974   0.198527E+03   0.313790E+12   0.158565E+10   0.159888E+10   0.365928E+10
 0975   0.199461E+03   0.315218E+12   0.152999E+10   0.159407E+10   0.346655E+10
 0976   0.200339E+03   0.316602E+12   0.157468E+10   0.159627E+10   0.326521E+10
 0977   0.201271E+03   0.318016E+12   0.151779E+10   0.158978E+10   0.308650E+10
 0978   0.202151E+03   0.319388E+12   0.155815E+10   0.158996E+10   0.289905E+10
 0979   0.203029E+03   0.320751E+12   0.155377E+10   0.158971E+10   0.271778E+10
 0980   0.203905E+03   0.322108E+12   0.154918E+10   0.158884E+10   0.254247E+10
 0981   0.204784E+03   0.323460E+12   0.153854E+10   0.158650E+10   0.237450E+10
 0982   0.205661E+03   0.324805E+12   0.153339E+10   0.158362E+10   0.221234E+10
 0983   0.206534E+03   0.326141E+12   0.153019E+10   0.158036E+10   0.205550E+10
 0984   0.207357E+03   0.327437E+12   0.157366E+10   0.158387E+10   0.188864E+10
 0985   0.208234E+03   0.328764E+12   0.151323E+10   0.157822E+10   0.174423E+10
 0986   0.209056E+03   0.330046E+12   0.155980E+10   0.158017E+10   0.158871E+10
 0987   0.209876E+03   0.331322E+12   0.155590E+10   0.158156E+10   0.143888E+10
 0988   0.210750E+03   0.332630E+12   0.149587E+10   0.157342E+10   0.130999E+10
 0989   0.211574E+03   0.333896E+12   0.153760E+10   0.157242E+10   0.117123E+10
 0990   0.212394E+03   0.335155E+12   0.153420E+10   0.157111E+10   0.103670E+10
 0991   0.213162E+03   0.336371E+12   0.158496E+10   0.157737E+10   0.891872E+09
 0992   0.213983E+03   0.337619E+12   0.151990E+10   0.157408E+10   0.766779E+09
 0993   0.214804E+03   0.338861E+12   0.151268E+10   0.156976E+10   0.647096E+09
 0994   0.215572E+03   0.340061E+12   0.156264E+10   0.157332E+10   0.517232E+09
 0995   0.216390E+03   0.341290E+12   0.150286E+10   0.156774E+10   0.405267E+09
 0996   0.217158E+03   0.342480E+12   0.154878E+10   0.156951E+10   0.283966E+09
 0997   0.217926E+03   0.343664E+12   0.154142E+10   0.157035E+10   0.163504E+09
 0998   0.218693E+03   0.344842E+12   0.153521E+10   0.157053E+10   0.293086E+05
 0999   0.219459E+03   0.346015E+12   0.153164E+10   0.158098E+10   0.990478E+04
