 0001  0.1212533063336112E-002
 0002  0.1212533063336112E-002
 0003  0.1234754907339955E-002
 0004  0.1234754907339955E-002
 0005  0.1234754907339955E-002
 0006  0.1259495746630645E-002
 0007  0.1259495746630645E-002
 0008  0.1259495746630645E-002
 0009  0.1286900909300482E-002
 0010  0.1286900909300482E-002
 0011  0.1286900909300482E-002
 0012  0.1313977845768266E-002
 0013  0.1313977845768266E-002
 0014  0.1313977845768266E-002
 0015  0.1344081130118254E-002
 0016  0.1344081130118254E-002
 0017  0.1344081130118254E-002
 0018  0.1373876330909822E-002
 0019  0.1373876330909822E-002
 0020  0.1406362029444441E-002
 0021  0.1406362029444440E-002
 0022  0.1406362029444440E-002
 0023  0.1442142808301792E-002
 0024  0.1442142808301792E-002
 0025  0.1442142808301792E-002
 0026  0.1477655500128705E-002
 0027  0.1477655500128705E-002
 0028  0.1516333799172940E-002
 0029  0.1516333799172940E-002
 0030  0.1558246610102545E-002
 0031  0.1558246610102545E-002
 0032  0.1558246610102545E-002
 0033  0.1599963473590156E-002
 0034  0.1599963473590157E-002
 0035  0.1644982864876099E-002
 0036  0.1644982864876099E-002
 0037  0.1688956820813761E-002
 0038  0.1688956820813761E-002
 0039  0.1736665785109102E-002
 0040  0.1736665785109103E-002
 0041  0.1788206121293931E-002
 0042  0.1788206121293931E-002
 0043  0.1838549593465925E-002
 0044  0.1838549593465924E-002
 0045  0.1893228888188026E-002
 0046  0.1893228888188026E-002
 0047  0.1951889244142012E-002
 0048  0.1951889244142012E-002
 0049  0.2009187395767923E-002
 0050  0.2069337031978870E-002
 0051  0.2069337031978870E-002
 0052  0.2134053299352491E-002
 0053  0.2134053299352491E-002
 0054  0.2203416151136569E-002
 0055  0.2203416151136570E-002
 0056  0.2271168266412639E-002
 0057  0.2341824560591997E-002
 0058  0.2341824560591997E-002
 0059  0.2417665128570410E-002
 0060  0.2417665128570410E-002
 0061  0.2491744535228478E-002
 0062  0.2568316135868938E-002
 0063  0.2568316135868938E-002
 0064  0.2650237388751896E-002
 0065  0.2734140368262635E-002
 0066  0.2734140368262635E-002
 0067  0.2816094962020010E-002
 0068  0.2816094962020010E-002
 0069  0.2904210634858723E-002
 0070  0.2994292290403132E-002
 0071  0.2994292290403132E-002
 0072  0.3090695079690656E-002
 0073  0.3180299572077359E-002
 0074  0.3180299572077359E-002
 0075  0.3276774607726902E-002
 0076  0.3374544978470099E-002
 0077  0.3473074283877820E-002
 0078  0.3473074283877820E-002
 0079  0.3577353848302608E-002
 0080  0.3681163913501286E-002
 0081  0.3681163913501286E-002
 0082  0.3782563312794323E-002
 0083  0.3884039197331301E-002
 0084  0.3985228194000222E-002
 0085  0.3985228194000222E-002
 0086  0.4092384301453895E-002
 0087  0.4198142068924950E-002
 0088  0.4307362687628589E-002
 0089  0.4307362687628589E-002
 0090  0.4418797879561973E-002
 0091  0.4524746885843346E-002
 0092  0.4625955571731186E-002
 0093  0.4723050458374804E-002
 0094  0.4816563607803707E-002
 0095  0.4816563607803708E-002
 0096  0.4914638909211589E-002
 0097  0.5009262286331213E-002
 0098  0.5100916760900098E-002
 0099  0.5190346269830151E-002
 0100  0.5360783159201928E-002
 0101  0.5441760058719370E-002
 0102  0.5520868713034082E-002
 0103  0.5598199296266649E-002
 0104  0.5673837298377519E-002
 0105  0.5747864031358299E-002
 0106  0.5820357244091642E-002
 0107  0.5891646024419662E-002
 0108  0.5961745551666713E-002
 0109  0.6034758403044084E-002
 0110  0.6105982371588961E-002
 0111  0.6238070370278495E-002
 0112  0.6299675825681184E-002
 0113  0.6360649209212269E-002
 0114  0.6421011301848958E-002
 0115  0.6480784797551294E-002
 0116  0.6539994135048242E-002
 0117  0.6598665908509858E-002
 0118  0.6660353044949215E-002
 0119  0.6721064953694354E-002
 0120  0.6836170277363517E-002
 0121  0.6891004044966210E-002
 0122  0.6945665453470187E-002
 0123  0.7000179114956036E-002
 0124  0.7054590604321620E-002
 0125  0.7112629177915594E-002
 0126  0.7170446291060000E-002
 0127  0.7228100083500269E-002
 0128  0.7285675316768226E-002
 0129  0.7343255844558231E-002
 0130  0.7454709021153812E-002
 0131  0.7509357582397877E-002
 0132  0.7569272668864954E-002
 0133  0.7629899309573218E-002
 0134  0.7691403920734541E-002
 0135  0.7753973556049242E-002
 0136  0.7817876744128633E-002
 0137  0.7886897630917683E-002
 0138  0.8068810657244126E-002
 0139  0.8194860043822468E-002
 0140  0.8348752638947046E-002
 0141  0.8546687318526602E-002
 0142  0.8793803771005441E-002
 0143  0.9096065380273105E-002
 0144  0.9459056438628233E-002
 0145  0.9979242064635682E-002
 0146  0.1122335702858962E-001
 0147  0.1194535051883256E-001
 0148  0.1274620365062754E-001
 0149  0.1362367007555416E-001
 0150  0.1457485526853829E-001
 0151  0.1572280596099063E-001
 0152  0.1692666321066429E-001
 0153  0.1940580761216166E-001
 0154  0.2067529855866913E-001
 0155  0.2198473798744057E-001
 0156  0.2342342781537992E-001
 0157  0.2487878004424199E-001
 0158  0.2634760354329720E-001
 0159  0.2782587145422216E-001
 0160  0.3071156648583121E-001
 0161  0.3218075561859540E-001
 0162  0.3363962035485159E-001
 0163  0.3508578137663394E-001
 0164  0.3651696413546843E-001
 0165  0.3793056329633901E-001
 0166  0.3932462223221942E-001
 0167  0.4204939713963223E-001
 0168  0.4333256595563893E-001
 0169  0.4458757583001983E-001
 0170  0.4581339864885825E-001
 0171  0.4703126408666170E-001
 0172  0.4821274156483596E-001
 0173  0.5040848877153471E-001
 0174  0.5142555280894098E-001
 0175  0.5241722668770446E-001
 0176  0.5337239812944658E-001
 0177  0.5429005453192680E-001
 0178  0.5517051203489537E-001
 0179  0.5677999278859192E-001
 0180  0.5751125016028378E-001
 0181  0.5820839369375481E-001
 0182  0.5887091143514243E-001
 0183  0.5949269901079402E-001
 0184  0.6008096863341410E-001
 0185  0.6113241784857944E-001
 0186  0.6159969496401941E-001
 0187  0.6202594474237350E-001
 0188  0.6242356357742937E-001
 0189  0.6279328218990529E-001
 0190  0.6342277148524286E-001
 0191  0.6368591830433037E-001
 0192  0.6392523132739651E-001
 0193  0.6414140796694608E-001
 0194  0.6432011969131944E-001
 0195  0.6460763616024548E-001
 0196  0.6471841319076013E-001
 0197  0.6479570587511288E-001
 0198  0.6485541606130792E-001
 0199  0.6489814710075890E-001
 0200  0.6491884567661571E-001
 0201  0.6489936199526165E-001
 0202  0.6486612245787336E-001
 0203  0.6480507212497667E-001
 0204  0.6465048345024592E-001
 0205  0.6455791986572081E-001
 0206  0.6444097981773471E-001
 0207  0.6431456243335168E-001
 0208  0.6417879446508598E-001
 0209  0.6386167668576570E-001
 0210  0.6369486986729524E-001
 0211  0.6352079885109219E-001
 0212  0.6332757199995208E-001
 0213  0.6293131858177252E-001
 0214  0.6271731166880881E-001
 0215  0.6249867298766072E-001
 0216  0.6227548926962208E-001
 0217  0.6180430917793147E-001
 0218  0.6156800726755061E-001
 0219  0.6131838854962621E-001
 0220  0.6106626562134669E-001
 0221  0.6055491319898037E-001
 0222  0.6029636930490770E-001
 0223  0.6003611067660775E-001
 0224  0.5976551209572584E-001
 0225  0.5922285939565399E-001
 0226  0.5895127435342816E-001
 0227  0.5867917629229162E-001
 0228  0.5812824437577469E-001
 0229  0.5785748691367221E-001
 0230  0.5757952955595248E-001
 0231  0.5730197011718790E-001
 0232  0.5674435358189346E-001
 0233  0.5647127964787913E-001
 0234  0.5619259055091828E-001
 0235  0.5564142938923902E-001
 0236  0.5536906167183635E-001
 0237  0.5509227450891198E-001
 0238  0.5481690296193990E-001
 0239  0.5427401896378684E-001
 0240  0.5400651402297291E-001
 0241  0.5373556669554099E-001
 0242  0.5320259708359382E-001
 0243  0.5294054083279097E-001
 0244  0.5267582987966504E-001
 0245  0.5215594381965453E-001
 0246  0.5190070932198054E-001
 0247  0.5164343106203644E-001
 0248  0.5113877268365054E-001
 0249  0.5089131404798485E-001
 0250  0.5064232032732846E-001
 0251  0.5015439128239334E-001
 0252  0.4991535378552339E-001
 0253  0.4967518430586366E-001
 0254  0.4920488513481564E-001
 0255  0.4897186497369912E-001
 0256  0.4851582689635225E-001
 0257  0.4829269827532727E-001
 0258  0.4806902884204647E-001
 0259  0.4762913702572504E-001
 0260  0.4741295753697246E-001
 0261  0.4719879237103670E-001
 0262  0.4677578808144708E-001
 0263  0.4656909325533498E-001
 0264  0.4616114963554903E-001
 0265  0.4596184033219963E-001
 0266  0.4576262696608151E-001
 0267  0.4537166663325237E-001
 0268  0.4517990716248903E-001
 0269  0.4480216341506861E-001
 0270  0.4461770798199430E-001
 0271  0.4425447935159640E-001
 0272  0.4407576945935442E-001
 0273  0.4389882940392685E-001
 0274  0.4355070271844547E-001
 0275  0.4337955535864024E-001
 0276  0.4304307950049939E-001
 0277  0.4287883457878691E-001
 0278  0.4255594739419716E-001
 0279  0.4239732064715227E-001
 0280  0.4208564254099382E-001
 0281  0.4193259523449046E-001
 0282  0.4163200324477461E-001
 0283  0.4148445352945945E-001
 0284  0.4119476856956586E-001
 0285  0.4105263753949793E-001
 0286  0.4077372200738680E-001
 0287  0.4063693192609721E-001
 0288  0.4036859226189270E-001
 0289  0.4023702983118739E-001
 0290  0.3997849255169930E-001
 0291  0.3985152811030138E-001
 0292  0.3960264439924931E-001
 0293  0.3948070019430143E-001
 0294  0.3924083710166934E-001
 0295  0.3900867912749069E-001
 0296  0.3889476934189247E-001
 0297  0.3867122069631525E-001
 0298  0.3856156714624690E-001
 0299  0.3834611248702267E-001
 0300  0.3813737923925068E-001
 0301  0.3803489145171292E-001
 0302  0.3783387144358926E-001
 0303  0.3773507673147691E-001
 0304  0.3754134240301030E-001
 0305  0.3735331342145606E-001
 0306  0.3726095331195233E-001
 0307  0.3707950138947038E-001
 0308  0.3690349131144745E-001
 0309  0.3681707295730522E-001
 0310  0.3664735432903734E-001
 0311  0.3648263287574209E-001
 0312  0.3640171490564925E-001
 0313  0.3624272542162811E-001
 0314  0.3608824916164553E-001
 0315  0.3593818451540370E-001
 0316  0.3586441063724519E-001
 0317  0.3571935607178963E-001
 0318  0.3557843799721813E-001
 0319  0.3544147977348361E-001
 0320  0.3537409308718722E-001
 0321  0.3524161826943979E-001
 0322  0.3511277540851702E-001
 0323  0.3498739708749476E-001
 0324  0.3486538569738953E-001
 0325  0.3474661203407636E-001
 0326  0.3468814772184736E-001
 0327  0.3457307116950515E-001
 0328  0.3446101258738229E-001
 0329  0.3435183535712279E-001
 0330  0.3424545737190252E-001
 0331  0.3414177608702954E-001
 0332  0.3404071458242720E-001
 0333  0.3394217117266912E-001
 0334  0.3384606379158324E-001
 0335  0.3375230406915526E-001
 0336  0.3366106128660363E-001
 0337  0.3357257138508841E-001
 0338  0.3348672143887318E-001
 0339  0.3340340435373818E-001
 0340  0.3332251850603492E-001
 0341  0.3324396740767606E-001
 0342  0.3316765939494559E-001
 0343  0.3309350733920684E-001
 0344  0.3302142837775823E-001
 0345  0.3295134366324389E-001
 0346  0.3285014659667510E-001
 0347  0.3278518104890127E-001
 0348  0.3272194142204291E-001
 0349  0.3266036533086834E-001
 0350  0.3260039323721434E-001
 0351  0.3251361160972103E-001
 0352  0.3245778283225996E-001
 0353  0.3240335385924914E-001
 0354  0.3232449112567329E-001
 0355  0.3227369221660755E-001
 0356  0.3222412110017454E-001
 0357  0.3215221069608803E-001
 0358  0.3210583548723259E-001
 0359  0.3203850448313753E-001
 0360  0.3199504658112966E-001
 0361  0.3193190075428453E-001
 0362  0.3189111215128483E-001
 0363  0.3183180004476532E-001
 0364  0.3179345931127680E-001
 0365  0.3173766668774575E-001
 0366  0.3168397944669767E-001
 0367  0.3164923459158061E-001
 0368  0.3159861804680474E-001
 0369  0.3154984511459732E-001
 0370  0.3150282445383037E-001
 0371  0.3145747051955784E-001
 0372  0.3141370311668787E-001
 0373  0.3137144699385810E-001
 0374  0.3133063147338358E-001
 0375  0.3129119011362222E-001
 0376  0.3125306040051680E-001
 0377  0.3121618346543657E-001
 0378  0.3118050382675834E-001
 0379  0.3114596915290663E-001
 0380  0.3110169860843392E-001
 0381  0.3106976321465602E-001
 0382  0.3103881307885683E-001
 0383  0.3099907880481170E-001
 0384  0.3096106397459396E-001
 0385  0.3093358593113172E-001
 0386  0.3089825533311834E-001
 0387  0.3086439541171052E-001
 0388  0.3083192549659710E-001
 0389  0.3080077057965592E-001
 0390  0.3077086083052805E-001
 0391  0.3074213116079296E-001
 0392  0.3071452083117720E-001
 0393  0.3068797309694315E-001
 0394  0.3065624058444920E-001
 0395  0.3062606059386620E-001
 0396  0.3060294666604575E-001
 0397  0.3057526805640276E-001
 0398  0.3054889166089086E-001
 0399  0.3052373970040816E-001
 0400  0.3049509916685281E-001
 0401  0.3047243748221502E-001
 0402  0.3044659516198219E-001
 0403  0.3042215429999429E-001
 0404  0.3039902081976327E-001
 0405  0.3037358836206346E-001
 0406  0.3034972795627932E-001
 0407  0.3032732156316880E-001
 0408  0.3030626213712331E-001
 0409  0.3028373295149707E-001
 0410  0.3026272980834192E-001
 0411  0.3024078500538554E-001
 0412  0.3021833091501391E-001
 0413  0.3019772685800665E-001
 0414  0.3017879685581431E-001
 0415  0.3015808909108542E-001
 0416  0.3013788918200482E-001
 0417  0.3011975519462566E-001
 0418  0.3009994506505830E-001
 0419  0.3008155558457990E-001
 0420  0.3006293252387365E-001
 0421  0.3004491705405687E-001
 0422  0.3002701861504489E-001
 0423  0.3000914436522022E-001
 0424  0.2999168667352019E-001
 0425  0.2998037498642323E-001
 0426  0.2998037498642323E-001
 0427  0.2998037498642323E-001
 0428  0.2998037498642323E-001
 0429  0.2998037498642323E-001
 0430  0.2998037498642323E-001
 0431  0.2998037498642323E-001
 0432  0.2998037498642323E-001
 0433  0.2998037498642323E-001
 0434  0.2998037498642323E-001
 0435  0.2998037498642323E-001
 0436  0.2998037498642323E-001
 0437  0.2998037498642323E-001
 0438  0.2998037498642323E-001
 0439  0.2998037498642323E-001
 0440  0.2998037498642323E-001
 0441  0.2998037498642323E-001
 0442  0.2998037498642323E-001
 0443  0.2998037498642323E-001
 0444  0.2998037498642323E-001
 0445  0.2998037498642323E-001
 0446  0.2998037498642323E-001
 0447  0.2998037498642323E-001
 0448  0.2998037498642323E-001
 0449  0.2998037498642323E-001
 0450  0.2998037498642323E-001
 0451  0.2998037498642323E-001
 0452  0.2998037498642323E-001
 0453  0.2998037498642323E-001
 0454  0.2998037498642323E-001
 0455  0.2998037498642323E-001
 0456  0.2998037498642323E-001
 0457  0.2998037498642323E-001
 0458  0.2998037498642323E-001
 0459  0.2998037498642323E-001
 0460  0.2998037498642323E-001
 0461  0.2998037498642323E-001
 0462  0.2998037498642323E-001
 0463  0.2998037498642323E-001
 0464  0.2998037498642323E-001
 0465  0.2998037498642323E-001
 0466  0.2998037498642323E-001
 0467  0.2998037498642323E-001
 0468  0.2998037498642323E-001
 0469  0.2998037498642323E-001
 0470  0.2998037498642323E-001
 0471  0.2998037498642323E-001
 0472  0.2998037498642323E-001
 0473  0.2998037498642323E-001
 0474  0.2998037498642323E-001
 0475  0.2998037498642323E-001
 0476  0.2998037498642323E-001
 0477  0.2998037498642323E-001
 0478  0.2998037498642323E-001
 0479  0.2998037498642323E-001
 0480  0.2998037498642323E-001
 0481  0.2998037498642323E-001
 0482  0.2998037498642323E-001
 0483  0.2998037498642323E-001
 0484  0.2998037498642323E-001
 0485  0.2998037498642323E-001
 0486  0.2998037498642323E-001
 0487  0.2998037498642323E-001
 0488  0.2998037498642323E-001
 0489  0.2998037498642323E-001
 0490  0.2998037498642323E-001
 0491  0.2998037498642323E-001
 0492  0.2998037498642323E-001
 0493  0.2998037498642323E-001
 0494  0.2998037498642323E-001
 0495  0.2998037498642323E-001
 0496  0.2998037498642323E-001
 0497  0.2998037498642323E-001
 0498  0.2998037498642323E-001
 0499  0.2998037498642323E-001
 0500  0.2998037498642323E-001
 0501  0.2998037498642323E-001
 0502  0.2998037498642323E-001
 0503  0.2998037498642323E-001
 0504  0.2998037498642323E-001
 0505  0.2998037498642323E-001
 0506  0.2998037498642323E-001
 0507  0.2998037498642323E-001
 0508  0.2998037498642323E-001
 0509  0.2998037498642323E-001
 0510  0.2998037498642323E-001
 0511  0.2998037498642323E-001
 0512  0.2998037498642323E-001
 0513  0.2998037498642323E-001
 0514  0.2998037498642323E-001
 0515  0.2998037498642323E-001
 0516  0.2998037498642323E-001
 0517  0.2998037498642323E-001
 0518  0.2998037498642323E-001
 0519  0.2998037498642323E-001
 0520  0.2998037498642323E-001
 0521  0.2998037498642323E-001
 0522  0.2998037498642323E-001
 0523  0.2998037498642323E-001
 0524  0.2998037498642323E-001
 0525  0.2998037498642323E-001
 0526  0.2998037498642323E-001
 0527  0.2998037498642323E-001
 0528  0.2998037498642323E-001
 0529  0.2998037498642323E-001
 0530  0.2998037498642323E-001
 0531  0.2998037498642323E-001
 0532  0.2998037498642323E-001
 0533  0.2998037498642323E-001
 0534  0.2998037498642323E-001
 0535  0.2998037498642323E-001
 0536  0.2998037498642323E-001
 0537  0.2998037498642323E-001
 0538  0.2998037498642323E-001
 0539  0.2998037498642323E-001
 0540  0.2998037498642323E-001
 0541  0.2998037498642323E-001
 0542  0.2998037498642323E-001
 0543  0.2998037498642323E-001
 0544  0.2998037498642323E-001
 0545  0.2998037498642323E-001
 0546  0.2998037498642323E-001
 0547  0.2998037498642323E-001
 0548  0.2998037498642323E-001
 0549  0.2998037498642323E-001
 0550  0.2998037498642323E-001
 0551  0.2998037498642323E-001
 0552  0.2998037498642323E-001
 0553  0.2998037498642323E-001
 0554  0.2998037498642323E-001
 0555  0.2998037498642323E-001
 0556  0.2998037498642323E-001
 0557  0.2998037498642323E-001
 0558  0.2998037498642323E-001
 0559  0.2998037498642323E-001
 0560  0.2998037498642323E-001
 0561  0.2998037498642323E-001
 0562  0.2998037498642323E-001
 0563  0.2998037498642323E-001
 0564  0.2998037498642323E-001
 0565  0.2998037498642323E-001
 0566  0.2998037498642323E-001
 0567  0.2998037498642323E-001
 0568  0.2998037498642323E-001
 0569  0.2998037498642323E-001
 0570  0.2998037498642323E-001
 0571  0.2998037498642323E-001
 0572  0.2998037498642323E-001
 0573  0.2998037498642323E-001
 0574  0.2998037498642323E-001
 0575  0.2998037498642323E-001
 0576  0.2998037498642323E-001
 0577  0.2998037498642323E-001
 0578  0.2998037498642323E-001
 0579  0.2998037498642323E-001
 0580  0.2998037498642323E-001
 0581  0.2998037498642323E-001
 0582  0.2998037498642323E-001
 0583  0.2998037498642323E-001
 0584  0.2998037498642323E-001
 0585  0.2998037498642323E-001
 0586  0.2998037498642323E-001
 0587  0.2998037498642323E-001
 0588  0.2998037498642323E-001
 0589  0.2998037498642323E-001
 0590  0.2998037498642323E-001
 0591  0.2998037498642323E-001
 0592  0.2998037498642323E-001
 0593  0.2998037498642323E-001
 0594  0.2998037498642323E-001
 0595  0.2998037498642323E-001
 0596  0.2998037498642323E-001
 0597  0.2998037498642323E-001
 0598  0.2998037498642323E-001
 0599  0.2998037498642323E-001
 0600  0.2998037498642323E-001
 0601  0.2998037498642323E-001
 0602  0.2998037498642323E-001
 0603  0.2998037498642323E-001
 0604  0.2998037498642323E-001
 0605  0.2998037498642323E-001
 0606  0.2998037498642323E-001
 0607  0.2998037498642323E-001
 0608  0.2998037498642323E-001
 0609  0.2998037498642323E-001
 0610  0.2998037498642323E-001
 0611  0.2998037498642323E-001
 0612  0.2998037498642323E-001
 0613  0.2998037498642323E-001
 0614  0.2998037498642323E-001
 0615  0.2998037498642323E-001
 0616  0.2998037498642323E-001
 0617  0.2998037498642323E-001
 0618  0.2998037498642323E-001
 0619  0.2998037498642323E-001
 0620  0.2998037498642323E-001
 0621  0.2998037498642323E-001
 0622  0.2998037498642323E-001
 0623  0.2998037498642323E-001
 0624  0.2998037498642323E-001
 0625  0.2998037498642323E-001
 0626  0.2998037498642323E-001
 0627  0.2998037498642323E-001
 0628  0.2998037498642323E-001
 0629  0.2998037498642323E-001
 0630  0.2998037498642323E-001
 0631  0.2998037498642323E-001
 0632  0.2998037498642323E-001
 0633  0.2998037498642323E-001
 0634  0.2998037498642323E-001
 0635  0.2998037498642323E-001
 0636  0.2998037498642323E-001
 0637  0.2998037498642323E-001
 0638  0.2998037498642323E-001
 0639  0.2998037498642323E-001
 0640  0.2998037498642323E-001
 0641  0.2998037498642323E-001
 0642  0.2998037498642323E-001
 0643  0.2998037498642323E-001
 0644  0.2998037498642323E-001
 0645  0.2998037498642323E-001
 0646  0.2998037498642323E-001
 0647  0.2998037498642323E-001
 0648  0.2998037498642323E-001
 0649  0.2998037498642323E-001
 0650  0.2998037498642323E-001
 0651  0.2998037498642323E-001
 0652  0.2998037498642323E-001
 0653  0.2998037498642323E-001
 0654  0.2998037498642323E-001
 0655  0.2998037498642323E-001
 0656  0.2998037498642323E-001
 0657  0.2998037498642323E-001
 0658  0.2998037498642323E-001
 0659  0.2998037498642323E-001
 0660  0.2998037498642323E-001
 0661  0.2998037498642323E-001
 0662  0.2998037498642323E-001
 0663  0.2998037498642323E-001
 0664  0.2998037498642323E-001
 0665  0.2998037498642323E-001
 0666  0.2998037498642323E-001
 0667  0.2998037498642323E-001
 0668  0.2998037498642323E-001
 0669  0.2998037498642323E-001
 0670  0.2998037498642323E-001
 0671  0.2998037498642323E-001
 0672  0.2998037498642323E-001
 0673  0.2998037498642323E-001
 0674  0.2998037498642323E-001
 0675  0.2998037498642323E-001
 0676  0.2998037498642323E-001
 0677  0.2998037498642323E-001
 0678  0.2998037498642323E-001
 0679  0.2998037498642323E-001
 0680  0.2998037498642323E-001
 0681  0.2998037498642323E-001
 0682  0.2998037498642323E-001
 0683  0.2998037498642323E-001
 0684  0.2998037498642323E-001
 0685  0.2998037498642323E-001
 0686  0.2998037498642323E-001
 0687  0.2998037498642323E-001
 0688  0.2998037498642323E-001
 0689  0.2998037498642323E-001
 0690  0.2998037498642323E-001
 0691  0.2998037498642323E-001
 0692  0.2998037498642323E-001
 0693  0.2998037498642323E-001
 0694  0.2998037498642323E-001
 0695  0.2998037498642323E-001
 0696  0.2998037498642323E-001
 0697  0.2998037498642323E-001
 0698  0.2998037498642323E-001
 0699  0.2998037498642323E-001
 0700  0.2998037498642323E-001
 0701  0.2998037498642323E-001
 0702  0.2998037498642323E-001
 0703  0.2998037498642323E-001
 0704  0.2998037498642323E-001
 0705  0.2998037498642323E-001
 0706  0.2998037498642323E-001
 0707  0.2998037498642323E-001
 0708  0.2998037498642323E-001
 0709  0.2998037498642323E-001
 0710  0.2998037498642323E-001
 0711  0.2998037498642323E-001
 0712  0.2998037498642323E-001
 0713  0.2998037498642323E-001
 0714  0.2998037498642323E-001
 0715  0.2998037498642323E-001
 0716  0.2998037498642323E-001
 0717  0.2998037498642323E-001
 0718  0.2998037498642323E-001
 0719  0.2998037498642323E-001
 0720  0.2998037498642323E-001
 0721  0.2998037498642323E-001
 0722  0.2998037498642323E-001
 0723  0.2998037498642323E-001
 0724  0.2998037498642323E-001
 0725  0.2998037498642323E-001
 0726  0.2998037498642323E-001
 0727  0.2998037498642323E-001
 0728  0.2998037498642323E-001
 0729  0.2998037498642323E-001
 0730  0.2998037498642323E-001
 0731  0.2998037498642323E-001
 0732  0.2998037498642323E-001
 0733  0.2998037498642323E-001
 0734  0.2998037498642323E-001
 0735  0.2998037498642323E-001
 0736  0.2998037498642323E-001
 0737  0.2998037498642323E-001
 0738  0.2998037498642323E-001
 0739  0.2998037498642323E-001
 0740  0.2998037498642323E-001
 0741  0.2998037498642323E-001
 0742  0.2998037498642323E-001
 0743  0.2998037498642323E-001
 0744  0.2998037498642323E-001
 0745  0.2998037498642323E-001
 0746  0.2998037498642323E-001
 0747  0.2998037498642323E-001
 0748  0.2998037498642323E-001
 0749  0.2998037498642323E-001
 0750  0.2998037498642323E-001
 0751  0.2998037498642323E-001
 0752  0.2998037498642323E-001
 0753  0.2998037498642323E-001
 0754  0.2998037498642323E-001
 0755  0.2998037498642323E-001
 0756  0.2998037498642323E-001
 0757  0.2998037498642323E-001
 0758  0.2998037498642323E-001
 0759  0.2998037498642323E-001
 0760  0.2998037498642323E-001
 0761  0.2998037498642323E-001
 0762  0.2998037498642323E-001
 0763  0.2998037498642323E-001
 0764  0.2998037498642323E-001
 0765  0.2998037498642323E-001
 0766  0.2998037498642323E-001
 0767  0.2998037498642323E-001
 0768  0.2998037498642323E-001
 0769  0.2998037498642323E-001
 0770  0.2998037498642323E-001
 0771  0.2998037498642323E-001
 0772  0.2998037498642323E-001
 0773  0.2998037498642323E-001
 0774  0.2998037498642323E-001
 0775  0.2998037498642323E-001
 0776  0.2998037498642323E-001
 0777  0.2998037498642323E-001
 0778  0.2998037498642323E-001
 0779  0.2998037498642323E-001
 0780  0.2998037498642323E-001
 0781  0.2998037498642323E-001
 0782  0.2998037498642323E-001
 0783  0.2998037498642323E-001
 0784  0.2998037498642323E-001
 0785  0.2998037498642323E-001
 0786  0.2998037498642323E-001
 0787  0.2998037498642323E-001
 0788  0.2998037498642323E-001
 0789  0.2998037498642323E-001
 0790  0.2998037498642323E-001
 0791  0.2998037498642323E-001
 0792  0.2998037498642323E-001
 0793  0.2998037498642323E-001
 0794  0.2998037498642323E-001
 0795  0.2998037498642323E-001
 0796  0.2998037498642323E-001
 0797  0.2998037498642323E-001
 0798  0.2998037498642323E-001
 0799  0.2998037498642323E-001
 0800  0.2998037498642323E-001
 0801  0.2998037498642323E-001
 0802  0.2998037498642323E-001
 0803  0.2998037498642323E-001
 0804  0.2998037498642323E-001
 0805  0.2998037498642323E-001
 0806  0.2998037498642323E-001
 0807  0.2998037498642323E-001
 0808  0.2998037498642323E-001
 0809  0.2998037498642323E-001
 0810  0.2998037498642323E-001
 0811  0.2998037498642323E-001
 0812  0.2998037498642323E-001
 0813  0.2998037498642323E-001
 0814  0.2998037498642323E-001
 0815  0.2998037498642323E-001
 0816  0.2998037498642323E-001
 0817  0.2998037498642323E-001
 0818  0.2998037498642323E-001
 0819  0.2998037498642323E-001
 0820  0.2998037498642323E-001
 0821  0.2998037498642323E-001
 0822  0.2998037498642323E-001
 0823  0.2998037498642323E-001
 0824  0.2998037498642323E-001
 0825  0.2998037498642323E-001
 0826  0.2998037498642323E-001
 0827  0.2998037498642323E-001
 0828  0.2998037498642323E-001
 0829  0.2998037498642323E-001
 0830  0.2998037498642323E-001
 0831  0.2998037498642323E-001
 0832  0.2998037498642323E-001
 0833  0.2998037498642323E-001
 0834  0.2998037498642323E-001
 0835  0.2998037498642323E-001
 0836  0.2998037498642323E-001
 0837  0.2998037498642323E-001
 0838  0.2998037498642323E-001
 0839  0.2998037498642323E-001
 0840  0.2998037498642323E-001
 0841  0.2998037498642323E-001
 0842  0.2998037498642323E-001
 0843  0.2998037498642323E-001
 0844  0.2998037498642323E-001
 0845  0.2998037498642323E-001
 0846  0.2998037498642323E-001
 0847  0.2998037498642323E-001
 0848  0.2998037498642323E-001
 0849  0.2998037498642323E-001
 0850  0.2998037498642323E-001
 0851  0.2998037498642323E-001
 0852  0.2998037498642323E-001
 0853  0.2998037498642323E-001
 0854  0.2998037498642323E-001
 0855  0.2998037498642323E-001
 0856  0.2998037498642323E-001
 0857  0.2998037498642323E-001
 0858  0.2998037498642323E-001
 0859  0.2998037498642323E-001
 0860  0.2998037498642323E-001
 0861  0.2998037498642323E-001
 0862  0.2998037498642323E-001
 0863  0.2998037498642323E-001
 0864  0.2998037498642323E-001
 0865  0.2998037498642323E-001
 0866  0.2998037498642323E-001
 0867  0.2998037498642323E-001
 0868  0.2998037498642323E-001
 0869  0.2998037498642323E-001
 0870  0.2998037498642323E-001
 0871  0.2998037498642323E-001
 0872  0.2998037498642323E-001
 0873  0.2998037498642323E-001
 0874  0.2998037498642323E-001
 0875  0.2998037498642323E-001
 0876  0.2998037498642323E-001
 0877  0.2998037498642323E-001
 0878  0.2998037498642323E-001
 0879  0.2998037498642323E-001
 0880  0.2998037498642323E-001
 0881  0.2998037498642323E-001
 0882  0.2998037498642323E-001
 0883  0.2998037498642323E-001
 0884  0.2998037498642323E-001
 0885  0.2998037498642323E-001
 0886  0.2998037498642323E-001
 0887  0.2998037498642323E-001
 0888  0.2998037498642323E-001
 0889  0.2998037498642323E-001
 0890  0.2998037498642323E-001
 0891  0.2998037498642323E-001
 0892  0.2998037498642323E-001
 0893  0.2998037498642323E-001
 0894  0.2998037498642323E-001
 0895  0.2998037498642323E-001
 0896  0.2998037498642323E-001
 0897  0.2998037498642323E-001
 0898  0.2998037498642323E-001
 0899  0.2998037498642323E-001
 0900  0.2998037498642323E-001
 0901  0.2998037498642323E-001
 0902  0.2998037498642323E-001
 0903  0.2998037498642323E-001
 0904  0.2998037498642323E-001
 0905  0.2998037498642323E-001
 0906  0.2998037498642323E-001
 0907  0.2998037498642323E-001
 0908  0.2998037498642323E-001
 0909  0.2998037498642323E-001
 0910  0.2998037498642323E-001
 0911  0.2998037498642323E-001
 0912  0.2998037498642323E-001
 0913  0.2998037498642323E-001
 0914  0.2998037498642323E-001
 0915  0.2998037498642323E-001
 0916  0.2998037498642323E-001
 0917  0.2998037498642323E-001
 0918  0.2998037498642323E-001
 0919  0.2998037498642323E-001
 0920  0.2998037498642323E-001
 0921  0.2998037498642323E-001
 0922  0.2998037498642323E-001
 0923  0.2998037498642323E-001
 0924  0.2998037498642323E-001
 0925  0.2998037498642323E-001
 0926  0.2998037498642323E-001
 0927  0.2998037498642323E-001
 0928  0.2998037498642323E-001
 0929  0.2998037498642323E-001
 0930  0.2998037498642323E-001
 0931  0.2998037498642323E-001
 0932  0.2998037498642323E-001
 0933  0.2998037498642323E-001
 0934  0.2998037498642323E-001
 0935  0.2998037498642323E-001
 0936  0.2998037498642323E-001
 0937  0.2998037498642323E-001
 0938  0.2998037498642323E-001
 0939  0.2998037498642323E-001
 0940  0.2998037498642323E-001
 0941  0.2998037498642323E-001
 0942  0.2998037498642323E-001
 0943  0.2998037498642323E-001
 0944  0.2998037498642323E-001
 0945  0.2998037498642323E-001
 0946  0.2998037498642323E-001
 0947  0.2998037498642323E-001
 0948  0.2998037498642323E-001
 0949  0.2998037498642323E-001
 0950  0.2998037498642323E-001
 0951  0.2998037498642323E-001
 0952  0.2998037498642323E-001
 0953  0.2998037498642323E-001
 0954  0.2998037498642323E-001
 0955  0.2998037498642323E-001
 0956  0.2998037498642323E-001
 0957  0.2998037498642323E-001
 0958  0.2998037498642323E-001
 0959  0.2998037498642323E-001
 0960  0.2998037498642323E-001
 0961  0.2998037498642323E-001
 0962  0.2998037498642323E-001
 0963  0.2998037498642323E-001
 0964  0.2998037498642323E-001
 0965  0.2998037498642323E-001
 0966  0.2998037498642323E-001
 0967  0.2998037498642323E-001
 0968  0.2998037498642323E-001
 0969  0.2998037498642323E-001
 0970  0.2998037498642323E-001
 0971  0.2998037498642323E-001
 0972  0.2998037498642323E-001
 0973  0.2998037498642323E-001
 0974  0.2998037498642323E-001
 0975  0.2998037498642323E-001
 0976  0.2998037498642323E-001
 0977  0.2998037498642323E-001
 0978  0.2998037498642323E-001
 0979  0.2998037498642323E-001
 0980  0.2998037498642323E-001
 0981  0.2998037498642323E-001
 0982  0.2998037498642323E-001
 0983  0.2998037498642323E-001
 0984  0.2998037498642323E-001
 0985  0.2998037498642323E-001
 0986  0.2998037498642323E-001
 0987  0.2998037498642323E-001
 0988  0.2998037498642323E-001
 0989  0.2998037498642323E-001
 0990  0.2998037498642323E-001
 0991  0.2998037498642323E-001
 0992  0.2998037498642323E-001
 0993  0.2998037498642323E-001
 0994  0.2998037498642323E-001
 0995  0.2998037498642323E-001
 0996  0.2998037498642323E-001
 0997  0.2998037498642323E-001
 0998  0.2998037498642323E-001
 0999  0.2998037498642323E-001
 1000  0.2998037498642323E-001
