 0001  0.2866811405881125E-003
 0002  0.2866811405881125E-003
 0003  0.2849466700125756E-003
 0004  0.2849466700125756E-003
 0005  0.2849466700125756E-003
 0006  0.2830356801574307E-003
 0007  0.2830356801574307E-003
 0008  0.2830356801574307E-003
 0009  0.2809424766691260E-003
 0010  0.2809424766691260E-003
 0011  0.2809424766691260E-003
 0012  0.2788743430641630E-003
 0013  0.2788743430641630E-003
 0014  0.2788743430641632E-003
 0015  0.2766036222770503E-003
 0016  0.2766036222770503E-003
 0017  0.2766036222770503E-003
 0018  0.2743561405402728E-003
 0019  0.2743561405402728E-003
 0020  0.2719315324884286E-003
 0021  0.2719315324884287E-003
 0022  0.2719315324884287E-003
 0023  0.2692905092390166E-003
 0024  0.2692905092390166E-003
 0025  0.2692905092390166E-003
 0026  0.2666692738227054E-003
 0027  0.2666692738227054E-003
 0028  0.2638495860524899E-003
 0029  0.2638495860524899E-003
 0030  0.2608324613746348E-003
 0031  0.2608324613746348E-003
 0032  0.2608324613746348E-003
 0033  0.2578294421182413E-003
 0034  0.2578294421182413E-003
 0035  0.2546244272051195E-003
 0036  0.2546244272051194E-003
 0037  0.2514938387954718E-003
 0038  0.2514938387954718E-003
 0039  0.2481405405845772E-003
 0040  0.2481405405845772E-003
 0041  0.2445654598317071E-003
 0042  0.2445654598317071E-003
 0043  0.2410733992105014E-003
 0044  0.2410733992105014E-003
 0045  0.2373368159385104E-003
 0046  0.2373368159385104E-003
 0047  0.2333764168709420E-003
 0048  0.2333764168709420E-003
 0049  0.2295079857545223E-003
 0050  0.2255043363137089E-003
 0051  0.2255043363137090E-003
 0052  0.2212588835165016E-003
 0053  0.2212588835165016E-003
 0054  0.2167749397702536E-003
 0055  0.2167749397702536E-003
 0056  0.2123951216720459E-003
 0057  0.2079014101422680E-003
 0058  0.2079014101422680E-003
 0059  0.2031544256312724E-003
 0060  0.2031544256312725E-003
 0061  0.1985176750719981E-003
 0062  0.1937953575528058E-003
 0063  0.1937953575528058E-003
 0064  0.1888186361071547E-003
 0065  0.1837985715568591E-003
 0066  0.1837985715568591E-003
 0067  0.1788950823928942E-003
 0068  0.1788950823928942E-003
 0069  0.1737131867880639E-003
 0070  0.1685049919325542E-003
 0071  0.1685049919325542E-003
 0072  0.1630358149602462E-003
 0073  0.1579523227708752E-003
 0074  0.1579523227708752E-003
 0075  0.1525892672706624E-003
 0076  0.1472567048203041E-003
 0077  0.1419791615646448E-003
 0078  0.1419791615646447E-003
 0079  0.1364901651698234E-003
 0080  0.1311182917484105E-003
 0081  0.1311182917484105E-003
 0082  0.1258711633802025E-003
 0083  0.1207224880111166E-003
 0084  0.1156860051294942E-003
 0085  0.1156860051294942E-003
 0086  0.1104524815734634E-003
 0087  0.1053851526281039E-003
 0088  0.1003477512941939E-003
 0089  0.1003477512941939E-003
 0090  0.9530473779885620E-004
 0091  0.9060173994742658E-004
 0092  0.8619666133166067E-004
 0093  0.8205441202518616E-004
 0094  0.7814546565548068E-004
 0095  0.7814546565548068E-004
 0096  0.7413003761287542E-004
 0097  0.7033837539672739E-004
 0098  0.6674640455672601E-004
 0099  0.6333000911009292E-004
 0100  0.5712896342836593E-004
 0101  0.5432023962066416E-004
 0102  0.5164055179967031E-004
 0103  0.4908460040495194E-004
 0104  0.4664725995050618E-004
 0105  0.4432357636764373E-004
 0106  0.4210876415486159E-004
 0107  0.3999684191627114E-004
 0108  0.3798373816345760E-004
 0109  0.3600788673033710E-004
 0110  0.3413514351217506E-004
 0111  0.3081286970238215E-004
 0112  0.2933628036237051E-004
 0113  0.2792661040410449E-004
 0114  0.2658114300088098E-004
 0115  0.2529724420346055E-004
 0116  0.2407236306444500E-004
 0117  0.2290403142158772E-004
 0118  0.2176201862237724E-004
 0119  0.2067735249902436E-004
 0120  0.1874099351682831E-004
 0121  0.1787539915427184E-004
 0122  0.1704830036259143E-004
 0123  0.1625809655188529E-004
 0124  0.1550324359795997E-004
 0125  0.1476662089914587E-004
 0126  0.1406513157090678E-004
 0127  0.1339709274046700E-004
 0128  0.1276090167521921E-004
 0129  0.1215503295049185E-004
 0130  0.1106716201826036E-004
 0131  0.1057806709086087E-004
 0132  0.1010098462854820E-004
 0133  0.9645525268101196E-005
 0134  0.9210702837247525E-005
 0135  0.8795576518621582E-005
 0136  0.8399248739563320E-005
 0137  0.8020790980957761E-005
 0138  0.7331683962365576E-005
 0139  0.7018056861336814E-005
 0140  0.6717910537344540E-005
 0141  0.6430617484217312E-005
 0142  0.6155629142142762E-005
 0143  0.5892419969137645E-005
 0144  0.5640486672067283E-005
 0145  0.5395680317690976E-005
 0146  0.4952197695162667E-005
 0147  0.4751159549731129E-005
 0148  0.4558298181301988E-005
 0149  0.4373281507158734E-005
 0150  0.4195790852918388E-005
 0151  0.4023131450222225E-005
 0152  0.3857739650025065E-005
 0153  0.3556513563968203E-005
 0154  0.3419234408406830E-005
 0155  0.3287253604450213E-005
 0156  0.3158756946380192E-005
 0157  0.3035390651994202E-005
 0158  0.2916934943558663E-005
 0159  0.2803190847602900E-005
 0160  0.2594992453341736E-005
 0161  0.2498532329225853E-005
 0162  0.2405722817829773E-005
 0163  0.2316423391229160E-005
 0164  0.2230499002835537E-005
 0165  0.2147814021107678E-005
 0166  0.2081356256114746E-005
 0167  0.2450684699301515E-005
 0168  0.3051418913282113E-005
 0169  0.4065512626509484E-005
 0170  0.5569841602313284E-005
 0171  0.8508889118714543E-005
 0172  0.1228092937432020E-004
 0173  0.2232315689784522E-004
 0174  0.2884543037562499E-004
 0175  0.3810469241276630E-004
 0176  0.4858499133176745E-004
 0177  0.6048582626521665E-004
 0178  0.7383282043423976E-004
 0179  0.1063213714788575E-003
 0180  0.1254954617076825E-003
 0181  0.1461727203122791E-003
 0182  0.1684967863161332E-003
 0183  0.1949610928516768E-003
 0184  0.2228782414298036E-003
 0185  0.2819375733816882E-003
 0186  0.3130112059283460E-003
 0187  0.3484307773952897E-003
 0188  0.3852112519138978E-003
 0189  0.4233222716810697E-003
 0190  0.5045788810753113E-003
 0191  0.5475469982768026E-003
 0192  0.5917046804812836E-003
 0193  0.6370123703566055E-003
 0194  0.6863335761714595E-003
 0195  0.7855842236472966E-003
 0196  0.8355546335170568E-003
 0197  0.8891777346198278E-003
 0198  0.9435563566050198E-003
 0199  0.9986536066225054E-003
 0200  0.1111234441069135E-002
 0201  0.1168551960175416E-002
 0202  0.1226415769237040E-002
 0203  0.1287323093317028E-002
 0204  0.1407654605745204E-002
 0205  0.1467139190606913E-002
 0206  0.1529335129865298E-002
 0207  0.1591733138567257E-002
 0208  0.1654348454600612E-002
 0209  0.1781874058915479E-002
 0210  0.1844494017048462E-002
 0211  0.1907216804628152E-002
 0212  0.1972057875338962E-002
 0213  0.2099079806391003E-002
 0214  0.2163210727862169E-002
 0215  0.2227219119148267E-002
 0216  0.2291114276522251E-002
 0217  0.2419550678348128E-002
 0218  0.2482268724599954E-002
 0219  0.2546455857308080E-002
 0220  0.2610358800754985E-002
 0221  0.2736547141979096E-002
 0222  0.2798801993438230E-002
 0223  0.2860759408406433E-002
 0224  0.2923839345791103E-002
 0225  0.3047978760063247E-002
 0226  0.3109026969144532E-002
 0227  0.3169689782836518E-002
 0228  0.3290219372730951E-002
 0229  0.3348828358007004E-002
 0230  0.3408212912026627E-002
 0231  0.3467150856386777E-002
 0232  0.3583887752467907E-002
 0233  0.3640596816059211E-002
 0234  0.3697897207724793E-002
 0235  0.3810192583571425E-002
 0236  0.3865206371278398E-002
 0237  0.3920671672869899E-002
 0238  0.3975646787126680E-002
 0239  0.4083262609856329E-002
 0240  0.4135931853367534E-002
 0241  0.4188949587306931E-002
 0242  0.4292652223305294E-002
 0243  0.4343368413557999E-002
 0244  0.4394349805977285E-002
 0245  0.4494041241513480E-002
 0246  0.4542786419627039E-002
 0247  0.4591777775744690E-002
 0248  0.4687708269962000E-002
 0249  0.4734697775188110E-002
 0250  0.4781972768788336E-002
 0251  0.4874676830196785E-002
 0252  0.4920148720209000E-002
 0253  0.4965920360572969E-002
 0254  0.5055763514843954E-002
 0255  0.5100468418763481E-002
 0256  0.5188248669424746E-002
 0257  0.5231350448280406E-002
 0258  0.5274723384611957E-002
 0259  0.5360455747217103E-002
 0260  0.5402812535073199E-002
 0261  0.5444867205395263E-002
 0262  0.5528489326477414E-002
 0263  0.5569538817684924E-002
 0264  0.5651125130447346E-002
 0265  0.5691174823068175E-002
 0266  0.5731395289832698E-002
 0267  0.5810793587243891E-002
 0268  0.5849968993963292E-002
 0269  0.5927681498476975E-002
 0270  0.5965807139015447E-002
 0271  0.6041404003734365E-002
 0272  0.6078852320202579E-002
 0273  0.6116013299685288E-002
 0274  0.6189614446804412E-002
 0275  0.6226036667754556E-002
 0276  0.6298097160712460E-002
 0277  0.6333420550126398E-002
 0278  0.6403291367030298E-002
 0279  0.6437826025683667E-002
 0280  0.6506078630175887E-002
 0281  0.6539786652540110E-002
 0282  0.6606357564432043E-002
 0283  0.6639213101176512E-002
 0284  0.6704051571280475E-002
 0285  0.6736021096520763E-002
 0286  0.6799045825282735E-002
 0287  0.6830091773112017E-002
 0288  0.6891245182114886E-002
 0289  0.6921346643570610E-002
 0290  0.6980754123900450E-002
 0291  0.7010048246583153E-002
 0292  0.7067660743643297E-002
 0293  0.7095978533878335E-002
 0294  0.7151899133770003E-002
 0295  0.7206248726248175E-002
 0296  0.7232997733516632E-002
 0297  0.7285643456092747E-002
 0298  0.7311538533746774E-002
 0299  0.7362569355475373E-002
 0300  0.7412180588456991E-002
 0301  0.7436603806552225E-002
 0302  0.7484611148510401E-002
 0303  0.7508268304222794E-002
 0304  0.7554749667773059E-002
 0305  0.7600004972981400E-002
 0306  0.7622284006002042E-002
 0307  0.7666144550419703E-002
 0308  0.7708800986569655E-002
 0309  0.7729783523857951E-002
 0310  0.7771063140723520E-002
 0311  0.7811222388615298E-002
 0312  0.7830984309922009E-002
 0313  0.7869875348314469E-002
 0314  0.7907748196105679E-002
 0315  0.7944616227756215E-002
 0316  0.7962769442450210E-002
 0317  0.7998514084059667E-002
 0318  0.8033302364754380E-002
 0319  0.8067173023510357E-002
 0320  0.8083862458132432E-002
 0321  0.8116710093345872E-002
 0322  0.8148710355796177E-002
 0323  0.8179901739335339E-002
 0324  0.8210302772846905E-002
 0325  0.8239941945613545E-002
 0326  0.8254548213212781E-002
 0327  0.8283327811036982E-002
 0328  0.8311391204222739E-002
 0329  0.8338770755755140E-002
 0330  0.8365483174596868E-002
 0331  0.8391551638815669E-002
 0332  0.8416992150834359E-002
 0333  0.8441828405709574E-002
 0334  0.8466078646696105E-002
 0335  0.8489763305227592E-002
 0336  0.8512826956400271E-002
 0337  0.8535194755406143E-002
 0338  0.8556895246747267E-002
 0339  0.8577955500879593E-002
 0340  0.8598401205450015E-002
 0341  0.8618256749977651E-002
 0342  0.8637545304514003E-002
 0343  0.8656288892767984E-002
 0344  0.8674508460138139E-002
 0345  0.8692223937054693E-002
 0346  0.8717803755838941E-002
 0347  0.8734225249026634E-002
 0348  0.8750210477154973E-002
 0349  0.8765775209484598E-002
 0350  0.8780934495616052E-002
 0351  0.8802870490209062E-002
 0352  0.8816982460632927E-002
 0353  0.8830740599217738E-002
 0354  0.8850674916506757E-002
 0355  0.8863515475352956E-002
 0356  0.8876045682188815E-002
 0357  0.8894222642921012E-002
 0358  0.8905945012736914E-002
 0359  0.8922964427841623E-002
 0360  0.8933949383194547E-002
 0361  0.8949910901274541E-002
 0362  0.8960221131685079E-002
 0363  0.8975213591327661E-002
 0364  0.8984905068046750E-002
 0365  0.8999007899757301E-002
 0366  0.9012578549022149E-002
 0367  0.9021361087169884E-002
 0368  0.9034155549368759E-002
 0369  0.9046483997314380E-002
 0370  0.9058369519516900E-002
 0371  0.9069833739372079E-002
 0372  0.9080896927980513E-002
 0373  0.9091578106804766E-002
 0374  0.9101895141208256E-002
 0375  0.9111864825799999E-002
 0376  0.9121502962404172E-002
 0377  0.9130824431382023E-002
 0378  0.9139843256952981E-002
 0379  0.9148572667091563E-002
 0380  0.9159763035977620E-002
 0381  0.9167835420023326E-002
 0382  0.9175658758109440E-002
 0383  0.9185702483328563E-002
 0384  0.9195311580716996E-002
 0385  0.9202257269916709E-002
 0386  0.9211187867663893E-002
 0387  0.9219746719051850E-002
 0388  0.9227954215303496E-002
 0389  0.9235829316396989E-002
 0390  0.9243389673515181E-002
 0391  0.9250651739210088E-002
 0392  0.9257630866689679E-002
 0393  0.9264341399453762E-002
 0394  0.9272362500723649E-002
 0395  0.9279991167405379E-002
 0396  0.9285833728905299E-002
 0397  0.9292830115686794E-002
 0398  0.9299497338762059E-002
 0399  0.9305855058536261E-002
 0400  0.9313094593070899E-002
 0401  0.9318822840005674E-002
 0402  0.9325355063625735E-002
 0403  0.9331533037373175E-002
 0404  0.9337380541181557E-002
 0405  0.9343809162892212E-002
 0406  0.9349840413369830E-002
 0407  0.9355504129669217E-002
 0408  0.9360827369958774E-002
 0409  0.9366522124809051E-002
 0410  0.9371831138341011E-002
 0411  0.9377378177419449E-002
 0412  0.9383053950266883E-002
 0413  0.9388262085861479E-002
 0414  0.9393047066712051E-002
 0415  0.9398281416749575E-002
 0416  0.9403387394929170E-002
 0417  0.9407971165256936E-002
 0418  0.9412978617958943E-002
 0419  0.9417626969873909E-002
 0420  0.9422334364408411E-002
 0421  0.9426888176775223E-002
 0422  0.9431412406992258E-002
 0423  0.9435930522851937E-002
 0424  0.9440343344341922E-002
 0425  0.9443202625899157E-002
 0426  0.9443202625899157E-002
 0427  0.9443202625899157E-002
 0428  0.9443202625899157E-002
 0429  0.9443202625899157E-002
 0430  0.9443202625899157E-002
 0431  0.9443202625899157E-002
 0432  0.9443202625899157E-002
 0433  0.9443202625899157E-002
 0434  0.9443202625899157E-002
 0435  0.9443202625899157E-002
 0436  0.9443202625899157E-002
 0437  0.9443202625899157E-002
 0438  0.9443202625899157E-002
 0439  0.9443202625899157E-002
 0440  0.9443202625899157E-002
 0441  0.9443202625899157E-002
 0442  0.9443202625899157E-002
 0443  0.9443202625899157E-002
 0444  0.9443202625899157E-002
 0445  0.9443202625899157E-002
 0446  0.9443202625899157E-002
 0447  0.9443202625899157E-002
 0448  0.9443202625899157E-002
 0449  0.9443202625899157E-002
 0450  0.9443202625899157E-002
 0451  0.9443202625899157E-002
 0452  0.9443202625899157E-002
 0453  0.9443202625899157E-002
 0454  0.9443202625899157E-002
 0455  0.9443202625899157E-002
 0456  0.9443202625899157E-002
 0457  0.9443202625899157E-002
 0458  0.9443202625899157E-002
 0459  0.9443202625899157E-002
 0460  0.9443202625899157E-002
 0461  0.9443202625899157E-002
 0462  0.9443202625899157E-002
 0463  0.9443202625899157E-002
 0464  0.9443202625899157E-002
 0465  0.9443202625899157E-002
 0466  0.9443202625899157E-002
 0467  0.9443202625899157E-002
 0468  0.9443202625899157E-002
 0469  0.9443202625899157E-002
 0470  0.9443202625899157E-002
 0471  0.9443202625899157E-002
 0472  0.9443202625899157E-002
 0473  0.9443202625899157E-002
 0474  0.9443202625899157E-002
 0475  0.9443202625899157E-002
 0476  0.9443202625899157E-002
 0477  0.9443202625899157E-002
 0478  0.9443202625899157E-002
 0479  0.9443202625899157E-002
 0480  0.9443202625899157E-002
 0481  0.9443202625899157E-002
 0482  0.9443202625899157E-002
 0483  0.9443202625899157E-002
 0484  0.9443202625899157E-002
 0485  0.9443202625899157E-002
 0486  0.9443202625899157E-002
 0487  0.9443202625899157E-002
 0488  0.9443202625899157E-002
 0489  0.9443202625899157E-002
 0490  0.9443202625899157E-002
 0491  0.9443202625899157E-002
 0492  0.9443202625899157E-002
 0493  0.9443202625899157E-002
 0494  0.9443202625899157E-002
 0495  0.9443202625899157E-002
 0496  0.9443202625899157E-002
 0497  0.9443202625899157E-002
 0498  0.9443202625899157E-002
 0499  0.9443202625899157E-002
 0500  0.9443202625899157E-002
 0501  0.9443202625899157E-002
 0502  0.9443202625899157E-002
 0503  0.9443202625899157E-002
 0504  0.9443202625899157E-002
 0505  0.9443202625899157E-002
 0506  0.9443202625899157E-002
 0507  0.9443202625899157E-002
 0508  0.9443202625899157E-002
 0509  0.9443202625899157E-002
 0510  0.9443202625899157E-002
 0511  0.9443202625899157E-002
 0512  0.9443202625899157E-002
 0513  0.9443202625899157E-002
 0514  0.9443202625899157E-002
 0515  0.9443202625899157E-002
 0516  0.9443202625899157E-002
 0517  0.9443202625899157E-002
 0518  0.9443202625899157E-002
 0519  0.9443202625899157E-002
 0520  0.9443202625899157E-002
 0521  0.9443202625899157E-002
 0522  0.9443202625899157E-002
 0523  0.9443202625899157E-002
 0524  0.9443202625899157E-002
 0525  0.9443202625899157E-002
 0526  0.9443202625899157E-002
 0527  0.9443202625899157E-002
 0528  0.9443202625899157E-002
 0529  0.9443202625899157E-002
 0530  0.9443202625899157E-002
 0531  0.9443202625899157E-002
 0532  0.9443202625899157E-002
 0533  0.9443202625899157E-002
 0534  0.9443202625899157E-002
 0535  0.9443202625899157E-002
 0536  0.9443202625899157E-002
 0537  0.9443202625899157E-002
 0538  0.9443202625899157E-002
 0539  0.9443202625899157E-002
 0540  0.9443202625899157E-002
 0541  0.9443202625899157E-002
 0542  0.9443202625899157E-002
 0543  0.9443202625899157E-002
 0544  0.9443202625899157E-002
 0545  0.9443202625899157E-002
 0546  0.9443202625899157E-002
 0547  0.9443202625899157E-002
 0548  0.9443202625899157E-002
 0549  0.9443202625899157E-002
 0550  0.9443202625899157E-002
 0551  0.9443202625899157E-002
 0552  0.9443202625899157E-002
 0553  0.9443202625899157E-002
 0554  0.9443202625899157E-002
 0555  0.9443202625899157E-002
 0556  0.9443202625899157E-002
 0557  0.9443202625899157E-002
 0558  0.9443202625899157E-002
 0559  0.9443202625899157E-002
 0560  0.9443202625899157E-002
 0561  0.9443202625899157E-002
 0562  0.9443202625899157E-002
 0563  0.9443202625899157E-002
 0564  0.9443202625899157E-002
 0565  0.9443202625899157E-002
 0566  0.9443202625899157E-002
 0567  0.9443202625899157E-002
 0568  0.9443202625899157E-002
 0569  0.9443202625899157E-002
 0570  0.9443202625899157E-002
 0571  0.9443202625899157E-002
 0572  0.9443202625899157E-002
 0573  0.9443202625899157E-002
 0574  0.9443202625899157E-002
 0575  0.9443202625899157E-002
 0576  0.9443202625899157E-002
 0577  0.9443202625899157E-002
 0578  0.9443202625899157E-002
 0579  0.9443202625899157E-002
 0580  0.9443202625899157E-002
 0581  0.9443202625899157E-002
 0582  0.9443202625899157E-002
 0583  0.9443202625899157E-002
 0584  0.9443202625899157E-002
 0585  0.9443202625899157E-002
 0586  0.9443202625899157E-002
 0587  0.9443202625899157E-002
 0588  0.9443202625899157E-002
 0589  0.9443202625899157E-002
 0590  0.9443202625899157E-002
 0591  0.9443202625899157E-002
 0592  0.9443202625899157E-002
 0593  0.9443202625899157E-002
 0594  0.9443202625899157E-002
 0595  0.9443202625899157E-002
 0596  0.9443202625899157E-002
 0597  0.9443202625899157E-002
 0598  0.9443202625899157E-002
 0599  0.9443202625899157E-002
 0600  0.9443202625899157E-002
 0601  0.9443202625899157E-002
 0602  0.9443202625899157E-002
 0603  0.9443202625899157E-002
 0604  0.9443202625899157E-002
 0605  0.9443202625899157E-002
 0606  0.9443202625899157E-002
 0607  0.9443202625899157E-002
 0608  0.9443202625899157E-002
 0609  0.9443202625899157E-002
 0610  0.9443202625899157E-002
 0611  0.9443202625899157E-002
 0612  0.9443202625899157E-002
 0613  0.9443202625899157E-002
 0614  0.9443202625899157E-002
 0615  0.9443202625899157E-002
 0616  0.9443202625899157E-002
 0617  0.9443202625899157E-002
 0618  0.9443202625899157E-002
 0619  0.9443202625899157E-002
 0620  0.9443202625899157E-002
 0621  0.9443202625899157E-002
 0622  0.9443202625899157E-002
 0623  0.9443202625899157E-002
 0624  0.9443202625899157E-002
 0625  0.9443202625899157E-002
 0626  0.9443202625899157E-002
 0627  0.9443202625899157E-002
 0628  0.9443202625899157E-002
 0629  0.9443202625899157E-002
 0630  0.9443202625899157E-002
 0631  0.9443202625899157E-002
 0632  0.9443202625899157E-002
 0633  0.9443202625899157E-002
 0634  0.9443202625899157E-002
 0635  0.9443202625899157E-002
 0636  0.9443202625899157E-002
 0637  0.9443202625899157E-002
 0638  0.9443202625899157E-002
 0639  0.9443202625899157E-002
 0640  0.9443202625899157E-002
 0641  0.9443202625899157E-002
 0642  0.9443202625899157E-002
 0643  0.9443202625899157E-002
 0644  0.9443202625899157E-002
 0645  0.9443202625899157E-002
 0646  0.9443202625899157E-002
 0647  0.9443202625899157E-002
 0648  0.9443202625899157E-002
 0649  0.9443202625899157E-002
 0650  0.9443202625899157E-002
 0651  0.9443202625899157E-002
 0652  0.9443202625899157E-002
 0653  0.9443202625899157E-002
 0654  0.9443202625899157E-002
 0655  0.9443202625899157E-002
 0656  0.9443202625899157E-002
 0657  0.9443202625899157E-002
 0658  0.9443202625899157E-002
 0659  0.9443202625899157E-002
 0660  0.9443202625899157E-002
 0661  0.9443202625899157E-002
 0662  0.9443202625899157E-002
 0663  0.9443202625899157E-002
 0664  0.9443202625899157E-002
 0665  0.9443202625899157E-002
 0666  0.9443202625899157E-002
 0667  0.9443202625899157E-002
 0668  0.9443202625899157E-002
 0669  0.9443202625899157E-002
 0670  0.9443202625899157E-002
 0671  0.9443202625899157E-002
 0672  0.9443202625899157E-002
 0673  0.9443202625899157E-002
 0674  0.9443202625899157E-002
 0675  0.9443202625899157E-002
 0676  0.9443202625899157E-002
 0677  0.9443202625899157E-002
 0678  0.9443202625899157E-002
 0679  0.9443202625899157E-002
 0680  0.9443202625899157E-002
 0681  0.9443202625899157E-002
 0682  0.9443202625899157E-002
 0683  0.9443202625899157E-002
 0684  0.9443202625899157E-002
 0685  0.9443202625899157E-002
 0686  0.9443202625899157E-002
 0687  0.9443202625899157E-002
 0688  0.9443202625899157E-002
 0689  0.9443202625899157E-002
 0690  0.9443202625899157E-002
 0691  0.9443202625899157E-002
 0692  0.9443202625899157E-002
 0693  0.9443202625899157E-002
 0694  0.9443202625899157E-002
 0695  0.9443202625899157E-002
 0696  0.9443202625899157E-002
 0697  0.9443202625899157E-002
 0698  0.9443202625899157E-002
 0699  0.9443202625899157E-002
 0700  0.9443202625899157E-002
 0701  0.9443202625899157E-002
 0702  0.9443202625899157E-002
 0703  0.9443202625899157E-002
 0704  0.9443202625899157E-002
 0705  0.9443202625899157E-002
 0706  0.9443202625899157E-002
 0707  0.9443202625899157E-002
 0708  0.9443202625899157E-002
 0709  0.9443202625899157E-002
 0710  0.9443202625899157E-002
 0711  0.9443202625899157E-002
 0712  0.9443202625899157E-002
 0713  0.9443202625899157E-002
 0714  0.9443202625899157E-002
 0715  0.9443202625899157E-002
 0716  0.9443202625899157E-002
 0717  0.9443202625899157E-002
 0718  0.9443202625899157E-002
 0719  0.9443202625899157E-002
 0720  0.9443202625899157E-002
 0721  0.9443202625899157E-002
 0722  0.9443202625899157E-002
 0723  0.9443202625899157E-002
 0724  0.9443202625899157E-002
 0725  0.9443202625899157E-002
 0726  0.9443202625899157E-002
 0727  0.9443202625899157E-002
 0728  0.9443202625899157E-002
 0729  0.9443202625899157E-002
 0730  0.9443202625899157E-002
 0731  0.9443202625899157E-002
 0732  0.9443202625899157E-002
 0733  0.9443202625899157E-002
 0734  0.9443202625899157E-002
 0735  0.9443202625899157E-002
 0736  0.9443202625899157E-002
 0737  0.9443202625899157E-002
 0738  0.9443202625899157E-002
 0739  0.9443202625899157E-002
 0740  0.9443202625899157E-002
 0741  0.9443202625899157E-002
 0742  0.9443202625899157E-002
 0743  0.9443202625899157E-002
 0744  0.9443202625899157E-002
 0745  0.9443202625899157E-002
 0746  0.9443202625899157E-002
 0747  0.9443202625899157E-002
 0748  0.9443202625899157E-002
 0749  0.9443202625899157E-002
 0750  0.9443202625899157E-002
 0751  0.9443202625899157E-002
 0752  0.9443202625899157E-002
 0753  0.9443202625899157E-002
 0754  0.9443202625899157E-002
 0755  0.9443202625899157E-002
 0756  0.9443202625899157E-002
 0757  0.9443202625899157E-002
 0758  0.9443202625899157E-002
 0759  0.9443202625899157E-002
 0760  0.9443202625899157E-002
 0761  0.9443202625899157E-002
 0762  0.9443202625899157E-002
 0763  0.9443202625899157E-002
 0764  0.9443202625899157E-002
 0765  0.9443202625899157E-002
 0766  0.9443202625899157E-002
 0767  0.9443202625899157E-002
 0768  0.9443202625899157E-002
 0769  0.9443202625899157E-002
 0770  0.9443202625899157E-002
 0771  0.9443202625899157E-002
 0772  0.9443202625899157E-002
 0773  0.9443202625899157E-002
 0774  0.9443202625899157E-002
 0775  0.9443202625899157E-002
 0776  0.9443202625899157E-002
 0777  0.9443202625899157E-002
 0778  0.9443202625899157E-002
 0779  0.9443202625899157E-002
 0780  0.9443202625899157E-002
 0781  0.9443202625899157E-002
 0782  0.9443202625899157E-002
 0783  0.9443202625899157E-002
 0784  0.9443202625899157E-002
 0785  0.9443202625899157E-002
 0786  0.9443202625899157E-002
 0787  0.9443202625899157E-002
 0788  0.9443202625899157E-002
 0789  0.9443202625899157E-002
 0790  0.9443202625899157E-002
 0791  0.9443202625899157E-002
 0792  0.9443202625899157E-002
 0793  0.9443202625899157E-002
 0794  0.9443202625899157E-002
 0795  0.9443202625899157E-002
 0796  0.9443202625899157E-002
 0797  0.9443202625899157E-002
 0798  0.9443202625899157E-002
 0799  0.9443202625899157E-002
 0800  0.9443202625899157E-002
 0801  0.9443202625899157E-002
 0802  0.9443202625899157E-002
 0803  0.9443202625899157E-002
 0804  0.9443202625899157E-002
 0805  0.9443202625899157E-002
 0806  0.9443202625899157E-002
 0807  0.9443202625899157E-002
 0808  0.9443202625899157E-002
 0809  0.9443202625899157E-002
 0810  0.9443202625899157E-002
 0811  0.9443202625899157E-002
 0812  0.9443202625899157E-002
 0813  0.9443202625899157E-002
 0814  0.9443202625899157E-002
 0815  0.9443202625899157E-002
 0816  0.9443202625899157E-002
 0817  0.9443202625899157E-002
 0818  0.9443202625899157E-002
 0819  0.9443202625899157E-002
 0820  0.9443202625899157E-002
 0821  0.9443202625899157E-002
 0822  0.9443202625899157E-002
 0823  0.9443202625899157E-002
 0824  0.9443202625899157E-002
 0825  0.9443202625899157E-002
 0826  0.9443202625899157E-002
 0827  0.9443202625899157E-002
 0828  0.9443202625899157E-002
 0829  0.9443202625899157E-002
 0830  0.9443202625899157E-002
 0831  0.9443202625899157E-002
 0832  0.9443202625899157E-002
 0833  0.9443202625899157E-002
 0834  0.9443202625899157E-002
 0835  0.9443202625899157E-002
 0836  0.9443202625899157E-002
 0837  0.9443202625899157E-002
 0838  0.9443202625899157E-002
 0839  0.9443202625899157E-002
 0840  0.9443202625899157E-002
 0841  0.9443202625899157E-002
 0842  0.9443202625899157E-002
 0843  0.9443202625899157E-002
 0844  0.9443202625899157E-002
 0845  0.9443202625899157E-002
 0846  0.9443202625899157E-002
 0847  0.9443202625899157E-002
 0848  0.9443202625899157E-002
 0849  0.9443202625899157E-002
 0850  0.9443202625899157E-002
 0851  0.9443202625899157E-002
 0852  0.9443202625899157E-002
 0853  0.9443202625899157E-002
 0854  0.9443202625899157E-002
 0855  0.9443202625899157E-002
 0856  0.9443202625899157E-002
 0857  0.9443202625899157E-002
 0858  0.9443202625899157E-002
 0859  0.9443202625899157E-002
 0860  0.9443202625899157E-002
 0861  0.9443202625899157E-002
 0862  0.9443202625899157E-002
 0863  0.9443202625899157E-002
 0864  0.9443202625899157E-002
 0865  0.9443202625899157E-002
 0866  0.9443202625899157E-002
 0867  0.9443202625899157E-002
 0868  0.9443202625899157E-002
 0869  0.9443202625899157E-002
 0870  0.9443202625899157E-002
 0871  0.9443202625899157E-002
 0872  0.9443202625899157E-002
 0873  0.9443202625899157E-002
 0874  0.9443202625899157E-002
 0875  0.9443202625899157E-002
 0876  0.9443202625899157E-002
 0877  0.9443202625899157E-002
 0878  0.9443202625899157E-002
 0879  0.9443202625899157E-002
 0880  0.9443202625899157E-002
 0881  0.9443202625899157E-002
 0882  0.9443202625899157E-002
 0883  0.9443202625899157E-002
 0884  0.9443202625899157E-002
 0885  0.9443202625899157E-002
 0886  0.9443202625899157E-002
 0887  0.9443202625899157E-002
 0888  0.9443202625899157E-002
 0889  0.9443202625899157E-002
 0890  0.9443202625899157E-002
 0891  0.9443202625899157E-002
 0892  0.9443202625899157E-002
 0893  0.9443202625899157E-002
 0894  0.9443202625899157E-002
 0895  0.9443202625899157E-002
 0896  0.9443202625899157E-002
 0897  0.9443202625899157E-002
 0898  0.9443202625899157E-002
 0899  0.9443202625899157E-002
 0900  0.9443202625899157E-002
 0901  0.9443202625899157E-002
 0902  0.9443202625899157E-002
 0903  0.9443202625899157E-002
 0904  0.9443202625899157E-002
 0905  0.9443202625899157E-002
 0906  0.9443202625899157E-002
 0907  0.9443202625899157E-002
 0908  0.9443202625899157E-002
 0909  0.9443202625899157E-002
 0910  0.9443202625899157E-002
 0911  0.9443202625899157E-002
 0912  0.9443202625899157E-002
 0913  0.9443202625899157E-002
 0914  0.9443202625899157E-002
 0915  0.9443202625899157E-002
 0916  0.9443202625899157E-002
 0917  0.9443202625899157E-002
 0918  0.9443202625899157E-002
 0919  0.9443202625899157E-002
 0920  0.9443202625899157E-002
 0921  0.9443202625899157E-002
 0922  0.9443202625899157E-002
 0923  0.9443202625899157E-002
 0924  0.9443202625899157E-002
 0925  0.9443202625899157E-002
 0926  0.9443202625899157E-002
 0927  0.9443202625899157E-002
 0928  0.9443202625899157E-002
 0929  0.9443202625899157E-002
 0930  0.9443202625899157E-002
 0931  0.9443202625899157E-002
 0932  0.9443202625899157E-002
 0933  0.9443202625899157E-002
 0934  0.9443202625899157E-002
 0935  0.9443202625899157E-002
 0936  0.9443202625899157E-002
 0937  0.9443202625899157E-002
 0938  0.9443202625899157E-002
 0939  0.9443202625899157E-002
 0940  0.9443202625899157E-002
 0941  0.9443202625899157E-002
 0942  0.9443202625899157E-002
 0943  0.9443202625899157E-002
 0944  0.9443202625899157E-002
 0945  0.9443202625899157E-002
 0946  0.9443202625899157E-002
 0947  0.9443202625899157E-002
 0948  0.9443202625899157E-002
 0949  0.9443202625899157E-002
 0950  0.9443202625899157E-002
 0951  0.9443202625899157E-002
 0952  0.9443202625899157E-002
 0953  0.9443202625899157E-002
 0954  0.9443202625899157E-002
 0955  0.9443202625899157E-002
 0956  0.9443202625899157E-002
 0957  0.9443202625899157E-002
 0958  0.9443202625899157E-002
 0959  0.9443202625899157E-002
 0960  0.9443202625899157E-002
 0961  0.9443202625899157E-002
 0962  0.9443202625899157E-002
 0963  0.9443202625899157E-002
 0964  0.9443202625899157E-002
 0965  0.9443202625899157E-002
 0966  0.9443202625899157E-002
 0967  0.9443202625899157E-002
 0968  0.9443202625899157E-002
 0969  0.9443202625899157E-002
 0970  0.9443202625899157E-002
 0971  0.9443202625899157E-002
 0972  0.9443202625899157E-002
 0973  0.9443202625899157E-002
 0974  0.9443202625899157E-002
 0975  0.9443202625899157E-002
 0976  0.9443202625899157E-002
 0977  0.9443202625899157E-002
 0978  0.9443202625899157E-002
 0979  0.9443202625899157E-002
 0980  0.9443202625899157E-002
 0981  0.9443202625899157E-002
 0982  0.9443202625899157E-002
 0983  0.9443202625899157E-002
 0984  0.9443202625899157E-002
 0985  0.9443202625899157E-002
 0986  0.9443202625899157E-002
 0987  0.9443202625899157E-002
 0988  0.9443202625899157E-002
 0989  0.9443202625899157E-002
 0990  0.9443202625899157E-002
 0991  0.9443202625899157E-002
 0992  0.9443202625899157E-002
 0993  0.9443202625899157E-002
 0994  0.9443202625899157E-002
 0995  0.9443202625899157E-002
 0996  0.9443202625899157E-002
 0997  0.9443202625899157E-002
 0998  0.9443202625899157E-002
 0999  0.9443202625899157E-002
 1000  0.9443202625899157E-002
