 0001  0.1260380087910707E-002
 0002  0.1260380087910707E-002
 0003  0.1252754542494840E-002
 0004  0.1252754542494840E-002
 0005  0.1252754542494841E-002
 0006  0.1244352936718470E-002
 0007  0.1244352936718470E-002
 0008  0.1244352936718470E-002
 0009  0.1235150235797722E-002
 0010  0.1235150235797722E-002
 0011  0.1235150235797722E-002
 0012  0.1226057753802082E-002
 0013  0.1226057753802082E-002
 0014  0.1226057753802082E-002
 0015  0.1216074605352963E-002
 0016  0.1216074605352963E-002
 0017  0.1216074605352963E-002
 0018  0.1206193626616049E-002
 0019  0.1206193626616049E-002
 0020  0.1195533919288055E-002
 0021  0.1195533919288055E-002
 0022  0.1195533919288055E-002
 0023  0.1183922751387970E-002
 0024  0.1183922751387971E-002
 0025  0.1183922751387971E-002
 0026  0.1172398580015677E-002
 0027  0.1172398580015677E-002
 0028  0.1160001921469033E-002
 0029  0.1160001921469033E-002
 0030  0.1146737240354370E-002
 0031  0.1146737240354371E-002
 0032  0.1146737240354371E-002
 0033  0.1133534573222441E-002
 0034  0.1133534573222441E-002
 0035  0.1119443841161372E-002
 0036  0.1119443841161372E-002
 0037  0.1105680322528984E-002
 0038  0.1105680322528984E-002
 0039  0.1090937670383901E-002
 0040  0.1090937670383901E-002
 0041  0.1075219961655825E-002
 0042  0.1075219961655825E-002
 0043  0.1059867247829478E-002
 0044  0.1059867247829478E-002
 0045  0.1043439501830997E-002
 0046  0.1043439501830997E-002
 0047  0.1026027760400153E-002
 0048  0.1026027760400153E-002
 0049  0.1009020352511966E-002
 0050  0.9914184650331619E-003
 0051  0.9914184650331619E-003
 0052  0.9727535014598202E-003
 0053  0.9727535014598202E-003
 0054  0.9530400255476335E-003
 0055  0.9530400255476335E-003
 0056  0.9337843338028330E-003
 0057  0.9140279194445711E-003
 0058  0.9140279194445711E-003
 0059  0.8931580094330459E-003
 0060  0.8931580094330459E-003
 0061  0.8727727381742506E-003
 0062  0.8520112833691856E-003
 0063  0.8520112833691855E-003
 0064  0.8301313681167353E-003
 0065  0.8080609218165255E-003
 0066  0.8080609218165254E-003
 0067  0.7865029929905751E-003
 0068  0.7865029929905752E-003
 0069  0.7637211101755885E-003
 0070  0.7408236713458121E-003
 0071  0.7408236713458120E-003
 0072  0.7167790132117526E-003
 0073  0.6944299774355333E-003
 0074  0.6944299774355333E-003
 0075  0.6708521250776271E-003
 0076  0.6474086554899173E-003
 0077  0.6242074734068098E-003
 0078  0.6242074734068100E-003
 0079  0.6000772296402838E-003
 0080  0.5764625264899404E-003
 0081  0.5764625264899404E-003
 0082  0.5533962013764230E-003
 0083  0.5307636035380672E-003
 0084  0.5086253067847867E-003
 0085  0.5086253067847867E-003
 0086  0.4856223390906949E-003
 0087  0.4633516671786106E-003
 0088  0.4412177606422779E-003
 0089  0.4412177606422779E-003
 0090  0.4190626203703137E-003
 0091  0.3984049329612663E-003
 0092  0.3790597926528718E-003
 0093  0.3608731117258806E-003
 0094  0.3437152729629298E-003
 0095  0.3437152729629298E-003
 0096  0.3260952703793364E-003
 0097  0.3094628603805213E-003
 0098  0.2937125518016484E-003
 0099  0.2787398495278624E-003
 0100  0.2515933039497564E-003
 0101  0.2393124514069831E-003
 0102  0.2276037232201473E-003
 0103  0.2164439941427025E-003
 0104  0.2058108733375827E-003
 0105  0.1956826964984668E-003
 0106  0.1860385179292603E-003
 0107  0.1768534527596127E-003
 0108  0.1681093870182268E-003
 0109  0.1595498254726249E-003
 0110  0.1514481419437980E-003
 0111  0.1371081173747796E-003
 0112  0.1307514074859305E-003
 0113  0.1246956169121113E-003
 0114  0.1189286355674753E-003
 0115  0.1134387291883226E-003
 0116  0.1082145399537918E-003
 0117  0.1032450894426181E-003
 0118  0.9841466161703347E-004
 0119  0.9384019907617732E-004
 0120  0.8571685502926069E-004
 0121  0.8210732471291714E-004
 0122  0.7867301675372186E-004
 0123  0.7540682183502397E-004
 0124  0.7230202777892409E-004
 0125  0.6930478140542771E-004
 0126  0.6646738008317371E-004
 0127  0.6378253144499135E-004
 0128  0.6124349223602165E-004
 0129  0.5884386528798655E-004
 0130  0.5458934981548759E-004
 0131  0.5270721732441430E-004
 0132  0.5091619270751351E-004
 0133  0.4922971914471302E-004
 0134  0.4764445390686428E-004
 0135  0.4615741536994341E-004
 0136  0.4476643164504266E-004
 0137  0.4349653353195999E-004
 0138  0.4164904097359764E-004
 0139  0.4120908460934751E-004
 0140  0.4113679770004899E-004
 0141  0.4167592444982313E-004
 0142  0.4293155415069601E-004
 0143  0.4507280143779476E-004
 0144  0.4829145371302717E-004
 0145  0.5499867749174788E-004
 0146  0.1198040737041678E-003
 0147  0.1995281162411194E-003
 0148  0.3285513974672404E-003
 0149  0.5237706080604561E-003
 0150  0.8019629408902852E-003
 0151  0.1357623931328339E-002
 0152  0.2056467826273881E-002
 0153  0.3876040169516913E-002
 0154  0.5042628415793990E-002
 0155  0.6419358152662799E-002
 0156  0.8302259971788786E-002
 0157  0.1039390787047756E-001
 0158  0.1272835922704623E-001
 0159  0.1530597346941116E-001
 0160  0.2101953525677167E-001
 0161  0.2454461823680916E-001
 0162  0.2830048187485128E-001
 0163  0.3228344612148700E-001
 0164  0.3648998350568116E-001
 0165  0.4093930032123484E-001
 0166  0.4562358939453415E-001
 0167  0.5620882940825794E-001
 0168  0.6164185155741918E-001
 0169  0.6726563817530107E-001
 0170  0.7307218815649305E-001
 0171  0.7949523072593880E-001
 0172  0.8606101248531860E-001
 0173  0.9924088135893734E-001
 0174  0.1058642189072285E+000
 0175  0.1130299275774188E+000
 0176  0.1202847006190175E+000
 0177  0.1276348349439798E+000
 0178  0.1350730061751907E+000
 0179  0.1501878098891747E+000
 0180  0.1578381961488550E+000
 0181  0.1655376013678679E+000
 0182  0.1732896602412742E+000
 0183  0.1814397398217232E+000
 0184  0.1895967723576542E+000
 0185  0.2055528921517790E+000
 0186  0.2133583064792827E+000
 0187  0.2214967642367674E+000
 0188  0.2296202874959323E+000
 0189  0.2377257100957108E+000
 0190  0.2537954145651143E+000
 0191  0.2617477633907840E+000
 0192  0.2696701463229438E+000
 0193  0.2775600065173133E+000
 0194  0.2856755342792195E+000
 0195  0.3013894177196110E+000
 0196  0.3090039844658702E+000
 0197  0.3168030343626676E+000
 0198  0.3245414589743283E+000
 0199  0.3322182736999109E+000
 0200  0.3472728053087756E+000
 0201  0.3546475595053864E+000
 0202  0.3619591316787977E+000
 0203  0.3693933681986921E+000
 0204  0.3837329871018280E+000
 0205  0.3906535607096937E+000
 0206  0.3976749441114835E+000
 0207  0.4046210902816439E+000
 0208  0.4114938865148357E+000
 0209  0.4250389710436424E+000
 0210  0.4315638400531096E+000
 0211  0.4380188570143156E+000
 0212  0.4445366929253944E+000
 0213  0.4570938220484984E+000
 0214  0.4632642749908439E+000
 0215  0.4693607003686845E+000
 0216  0.4753846457214910E+000
 0217  0.4872070001812138E+000
 0218  0.4928996554633785E+000
 0219  0.4986232709510531E+000
 0220  0.5042734565154489E+000
 0221  0.5152478428071120E+000
 0222  0.5205759698885121E+000
 0223  0.5258373827123427E+000
 0224  0.5311145174012838E+000
 0225  0.5413530665006255E+000
 0226  0.5463188205691935E+000
 0227  0.5512199642687727E+000
 0228  0.5608013371958440E+000
 0229  0.5654162348007455E+000
 0230  0.5700352256160459E+000
 0231  0.5745924876066154E+000
 0232  0.5834909441093226E+000
 0233  0.5877773236019180E+000
 0234  0.5920615549930114E+000
 0235  0.6003708384344519E+000
 0236  0.6043999959189009E+000
 0237  0.6084224928556614E+000
 0238  0.6123902660352392E+000
 0239  0.6200845856657973E+000
 0240  0.6238151785143826E+000
 0241  0.6275365732265521E+000
 0242  0.6347527001659740E+000
 0243  0.6382512422833510E+000
 0244  0.6417384461055020E+000
 0245  0.6485011919017747E+000
 0246  0.6517802593264955E+000
 0247  0.6550467243302014E+000
 0248  0.6613822554059727E+000
 0249  0.6644545613914282E+000
 0250  0.6675134081185963E+000
 0251  0.6734473433217978E+000
 0252  0.6763254827036100E+000
 0253  0.6791898065580243E+000
 0254  0.6847478057594347E+000
 0255  0.6874653140081350E+000
 0256  0.6927396880057277E+000
 0257  0.6952991515201669E+000
 0258  0.6978446193750848E+000
 0259  0.7028040321469832E+000
 0260  0.7052191157177538E+000
 0261  0.7076032123524711E+000
 0262  0.7122641646265729E+000
 0263  0.7145265364769416E+000
 0264  0.7189495827280082E+000
 0265  0.7210972629697053E+000
 0266  0.7232311822075779E+000
 0267  0.7273893650513025E+000
 0268  0.7294147355679141E+000
 0269  0.7333731677080556E+000
 0270  0.7352961651448193E+000
 0271  0.7390551268893510E+000
 0272  0.7408914387030717E+000
 0273  0.7427053887968831E+000
 0274  0.7462505258560689E+000
 0275  0.7479821448732077E+000
 0276  0.7513658068116178E+000
 0277  0.7530108731333164E+000
 0278  0.7562262951868247E+000
 0279  0.7577971230441798E+000
 0280  0.7608672460917153E+000
 0281  0.7623670407807395E+000
 0282  0.7652983187648724E+000
 0283  0.7667303161877035E+000
 0284  0.7695291098867323E+000
 0285  0.7708963389727485E+000
 0286  0.7735684149841052E+000
 0287  0.7748737148696436E+000
 0288  0.7774247764529979E+000
 0289  0.7786709994479073E+000
 0290  0.7811103329598177E+000
 0291  0.7823037063597835E+000
 0292  0.7846358785056889E+000
 0293  0.7857751523776255E+000
 0294  0.7880077441608123E+000
 0295  0.7901600583545426E+000
 0296  0.7912129885757102E+000
 0297  0.7932736480781438E+000
 0298  0.7942817064093828E+000
 0299  0.7962566922436674E+000
 0300  0.7981635166691111E+000
 0301  0.7990973279436367E+000
 0302  0.8009249764854186E+000
 0303  0.8018208073336694E+000
 0304  0.8035740865275035E+000
 0305  0.8052703084568347E+000
 0306  0.8061016123466657E+000
 0307  0.8077313517483430E+000
 0308  0.8093079863859062E+000
 0309  0.8100806146524759E+000
 0310  0.8115952731032484E+000
 0311  0.8130617227585638E+000
 0312  0.8137808100390092E+000
 0313  0.8151913201396918E+000
 0314  0.8165585304517651E+000
 0315  0.8178837785810381E+000
 0316  0.8185342111504079E+000
 0317  0.8198111308257116E+000
 0318  0.8210492449864824E+000
 0319  0.8222502905316053E+000
 0320  0.8228403113873376E+000
 0321  0.8239987823707904E+000
 0322  0.8251234720287184E+000
 0323  0.8262159590394951E+000
 0324  0.8272773125149392E+000
 0325  0.8283087970862184E+000
 0326  0.8288158861642151E+000
 0327  0.8298128694745804E+000
 0328  0.8307822411895439E+000
 0329  0.8317252534564910E+000
 0330  0.8326427629370331E+000
 0331  0.8335357517783628E+000
 0332  0.8344050092687807E+000
 0333  0.8352514823074267E+000
 0334  0.8360759685309391E+000
 0335  0.8368792969543335E+000
 0336  0.8376604982327850E+000
 0337  0.8384181299298959E+000
 0338  0.8391531588917800E+000
 0339  0.8398665020363457E+000
 0340  0.8405590294436356E+000
 0341  0.8412315672241112E+000
 0342  0.8418849001829938E+000
 0343  0.8425197742971203E+000
 0344  0.8431368990193004E+000
 0345  0.8437369494238077E+000
 0346  0.8446033771627285E+000
 0347  0.8451595983514836E+000
 0348  0.8457010425728123E+000
 0349  0.8462282439557863E+000
 0350  0.8467417122534829E+000
 0351  0.8474847180721129E+000
 0352  0.8479627121786852E+000
 0353  0.8484287214575751E+000
 0354  0.8491039273924310E+000
 0355  0.8495388568366703E+000
 0356  0.8499632741817885E+000
 0357  0.8505789557517200E+000
 0358  0.8509760104165732E+000
 0359  0.8515524841387411E+000
 0360  0.8519245614434653E+000
 0361  0.8524652025690510E+000
 0362  0.8528144259039659E+000
 0363  0.8533222435323301E+000
 0364  0.8536505087296462E+000
 0365  0.8541281932939675E+000
 0366  0.8545878520217094E+000
 0367  0.8548853300739786E+000
 0368  0.8553186981539941E+000
 0369  0.8557362816157081E+000
 0370  0.8561388625024094E+000
 0371  0.8565271732317150E+000
 0372  0.8569019004169278E+000
 0373  0.8572636883441899E+000
 0374  0.8576131421407935E+000
 0375  0.8579508306659328E+000
 0376  0.8582772891516555E+000
 0377  0.8585930216186450E+000
 0378  0.8588985030887476E+000
 0379  0.8591941816137701E+000
 0380  0.8595732165902654E+000
 0381  0.8598466406326879E+000
 0382  0.8601116291060599E+000
 0383  0.8604518255009351E+000
 0384  0.8607773003838326E+000
 0385  0.8610125615418300E+000
 0386  0.8613150546000715E+000
 0387  0.8616049560383250E+000
 0388  0.8618829565386216E+000
 0389  0.8621496983045328E+000
 0390  0.8624057792087251E+000
 0391  0.8626517565243979E+000
 0392  0.8628881502882794E+000
 0393  0.8631154463367299E+000
 0394  0.8633871333527932E+000
 0395  0.8636455280067896E+000
 0396  0.8638434245357908E+000
 0397  0.8640804028987270E+000
 0398  0.8643062319815165E+000
 0399  0.8645215777122710E+000
 0400  0.8647667918629501E+000
 0401  0.8649608163821053E+000
 0402  0.8651820728260615E+000
 0403  0.8653913302828973E+000
 0404  0.8655893942154740E+000
 0405  0.8658071415036829E+000
 0406  0.8660114292180832E+000
 0407  0.8662032679855330E+000
 0408  0.8663835743077433E+000
 0409  0.8665764643985699E+000
 0410  0.8667562888386566E+000
 0411  0.8669441755694814E+000
 0412  0.8671364227107266E+000
 0413  0.8673128302601817E+000
 0414  0.8674749049087211E+000
 0415  0.8676522003816090E+000
 0416  0.8678251477025599E+000
 0417  0.8679804070417418E+000
 0418  0.8681500171534845E+000
 0419  0.8683074639701864E+000
 0420  0.8684669106510704E+000
 0421  0.8686211552681148E+000
 0422  0.8687743978923252E+000
 0423  0.8689274334138626E+000
 0424  0.8690769024534241E+000
 0425  0.8691737507100685E+000
 0426  0.8691737507100685E+000
 0427  0.8691737507100685E+000
 0428  0.8691737507100685E+000
 0429  0.8691737507100685E+000
 0430  0.8691737507100685E+000
 0431  0.8691737507100685E+000
 0432  0.8691737507100685E+000
 0433  0.8691737507100685E+000
 0434  0.8691737507100685E+000
 0435  0.8691737507100685E+000
 0436  0.8691737507100685E+000
 0437  0.8691737507100685E+000
 0438  0.8691737507100685E+000
 0439  0.8691737507100685E+000
 0440  0.8691737507100685E+000
 0441  0.8691737507100685E+000
 0442  0.8691737507100685E+000
 0443  0.8691737507100685E+000
 0444  0.8691737507100685E+000
 0445  0.8691737507100685E+000
 0446  0.8691737507100685E+000
 0447  0.8691737507100685E+000
 0448  0.8691737507100685E+000
 0449  0.8691737507100685E+000
 0450  0.8691737507100685E+000
 0451  0.8691737507100685E+000
 0452  0.8691737507100685E+000
 0453  0.8691737507100685E+000
 0454  0.8691737507100685E+000
 0455  0.8691737507100685E+000
 0456  0.8691737507100685E+000
 0457  0.8691737507100685E+000
 0458  0.8691737507100685E+000
 0459  0.8691737507100685E+000
 0460  0.8691737507100685E+000
 0461  0.8691737507100685E+000
 0462  0.8691737507100685E+000
 0463  0.8691737507100685E+000
 0464  0.8691737507100685E+000
 0465  0.8691737507100685E+000
 0466  0.8691737507100685E+000
 0467  0.8691737507100685E+000
 0468  0.8691737507100685E+000
 0469  0.8691737507100685E+000
 0470  0.8691737507100685E+000
 0471  0.8691737507100685E+000
 0472  0.8691737507100685E+000
 0473  0.8691737507100685E+000
 0474  0.8691737507100685E+000
 0475  0.8691737507100685E+000
 0476  0.8691737507100685E+000
 0477  0.8691737507100685E+000
 0478  0.8691737507100685E+000
 0479  0.8691737507100685E+000
 0480  0.8691737507100685E+000
 0481  0.8691737507100685E+000
 0482  0.8691737507100685E+000
 0483  0.8691737507100685E+000
 0484  0.8691737507100685E+000
 0485  0.8691737507100685E+000
 0486  0.8691737507100685E+000
 0487  0.8691737507100685E+000
 0488  0.8691737507100685E+000
 0489  0.8691737507100685E+000
 0490  0.8691737507100685E+000
 0491  0.8691737507100685E+000
 0492  0.8691737507100685E+000
 0493  0.8691737507100685E+000
 0494  0.8691737507100685E+000
 0495  0.8691737507100685E+000
 0496  0.8691737507100685E+000
 0497  0.8691737507100685E+000
 0498  0.8691737507100685E+000
 0499  0.8691737507100685E+000
 0500  0.8691737507100685E+000
 0501  0.8691737507100685E+000
 0502  0.8691737507100685E+000
 0503  0.8691737507100685E+000
 0504  0.8691737507100685E+000
 0505  0.8691737507100685E+000
 0506  0.8691737507100685E+000
 0507  0.8691737507100685E+000
 0508  0.8691737507100685E+000
 0509  0.8691737507100685E+000
 0510  0.8691737507100685E+000
 0511  0.8691737507100685E+000
 0512  0.8691737507100685E+000
 0513  0.8691737507100685E+000
 0514  0.8691737507100685E+000
 0515  0.8691737507100685E+000
 0516  0.8691737507100685E+000
 0517  0.8691737507100685E+000
 0518  0.8691737507100685E+000
 0519  0.8691737507100685E+000
 0520  0.8691737507100685E+000
 0521  0.8691737507100685E+000
 0522  0.8691737507100685E+000
 0523  0.8691737507100685E+000
 0524  0.8691737507100685E+000
 0525  0.8691737507100685E+000
 0526  0.8691737507100685E+000
 0527  0.8691737507100685E+000
 0528  0.8691737507100685E+000
 0529  0.8691737507100685E+000
 0530  0.8691737507100685E+000
 0531  0.8691737507100685E+000
 0532  0.8691737507100685E+000
 0533  0.8691737507100685E+000
 0534  0.8691737507100685E+000
 0535  0.8691737507100685E+000
 0536  0.8691737507100685E+000
 0537  0.8691737507100685E+000
 0538  0.8691737507100685E+000
 0539  0.8691737507100685E+000
 0540  0.8691737507100685E+000
 0541  0.8691737507100685E+000
 0542  0.8691737507100685E+000
 0543  0.8691737507100685E+000
 0544  0.8691737507100685E+000
 0545  0.8691737507100685E+000
 0546  0.8691737507100685E+000
 0547  0.8691737507100685E+000
 0548  0.8691737507100685E+000
 0549  0.8691737507100685E+000
 0550  0.8691737507100685E+000
 0551  0.8691737507100685E+000
 0552  0.8691737507100685E+000
 0553  0.8691737507100685E+000
 0554  0.8691737507100685E+000
 0555  0.8691737507100685E+000
 0556  0.8691737507100685E+000
 0557  0.8691737507100685E+000
 0558  0.8691737507100685E+000
 0559  0.8691737507100685E+000
 0560  0.8691737507100685E+000
 0561  0.8691737507100685E+000
 0562  0.8691737507100685E+000
 0563  0.8691737507100685E+000
 0564  0.8691737507100685E+000
 0565  0.8691737507100685E+000
 0566  0.8691737507100685E+000
 0567  0.8691737507100685E+000
 0568  0.8691737507100685E+000
 0569  0.8691737507100685E+000
 0570  0.8691737507100685E+000
 0571  0.8691737507100685E+000
 0572  0.8691737507100685E+000
 0573  0.8691737507100685E+000
 0574  0.8691737507100685E+000
 0575  0.8691737507100685E+000
 0576  0.8691737507100685E+000
 0577  0.8691737507100685E+000
 0578  0.8691737507100685E+000
 0579  0.8691737507100685E+000
 0580  0.8691737507100685E+000
 0581  0.8691737507100685E+000
 0582  0.8691737507100685E+000
 0583  0.8691737507100685E+000
 0584  0.8691737507100685E+000
 0585  0.8691737507100685E+000
 0586  0.8691737507100685E+000
 0587  0.8691737507100685E+000
 0588  0.8691737507100685E+000
 0589  0.8691737507100685E+000
 0590  0.8691737507100685E+000
 0591  0.8691737507100685E+000
 0592  0.8691737507100685E+000
 0593  0.8691737507100685E+000
 0594  0.8691737507100685E+000
 0595  0.8691737507100685E+000
 0596  0.8691737507100685E+000
 0597  0.8691737507100685E+000
 0598  0.8691737507100685E+000
 0599  0.8691737507100685E+000
 0600  0.8691737507100685E+000
 0601  0.8691737507100685E+000
 0602  0.8691737507100685E+000
 0603  0.8691737507100685E+000
 0604  0.8691737507100685E+000
 0605  0.8691737507100685E+000
 0606  0.8691737507100685E+000
 0607  0.8691737507100685E+000
 0608  0.8691737507100685E+000
 0609  0.8691737507100685E+000
 0610  0.8691737507100685E+000
 0611  0.8691737507100685E+000
 0612  0.8691737507100685E+000
 0613  0.8691737507100685E+000
 0614  0.8691737507100685E+000
 0615  0.8691737507100685E+000
 0616  0.8691737507100685E+000
 0617  0.8691737507100685E+000
 0618  0.8691737507100685E+000
 0619  0.8691737507100685E+000
 0620  0.8691737507100685E+000
 0621  0.8691737507100685E+000
 0622  0.8691737507100685E+000
 0623  0.8691737507100685E+000
 0624  0.8691737507100685E+000
 0625  0.8691737507100685E+000
 0626  0.8691737507100685E+000
 0627  0.8691737507100685E+000
 0628  0.8691737507100685E+000
 0629  0.8691737507100685E+000
 0630  0.8691737507100685E+000
 0631  0.8691737507100685E+000
 0632  0.8691737507100685E+000
 0633  0.8691737507100685E+000
 0634  0.8691737507100685E+000
 0635  0.8691737507100685E+000
 0636  0.8691737507100685E+000
 0637  0.8691737507100685E+000
 0638  0.8691737507100685E+000
 0639  0.8691737507100685E+000
 0640  0.8691737507100685E+000
 0641  0.8691737507100685E+000
 0642  0.8691737507100685E+000
 0643  0.8691737507100685E+000
 0644  0.8691737507100685E+000
 0645  0.8691737507100685E+000
 0646  0.8691737507100685E+000
 0647  0.8691737507100685E+000
 0648  0.8691737507100685E+000
 0649  0.8691737507100685E+000
 0650  0.8691737507100685E+000
 0651  0.8691737507100685E+000
 0652  0.8691737507100685E+000
 0653  0.8691737507100685E+000
 0654  0.8691737507100685E+000
 0655  0.8691737507100685E+000
 0656  0.8691737507100685E+000
 0657  0.8691737507100685E+000
 0658  0.8691737507100685E+000
 0659  0.8691737507100685E+000
 0660  0.8691737507100685E+000
 0661  0.8691737507100685E+000
 0662  0.8691737507100685E+000
 0663  0.8691737507100685E+000
 0664  0.8691737507100685E+000
 0665  0.8691737507100685E+000
 0666  0.8691737507100685E+000
 0667  0.8691737507100685E+000
 0668  0.8691737507100685E+000
 0669  0.8691737507100685E+000
 0670  0.8691737507100685E+000
 0671  0.8691737507100685E+000
 0672  0.8691737507100685E+000
 0673  0.8691737507100685E+000
 0674  0.8691737507100685E+000
 0675  0.8691737507100685E+000
 0676  0.8691737507100685E+000
 0677  0.8691737507100685E+000
 0678  0.8691737507100685E+000
 0679  0.8691737507100685E+000
 0680  0.8691737507100685E+000
 0681  0.8691737507100685E+000
 0682  0.8691737507100685E+000
 0683  0.8691737507100685E+000
 0684  0.8691737507100685E+000
 0685  0.8691737507100685E+000
 0686  0.8691737507100685E+000
 0687  0.8691737507100685E+000
 0688  0.8691737507100685E+000
 0689  0.8691737507100685E+000
 0690  0.8691737507100685E+000
 0691  0.8691737507100685E+000
 0692  0.8691737507100685E+000
 0693  0.8691737507100685E+000
 0694  0.8691737507100685E+000
 0695  0.8691737507100685E+000
 0696  0.8691737507100685E+000
 0697  0.8691737507100685E+000
 0698  0.8691737507100685E+000
 0699  0.8691737507100685E+000
 0700  0.8691737507100685E+000
 0701  0.8691737507100685E+000
 0702  0.8691737507100685E+000
 0703  0.8691737507100685E+000
 0704  0.8691737507100685E+000
 0705  0.8691737507100685E+000
 0706  0.8691737507100685E+000
 0707  0.8691737507100685E+000
 0708  0.8691737507100685E+000
 0709  0.8691737507100685E+000
 0710  0.8691737507100685E+000
 0711  0.8691737507100685E+000
 0712  0.8691737507100685E+000
 0713  0.8691737507100685E+000
 0714  0.8691737507100685E+000
 0715  0.8691737507100685E+000
 0716  0.8691737507100685E+000
 0717  0.8691737507100685E+000
 0718  0.8691737507100685E+000
 0719  0.8691737507100685E+000
 0720  0.8691737507100685E+000
 0721  0.8691737507100685E+000
 0722  0.8691737507100685E+000
 0723  0.8691737507100685E+000
 0724  0.8691737507100685E+000
 0725  0.8691737507100685E+000
 0726  0.8691737507100685E+000
 0727  0.8691737507100685E+000
 0728  0.8691737507100685E+000
 0729  0.8691737507100685E+000
 0730  0.8691737507100685E+000
 0731  0.8691737507100685E+000
 0732  0.8691737507100685E+000
 0733  0.8691737507100685E+000
 0734  0.8691737507100685E+000
 0735  0.8691737507100685E+000
 0736  0.8691737507100685E+000
 0737  0.8691737507100685E+000
 0738  0.8691737507100685E+000
 0739  0.8691737507100685E+000
 0740  0.8691737507100685E+000
 0741  0.8691737507100685E+000
 0742  0.8691737507100685E+000
 0743  0.8691737507100685E+000
 0744  0.8691737507100685E+000
 0745  0.8691737507100685E+000
 0746  0.8691737507100685E+000
 0747  0.8691737507100685E+000
 0748  0.8691737507100685E+000
 0749  0.8691737507100685E+000
 0750  0.8691737507100685E+000
 0751  0.8691737507100685E+000
 0752  0.8691737507100685E+000
 0753  0.8691737507100685E+000
 0754  0.8691737507100685E+000
 0755  0.8691737507100685E+000
 0756  0.8691737507100685E+000
 0757  0.8691737507100685E+000
 0758  0.8691737507100685E+000
 0759  0.8691737507100685E+000
 0760  0.8691737507100685E+000
 0761  0.8691737507100685E+000
 0762  0.8691737507100685E+000
 0763  0.8691737507100685E+000
 0764  0.8691737507100685E+000
 0765  0.8691737507100685E+000
 0766  0.8691737507100685E+000
 0767  0.8691737507100685E+000
 0768  0.8691737507100685E+000
 0769  0.8691737507100685E+000
 0770  0.8691737507100685E+000
 0771  0.8691737507100685E+000
 0772  0.8691737507100685E+000
 0773  0.8691737507100685E+000
 0774  0.8691737507100685E+000
 0775  0.8691737507100685E+000
 0776  0.8691737507100685E+000
 0777  0.8691737507100685E+000
 0778  0.8691737507100685E+000
 0779  0.8691737507100685E+000
 0780  0.8691737507100685E+000
 0781  0.8691737507100685E+000
 0782  0.8691737507100685E+000
 0783  0.8691737507100685E+000
 0784  0.8691737507100685E+000
 0785  0.8691737507100685E+000
 0786  0.8691737507100685E+000
 0787  0.8691737507100685E+000
 0788  0.8691737507100685E+000
 0789  0.8691737507100685E+000
 0790  0.8691737507100685E+000
 0791  0.8691737507100685E+000
 0792  0.8691737507100685E+000
 0793  0.8691737507100685E+000
 0794  0.8691737507100685E+000
 0795  0.8691737507100685E+000
 0796  0.8691737507100685E+000
 0797  0.8691737507100685E+000
 0798  0.8691737507100685E+000
 0799  0.8691737507100685E+000
 0800  0.8691737507100685E+000
 0801  0.8691737507100685E+000
 0802  0.8691737507100685E+000
 0803  0.8691737507100685E+000
 0804  0.8691737507100685E+000
 0805  0.8691737507100685E+000
 0806  0.8691737507100685E+000
 0807  0.8691737507100685E+000
 0808  0.8691737507100685E+000
 0809  0.8691737507100685E+000
 0810  0.8691737507100685E+000
 0811  0.8691737507100685E+000
 0812  0.8691737507100685E+000
 0813  0.8691737507100685E+000
 0814  0.8691737507100685E+000
 0815  0.8691737507100685E+000
 0816  0.8691737507100685E+000
 0817  0.8691737507100685E+000
 0818  0.8691737507100685E+000
 0819  0.8691737507100685E+000
 0820  0.8691737507100685E+000
 0821  0.8691737507100685E+000
 0822  0.8691737507100685E+000
 0823  0.8691737507100685E+000
 0824  0.8691737507100685E+000
 0825  0.8691737507100685E+000
 0826  0.8691737507100685E+000
 0827  0.8691737507100685E+000
 0828  0.8691737507100685E+000
 0829  0.8691737507100685E+000
 0830  0.8691737507100685E+000
 0831  0.8691737507100685E+000
 0832  0.8691737507100685E+000
 0833  0.8691737507100685E+000
 0834  0.8691737507100685E+000
 0835  0.8691737507100685E+000
 0836  0.8691737507100685E+000
 0837  0.8691737507100685E+000
 0838  0.8691737507100685E+000
 0839  0.8691737507100685E+000
 0840  0.8691737507100685E+000
 0841  0.8691737507100685E+000
 0842  0.8691737507100685E+000
 0843  0.8691737507100685E+000
 0844  0.8691737507100685E+000
 0845  0.8691737507100685E+000
 0846  0.8691737507100685E+000
 0847  0.8691737507100685E+000
 0848  0.8691737507100685E+000
 0849  0.8691737507100685E+000
 0850  0.8691737507100685E+000
 0851  0.8691737507100685E+000
 0852  0.8691737507100685E+000
 0853  0.8691737507100685E+000
 0854  0.8691737507100685E+000
 0855  0.8691737507100685E+000
 0856  0.8691737507100685E+000
 0857  0.8691737507100685E+000
 0858  0.8691737507100685E+000
 0859  0.8691737507100685E+000
 0860  0.8691737507100685E+000
 0861  0.8691737507100685E+000
 0862  0.8691737507100685E+000
 0863  0.8691737507100685E+000
 0864  0.8691737507100685E+000
 0865  0.8691737507100685E+000
 0866  0.8691737507100685E+000
 0867  0.8691737507100685E+000
 0868  0.8691737507100685E+000
 0869  0.8691737507100685E+000
 0870  0.8691737507100685E+000
 0871  0.8691737507100685E+000
 0872  0.8691737507100685E+000
 0873  0.8691737507100685E+000
 0874  0.8691737507100685E+000
 0875  0.8691737507100685E+000
 0876  0.8691737507100685E+000
 0877  0.8691737507100685E+000
 0878  0.8691737507100685E+000
 0879  0.8691737507100685E+000
 0880  0.8691737507100685E+000
 0881  0.8691737507100685E+000
 0882  0.8691737507100685E+000
 0883  0.8691737507100685E+000
 0884  0.8691737507100685E+000
 0885  0.8691737507100685E+000
 0886  0.8691737507100685E+000
 0887  0.8691737507100685E+000
 0888  0.8691737507100685E+000
 0889  0.8691737507100685E+000
 0890  0.8691737507100685E+000
 0891  0.8691737507100685E+000
 0892  0.8691737507100685E+000
 0893  0.8691737507100685E+000
 0894  0.8691737507100685E+000
 0895  0.8691737507100685E+000
 0896  0.8691737507100685E+000
 0897  0.8691737507100685E+000
 0898  0.8691737507100685E+000
 0899  0.8691737507100685E+000
 0900  0.8691737507100685E+000
 0901  0.8691737507100685E+000
 0902  0.8691737507100685E+000
 0903  0.8691737507100685E+000
 0904  0.8691737507100685E+000
 0905  0.8691737507100685E+000
 0906  0.8691737507100685E+000
 0907  0.8691737507100685E+000
 0908  0.8691737507100685E+000
 0909  0.8691737507100685E+000
 0910  0.8691737507100685E+000
 0911  0.8691737507100685E+000
 0912  0.8691737507100685E+000
 0913  0.8691737507100685E+000
 0914  0.8691737507100685E+000
 0915  0.8691737507100685E+000
 0916  0.8691737507100685E+000
 0917  0.8691737507100685E+000
 0918  0.8691737507100685E+000
 0919  0.8691737507100685E+000
 0920  0.8691737507100685E+000
 0921  0.8691737507100685E+000
 0922  0.8691737507100685E+000
 0923  0.8691737507100685E+000
 0924  0.8691737507100685E+000
 0925  0.8691737507100685E+000
 0926  0.8691737507100685E+000
 0927  0.8691737507100685E+000
 0928  0.8691737507100685E+000
 0929  0.8691737507100685E+000
 0930  0.8691737507100685E+000
 0931  0.8691737507100685E+000
 0932  0.8691737507100685E+000
 0933  0.8691737507100685E+000
 0934  0.8691737507100685E+000
 0935  0.8691737507100685E+000
 0936  0.8691737507100685E+000
 0937  0.8691737507100685E+000
 0938  0.8691737507100685E+000
 0939  0.8691737507100685E+000
 0940  0.8691737507100685E+000
 0941  0.8691737507100685E+000
 0942  0.8691737507100685E+000
 0943  0.8691737507100685E+000
 0944  0.8691737507100685E+000
 0945  0.8691737507100685E+000
 0946  0.8691737507100685E+000
 0947  0.8691737507100685E+000
 0948  0.8691737507100685E+000
 0949  0.8691737507100685E+000
 0950  0.8691737507100685E+000
 0951  0.8691737507100685E+000
 0952  0.8691737507100685E+000
 0953  0.8691737507100685E+000
 0954  0.8691737507100685E+000
 0955  0.8691737507100685E+000
 0956  0.8691737507100685E+000
 0957  0.8691737507100685E+000
 0958  0.8691737507100685E+000
 0959  0.8691737507100685E+000
 0960  0.8691737507100685E+000
 0961  0.8691737507100685E+000
 0962  0.8691737507100685E+000
 0963  0.8691737507100685E+000
 0964  0.8691737507100685E+000
 0965  0.8691737507100685E+000
 0966  0.8691737507100685E+000
 0967  0.8691737507100685E+000
 0968  0.8691737507100685E+000
 0969  0.8691737507100685E+000
 0970  0.8691737507100685E+000
 0971  0.8691737507100685E+000
 0972  0.8691737507100685E+000
 0973  0.8691737507100685E+000
 0974  0.8691737507100685E+000
 0975  0.8691737507100685E+000
 0976  0.8691737507100685E+000
 0977  0.8691737507100685E+000
 0978  0.8691737507100685E+000
 0979  0.8691737507100685E+000
 0980  0.8691737507100685E+000
 0981  0.8691737507100685E+000
 0982  0.8691737507100685E+000
 0983  0.8691737507100685E+000
 0984  0.8691737507100685E+000
 0985  0.8691737507100685E+000
 0986  0.8691737507100685E+000
 0987  0.8691737507100685E+000
 0988  0.8691737507100685E+000
 0989  0.8691737507100685E+000
 0990  0.8691737507100685E+000
 0991  0.8691737507100685E+000
 0992  0.8691737507100685E+000
 0993  0.8691737507100685E+000
 0994  0.8691737507100685E+000
 0995  0.8691737507100685E+000
 0996  0.8691737507100685E+000
 0997  0.8691737507100685E+000
 0998  0.8691737507100685E+000
 0999  0.8691737507100685E+000
 1000  0.8691737507100685E+000
