 0001  0.2784488000000000E+034
 0002  0.2791956653834792E+034
 0003  0.2799602867194455E+034
 0004  0.2807430861373156E+034
 0005  0.2815444958021968E+034
 0006  0.2823649581534750E+034
 0007  0.2832049261490755E+034
 0008  0.2840648635155297E+034
 0009  0.2849452450039881E+034
 0010  0.2858465566523192E+034
 0011  0.2867692960534391E+034
 0012  0.2877139726300214E+034
 0013  0.2886811079157373E+034
 0014  0.2896712358431815E+034
 0015  0.2906849030386447E+034
 0016  0.2917226691238924E+034
 0017  0.2927851070251191E+034
 0018  0.2938728032892475E+034
 0019  0.2949863584077470E+034
 0020  0.2961263871481509E+034
 0021  0.2972935188934554E+034
 0022  0.2984883979895866E+034
 0023  0.2997116841011290E+034
 0024  0.3009640525755110E+034
 0025  0.3022461948158477E+034
 0026  0.3035588186626488E+034
 0027  0.3049026487846002E+034
 0028  0.3062784270786370E+034
 0029  0.3076869130795269E+034
 0030  0.3091288843791919E+034
 0031  0.3106051370559976E+034
 0032  0.3121164861142505E+034
 0033  0.3136637659341417E+034
 0034  0.3152478307323889E+034
 0035  0.3168695550338293E+034
 0036  0.3185298341542242E+034
 0037  0.3202295846945417E+034
 0038  0.3219697450469905E+034
 0039  0.3237512759130838E+034
 0040  0.3255751608340206E+034
 0041  0.3274424067336750E+034
 0042  0.3293540444744955E+034
 0043  0.3313111294266197E+034
 0044  0.3333147420505195E+034
 0045  0.3353659884934973E+034
 0046  0.3374660012003648E+034
 0047  0.3396159395386380E+034
 0048  0.3418169904385976E+034
 0049  0.3440703690485645E+034
 0050  0.3463773194057551E+034
 0051  0.3487391151230846E+034
 0052  0.3511570600922989E+034
 0053  0.3536324892038223E+034
 0054  0.3561667690837190E+034
 0055  0.3587612988481755E+034
 0056  0.3614175108759192E+034
 0057  0.3641368715990014E+034
 0058  0.3669208823123793E+034
 0059  0.3697710800027460E+034
 0060  0.3726890381970647E+034
 0061  0.3756763678312754E+034
 0062  0.3787347181396551E+034
 0063  0.3818657775653209E+034
 0064  0.3850712746923797E+034
 0065  0.3883529792002390E+034
 0066  0.3917127028406044E+034
 0067  0.3951523004377062E+034
 0068  0.3986736709123032E+034
 0069  0.4022787583300325E+034
 0070  0.4059695529746822E+034
 0071  0.4097480924469800E+034
 0072  0.4136164627895051E+034
 0073  0.4175767996383425E+034
 0074  0.4216312894021175E+034
 0075  0.4257821704690607E+034
 0076  0.4300317344427690E+034
 0077  0.4343823274073462E+034
 0078  0.4388363512226204E+034
 0079  0.4433962648501547E+034
 0080  0.4480645857107815E+034
 0081  0.4528438910744111E+034
 0082  0.4577368194828823E+034
 0083  0.4627460722066385E+034
 0084  0.4678744147360357E+034
 0085  0.4731246783081047E+034
 0086  0.4784997614696099E+034
 0087  0.4840026316772694E+034
 0088  0.4896363269360167E+034
 0089  0.4954039574762128E+034
 0090  0.5013087074707309E+034
 0091  0.5073538367928624E+034
 0092  0.5135426828160166E+034
 0093  0.5198786622562061E+034
 0094  0.5263652730583352E+034
 0095  0.5330060963273317E+034
 0096  0.5398047983051928E+034
 0097  0.5467651323950286E+034
 0098  0.5538909412332282E+034
 0099  0.5611861588108894E+034
 0100  0.5686548126456820E+034
 0101  0.5761234664804730E+034
 0102  0.5835349524296041E+034
 0103  0.5908897080775735E+034
 0104  0.5981881676594444E+034
 0105  0.6054307620864814E+034
 0106  0.6126179189715927E+034
 0107  0.6197500626545757E+034
 0108  0.6268276142271719E+034
 0109  0.6338509915579284E+034
 0110  0.6408206093168687E+034
 0111  0.6477368789999764E+034
 0112  0.6546002089534898E+034
 0113  0.6614110043980116E+034
 0114  0.6681696674524337E+034
 0115  0.6748765971576785E+034
 0116  0.6815321895002594E+034
 0117  0.6881368374356599E+034
 0118  0.6946909309115346E+034
 0119  0.7011948568907315E+034
 0120  0.7076489993741403E+034
 0121  0.7140537394233627E+034
 0122  0.7204094551832119E+034
 0123  0.7267165219040385E+034
 0124  0.7329753119638860E+034
 0125  0.7391861948904754E+034
 0126  0.7453495373830244E+034
 0127  0.7514657033338967E+034
 0128  0.7575350538500870E+034
 0129  0.7635579472745411E+034
 0130  0.7695347392073134E+034
 0131  0.7754657825265613E+034
 0132  0.7813514274093807E+034
 0133  0.7871920213524794E+034
 0134  0.7929879091926954E+034
 0135  0.7987394331273557E+034
 0136  0.8044469327344801E+034
 0137  0.8101107449928306E+034
 0138  0.8157312043018069E+034
 0139  0.8213086425011900E+034
 0140  0.8268433888907346E+034
 0141  0.8323357702496108E+034
 0142  0.8377861108556983E+034
 0143  0.8431947325047318E+034
 0144  0.8485619545293007E+034
 0145  0.8538880938177022E+034
 0146  0.8591734648326516E+034
 0147  0.8644183796298484E+034
 0148  0.8696231478764000E+034
 0149  0.8747880768691054E+034
 0150  0.8799134715525984E+034
 0151  0.8849996345373521E+034
 0152  0.8900468661175452E+034
 0153  0.8950554642887911E+034
 0154  0.9000257247657333E+034
 0155  0.9049579409995044E+034
 0156  0.9098524041950509E+034
 0157  0.9147094033283281E+034
 0158  0.9195292251633597E+034
 0159  0.9243121542691702E+034
 0160  0.9290584730365853E+034
 0161  0.9337684616949060E+034
 0162  0.9384423983284521E+034
 0163  0.9430805588929816E+034
 0164  0.9476832172319835E+034
 0165  0.9522506450928450E+034
 0166  0.9567831121428976E+034
 0167  0.9612808859853371E+034
 0168  0.9657442321750236E+034
 0169  0.9701734142341611E+034
 0170  0.9745686936678545E+034
 0171  0.9789303299795514E+034
 0172  0.9832585806863617E+034
 0173  0.9875537013342626E+034
 0174  0.9918159455131860E+034
 0175  0.9960455648719920E+034
 0176  0.1000242809133325E+035
 0177  0.1004407926108357E+035
 0178  0.1008541161711424E+035
 0179  0.1012642759974537E+035
 0180  0.1016712963061796E+035
 0181  0.1020752011283686E+035
 0182  0.1024760143111265E+035
 0183  0.1028737595190243E+035
 0184  0.1032684602354957E+035
 0185  0.1036601397642231E+035
 0186  0.1040488212305138E+035
 0187  0.1044345275826655E+035
 0188  0.1048172815933208E+035
 0189  0.1051971058608121E+035
 0190  0.1055740228104953E+035
 0191  0.1059480546960746E+035
 0192  0.1063192236009158E+035
 0193  0.1066875514393504E+035
 0194  0.1070530599579692E+035
 0195  0.1074157707369066E+035
 0196  0.1077757051911144E+035
 0197  0.1081328845716263E+035
 0198  0.1084873299668126E+035
 0199  0.1088390623036255E+035
 0200  0.1091881023488341E+035
 0201  0.1095344707102511E+035
 0202  0.1098781878379492E+035
 0203  0.1102192740254683E+035
 0204  0.1105577494110143E+035
 0205  0.1108936339786475E+035
 0206  0.1112269475594626E+035
 0207  0.1115577098327597E+035
 0208  0.1118859403272063E+035
 0209  0.1122116584219900E+035
 0210  0.1125348833479627E+035
 0211  0.1128556341887765E+035
 0212  0.1131739298820095E+035
 0213  0.1134897892202849E+035
 0214  0.1138032308523799E+035
 0215  0.1141142732843269E+035
 0216  0.1144229348805064E+035
 0217  0.1147292338647309E+035
 0218  0.1150331883213208E+035
 0219  0.1153348161961726E+035
 0220  0.1156341352978179E+035
 0221  0.1159311632984753E+035
 0222  0.1162259177350936E+035
 0223  0.1165184160103871E+035
 0224  0.1168086753938630E+035
 0225  0.1170967130228416E+035
 0226  0.1173825459034675E+035
 0227  0.1176661909117138E+035
 0228  0.1179476647943786E+035
 0229  0.1182269841700737E+035
 0230  0.1185041655302060E+035
 0231  0.1187792252399506E+035
 0232  0.1190521795392178E+035
 0233  0.1193230445436111E+035
 0234  0.1195918362453794E+035
 0235  0.1198585705143609E+035
 0236  0.1201232630989199E+035
 0237  0.1203859296268770E+035
 0238  0.1206465856064315E+035
 0239  0.1209052464270771E+035
 0240  0.1211619273605104E+035
 0241  0.1214166435615330E+035
 0242  0.1216694100689458E+035
 0243  0.1219202418064368E+035
 0244  0.1221691535834629E+035
 0245  0.1224161600961237E+035
 0246  0.1226612759280292E+035
 0247  0.1229045155511610E+035
 0248  0.1231458933267268E+035
 0249  0.1233854235060082E+035
 0250  0.1236231202312021E+035
 0251  0.1238589975362557E+035
 0252  0.1240930693476950E+035
 0253  0.1243253494854474E+035
 0254  0.1245558516636572E+035
 0255  0.1247845894914953E+035
 0256  0.1250115764739633E+035
 0257  0.1252368260126901E+035
 0258  0.1254603514067236E+035
 0259  0.1256821658533158E+035
 0260  0.1259022824487020E+035
 0261  0.1261207141888739E+035
 0262  0.1263374739703471E+035
 0263  0.1265525745909223E+035
 0264  0.1267660287504410E+035
 0265  0.1269778490515356E+035
 0266  0.1271880480003730E+035
 0267  0.1273966380073931E+035
 0268  0.1276036313880418E+035
 0269  0.1278090403634979E+035
 0270  0.1280128770613947E+035
 0271  0.1282151535165360E+035
 0272  0.1284158816716067E+035
 0273  0.1286150733778780E+035
 0274  0.1288127403959068E+035
 0275  0.1290088943962305E+035
 0276  0.1292035469600556E+035
 0277  0.1293967095799419E+035
 0278  0.1295883936604807E+035
 0279  0.1297786105189683E+035
 0280  0.1299673713860740E+035
 0281  0.1301546874065037E+035
 0282  0.1303405696396573E+035
 0283  0.1305250290602817E+035
 0284  0.1307080765591194E+035
 0285  0.1308897229435507E+035
 0286  0.1310699789382322E+035
 0287  0.1312488551857302E+035
 0288  0.1314263622471486E+035
 0289  0.1316025106027525E+035
 0290  0.1317773106525873E+035
 0291  0.1319507727170926E+035
 0292  0.1321229070377113E+035
 0293  0.1322937237774945E+035
 0294  0.1324632330217015E+035
 0295  0.1326314447783953E+035
 0296  0.1327983689790333E+035
 0297  0.1329640154790538E+035
 0298  0.1331283940584580E+035
 0299  0.1332915144223872E+035
 0300  0.1334533862016959E+035
 0301  0.1336140189535204E+035
 0302  0.1337734221618430E+035
 0303  0.1339316052380523E+035
 0304  0.1340885775214984E+035
 0305  0.1342443482800444E+035
 0306  0.1343989267106140E+035
 0307  0.1345523219397339E+035
 0308  0.1347045430240730E+035
 0309  0.1348555989509772E+035
 0310  0.1350054986389996E+035
 0311  0.1351542509384277E+035
 0312  0.1353018646318053E+035
 0313  0.1354483484344513E+035
 0314  0.1355937109949744E+035
 0315  0.1357379608957836E+035
 0316  0.1358811066535947E+035
 0317  0.1360231567199337E+035
 0318  0.1361641194816351E+035
 0319  0.1363040032613377E+035
 0320  0.1364428163179755E+035
 0321  0.1365805668472656E+035
 0322  0.1367172629821919E+035
 0323  0.1368529127934855E+035
 0324  0.1369875242901010E+035
 0325  0.1371211054196896E+035
 0326  0.1372536640690680E+035
 0327  0.1373852080646843E+035
 0328  0.1375157451730801E+035
 0329  0.1376452831013489E+035
 0330  0.1377738294975911E+035
 0331  0.1379013919513660E+035
 0332  0.1380279779941391E+035
 0333  0.1381535950997276E+035
 0334  0.1382782506847412E+035
 0335  0.1384019521090199E+035
 0336  0.1385247066760690E+035
 0337  0.1386465216334898E+035
 0338  0.1387674041734079E+035
 0339  0.1388873614328974E+035
 0340  0.1390064004944029E+035
 0341  0.1391245283861570E+035
 0342  0.1392417520825959E+035
 0343  0.1393580785047704E+035
 0344  0.1394735145207554E+035
 0345  0.1395880669460547E+035
 0346  0.1397017425440037E+035
 0347  0.1398145480261689E+035
 0348  0.1399264900527437E+035
 0349  0.1400375752329419E+035
 0350  0.1401478101253881E+035
 0351  0.1402572012385044E+035
 0352  0.1403657550308954E+035
 0353  0.1404734779117286E+035
 0354  0.1405803762411138E+035
 0355  0.1406864563304778E+035
 0356  0.1407917244429377E+035
 0357  0.1408961867936698E+035
 0358  0.1409998495502777E+035
 0359  0.1411027188331556E+035
 0360  0.1412048007158496E+035
 0361  0.1413061012254172E+035
 0362  0.1414066263427820E+035
 0363  0.1415063820030877E+035
 0364  0.1416053740960479E+035
 0365  0.1417036084662944E+035
 0366  0.1418010909137218E+035
 0367  0.1418978271938302E+035
 0368  0.1419938230180649E+035
 0369  0.1420890840541537E+035
 0370  0.1421836159264414E+035
 0371  0.1422774242162220E+035
 0372  0.1423705144620682E+035
 0373  0.1424628921601584E+035
 0374  0.1425545627646010E+035
 0375  0.1426455316877569E+035
 0376  0.1427358043005585E+035
 0377  0.1428253859328271E+035
 0378  0.1429142818735878E+035
 0379  0.1430024973713811E+035
 0380  0.1430900376345735E+035
 0381  0.1431769078316647E+035
 0382  0.1432631130915925E+035
 0383  0.1433486585040362E+035
 0384  0.1434335491197165E+035
 0385  0.1435177899506942E+035
 0386  0.1436013859706658E+035
 0387  0.1436843421152573E+035
 0388  0.1437666632823156E+035
 0389  0.1438483543321974E+035
 0390  0.1439294200880567E+035
 0391  0.1440098653361292E+035
 0392  0.1440896948260147E+035
 0393  0.1441689132709582E+035
 0394  0.1442475253481273E+035
 0395  0.1443255356988891E+035
 0396  0.1444029489290840E+035
 0397  0.1444797696092972E+035
 0398  0.1445560022751292E+035
 0399  0.1446316514274634E+035
 0400  0.1447067215327313E+035
 0401  0.1447812170231772E+035
 0402  0.1448551422971190E+035
 0403  0.1449285017192083E+035
 0404  0.1450012996206879E+035
 0405  0.1450735402996480E+035
 0406  0.1451452280212791E+035
 0407  0.1452163670181247E+035
 0408  0.1452869614903307E+035
 0409  0.1453570156058935E+035
 0410  0.1454265335009061E+035
 0411  0.1454955192798023E+035
 0412  0.1455639770155990E+035
 0413  0.1456319107501366E+035
 0414  0.1456993244943180E+035
 0415  0.1457662222283448E+035
 0416  0.1458326079019529E+035
 0417  0.1458984854346454E+035
 0418  0.1459638587159239E+035
 0419  0.1460287316055184E+035
 0420  0.1460931079336151E+035
 0421  0.1461569915010824E+035
 0422  0.1462203860796956E+035
 0423  0.1462832954123593E+035
 0424  0.1463457232133285E+035
 0425  0.1464076731684279E+035
 0426  0.1464691489352695E+035
 0427  0.1465301541434687E+035
 0428  0.1465906923948581E+035
 0429  0.1466507672637010E+035
 0430  0.1467103822969016E+035
 0431  0.1467695410142149E+035
 0432  0.1468282469084543E+035
 0433  0.1468865034456979E+035
 0434  0.1469443140654933E+035
 0435  0.1470016821810602E+035
 0436  0.1470586111794925E+035
 0437  0.1471151044219579E+035
 0438  0.1471711652438966E+035
 0439  0.1472267969552177E+035
 0440  0.1472820028404954E+035
 0441  0.1473367861591625E+035
 0442  0.1473911501457026E+035
 0443  0.1474450980098417E+035
 0444  0.1474986329367370E+035
 0445  0.1475517580871656E+035
 0446  0.1476044765977107E+035
 0447  0.1476567915809469E+035
 0448  0.1477087061256240E+035
 0449  0.1477602232968493E+035
 0450  0.1478113461362688E+035
 0451  0.1478620776622463E+035
 0452  0.1479124208700422E+035
 0453  0.1479623787319899E+035
 0454  0.1480119541976713E+035
 0455  0.1480611501940915E+035
 0456  0.1481099696258508E+035
 0457  0.1481584153753169E+035
 0458  0.1482064903027944E+035
 0459  0.1482541972466944E+035
 0460  0.1483015390237017E+035
 0461  0.1483485184289409E+035
 0462  0.1483951382361419E+035
 0463  0.1484414011978033E+035
 0464  0.1484873100453551E+035
 0465  0.1485328674893199E+035
 0466  0.1485780762194730E+035
 0467  0.1486229389050009E+035
 0468  0.1486674581946594E+035
 0469  0.1487116367169297E+035
 0470  0.1487554770801736E+035
 0471  0.1487989818727873E+035
 0472  0.1488421536633548E+035
 0473  0.1488849950007989E+035
 0474  0.1489275084145322E+035
 0475  0.1489696964146060E+035
 0476  0.1490115614918589E+035
 0477  0.1490531061180637E+035
 0478  0.1490943327460733E+035
 0479  0.1491352438099653E+035
 0480  0.1491758417251863E+035
 0481  0.1492161288886939E+035
 0482  0.1492561076790987E+035
 0483  0.1492957804568044E+035
 0484  0.1493351495641474E+035
 0485  0.1493742173255346E+035
 0486  0.1494129860475815E+035
 0487  0.1494514580192476E+035
 0488  0.1494896355119721E+035
 0489  0.1495275207798074E+035
 0490  0.1495651160595527E+035
 0491  0.1496024235708860E+035
 0492  0.1496394455164950E+035
 0493  0.1496761840822072E+035
 0494  0.1497126414371187E+035
 0495  0.1497488197337229E+035
 0496  0.1497847211080371E+035
 0497  0.1498203476797286E+035
 0498  0.1498557015522399E+035
 0499  0.1498907848129134E+035
 0500  0.1499255995331136E+035
 0501  0.1499601477683505E+035
 0502  0.1499944315584001E+035
 0503  0.1500284529274254E+035
 0504  0.1500622138840956E+035
 0505  0.1500957164217048E+035
 0506  0.1501289625182897E+035
 0507  0.1501619541367464E+035
 0508  0.1501946932249462E+035
 0509  0.1502271817158507E+035
 0510  0.1502594215276257E+035
 0511  0.1502914145637550E+035
 0512  0.1503231627131521E+035
 0513  0.1503546678502722E+035
 0514  0.1503859318352226E+035
 0515  0.1504169565138727E+035
 0516  0.1504477437179631E+035
 0517  0.1504782952652133E+035
 0518  0.1505086129594293E+035
 0519  0.1505386985906104E+035
 0520  0.1505685539350541E+035
 0521  0.1505981807554619E+035
 0522  0.1506275808010427E+035
 0523  0.1506567558076162E+035
 0524  0.1506857074977158E+035
 0525  0.1507144375806896E+035
 0526  0.1507429477528020E+035
 0527  0.1507712396973334E+035
 0528  0.1507993150846799E+035
 0529  0.1508271755724515E+035
 0530  0.1508548228055704E+035
 0531  0.1508822584163680E+035
 0532  0.1509094840246811E+035
 0533  0.1509365012379477E+035
 0534  0.1509633116513019E+035
 0535  0.1509899168476680E+035
 0536  0.1510163183978540E+035
 0537  0.1510425178606443E+035
 0538  0.1510685167828921E+035
 0539  0.1510943166996098E+035
 0540  0.1511199191340608E+035
 0541  0.1511453255978485E+035
 0542  0.1511705375910062E+035
 0543  0.1511955566020852E+035
 0544  0.1512203841082429E+035
 0545  0.1512450215753301E+035
 0546  0.1512694704579771E+035
 0547  0.1512937321996804E+035
 0548  0.1513178082328870E+035
 0549  0.1513416999790797E+035
 0550  0.1513654088488605E+035
 0551  0.1513889362420343E+035
 0552  0.1514122835476913E+035
 0553  0.1514354521442891E+035
 0554  0.1514584433997341E+035
 0555  0.1514812586714621E+035
 0556  0.1515038993065188E+035
 0557  0.1515263666416388E+035
 0558  0.1515486620033251E+035
 0559  0.1515707867079269E+035
 0560  0.1515927420617180E+035
 0561  0.1516145293609730E+035
 0562  0.1516361498920446E+035
 0563  0.1516576049314391E+035
 0564  0.1516788957458922E+035
 0565  0.1517000235924432E+035
 0566  0.1517209897185099E+035
 0567  0.1517417953619616E+035
 0568  0.1517624417511926E+035
 0569  0.1517829301051946E+035
 0570  0.1518032616336288E+035
 0571  0.1518234375368969E+035
 0572  0.1518434590062126E+035
 0573  0.1518633272236714E+035
 0574  0.1518830433623207E+035
 0575  0.1519026085862289E+035
 0576  0.1519220240505542E+035
 0577  0.1519412909016127E+035
 0578  0.1519604102769463E+035
 0579  0.1519793833053896E+035
 0580  0.1519982111071369E+035
 0581  0.1520168947938078E+035
 0582  0.1520354354685134E+035
 0583  0.1520538342259210E+035
 0584  0.1520720921523190E+035
 0585  0.1520902103256810E+035
 0586  0.1521081898157292E+035
 0587  0.1521260316839979E+035
 0588  0.1521437369838959E+035
 0589  0.1521613067607690E+035
 0590  0.1521787420519613E+035
 0591  0.1521960438868768E+035
 0592  0.1522132132870401E+035
 0593  0.1522302512661566E+035
 0594  0.1522471588301723E+035
 0595  0.1522639369773336E+035
 0596  0.1522805866982456E+035
 0597  0.1522971089759313E+035
 0598  0.1523135047858890E+035
 0599  0.1523297750961503E+035
 0600  0.1523459208673371E+035
 0601  0.1523619430527182E+035
 0602  0.1523778425982659E+035
 0603  0.1523936204427116E+035
 0604  0.1524092775176014E+035
 0605  0.1524248147473509E+035
 0606  0.1524402330492997E+035
 0607  0.1524555333337662E+035
 0608  0.1524707165041003E+035
 0609  0.1524857834567378E+035
 0610  0.1525007350812527E+035
 0611  0.1525155722604097E+035
 0612  0.1525302958702166E+035
 0613  0.1525449067799761E+035
 0614  0.1525594058523366E+035
 0615  0.1525737939433437E+035
 0616  0.1525880719024904E+035
 0617  0.1526022405727674E+035
 0618  0.1526163007907128E+035
 0619  0.1526302533864615E+035
 0620  0.1526440991837942E+035
 0621  0.1526578390001863E+035
 0622  0.1526714736468558E+035
 0623  0.1526850039288112E+035
 0624  0.1526984306448994E+035
 0625  0.1527117545878523E+035
 0626  0.1527249765443343E+035
 0627  0.1527380972949882E+035
 0628  0.1527511176144815E+035
 0629  0.1527640382715519E+035
 0630  0.1527768600290533E+035
 0631  0.1527895836440000E+035
 0632  0.1528022098676121E+035
 0633  0.1528147394453596E+035
 0634  0.1528271731170062E+035
 0635  0.1528395116166534E+035
 0636  0.1528517556727833E+035
 0637  0.1528639060083022E+035
 0638  0.1528759633405828E+035
 0639  0.1528879283815071E+035
 0640  0.1528998018375076E+035
 0641  0.1529115844096099E+035
 0642  0.1529232767934736E+035
 0643  0.1529348796794332E+035
 0644  0.1529463937525394E+035
 0645  0.1529578196925993E+035
 0646  0.1529691581742163E+035
 0647  0.1529804098668302E+035
 0648  0.1529915754347567E+035
 0649  0.1530026555372266E+035
 0650  0.1530136508284245E+035
 0651  0.1530245619575279E+035
 0652  0.1530353895687452E+035
 0653  0.1530461343013536E+035
 0654  0.1530567967897371E+035
 0655  0.1530673776634240E+035
 0656  0.1530778775471239E+035
 0657  0.1530882970607646E+035
 0658  0.1530986368195287E+035
 0659  0.1531088974338901E+035
 0660  0.1531190795096499E+035
 0661  0.1531291836479720E+035
 0662  0.1531392104454189E+035
 0663  0.1531491604939867E+035
 0664  0.1531590343811402E+035
 0665  0.1531688326898475E+035
 0666  0.1531785559986146E+035
 0667  0.1531882048815190E+035
 0668  0.1531977799082445E+035
 0669  0.1532072816441139E+035
 0670  0.1532167106501230E+035
 0671  0.1532260674829736E+035
 0672  0.1532353526951061E+035
 0673  0.1532445668347325E+035
 0674  0.1532537104458684E+035
 0675  0.1532627840683655E+035
 0676  0.1532717882379431E+035
 0677  0.1532807234862200E+035
 0678  0.1532895903407457E+035
 0679  0.1532983893250318E+035
 0680  0.1533071209585826E+035
 0681  0.1533157857569258E+035
 0682  0.1533243842316435E+035
 0683  0.1533329168904015E+035
 0684  0.1533413842369800E+035
 0685  0.1533497867713028E+035
 0686  0.1533581249894675E+035
 0687  0.1533663993837741E+035
 0688  0.1533746104427544E+035
 0689  0.1533827586512008E+035
 0690  0.1533908444901949E+035
 0691  0.1533988684371360E+035
 0692  0.1534068309657692E+035
 0693  0.1534147325462132E+035
 0694  0.1534225736449885E+035
 0695  0.1534303547250444E+035
 0696  0.1534380762457869E+035
 0697  0.1534457386631052E+035
 0698  0.1534533424293994E+035
 0699  0.1534608879936063E+035
 0700  0.1534683758012266E+035
 0701  0.1534758062943509E+035
 0702  0.1534831799116861E+035
 0703  0.1534904970885807E+035
 0704  0.1534977582570511E+035
 0705  0.1535049638458068E+035
 0706  0.1535121142802760E+035
 0707  0.1535192099826302E+035
 0708  0.1535262513718097E+035
 0709  0.1535332388635479E+035
 0710  0.1535401728703961E+035
 0711  0.1535470538017478E+035
 0712  0.1535538820638627E+035
 0713  0.1535606580598912E+035
 0714  0.1535673821898973E+035
 0715  0.1535740548508832E+035
 0716  0.1535806764368120E+035
 0717  0.1535872473386316E+035
 0718  0.1535937679442971E+035
 0719  0.1536002386387943E+035
 0720  0.1536066598041619E+035
 0721  0.1536130318195146E+035
 0722  0.1536193550610651E+035
 0723  0.1536256299021463E+035
 0724  0.1536318567132337E+035
 0725  0.1536380358619669E+035
 0726  0.1536441677131716E+035
 0727  0.1536502526288807E+035
 0728  0.1536562909683563E+035
 0729  0.1536622830881103E+035
 0730  0.1536682293419259E+035
 0731  0.1536741300808782E+035
 0732  0.1536799856533550E+035
 0733  0.1536857964050777E+035
 0734  0.1536915626791210E+035
 0735  0.1536972848159340E+035
 0736  0.1537029631533595E+035
 0737  0.1537085980266545E+035
 0738  0.1537141897685098E+035
 0739  0.1537197387090698E+035
 0740  0.1537252451759515E+035
 0741  0.1537307094942646E+035
 0742  0.1537361319866300E+035
 0743  0.1537415129731993E+035
 0744  0.1537468527716734E+035
 0745  0.1537521516973215E+035
 0746  0.1537574100629996E+035
 0747  0.1537626281791689E+035
 0748  0.1537678063539144E+035
 0749  0.1537729448929626E+035
 0750  0.1537780440997003E+035
 0751  0.1537831042751915E+035
 0752  0.1537881257181963E+035
 0753  0.1537931087251876E+035
 0754  0.1537980535903690E+035
 0755  0.1538029606056925E+035
 0756  0.1538078300608750E+035
 0757  0.1538126622434159E+035
 0758  0.1538174574386142E+035
 0759  0.1538222159295847E+035
 0760  0.1538269379972756E+035
 0761  0.1538316239204842E+035
 0762  0.1538362739758740E+035
 0763  0.1538408884379909E+035
 0764  0.1538454675792790E+035
 0765  0.1538500116700974E+035
 0766  0.1538545209787354E+035
 0767  0.1538589957714290E+035
 0768  0.1538634363123763E+035
 0769  0.1538678428637529E+035
 0770  0.1538722156857278E+035
 0771  0.1538765550364785E+035
 0772  0.1538808611722065E+035
 0773  0.1538851343471519E+035
 0774  0.1538893748136089E+035
 0775  0.1538935828219408E+035
 0776  0.1538977586205940E+035
 0777  0.1539019024561138E+035
 0778  0.1539060145731578E+035
 0779  0.1539100952145112E+035
 0780  0.1539141446211010E+035
 0781  0.1539181630320095E+035
 0782  0.1539221506844894E+035
 0783  0.1539261078139775E+035
 0784  0.1539300346541079E+035
 0785  0.1539339314367271E+035
 0786  0.1539377983919063E+035
 0787  0.1539416357479562E+035
 0788  0.1539454437314394E+035
 0789  0.1539492225671848E+035
 0790  0.1539529724783000E+035
 0791  0.1539566936861851E+035
 0792  0.1539603864105453E+035
 0793  0.1539640508694044E+035
 0794  0.1539676872791170E+035
 0795  0.1539712958543819E+035
 0796  0.1539748768082544E+035
 0797  0.1539784303521590E+035
 0798  0.1539819566959020E+035
 0799  0.1539854560476836E+035
 0800  0.1539889286141105E+035
 0801  0.1539923746002078E+035
 0802  0.1539957942094313E+035
 0803  0.1539991876436796E+035
 0804  0.1540025551033059E+035
 0805  0.1540058967871295E+035
 0806  0.1540092128924482E+035
 0807  0.1540125036150494E+035
 0808  0.1540157691492222E+035
 0809  0.1540190096877681E+035
 0810  0.1540222254220131E+035
 0811  0.1540254165418187E+035
 0812  0.1540285832355929E+035
 0813  0.1540317256903020E+035
 0814  0.1540348440914807E+035
 0815  0.1540379386232438E+035
 0816  0.1540410094682969E+035
 0817  0.1540440568079469E+035
 0818  0.1540470808221130E+035
 0819  0.1540500816893373E+035
 0820  0.1540530595867950E+035
 0821  0.1540560146903056E+035
 0822  0.1540589471743424E+035
 0823  0.1540618572120433E+035
 0824  0.1540647449752211E+035
 0825  0.1540676106343734E+035
 0826  0.1540704543586927E+035
 0827  0.1540732763160764E+035
 0828  0.1540760766731368E+035
 0829  0.1540788555952110E+035
 0830  0.1540816132463704E+035
 0831  0.1540843497894306E+035
 0832  0.1540870653859609E+035
 0833  0.1540897601962939E+035
 0834  0.1540924343795350E+035
 0835  0.1540950880935718E+035
 0836  0.1540977214950831E+035
 0837  0.1541003347395488E+035
 0838  0.1541029279812585E+035
 0839  0.1541055013733206E+035
 0840  0.1541080550676720E+035
 0841  0.1541105892150863E+035
 0842  0.1541131039651831E+035
 0843  0.1541155994664368E+035
 0844  0.1541180758661852E+035
 0845  0.1541205333106385E+035
 0846  0.1541229719448876E+035
 0847  0.1541253919129130E+035
 0848  0.1541277933575928E+035
 0849  0.1541301764207118E+035
 0850  0.1541325412429694E+035
 0851  0.1541348879639878E+035
 0852  0.1541372167223210E+035
 0853  0.1541395276554619E+035
 0854  0.1541418208998514E+035
 0855  0.1541440965908857E+035
 0856  0.1541463548629249E+035
 0857  0.1541485958493005E+035
 0858  0.1541508196823234E+035
 0859  0.1541530264932920E+035
 0860  0.1541552164124993E+035
 0861  0.1541573895692413E+035
 0862  0.1541595460918242E+035
 0863  0.1541616861075722E+035
 0864  0.1541638097428347E+035
 0865  0.1541659171229941E+035
 0866  0.1541680083724731E+035
 0867  0.1541700836147420E+035
 0868  0.1541721429723260E+035
 0869  0.1541741865668125E+035
 0870  0.1541762145188581E+035
 0871  0.1541782269481959E+035
 0872  0.1541802239736427E+035
 0873  0.1541822057131056E+035
 0874  0.1541841722835891E+035
 0875  0.1541861238012026E+035
 0876  0.1541880603811662E+035
 0877  0.1541899821378183E+035
 0878  0.1541918891846222E+035
 0879  0.1541937816341725E+035
 0880  0.1541956595982022E+035
 0881  0.1541975231875888E+035
 0882  0.1541993725123613E+035
 0883  0.1542012076817064E+035
 0884  0.1542030288039750E+035
 0885  0.1542048359866889E+035
 0886  0.1542066293365465E+035
 0887  0.1542084089594297E+035
 0888  0.1542101749604100E+035
 0889  0.1542119274437546E+035
 0890  0.1542136665129325E+035
 0891  0.1542153922706208E+035
 0892  0.1542171048187106E+035
 0893  0.1542188042583132E+035
 0894  0.1542204906897658E+035
 0895  0.1542221642126378E+035
 0896  0.1542238249257363E+035
 0897  0.1542254729271120E+035
 0898  0.1542271083140654E+035
 0899  0.1542287311831519E+035
 0900  0.1542303416301880E+035
 0901  0.1542319397502567E+035
 0902  0.1542335256377133E+035
 0903  0.1542350993861908E+035
 0904  0.1542366610886056E+035
 0905  0.1542382108371626E+035
 0906  0.1542397487233613E+035
 0907  0.1542412748380006E+035
 0908  0.1542427892711844E+035
 0909  0.1542442921123269E+035
 0910  0.1542457834501581E+035
 0911  0.1542472633727286E+035
 0912  0.1542487319674151E+035
 0913  0.1542501893209255E+035
 0914  0.1542516355193040E+035
 0915  0.1542530706479361E+035
 0916  0.1542544947915538E+035
 0917  0.1542559080342406E+035
 0918  0.1542573104594364E+035
 0919  0.1542587021499422E+035
 0920  0.1542600831879254E+035
 0921  0.1542614536549244E+035
 0922  0.1542628136318535E+035
 0923  0.1542641631990077E+035
 0924  0.1542655024360673E+035
 0925  0.1542668314221026E+035
 0926  0.1542681502355790E+035
 0927  0.1542694589543610E+035
 0928  0.1542707576557172E+035
 0929  0.1542720464163247E+035
 0930  0.1542733253122738E+035
 0931  0.1542745944190723E+035
 0932  0.1542758538116499E+035
 0933  0.1542771035643631E+035
 0934  0.1542783437509989E+035
 0935  0.1542795744447797E+035
 0936  0.1542807957183675E+035
 0937  0.1542820076438679E+035
 0938  0.1542832102928345E+035
 0939  0.1542844037362737E+035
 0940  0.1542855880446479E+035
 0941  0.1542867632878804E+035
 0942  0.1542879295353590E+035
 0943  0.1542890868559409E+035
 0944  0.1542902353179557E+035
 0945  0.1542913749892102E+035
 0946  0.1542925059369923E+035
 0947  0.1542936282280747E+035
 0948  0.1542947419287190E+035
 0949  0.1542958471046797E+035
 0950  0.1542969438212078E+035
 0951  0.1542980321430552E+035
 0952  0.1542991121344778E+035
 0953  0.1543001838592398E+035
 0954  0.1543012473806173E+035
 0955  0.1543023027614023E+035
 0956  0.1543033500639057E+035
 0957  0.1543043893499619E+035
 0958  0.1543054206809316E+035
 0959  0.1543064441177062E+035
 0960  0.1543074597207108E+035
 0961  0.1543084675499080E+035
 0962  0.1543094676648014E+035
 0963  0.1543104601244393E+035
 0964  0.1543114449874177E+035
 0965  0.1543124223118846E+035
 0966  0.1543133921555423E+035
 0967  0.1543143545756519E+035
 0968  0.1543153096290360E+035
 0969  0.1543162573720822E+035
 0970  0.1543171978607468E+035
 0971  0.1543181311505573E+035
 0972  0.1543190572966165E+035
 0973  0.1543199763536055E+035
 0974  0.1543208883757865E+035
 0975  0.1543217934170068E+035
 0976  0.1543226915307012E+035
 0977  0.1543235827698955E+035
 0978  0.1543244671872098E+035
 0979  0.1543253448348613E+035
 0980  0.1543262157646676E+035
 0981  0.1543270800280496E+035
 0982  0.1543279376760346E+035
 0983  0.1543287887592592E+035
 0984  0.1543296333279728E+035
 0985  0.1543304714320398E+035
 0986  0.1543313031209430E+035
 0987  0.1543321284437865E+035
 0988  0.1543329474492986E+035
 0989  0.1543337601858343E+035
 0990  0.1543345667013790E+035
 0991  0.1543353670435503E+035
 0992  0.1543361612596016E+035
 0993  0.1543369493964245E+035
 0994  0.1543377315005517E+035
 0995  0.1543385076181598E+035
 0996  0.1543392777950717E+035
 0997  0.1543400420767599E+035
 0998  0.1543408005083486E+035
 0999  0.1543415531346166E+035
 1000  0.1543423000000001E+035
