 0001  0.9984529387715011E+000
 0002  0.9984529387715011E+000
 0003  0.9984622987874926E+000
 0004  0.9984622987874926E+000
 0005  0.9984622987874926E+000
 0006  0.9984726113831242E+000
 0007  0.9984726113831242E+000
 0008  0.9984726113831242E+000
 0009  0.9984839072875332E+000
 0010  0.9984839072875332E+000
 0011  0.9984839072875332E+000
 0012  0.9984950679031337E+000
 0013  0.9984950679031337E+000
 0014  0.9984950679031337E+000
 0015  0.9985073217723699E+000
 0016  0.9985073217723699E+000
 0017  0.9985073217723699E+000
 0018  0.9985194502328437E+000
 0019  0.9985194502328437E+000
 0020  0.9985325345482235E+000
 0021  0.9985325345482235E+000
 0022  0.9985325345482235E+000
 0023  0.9985467867393730E+000
 0024  0.9985467867393730E+000
 0025  0.9985467867393730E+000
 0026  0.9985609321461616E+000
 0027  0.9985609321461616E+000
 0028  0.9985761484924784E+000
 0029  0.9985761484924784E+000
 0030  0.9985924302982709E+000
 0031  0.9985924302982709E+000
 0032  0.9985924302982709E+000
 0033  0.9986086359846593E+000
 0034  0.9986086359846593E+000
 0035  0.9986259317316335E+000
 0036  0.9986259317316335E+000
 0037  0.9986428258386755E+000
 0038  0.9986428258386755E+000
 0039  0.9986609217890315E+000
 0040  0.9986609217890315E+000
 0041  0.9986802145785124E+000
 0042  0.9986802145785124E+000
 0043  0.9986990593529600E+000
 0044  0.9986990593529600E+000
 0045  0.9987192236822305E+000
 0046  0.9987192236822305E+000
 0047  0.9987405958227289E+000
 0048  0.9987405958227289E+000
 0049  0.9987614716617336E+000
 0050  0.9987830771986531E+000
 0051  0.9987830771986531E+000
 0052  0.9988059876150236E+000
 0053  0.9988059876150236E+000
 0054  0.9988301850346821E+000
 0055  0.9988301850346821E+000
 0056  0.9988538205445251E+000
 0057  0.9988780706704131E+000
 0058  0.9988780706704131E+000
 0059  0.9989036875649357E+000
 0060  0.9989036875649357E+000
 0061  0.9989287095867538E+000
 0062  0.9989541933590780E+000
 0063  0.9989541933590780E+000
 0064  0.9989810499957761E+000
 0065  0.9990081405066267E+000
 0066  0.9990081405066267E+000
 0067  0.9990346019246166E+000
 0068  0.9990346019246166E+000
 0069  0.9990625657030363E+000
 0070  0.9990906713367217E+000
 0071  0.9990906713367217E+000
 0072  0.9991201851718280E+000
 0073  0.9991476176997937E+000
 0074  0.9991476176997937E+000
 0075  0.9991765586076516E+000
 0076  0.9992053346396897E+000
 0077  0.9992338133650285E+000
 0078  0.9992338133650285E+000
 0079  0.9992634326051899E+000
 0080  0.9992924191817617E+000
 0081  0.9992924191817617E+000
 0082  0.9993207326352433E+000
 0083  0.9993485139084508E+000
 0084  0.9993756886880858E+000
 0085  0.9993756886880858E+000
 0086  0.9994039251793359E+000
 0087  0.9994312631801933E+000
 0088  0.9994584344880635E+000
 0089  0.9994584344880635E+000
 0090  0.9994856326418309E+000
 0091  0.9995109933270913E+000
 0092  0.9995347435460155E+000
 0093  0.9995570724762490E+000
 0094  0.9995781392613816E+000
 0095  0.9995781392613816E+000
 0096  0.9995997746920078E+000
 0097  0.9996201987642228E+000
 0098  0.9996395410436416E+000
 0099  0.9996579301413621E+000
 0100  0.9996912777326219E+000
 0101  0.9997063673089723E+000
 0102  0.9997207557249802E+000
 0103  0.9997344714054524E+000
 0104  0.9997475418667119E+000
 0105  0.9997599937271339E+000
 0106  0.9997718527179158E+000
 0107  0.9997831497053241E+000
 0108  0.9997939068748183E+000
 0109  0.9998044422877971E+000
 0110  0.9998144167145441E+000
 0111  0.9998320790129228E+000
 0112  0.9998399123121516E+000
 0113  0.9998473777726838E+000
 0114  0.9998544902214316E+000
 0115  0.9998612640266082E+000
 0116  0.9998677130969817E+000
 0117  0.9998738508791358E+000
 0118  0.9998798233197606E+000
 0119  0.9998854824484248E+000
 0120  0.9998955421514539E+000
 0121  0.9999000172761328E+000
 0122  0.9999042786828837E+000
 0123  0.9999083350816130E+000
 0124  0.9999121947286230E+000
 0125  0.9999159285976954E+000
 0126  0.9999194674883459E+000
 0127  0.9999228203758145E+000
 0128  0.9999259956060887E+000
 0129  0.9999290011017615E+000
 0130  0.9999343434881662E+000
 0131  0.9999367147155848E+000
 0132  0.9999389828226640E+000
 0133  0.9999411247555873E+000
 0134  0.9999431448432560E+000
 0135  0.9999450470081114E+000
 0136  0.9999468343196154E+000
 0137  0.9999484826754871E+000
 0138  0.9999510192750640E+000
 0139  0.9999517728585293E+000
 0140  0.9999521452917627E+000
 0141  0.9999518934580660E+000
 0142  0.9999509128167071E+000
 0143  0.9999490347785930E+000
 0144  0.9999460680596149E+000
 0145  0.9999396056421906E+000
 0146  0.9998752437286007E+000
 0147  0.9997957207242092E+000
 0148  0.9996668903043514E+000
 0149  0.9994718561104324E+000
 0150  0.9991938412682568E+000
 0151  0.9986383529372215E+000
 0152  0.9979396744340761E+000
 0153  0.9961204033169191E+000
 0154  0.9949539523497977E+000
 0155  0.9935773545937328E+000
 0156  0.9916945812712649E+000
 0157  0.9896030567388705E+000
 0158  0.9872687238380102E+000
 0159  0.9846912233397412E+000
 0160  0.9789778697507749E+000
 0161  0.9754528832308615E+000
 0162  0.9716971124023309E+000
 0163  0.9677142374551218E+000
 0164  0.9635077859953161E+000
 0165  0.9590585518647441E+000
 0166  0.9543743292492097E+000
 0167  0.9437887199070428E+000
 0168  0.9383550970236675E+000
 0169  0.9327302963120724E+000
 0170  0.9269222420019047E+000
 0171  0.9204962603849425E+000
 0172  0.9139267065853071E+000
 0173  0.9007367954841647E+000
 0174  0.8941069356623959E+000
 0175  0.8869319677301685E+000
 0176  0.8796667143896507E+000
 0177  0.8723046792297551E+000
 0178  0.8648531610043750E+000
 0179  0.8497058687393464E+000
 0180  0.8420363083894373E+000
 0181  0.8343162259118199E+000
 0182  0.8265418429724096E+000
 0183  0.8183652990854251E+000
 0184  0.8101803494009159E+000
 0185  0.7941651702748392E+000
 0186  0.7863286823147889E+000
 0187  0.7781548049858373E+000
 0188  0.7699945012521537E+000
 0189  0.7618509676326082E+000
 0190  0.7457000065538103E+000
 0191  0.7377046896109392E+000
 0192  0.7297381489965749E+000
 0193  0.7218029811123301E+000
 0194  0.7136381321446090E+000
 0195  0.6978249980567417E+000
 0196  0.6901604609006128E+000
 0197  0.6823077879027126E+000
 0198  0.6745149846690666E+000
 0199  0.6667830726934665E+000
 0200  0.6516159602501553E+000
 0201  0.6441838885344382E+000
 0202  0.6368144525519652E+000
 0203  0.6293193087079909E+000
 0204  0.6148593582924269E+000
 0205  0.6078793000996994E+000
 0206  0.6007957207586512E+000
 0207  0.5937871765797889E+000
 0208  0.5868517650305636E+000
 0209  0.5731791548974421E+000
 0210  0.5665916659298420E+000
 0211  0.5600739261810563E+000
 0212  0.5534912491992667E+000
 0213  0.5408070981451106E+000
 0214  0.5345725142812938E+000
 0215  0.5284120805121673E+000
 0216  0.5223242400019867E+000
 0217  0.5103734491404381E+000
 0218  0.5046180758120214E+000
 0219  0.4988302731916389E+000
 0220  0.4931161846837961E+000
 0221  0.4820156100509089E+000
 0222  0.4766252281180497E+000
 0223  0.4713018578792508E+000
 0224  0.4659616432529251E+000
 0225  0.4555989547393112E+000
 0226  0.4505721524616620E+000
 0227  0.4456103459483908E+000
 0228  0.4359084434314250E+000
 0229  0.4312349368412475E+000
 0230  0.4265565614719274E+000
 0231  0.4219403615369978E+000
 0232  0.4129251681382096E+000
 0233  0.4085820795820228E+000
 0234  0.4042405477992638E+000
 0235  0.3958189689819767E+000
 0236  0.3917347977098207E+000
 0237  0.3876568354714687E+000
 0238  0.3836340871776341E+000
 0239  0.3758321517243464E+000
 0240  0.3720488896322498E+000
 0241  0.3682744771861409E+000
 0242  0.3609546476107207E+000
 0243  0.3574053893030911E+000
 0244  0.3538672040885207E+000
 0245  0.3470047668567118E+000
 0246  0.3436769542538775E+000
 0247  0.3403614978940539E+000
 0248  0.3339300363240653E+000
 0249  0.3308107408333837E+000
 0250  0.3277046191126154E+000
 0251  0.3216779798480054E+000
 0252  0.3187543685761810E+000
 0253  0.3158442730814027E+000
 0254  0.3101964307257213E+000
 0255  0.3074342175731015E+000
 0256  0.3020720633248475E+000
 0257  0.2994694980315528E+000
 0258  0.2968806572403032E+000
 0259  0.2918355121057997E+000
 0260  0.2893780717471730E+000
 0261  0.2869519204421336E+000
 0262  0.2822073460469496E+000
 0263  0.2799039247053734E+000
 0264  0.2753992921415445E+000
 0265  0.2732115622072265E+000
 0266  0.2710374225025894E+000
 0267  0.2667998413614536E+000
 0268  0.2647352954381226E+000
 0269  0.2606991507934674E+000
 0270  0.2587380277161653E+000
 0271  0.2549034691069146E+000
 0272  0.2530297089767257E+000
 0273  0.2511785979034317E+000
 0274  0.2475598596971267E+000
 0275  0.2457918184590377E+000
 0276  0.2423360960276697E+000
 0277  0.2406557063165572E+000
 0278  0.2373704134461450E+000
 0279  0.2357650509301366E+000
 0280  0.2326266752781088E+000
 0281  0.2310931725667205E+000
 0282  0.2280953236706955E+000
 0283  0.2266304707111200E+000
 0284  0.2237668385419872E+000
 0285  0.2223676399307308E+000
 0286  0.2196325391906121E+000
 0287  0.2182961933572444E+000
 0288  0.2156839783648872E+000
 0289  0.2144076539085221E+000
 0290  0.2119089129162819E+000
 0291  0.2106862453936333E+000
 0292  0.2082964607506678E+000
 0293  0.2071288690884961E+000
 0294  0.2048403567054177E+000
 0295  0.2026336929192092E+000
 0296  0.2015540136907732E+000
 0297  0.1994407084657634E+000
 0298  0.1984067550568704E+000
 0299  0.1963807384008572E+000
 0300  0.1944243027424319E+000
 0301  0.1934660682498111E+000
 0302  0.1915904123660710E+000
 0303  0.1906709243621078E+000
 0304  0.1888711638047235E+000
 0305  0.1871296865701839E+000
 0306  0.1862761036473323E+000
 0307  0.1846025037012373E+000
 0308  0.1829832126275241E+000
 0309  0.1821896018236661E+000
 0310  0.1806336637560281E+000
 0311  0.1791270548528209E+000
 0312  0.1783882056510688E+000
 0313  0.1769388045119937E+000
 0314  0.1755337213521293E+000
 0315  0.1741716051912057E+000
 0316  0.1735030194071419E+000
 0317  0.1721903550902287E+000
 0318  0.1709174526487632E+000
 0319  0.1696825364448844E+000
 0320  0.1690758261545300E+000
 0321  0.1678845075358637E+000
 0322  0.1667278176154854E+000
 0323  0.1656041392211696E+000
 0324  0.1645123847122139E+000
 0325  0.1634512609681681E+000
 0326  0.1629295656225721E+000
 0327  0.1619038027143825E+000
 0328  0.1609063676062333E+000
 0329  0.1599359757877539E+000
 0330  0.1589917538883701E+000
 0331  0.1580726965828215E+000
 0332  0.1571779985803849E+000
 0333  0.1563066892868636E+000
 0334  0.1554579528223647E+000
 0335  0.1546309397404390E+000
 0336  0.1538266748108147E+000
 0337  0.1530466753146980E+000
 0338  0.1522899458614727E+000
 0339  0.1515555424627747E+000
 0340  0.1508425693509144E+000
 0341  0.1501501760259112E+000
 0342  0.1494775545124922E+000
 0343  0.1488239368101116E+000
 0344  0.1481885925205614E+000
 0345  0.1475708266391376E+000
 0346  0.1466788190814325E+000
 0347  0.1461061763994898E+000
 0348  0.1455487469500327E+000
 0349  0.1450059808347290E+000
 0350  0.1444773532509011E+000
 0351  0.1437124114376780E+000
 0352  0.1432203053606819E+000
 0353  0.1427405379432072E+000
 0354  0.1420453976910623E+000
 0355  0.1415976276879768E+000
 0356  0.1411606801360227E+000
 0357  0.1405268216053589E+000
 0358  0.1401180445706899E+000
 0359  0.1395245514334174E+000
 0360  0.1391414891733401E+000
 0361  0.1385848865296745E+000
 0362  0.1382253529643490E+000
 0363  0.1377025428763422E+000
 0364  0.1373645862023071E+000
 0365  0.1368727988062752E+000
 0366  0.1363995694292685E+000
 0367  0.1360933088388515E+000
 0368  0.1356471462966372E+000
 0369  0.1352172343869775E+000
 0370  0.1348027679780737E+000
 0371  0.1344029930289129E+000
 0372  0.1340172026550916E+000
 0373  0.1336447335490054E+000
 0374  0.1332849627179982E+000
 0375  0.1329373045082672E+000
 0376  0.1326012078859403E+000
 0377  0.1322761539499729E+000
 0378  0.1319616536542995E+000
 0379  0.1316572457191383E+000
 0380  0.1312670203737569E+000
 0381  0.1309855239472888E+000
 0382  0.1307127121358307E+000
 0383  0.1303624720157363E+000
 0384  0.1300273880354504E+000
 0385  0.1297851811882532E+000
 0386  0.1294737575322646E+000
 0387  0.1291752972426231E+000
 0388  0.1288890892460749E+000
 0389  0.1286144723790702E+000
 0390  0.1283508311177597E+000
 0391  0.1280975917363920E+000
 0392  0.1278542188450310E+000
 0393  0.1276202122638164E+000
 0394  0.1273405041464832E+000
 0395  0.1270744808258050E+000
 0396  0.1268707417353039E+000
 0397  0.1266267669855862E+000
 0398  0.1263942706797215E+000
 0399  0.1261725672291927E+000
 0400  0.1259201135439789E+000
 0401  0.1257203607778891E+000
 0402  0.1254925721103127E+000
 0403  0.1252771366797295E+000
 0404  0.1250732252433444E+000
 0405  0.1248490493334249E+000
 0406  0.1246387303685470E+000
 0407  0.1244412278847977E+000
 0408  0.1242555983222979E+000
 0409  0.1240570134766210E+000
 0410  0.1238718800230023E+000
 0411  0.1236784462530991E+000
 0412  0.1234805233390066E+000
 0413  0.1232989076539568E+000
 0414  0.1231320480245668E+000
 0415  0.1229495182016415E+000
 0416  0.1227714649025109E+000
 0417  0.1226116217930012E+000
 0418  0.1224370042285565E+000
 0419  0.1222749090599397E+000
 0420  0.1221107549845212E+000
 0421  0.1219519565551100E+000
 0422  0.1217941897006825E+000
 0423  0.1216366360632855E+000
 0424  0.1214827542022340E+000
 0425  0.1213830466640323E+000
 0426  0.1213830466640323E+000
 0427  0.1213830466640323E+000
 0428  0.1213830466640323E+000
 0429  0.1213830466640323E+000
 0430  0.1213830466640323E+000
 0431  0.1213830466640323E+000
 0432  0.1213830466640323E+000
 0433  0.1213830466640323E+000
 0434  0.1213830466640323E+000
 0435  0.1213830466640323E+000
 0436  0.1213830466640323E+000
 0437  0.1213830466640323E+000
 0438  0.1213830466640323E+000
 0439  0.1213830466640323E+000
 0440  0.1213830466640323E+000
 0441  0.1213830466640323E+000
 0442  0.1213830466640323E+000
 0443  0.1213830466640323E+000
 0444  0.1213830466640323E+000
 0445  0.1213830466640323E+000
 0446  0.1213830466640323E+000
 0447  0.1213830466640323E+000
 0448  0.1213830466640323E+000
 0449  0.1213830466640323E+000
 0450  0.1213830466640323E+000
 0451  0.1213830466640323E+000
 0452  0.1213830466640323E+000
 0453  0.1213830466640323E+000
 0454  0.1213830466640323E+000
 0455  0.1213830466640323E+000
 0456  0.1213830466640323E+000
 0457  0.1213830466640323E+000
 0458  0.1213830466640323E+000
 0459  0.1213830466640323E+000
 0460  0.1213830466640323E+000
 0461  0.1213830466640323E+000
 0462  0.1213830466640323E+000
 0463  0.1213830466640323E+000
 0464  0.1213830466640323E+000
 0465  0.1213830466640323E+000
 0466  0.1213830466640323E+000
 0467  0.1213830466640323E+000
 0468  0.1213830466640323E+000
 0469  0.1213830466640323E+000
 0470  0.1213830466640323E+000
 0471  0.1213830466640323E+000
 0472  0.1213830466640323E+000
 0473  0.1213830466640323E+000
 0474  0.1213830466640323E+000
 0475  0.1213830466640323E+000
 0476  0.1213830466640323E+000
 0477  0.1213830466640323E+000
 0478  0.1213830466640323E+000
 0479  0.1213830466640323E+000
 0480  0.1213830466640323E+000
 0481  0.1213830466640323E+000
 0482  0.1213830466640323E+000
 0483  0.1213830466640323E+000
 0484  0.1213830466640323E+000
 0485  0.1213830466640323E+000
 0486  0.1213830466640323E+000
 0487  0.1213830466640323E+000
 0488  0.1213830466640323E+000
 0489  0.1213830466640323E+000
 0490  0.1213830466640323E+000
 0491  0.1213830466640323E+000
 0492  0.1213830466640323E+000
 0493  0.1213830466640323E+000
 0494  0.1213830466640323E+000
 0495  0.1213830466640323E+000
 0496  0.1213830466640323E+000
 0497  0.1213830466640323E+000
 0498  0.1213830466640323E+000
 0499  0.1213830466640323E+000
 0500  0.1213830466640323E+000
 0501  0.1213830466640323E+000
 0502  0.1213830466640323E+000
 0503  0.1213830466640323E+000
 0504  0.1213830466640323E+000
 0505  0.1213830466640323E+000
 0506  0.1213830466640323E+000
 0507  0.1213830466640323E+000
 0508  0.1213830466640323E+000
 0509  0.1213830466640323E+000
 0510  0.1213830466640323E+000
 0511  0.1213830466640323E+000
 0512  0.1213830466640323E+000
 0513  0.1213830466640323E+000
 0514  0.1213830466640323E+000
 0515  0.1213830466640323E+000
 0516  0.1213830466640323E+000
 0517  0.1213830466640323E+000
 0518  0.1213830466640323E+000
 0519  0.1213830466640323E+000
 0520  0.1213830466640323E+000
 0521  0.1213830466640323E+000
 0522  0.1213830466640323E+000
 0523  0.1213830466640323E+000
 0524  0.1213830466640323E+000
 0525  0.1213830466640323E+000
 0526  0.1213830466640323E+000
 0527  0.1213830466640323E+000
 0528  0.1213830466640323E+000
 0529  0.1213830466640323E+000
 0530  0.1213830466640323E+000
 0531  0.1213830466640323E+000
 0532  0.1213830466640323E+000
 0533  0.1213830466640323E+000
 0534  0.1213830466640323E+000
 0535  0.1213830466640323E+000
 0536  0.1213830466640323E+000
 0537  0.1213830466640323E+000
 0538  0.1213830466640323E+000
 0539  0.1213830466640323E+000
 0540  0.1213830466640323E+000
 0541  0.1213830466640323E+000
 0542  0.1213830466640323E+000
 0543  0.1213830466640323E+000
 0544  0.1213830466640323E+000
 0545  0.1213830466640323E+000
 0546  0.1213830466640323E+000
 0547  0.1213830466640323E+000
 0548  0.1213830466640323E+000
 0549  0.1213830466640323E+000
 0550  0.1213830466640323E+000
 0551  0.1213830466640323E+000
 0552  0.1213830466640323E+000
 0553  0.1213830466640323E+000
 0554  0.1213830466640323E+000
 0555  0.1213830466640323E+000
 0556  0.1213830466640323E+000
 0557  0.1213830466640323E+000
 0558  0.1213830466640323E+000
 0559  0.1213830466640323E+000
 0560  0.1213830466640323E+000
 0561  0.1213830466640323E+000
 0562  0.1213830466640323E+000
 0563  0.1213830466640323E+000
 0564  0.1213830466640323E+000
 0565  0.1213830466640323E+000
 0566  0.1213830466640323E+000
 0567  0.1213830466640323E+000
 0568  0.1213830466640323E+000
 0569  0.1213830466640323E+000
 0570  0.1213830466640323E+000
 0571  0.1213830466640323E+000
 0572  0.1213830466640323E+000
 0573  0.1213830466640323E+000
 0574  0.1213830466640323E+000
 0575  0.1213830466640323E+000
 0576  0.1213830466640323E+000
 0577  0.1213830466640323E+000
 0578  0.1213830466640323E+000
 0579  0.1213830466640323E+000
 0580  0.1213830466640323E+000
 0581  0.1213830466640323E+000
 0582  0.1213830466640323E+000
 0583  0.1213830466640323E+000
 0584  0.1213830466640323E+000
 0585  0.1213830466640323E+000
 0586  0.1213830466640323E+000
 0587  0.1213830466640323E+000
 0588  0.1213830466640323E+000
 0589  0.1213830466640323E+000
 0590  0.1213830466640323E+000
 0591  0.1213830466640323E+000
 0592  0.1213830466640323E+000
 0593  0.1213830466640323E+000
 0594  0.1213830466640323E+000
 0595  0.1213830466640323E+000
 0596  0.1213830466640323E+000
 0597  0.1213830466640323E+000
 0598  0.1213830466640323E+000
 0599  0.1213830466640323E+000
 0600  0.1213830466640323E+000
 0601  0.1213830466640323E+000
 0602  0.1213830466640323E+000
 0603  0.1213830466640323E+000
 0604  0.1213830466640323E+000
 0605  0.1213830466640323E+000
 0606  0.1213830466640323E+000
 0607  0.1213830466640323E+000
 0608  0.1213830466640323E+000
 0609  0.1213830466640323E+000
 0610  0.1213830466640323E+000
 0611  0.1213830466640323E+000
 0612  0.1213830466640323E+000
 0613  0.1213830466640323E+000
 0614  0.1213830466640323E+000
 0615  0.1213830466640323E+000
 0616  0.1213830466640323E+000
 0617  0.1213830466640323E+000
 0618  0.1213830466640323E+000
 0619  0.1213830466640323E+000
 0620  0.1213830466640323E+000
 0621  0.1213830466640323E+000
 0622  0.1213830466640323E+000
 0623  0.1213830466640323E+000
 0624  0.1213830466640323E+000
 0625  0.1213830466640323E+000
 0626  0.1213830466640323E+000
 0627  0.1213830466640323E+000
 0628  0.1213830466640323E+000
 0629  0.1213830466640323E+000
 0630  0.1213830466640323E+000
 0631  0.1213830466640323E+000
 0632  0.1213830466640323E+000
 0633  0.1213830466640323E+000
 0634  0.1213830466640323E+000
 0635  0.1213830466640323E+000
 0636  0.1213830466640323E+000
 0637  0.1213830466640323E+000
 0638  0.1213830466640323E+000
 0639  0.1213830466640323E+000
 0640  0.1213830466640323E+000
 0641  0.1213830466640323E+000
 0642  0.1213830466640323E+000
 0643  0.1213830466640323E+000
 0644  0.1213830466640323E+000
 0645  0.1213830466640323E+000
 0646  0.1213830466640323E+000
 0647  0.1213830466640323E+000
 0648  0.1213830466640323E+000
 0649  0.1213830466640323E+000
 0650  0.1213830466640323E+000
 0651  0.1213830466640323E+000
 0652  0.1213830466640323E+000
 0653  0.1213830466640323E+000
 0654  0.1213830466640323E+000
 0655  0.1213830466640323E+000
 0656  0.1213830466640323E+000
 0657  0.1213830466640323E+000
 0658  0.1213830466640323E+000
 0659  0.1213830466640323E+000
 0660  0.1213830466640323E+000
 0661  0.1213830466640323E+000
 0662  0.1213830466640323E+000
 0663  0.1213830466640323E+000
 0664  0.1213830466640323E+000
 0665  0.1213830466640323E+000
 0666  0.1213830466640323E+000
 0667  0.1213830466640323E+000
 0668  0.1213830466640323E+000
 0669  0.1213830466640323E+000
 0670  0.1213830466640323E+000
 0671  0.1213830466640323E+000
 0672  0.1213830466640323E+000
 0673  0.1213830466640323E+000
 0674  0.1213830466640323E+000
 0675  0.1213830466640323E+000
 0676  0.1213830466640323E+000
 0677  0.1213830466640323E+000
 0678  0.1213830466640323E+000
 0679  0.1213830466640323E+000
 0680  0.1213830466640323E+000
 0681  0.1213830466640323E+000
 0682  0.1213830466640323E+000
 0683  0.1213830466640323E+000
 0684  0.1213830466640323E+000
 0685  0.1213830466640323E+000
 0686  0.1213830466640323E+000
 0687  0.1213830466640323E+000
 0688  0.1213830466640323E+000
 0689  0.1213830466640323E+000
 0690  0.1213830466640323E+000
 0691  0.1213830466640323E+000
 0692  0.1213830466640323E+000
 0693  0.1213830466640323E+000
 0694  0.1213830466640323E+000
 0695  0.1213830466640323E+000
 0696  0.1213830466640323E+000
 0697  0.1213830466640323E+000
 0698  0.1213830466640323E+000
 0699  0.1213830466640323E+000
 0700  0.1213830466640323E+000
 0701  0.1213830466640323E+000
 0702  0.1213830466640323E+000
 0703  0.1213830466640323E+000
 0704  0.1213830466640323E+000
 0705  0.1213830466640323E+000
 0706  0.1213830466640323E+000
 0707  0.1213830466640323E+000
 0708  0.1213830466640323E+000
 0709  0.1213830466640323E+000
 0710  0.1213830466640323E+000
 0711  0.1213830466640323E+000
 0712  0.1213830466640323E+000
 0713  0.1213830466640323E+000
 0714  0.1213830466640323E+000
 0715  0.1213830466640323E+000
 0716  0.1213830466640323E+000
 0717  0.1213830466640323E+000
 0718  0.1213830466640323E+000
 0719  0.1213830466640323E+000
 0720  0.1213830466640323E+000
 0721  0.1213830466640323E+000
 0722  0.1213830466640323E+000
 0723  0.1213830466640323E+000
 0724  0.1213830466640323E+000
 0725  0.1213830466640323E+000
 0726  0.1213830466640323E+000
 0727  0.1213830466640323E+000
 0728  0.1213830466640323E+000
 0729  0.1213830466640323E+000
 0730  0.1213830466640323E+000
 0731  0.1213830466640323E+000
 0732  0.1213830466640323E+000
 0733  0.1213830466640323E+000
 0734  0.1213830466640323E+000
 0735  0.1213830466640323E+000
 0736  0.1213830466640323E+000
 0737  0.1213830466640323E+000
 0738  0.1213830466640323E+000
 0739  0.1213830466640323E+000
 0740  0.1213830466640323E+000
 0741  0.1213830466640323E+000
 0742  0.1213830466640323E+000
 0743  0.1213830466640323E+000
 0744  0.1213830466640323E+000
 0745  0.1213830466640323E+000
 0746  0.1213830466640323E+000
 0747  0.1213830466640323E+000
 0748  0.1213830466640323E+000
 0749  0.1213830466640323E+000
 0750  0.1213830466640323E+000
 0751  0.1213830466640323E+000
 0752  0.1213830466640323E+000
 0753  0.1213830466640323E+000
 0754  0.1213830466640323E+000
 0755  0.1213830466640323E+000
 0756  0.1213830466640323E+000
 0757  0.1213830466640323E+000
 0758  0.1213830466640323E+000
 0759  0.1213830466640323E+000
 0760  0.1213830466640323E+000
 0761  0.1213830466640323E+000
 0762  0.1213830466640323E+000
 0763  0.1213830466640323E+000
 0764  0.1213830466640323E+000
 0765  0.1213830466640323E+000
 0766  0.1213830466640323E+000
 0767  0.1213830466640323E+000
 0768  0.1213830466640323E+000
 0769  0.1213830466640323E+000
 0770  0.1213830466640323E+000
 0771  0.1213830466640323E+000
 0772  0.1213830466640323E+000
 0773  0.1213830466640323E+000
 0774  0.1213830466640323E+000
 0775  0.1213830466640323E+000
 0776  0.1213830466640323E+000
 0777  0.1213830466640323E+000
 0778  0.1213830466640323E+000
 0779  0.1213830466640323E+000
 0780  0.1213830466640323E+000
 0781  0.1213830466640323E+000
 0782  0.1213830466640323E+000
 0783  0.1213830466640323E+000
 0784  0.1213830466640323E+000
 0785  0.1213830466640323E+000
 0786  0.1213830466640323E+000
 0787  0.1213830466640323E+000
 0788  0.1213830466640323E+000
 0789  0.1213830466640323E+000
 0790  0.1213830466640323E+000
 0791  0.1213830466640323E+000
 0792  0.1213830466640323E+000
 0793  0.1213830466640323E+000
 0794  0.1213830466640323E+000
 0795  0.1213830466640323E+000
 0796  0.1213830466640323E+000
 0797  0.1213830466640323E+000
 0798  0.1213830466640323E+000
 0799  0.1213830466640323E+000
 0800  0.1213830466640323E+000
 0801  0.1213830466640323E+000
 0802  0.1213830466640323E+000
 0803  0.1213830466640323E+000
 0804  0.1213830466640323E+000
 0805  0.1213830466640323E+000
 0806  0.1213830466640323E+000
 0807  0.1213830466640323E+000
 0808  0.1213830466640323E+000
 0809  0.1213830466640323E+000
 0810  0.1213830466640323E+000
 0811  0.1213830466640323E+000
 0812  0.1213830466640323E+000
 0813  0.1213830466640323E+000
 0814  0.1213830466640323E+000
 0815  0.1213830466640323E+000
 0816  0.1213830466640323E+000
 0817  0.1213830466640323E+000
 0818  0.1213830466640323E+000
 0819  0.1213830466640323E+000
 0820  0.1213830466640323E+000
 0821  0.1213830466640323E+000
 0822  0.1213830466640323E+000
 0823  0.1213830466640323E+000
 0824  0.1213830466640323E+000
 0825  0.1213830466640323E+000
 0826  0.1213830466640323E+000
 0827  0.1213830466640323E+000
 0828  0.1213830466640323E+000
 0829  0.1213830466640323E+000
 0830  0.1213830466640323E+000
 0831  0.1213830466640323E+000
 0832  0.1213830466640323E+000
 0833  0.1213830466640323E+000
 0834  0.1213830466640323E+000
 0835  0.1213830466640323E+000
 0836  0.1213830466640323E+000
 0837  0.1213830466640323E+000
 0838  0.1213830466640323E+000
 0839  0.1213830466640323E+000
 0840  0.1213830466640323E+000
 0841  0.1213830466640323E+000
 0842  0.1213830466640323E+000
 0843  0.1213830466640323E+000
 0844  0.1213830466640323E+000
 0845  0.1213830466640323E+000
 0846  0.1213830466640323E+000
 0847  0.1213830466640323E+000
 0848  0.1213830466640323E+000
 0849  0.1213830466640323E+000
 0850  0.1213830466640323E+000
 0851  0.1213830466640323E+000
 0852  0.1213830466640323E+000
 0853  0.1213830466640323E+000
 0854  0.1213830466640323E+000
 0855  0.1213830466640323E+000
 0856  0.1213830466640323E+000
 0857  0.1213830466640323E+000
 0858  0.1213830466640323E+000
 0859  0.1213830466640323E+000
 0860  0.1213830466640323E+000
 0861  0.1213830466640323E+000
 0862  0.1213830466640323E+000
 0863  0.1213830466640323E+000
 0864  0.1213830466640323E+000
 0865  0.1213830466640323E+000
 0866  0.1213830466640323E+000
 0867  0.1213830466640323E+000
 0868  0.1213830466640323E+000
 0869  0.1213830466640323E+000
 0870  0.1213830466640323E+000
 0871  0.1213830466640323E+000
 0872  0.1213830466640323E+000
 0873  0.1213830466640323E+000
 0874  0.1213830466640323E+000
 0875  0.1213830466640323E+000
 0876  0.1213830466640323E+000
 0877  0.1213830466640323E+000
 0878  0.1213830466640323E+000
 0879  0.1213830466640323E+000
 0880  0.1213830466640323E+000
 0881  0.1213830466640323E+000
 0882  0.1213830466640323E+000
 0883  0.1213830466640323E+000
 0884  0.1213830466640323E+000
 0885  0.1213830466640323E+000
 0886  0.1213830466640323E+000
 0887  0.1213830466640323E+000
 0888  0.1213830466640323E+000
 0889  0.1213830466640323E+000
 0890  0.1213830466640323E+000
 0891  0.1213830466640323E+000
 0892  0.1213830466640323E+000
 0893  0.1213830466640323E+000
 0894  0.1213830466640323E+000
 0895  0.1213830466640323E+000
 0896  0.1213830466640323E+000
 0897  0.1213830466640323E+000
 0898  0.1213830466640323E+000
 0899  0.1213830466640323E+000
 0900  0.1213830466640323E+000
 0901  0.1213830466640323E+000
 0902  0.1213830466640323E+000
 0903  0.1213830466640323E+000
 0904  0.1213830466640323E+000
 0905  0.1213830466640323E+000
 0906  0.1213830466640323E+000
 0907  0.1213830466640323E+000
 0908  0.1213830466640323E+000
 0909  0.1213830466640323E+000
 0910  0.1213830466640323E+000
 0911  0.1213830466640323E+000
 0912  0.1213830466640323E+000
 0913  0.1213830466640323E+000
 0914  0.1213830466640323E+000
 0915  0.1213830466640323E+000
 0916  0.1213830466640323E+000
 0917  0.1213830466640323E+000
 0918  0.1213830466640323E+000
 0919  0.1213830466640323E+000
 0920  0.1213830466640323E+000
 0921  0.1213830466640323E+000
 0922  0.1213830466640323E+000
 0923  0.1213830466640323E+000
 0924  0.1213830466640323E+000
 0925  0.1213830466640323E+000
 0926  0.1213830466640323E+000
 0927  0.1213830466640323E+000
 0928  0.1213830466640323E+000
 0929  0.1213830466640323E+000
 0930  0.1213830466640323E+000
 0931  0.1213830466640323E+000
 0932  0.1213830466640323E+000
 0933  0.1213830466640323E+000
 0934  0.1213830466640323E+000
 0935  0.1213830466640323E+000
 0936  0.1213830466640323E+000
 0937  0.1213830466640323E+000
 0938  0.1213830466640323E+000
 0939  0.1213830466640323E+000
 0940  0.1213830466640323E+000
 0941  0.1213830466640323E+000
 0942  0.1213830466640323E+000
 0943  0.1213830466640323E+000
 0944  0.1213830466640323E+000
 0945  0.1213830466640323E+000
 0946  0.1213830466640323E+000
 0947  0.1213830466640323E+000
 0948  0.1213830466640323E+000
 0949  0.1213830466640323E+000
 0950  0.1213830466640323E+000
 0951  0.1213830466640323E+000
 0952  0.1213830466640323E+000
 0953  0.1213830466640323E+000
 0954  0.1213830466640323E+000
 0955  0.1213830466640323E+000
 0956  0.1213830466640323E+000
 0957  0.1213830466640323E+000
 0958  0.1213830466640323E+000
 0959  0.1213830466640323E+000
 0960  0.1213830466640323E+000
 0961  0.1213830466640323E+000
 0962  0.1213830466640323E+000
 0963  0.1213830466640323E+000
 0964  0.1213830466640323E+000
 0965  0.1213830466640323E+000
 0966  0.1213830466640323E+000
 0967  0.1213830466640323E+000
 0968  0.1213830466640323E+000
 0969  0.1213830466640323E+000
 0970  0.1213830466640323E+000
 0971  0.1213830466640323E+000
 0972  0.1213830466640323E+000
 0973  0.1213830466640323E+000
 0974  0.1213830466640323E+000
 0975  0.1213830466640323E+000
 0976  0.1213830466640323E+000
 0977  0.1213830466640323E+000
 0978  0.1213830466640323E+000
 0979  0.1213830466640323E+000
 0980  0.1213830466640323E+000
 0981  0.1213830466640323E+000
 0982  0.1213830466640323E+000
 0983  0.1213830466640323E+000
 0984  0.1213830466640323E+000
 0985  0.1213830466640323E+000
 0986  0.1213830466640323E+000
 0987  0.1213830466640323E+000
 0988  0.1213830466640323E+000
 0989  0.1213830466640323E+000
 0990  0.1213830466640323E+000
 0991  0.1213830466640323E+000
 0992  0.1213830466640323E+000
 0993  0.1213830466640323E+000
 0994  0.1213830466640323E+000
 0995  0.1213830466640323E+000
 0996  0.1213830466640323E+000
 0997  0.1213830466640323E+000
 0998  0.1213830466640323E+000
 0999  0.1213830466640323E+000
 1000  0.1213830466640323E+000
