 0001  0.3125000000000000E-001
 0002  0.3125000000000000E-001
 0003  0.3125000000000000E-001
 0004  0.3125000000000000E-001
 0005  0.3125000000000000E-001
 0006  0.3125000000000000E-001
 0007  0.3125000000000000E-001
 0008  0.3125000000000000E-001
 0009  0.3124960928790059E-001
 0010  0.3124960928790059E-001
 0011  0.3124960928790059E-001
 0012  0.3124922325528256E-001
 0013  0.3124922325528257E-001
 0014  0.3124922325528257E-001
 0015  0.3124766987555714E-001
 0016  0.3124766987555713E-001
 0017  0.3124766987555712E-001
 0018  0.3124613239345760E-001
 0019  0.3124613239345761E-001
 0020  0.3124343988246881E-001
 0021  0.3124343988246881E-001
 0022  0.3124343988246882E-001
 0023  0.3123878120384270E-001
 0024  0.3123878120384270E-001
 0025  0.3123878120384269E-001
 0026  0.3123415743030691E-001
 0027  0.3123415743030692E-001
 0028  0.3122628593349681E-001
 0029  0.3122628593349681E-001
 0030  0.3121372598003969E-001
 0031  0.3121372598003969E-001
 0032  0.3121372598003968E-001
 0033  0.3120122474587857E-001
 0034  0.3120122474587858E-001
 0035  0.3118397922412730E-001
 0036  0.3118397922412729E-001
 0037  0.3116713417598357E-001
 0038  0.3116713417598357E-001
 0039  0.3114308631581331E-001
 0040  0.3114308631581331E-001
 0041  0.3110958042287712E-001
 0042  0.3110958042287712E-001
 0043  0.3107685260009804E-001
 0044  0.3107685260009803E-001
 0045  0.3103104633897869E-001
 0046  0.3103104633897869E-001
 0047  0.3097310405119783E-001
 0048  0.3097310405119782E-001
 0049  0.3091650729284497E-001
 0050  0.3084534967091123E-001
 0051  0.3084534967091123E-001
 0052  0.3075502090331752E-001
 0053  0.3075502090331751E-001
 0054  0.3064268820196758E-001
 0055  0.3064268820196759E-001
 0056  0.3053296407824176E-001
 0057  0.3040055657949750E-001
 0058  0.3040055657949750E-001
 0059  0.3023927436793071E-001
 0060  0.3023927436793071E-001
 0061  0.3008173743412544E-001
 0062  0.2990125016421824E-001
 0063  0.2990125016421824E-001
 0064  0.2968873352743489E-001
 0065  0.2945094370831995E-001
 0066  0.2945094370831995E-001
 0067  0.2921867581820634E-001
 0068  0.2921867581820634E-001
 0069  0.2894516148330355E-001
 0070  0.2864192134852434E-001
 0071  0.2864192134852434E-001
 0072  0.2829006548444852E-001
 0073  0.2796302239444242E-001
 0074  0.2796302239444242E-001
 0075  0.2758242298323738E-001
 0076  0.2717065220207924E-001
 0077  0.2673165306135704E-001
 0078  0.2673165306135704E-001
 0079  0.2624352809727683E-001
 0080  0.2573573475645874E-001
 0081  0.2573573475645875E-001
 0082  0.2523973333669840E-001
 0083  0.2471993673925836E-001
 0084  0.2418016340933687E-001
 0085  0.2418016340933686E-001
 0086  0.2358760224122537E-001
 0087  0.2298355617247333E-001
 0088  0.2232615934981465E-001
 0089  0.2232615934981465E-001
 0090  0.2164113492983196E-001
 0091  0.2097728937274379E-001
 0092  0.2033219788268779E-001
 0093  0.1970384588287828E-001
 0094  0.1909053769483516E-001
 0095  0.1909053769483516E-001
 0096  0.1843982596472441E-001
 0097  0.1780586198290670E-001
 0098  0.1718685577651177E-001
 0099  0.1657954075038560E-001
 0100  0.1541592892008190E-001
 0101  0.1486255295736619E-001
 0102  0.1432301748036542E-001
 0103  0.1379738447103356E-001
 0104  0.1328568218121006E-001
 0105  0.1278790696668760E-001
 0106  0.1230402518714712E-001
 0107  0.1183322680810836E-001
 0108  0.1137563218384301E-001
 0109  0.1091073450708893E-001
 0110  0.1046322957658189E-001
 0111  0.9651432138467343E-002
 0112  0.9282307388973976E-002
 0113  0.8924557180046961E-002
 0114  0.8578052982151533E-002
 0115  0.8242645352900972E-002
 0116  0.7918166684782161E-002
 0117  0.7604433708922513E-002
 0118  0.7290167180343054E-002
 0119  0.6988342212206754E-002
 0120  0.6440448817235843E-002
 0121  0.6191333430467735E-002
 0122  0.5950714190167745E-002
 0123  0.5718383378598122E-002
 0124  0.5494130338244160E-002
 0125  0.5271050474967405E-002
 0126  0.5056709176865175E-002
 0127  0.4850782637424149E-002
 0128  0.4652957161446761E-002
 0129  0.4462929851956670E-002
 0130  0.4117435728824155E-002
 0131  0.3960074479640540E-002
 0132  0.3804166666065935E-002
 0133  0.3654255052138320E-002
 0134  0.3510116027632779E-002
 0135  0.3371533996489382E-002
 0136  0.3238301102840845E-002
 0137  0.3110170537066207E-002
 0138  0.2873769509674526E-002
 0139  0.2764795060788109E-002
 0140  0.2659881763554666E-002
 0141  0.2558852487691016E-002
 0142  0.2461570165550960E-002
 0143  0.2367901964729307E-002
 0144  0.2277719352348284E-002
 0145  0.2189125551290371E-002
 0146  0.2027397613142559E-002
 0147  0.1953504379608717E-002
 0148  0.1882254551170225E-002
 0149  0.1813556697447819E-002
 0150  0.1747322360726738E-002
 0151  0.1682272907025501E-002
 0152  0.1619682497802159E-002
 0153  0.1504937717163416E-002
 0154  0.1452287421923827E-002
 0155  0.1401444167561853E-002
 0156  0.1351529590778115E-002
 0157  0.1303420088403060E-002
 0158  0.1257042192112087E-002
 0159  0.1212333083042888E-002
 0160  0.1130022620272953E-002
 0161  0.1091525335278973E-002
 0162  0.1054354505756382E-002
 0163  0.1018464009051957E-002
 0164  0.9838093224583024E-003
 0165  0.9503434681443622E-003
 0166  0.9180256466883068E-003
 0167  0.8574968282264888E-003
 0168  0.8295652711300212E-003
 0169  0.8025513551608576E-003
 0170  0.7764248697112603E-003
 0171  0.7508264940011319E-003
 0172  0.7260970057728792E-003
 0173  0.6803100147564515E-003
 0174  0.6591008598048277E-003
 0175  0.6383081983677052E-003
 0176  0.6181899634926661E-003
 0177  0.5987221913873921E-003
 0178  0.5798833762505158E-003
 0179  0.5446875111796903E-003
 0180  0.5282474008288042E-003
 0181  0.5123157975598649E-003
 0182  0.4968756302310257E-003
 0183  0.4817526052509860E-003
 0184  0.4671085104013428E-003
 0185  0.4398412447577754E-003
 0186  0.4271420199888168E-003
 0187  0.4146929651968984E-003
 0188  0.4026201615751869E-003
 0189  0.3909118516989645E-003
 0190  0.3689429558917096E-003
 0191  0.3586366075169341E-003
 0192  0.3486279140332805E-003
 0193  0.3389080255954250E-003
 0194  0.3293832015804026E-003
 0195  0.3115581597346591E-003
 0196  0.3032148945745786E-003
 0197  0.2950327469620137E-003
 0198  0.2870810021648677E-003
 0199  0.2793529248866429E-003
 0200  0.2647926638495464E-003
 0201  0.2579338410911078E-003
 0202  0.2512599396059005E-003
 0203  0.2447154136351831E-003
 0204  0.2324117513513850E-003
 0205  0.2266269879953936E-003
 0206  0.2209498840058210E-003
 0207  0.2154219384068936E-003
 0208  0.2100389323838338E-003
 0209  0.1998241820205737E-003
 0210  0.1950129349691136E-003
 0211  0.1903228109344796E-003
 0212  0.1857195293547355E-003
 0213  0.1770296330000287E-003
 0214  0.1729005355393375E-003
 0215  0.1688728003202286E-003
 0216  0.1649437591742657E-003
 0217  0.1574654185672160E-003
 0218  0.1539294408565169E-003
 0219  0.1504559965681093E-003
 0220  0.1470654743622988E-003
 0221  0.1406233848661117E-003
 0222  0.1375630795790643E-003
 0223  0.1345730628816214E-003
 0224  0.1316352690703471E-003
 0225  0.1260462611132657E-003
 0226  0.1233878251598068E-003
 0227  0.1207888422116086E-003
 0228  0.1158233563710541E-003
 0229  0.1134641374510977E-003
 0230  0.1111440846001335E-003
 0231  0.1088745501003378E-003
 0232  0.1045340763587192E-003
 0233  0.1024689838378616E-003
 0234  0.1004376523934162E-003
 0235  0.9655764553360348E-004
 0236  0.9470471096222566E-004
 0237  0.9288163919892749E-004
 0238  0.9109618714365423E-004
 0239  0.8768194327547057E-004
 0240  0.8604957457741400E-004
 0241  0.8444299643637581E-004
 0242  0.8136754218007016E-004
 0243  0.7989559553721190E-004
 0244  0.7844650461143430E-004
 0245  0.7566963377023362E-004
 0246  0.7433921336200824E-004
 0247  0.7302906409931544E-004
 0248  0.7051591684261280E-004
 0249  0.6931064161449339E-004
 0250  0.6812337681991388E-004
 0251  0.6584373097694321E-004
 0252  0.6474937654474036E-004
 0253  0.6367104587019703E-004
 0254  0.6159860653640041E-004
 0255  0.6059957118611718E-004
 0256  0.5867785210951853E-004
 0257  0.5775365268507879E-004
 0258  0.5684246412243907E-004
 0259  0.5508558674287680E-004
 0260  0.5423877925484908E-004
 0261  0.5340619064042336E-004
 0262  0.5179736787070259E-004
 0263  0.5102244899607537E-004
 0264  0.4952405104656619E-004
 0265  0.4880174196972811E-004
 0266  0.4808910007951448E-004
 0267  0.4671218334746209E-004
 0268  0.4604711865489530E-004
 0269  0.4475969427733285E-004
 0270  0.4413821053814602E-004
 0271  0.4293438249250554E-004
 0272  0.4235149595243470E-004
 0273  0.4177736765833022E-004
 0274  0.4066474122775085E-004
 0275  0.4012574992354157E-004
 0276  0.3908075686948846E-004
 0277  0.3857533272428666E-004
 0278  0.3759482541263941E-004
 0279  0.3711933069150631E-004
 0280  0.3619648232942549E-004
 0281  0.3574874904355732E-004
 0282  0.3487939788056561E-004
 0283  0.3445743010376971E-004
 0284  0.3363775263526089E-004
 0285  0.3323972651624052E-004
 0286  0.3246624056306613E-004
 0287  0.3209048822988926E-004
 0288  0.3135998811455914E-004
 0289  0.3100497018100428E-004
 0290  0.3031400989404603E-004
 0291  0.2997784497762845E-004
 0292  0.2932383379384541E-004
 0293  0.2900575456335689E-004
 0294  0.2838588514390330E-004
 0295  0.2779186348125142E-004
 0296  0.2750256395312656E-004
 0297  0.2693877991374356E-004
 0298  0.2666412408296524E-004
 0299  0.2612842465025090E-004
 0300  0.2561397826345165E-004
 0301  0.2536307577269688E-004
 0302  0.2487368177325668E-004
 0303  0.2463482369908021E-004
 0304  0.2416880377074225E-004
 0305  0.2372026916084547E-004
 0306  0.2350125386649205E-004
 0307  0.2307336676802803E-004
 0308  0.2266124398727128E-004
 0309  0.2245992133047500E-004
 0310  0.2206642656960990E-004
 0311  0.2168702200799407E-004
 0312  0.2150153960996955E-004
 0313  0.2113874230212894E-004
 0314  0.2078850404959117E-004
 0315  0.2045029055618940E-004
 0316  0.2028476753541772E-004
 0317  0.1996067727022287E-004
 0318  0.1964748757655765E-004
 0319  0.1934467763965360E-004
 0320  0.1919632729424012E-004
 0321  0.1890568892114588E-004
 0322  0.1862441976110908E-004
 0323  0.1835207301951205E-004
 0324  0.1808828509370614E-004
 0325  0.1783267907480689E-004
 0326  0.1770730628293960E-004
 0327  0.1746131655206514E-004
 0328  0.1722279390922034E-004
 0329  0.1699139879434279E-004
 0330  0.1676685492944558E-004
 0331  0.1654887811531946E-004
 0332  0.1633721871954436E-004
 0333  0.1613161365922503E-004
 0334  0.1593182742795724E-004
 0335  0.1573762715630667E-004
 0336  0.1554902990219045E-004
 0337  0.1536612280558434E-004
 0338  0.1518867245094333E-004
 0339  0.1501645747636675E-004
 0340  0.1484926782753004E-004
 0341  0.1468690406522470E-004
 0342  0.1452917672213447E-004
 0343  0.1437590570487360E-004
 0344  0.1422691973767051E-004
 0345  0.1408205584440377E-004
 0346  0.1387288325731516E-004
 0347  0.1373860059320015E-004
 0348  0.1360788537777945E-004
 0349  0.1348060866185778E-004
 0350  0.1335664738108097E-004
 0351  0.1317727125734524E-004
 0352  0.1306187413950891E-004
 0353  0.1294937039327126E-004
 0354  0.1278636248635997E-004
 0355  0.1268136201953977E-004
 0356  0.1257889937886515E-004
 0357  0.1243026181681549E-004
 0358  0.1233440506185240E-004
 0359  0.1219523304041577E-004
 0360  0.1210540630827180E-004
 0361  0.1197488497585684E-004
 0362  0.1189057563861555E-004
 0363  0.1176797853983575E-004
 0364  0.1168872890655494E-004
 0365  0.1157340651826701E-004
 0366  0.1146243591917315E-004
 0367  0.1139061890432008E-004
 0368  0.1128599538133426E-004
 0369  0.1118518257365475E-004
 0370  0.1108799168074929E-004
 0371  0.1099424588269316E-004
 0372  0.1090377941761793E-004
 0373  0.1081643674225852E-004
 0374  0.1073207176706214E-004
 0375  0.1065054715830315E-004
 0376  0.1057173370050607E-004
 0377  0.1049550971322887E-004
 0378  0.1042176051691556E-004
 0379  0.1035037794310432E-004
 0380  0.1025887149303463E-004
 0381  0.1019286158619926E-004
 0382  0.1012888819057262E-004
 0383  0.1004675813305305E-004
 0384  0.9968182136198674E-005
 0385  0.9911385495406545E-005
 0386  0.9838357760113262E-005
 0387  0.9768369887938443E-005
 0388  0.9701255134743447E-005
 0389  0.9636858460036590E-005
 0390  0.9575035525673209E-005
 0391  0.9515651795013346E-005
 0392  0.9458581721028779E-005
 0393  0.9403708013327985E-005
 0394  0.9338117458599102E-005
 0395  0.9275735939819958E-005
 0396  0.9227959850611885E-005
 0397  0.9170748642991445E-005
 0398  0.9116229089467132E-005
 0399  0.9064240421980032E-005
 0400  0.9005040934262733E-005
 0401  0.8958199623894807E-005
 0402  0.8904783994739159E-005
 0403  0.8854265155547309E-005
 0404  0.8806448651844637E-005
 0405  0.8753880201459039E-005
 0406  0.8704561155205258E-005
 0407  0.8658247528010684E-005
 0408  0.8614718058452927E-005
 0409  0.8568150621251201E-005
 0410  0.8524737487454780E-005
 0411  0.8479377959128719E-005
 0412  0.8432965742520021E-005
 0413  0.8390377512891847E-005
 0414  0.8351249525624757E-005
 0415  0.8308446933928881E-005
 0416  0.8266694071078136E-005
 0417  0.8229211432668335E-005
 0418  0.8188264237333007E-005
 0419  0.8150253499104068E-005
 0420  0.8111759954582361E-005
 0421  0.8074522289925030E-005
 0422  0.8037526525918042E-005
 0423  0.8000580760543022E-005
 0424  0.7964496013610055E-005
 0425  0.7941114951938650E-005
 0426  0.7941114951938650E-005
 0427  0.7941114951938650E-005
 0428  0.7941114951938650E-005
 0429  0.7941114951938650E-005
 0430  0.7941114951938650E-005
 0431  0.7941114951938650E-005
 0432  0.7941114951938650E-005
 0433  0.7941114951938650E-005
 0434  0.7941114951938650E-005
 0435  0.7941114951938650E-005
 0436  0.7941114951938650E-005
 0437  0.7941114951938650E-005
 0438  0.7941114951938650E-005
 0439  0.7941114951938650E-005
 0440  0.7941114951938650E-005
 0441  0.7941114951938650E-005
 0442  0.7941114951938650E-005
 0443  0.7941114951938650E-005
 0444  0.7941114951938650E-005
 0445  0.7941114951938650E-005
 0446  0.7941114951938650E-005
 0447  0.7941114951938650E-005
 0448  0.7941114951938650E-005
 0449  0.7941114951938650E-005
 0450  0.7941114951938650E-005
 0451  0.7941114951938650E-005
 0452  0.7941114951938650E-005
 0453  0.7941114951938650E-005
 0454  0.7941114951938650E-005
 0455  0.7941114951938650E-005
 0456  0.7941114951938650E-005
 0457  0.7941114951938650E-005
 0458  0.7941114951938650E-005
 0459  0.7941114951938650E-005
 0460  0.7941114951938650E-005
 0461  0.7941114951938650E-005
 0462  0.7941114951938650E-005
 0463  0.7941114951938650E-005
 0464  0.7941114951938650E-005
 0465  0.7941114951938650E-005
 0466  0.7941114951938650E-005
 0467  0.7941114951938650E-005
 0468  0.7941114951938650E-005
 0469  0.7941114951938650E-005
 0470  0.7941114951938650E-005
 0471  0.7941114951938650E-005
 0472  0.7941114951938650E-005
 0473  0.7941114951938650E-005
 0474  0.7941114951938650E-005
 0475  0.7941114951938650E-005
 0476  0.7941114951938650E-005
 0477  0.7941114951938650E-005
 0478  0.7941114951938650E-005
 0479  0.7941114951938650E-005
 0480  0.7941114951938650E-005
 0481  0.7941114951938650E-005
 0482  0.7941114951938650E-005
 0483  0.7941114951938650E-005
 0484  0.7941114951938650E-005
 0485  0.7941114951938650E-005
 0486  0.7941114951938650E-005
 0487  0.7941114951938650E-005
 0488  0.7941114951938650E-005
 0489  0.7941114951938650E-005
 0490  0.7941114951938650E-005
 0491  0.7941114951938650E-005
 0492  0.7941114951938650E-005
 0493  0.7941114951938650E-005
 0494  0.7941114951938650E-005
 0495  0.7941114951938650E-005
 0496  0.7941114951938650E-005
 0497  0.7941114951938650E-005
 0498  0.7941114951938650E-005
 0499  0.7941114951938650E-005
 0500  0.7941114951938650E-005
 0501  0.7941114951938650E-005
 0502  0.7941114951938650E-005
 0503  0.7941114951938650E-005
 0504  0.7941114951938650E-005
 0505  0.7941114951938650E-005
 0506  0.7941114951938650E-005
 0507  0.7941114951938650E-005
 0508  0.7941114951938650E-005
 0509  0.7941114951938650E-005
 0510  0.7941114951938650E-005
 0511  0.7941114951938650E-005
 0512  0.7941114951938650E-005
 0513  0.7941114951938650E-005
 0514  0.7941114951938650E-005
 0515  0.7941114951938650E-005
 0516  0.7941114951938650E-005
 0517  0.7941114951938650E-005
 0518  0.7941114951938650E-005
 0519  0.7941114951938650E-005
 0520  0.7941114951938650E-005
 0521  0.7941114951938650E-005
 0522  0.7941114951938650E-005
 0523  0.7941114951938650E-005
 0524  0.7941114951938650E-005
 0525  0.7941114951938650E-005
 0526  0.7941114951938650E-005
 0527  0.7941114951938650E-005
 0528  0.7941114951938650E-005
 0529  0.7941114951938650E-005
 0530  0.7941114951938650E-005
 0531  0.7941114951938650E-005
 0532  0.7941114951938650E-005
 0533  0.7941114951938650E-005
 0534  0.7941114951938650E-005
 0535  0.7941114951938650E-005
 0536  0.7941114951938650E-005
 0537  0.7941114951938650E-005
 0538  0.7941114951938650E-005
 0539  0.7941114951938650E-005
 0540  0.7941114951938650E-005
 0541  0.7941114951938650E-005
 0542  0.7941114951938650E-005
 0543  0.7941114951938650E-005
 0544  0.7941114951938650E-005
 0545  0.7941114951938650E-005
 0546  0.7941114951938650E-005
 0547  0.7941114951938650E-005
 0548  0.7941114951938650E-005
 0549  0.7941114951938650E-005
 0550  0.7941114951938650E-005
 0551  0.7941114951938650E-005
 0552  0.7941114951938650E-005
 0553  0.7941114951938650E-005
 0554  0.7941114951938650E-005
 0555  0.7941114951938650E-005
 0556  0.7941114951938650E-005
 0557  0.7941114951938650E-005
 0558  0.7941114951938650E-005
 0559  0.7941114951938650E-005
 0560  0.7941114951938650E-005
 0561  0.7941114951938650E-005
 0562  0.7941114951938650E-005
 0563  0.7941114951938650E-005
 0564  0.7941114951938650E-005
 0565  0.7941114951938650E-005
 0566  0.7941114951938650E-005
 0567  0.7941114951938650E-005
 0568  0.7941114951938650E-005
 0569  0.7941114951938650E-005
 0570  0.7941114951938650E-005
 0571  0.7941114951938650E-005
 0572  0.7941114951938650E-005
 0573  0.7941114951938650E-005
 0574  0.7941114951938650E-005
 0575  0.7941114951938650E-005
 0576  0.7941114951938650E-005
 0577  0.7941114951938650E-005
 0578  0.7941114951938650E-005
 0579  0.7941114951938650E-005
 0580  0.7941114951938650E-005
 0581  0.7941114951938650E-005
 0582  0.7941114951938650E-005
 0583  0.7941114951938650E-005
 0584  0.7941114951938650E-005
 0585  0.7941114951938650E-005
 0586  0.7941114951938650E-005
 0587  0.7941114951938650E-005
 0588  0.7941114951938650E-005
 0589  0.7941114951938650E-005
 0590  0.7941114951938650E-005
 0591  0.7941114951938650E-005
 0592  0.7941114951938650E-005
 0593  0.7941114951938650E-005
 0594  0.7941114951938650E-005
 0595  0.7941114951938650E-005
 0596  0.7941114951938650E-005
 0597  0.7941114951938650E-005
 0598  0.7941114951938650E-005
 0599  0.7941114951938650E-005
 0600  0.7941114951938650E-005
 0601  0.7941114951938650E-005
 0602  0.7941114951938650E-005
 0603  0.7941114951938650E-005
 0604  0.7941114951938650E-005
 0605  0.7941114951938650E-005
 0606  0.7941114951938650E-005
 0607  0.7941114951938650E-005
 0608  0.7941114951938650E-005
 0609  0.7941114951938650E-005
 0610  0.7941114951938650E-005
 0611  0.7941114951938650E-005
 0612  0.7941114951938650E-005
 0613  0.7941114951938650E-005
 0614  0.7941114951938650E-005
 0615  0.7941114951938650E-005
 0616  0.7941114951938650E-005
 0617  0.7941114951938650E-005
 0618  0.7941114951938650E-005
 0619  0.7941114951938650E-005
 0620  0.7941114951938650E-005
 0621  0.7941114951938650E-005
 0622  0.7941114951938650E-005
 0623  0.7941114951938650E-005
 0624  0.7941114951938650E-005
 0625  0.7941114951938650E-005
 0626  0.7941114951938650E-005
 0627  0.7941114951938650E-005
 0628  0.7941114951938650E-005
 0629  0.7941114951938650E-005
 0630  0.7941114951938650E-005
 0631  0.7941114951938650E-005
 0632  0.7941114951938650E-005
 0633  0.7941114951938650E-005
 0634  0.7941114951938650E-005
 0635  0.7941114951938650E-005
 0636  0.7941114951938650E-005
 0637  0.7941114951938650E-005
 0638  0.7941114951938650E-005
 0639  0.7941114951938650E-005
 0640  0.7941114951938650E-005
 0641  0.7941114951938650E-005
 0642  0.7941114951938650E-005
 0643  0.7941114951938650E-005
 0644  0.7941114951938650E-005
 0645  0.7941114951938650E-005
 0646  0.7941114951938650E-005
 0647  0.7941114951938650E-005
 0648  0.7941114951938650E-005
 0649  0.7941114951938650E-005
 0650  0.7941114951938650E-005
 0651  0.7941114951938650E-005
 0652  0.7941114951938650E-005
 0653  0.7941114951938650E-005
 0654  0.7941114951938650E-005
 0655  0.7941114951938650E-005
 0656  0.7941114951938650E-005
 0657  0.7941114951938650E-005
 0658  0.7941114951938650E-005
 0659  0.7941114951938650E-005
 0660  0.7941114951938650E-005
 0661  0.7941114951938650E-005
 0662  0.7941114951938650E-005
 0663  0.7941114951938650E-005
 0664  0.7941114951938650E-005
 0665  0.7941114951938650E-005
 0666  0.7941114951938650E-005
 0667  0.7941114951938650E-005
 0668  0.7941114951938650E-005
 0669  0.7941114951938650E-005
 0670  0.7941114951938650E-005
 0671  0.7941114951938650E-005
 0672  0.7941114951938650E-005
 0673  0.7941114951938650E-005
 0674  0.7941114951938650E-005
 0675  0.7941114951938650E-005
 0676  0.7941114951938650E-005
 0677  0.7941114951938650E-005
 0678  0.7941114951938650E-005
 0679  0.7941114951938650E-005
 0680  0.7941114951938650E-005
 0681  0.7941114951938650E-005
 0682  0.7941114951938650E-005
 0683  0.7941114951938650E-005
 0684  0.7941114951938650E-005
 0685  0.7941114951938650E-005
 0686  0.7941114951938650E-005
 0687  0.7941114951938650E-005
 0688  0.7941114951938650E-005
 0689  0.7941114951938650E-005
 0690  0.7941114951938650E-005
 0691  0.7941114951938650E-005
 0692  0.7941114951938650E-005
 0693  0.7941114951938650E-005
 0694  0.7941114951938650E-005
 0695  0.7941114951938650E-005
 0696  0.7941114951938650E-005
 0697  0.7941114951938650E-005
 0698  0.7941114951938650E-005
 0699  0.7941114951938650E-005
 0700  0.7941114951938650E-005
 0701  0.7941114951938650E-005
 0702  0.7941114951938650E-005
 0703  0.7941114951938650E-005
 0704  0.7941114951938650E-005
 0705  0.7941114951938650E-005
 0706  0.7941114951938650E-005
 0707  0.7941114951938650E-005
 0708  0.7941114951938650E-005
 0709  0.7941114951938650E-005
 0710  0.7941114951938650E-005
 0711  0.7941114951938650E-005
 0712  0.7941114951938650E-005
 0713  0.7941114951938650E-005
 0714  0.7941114951938650E-005
 0715  0.7941114951938650E-005
 0716  0.7941114951938650E-005
 0717  0.7941114951938650E-005
 0718  0.7941114951938650E-005
 0719  0.7941114951938650E-005
 0720  0.7941114951938650E-005
 0721  0.7941114951938650E-005
 0722  0.7941114951938650E-005
 0723  0.7941114951938650E-005
 0724  0.7941114951938650E-005
 0725  0.7941114951938650E-005
 0726  0.7941114951938650E-005
 0727  0.7941114951938650E-005
 0728  0.7941114951938650E-005
 0729  0.7941114951938650E-005
 0730  0.7941114951938650E-005
 0731  0.7941114951938650E-005
 0732  0.7941114951938650E-005
 0733  0.7941114951938650E-005
 0734  0.7941114951938650E-005
 0735  0.7941114951938650E-005
 0736  0.7941114951938650E-005
 0737  0.7941114951938650E-005
 0738  0.7941114951938650E-005
 0739  0.7941114951938650E-005
 0740  0.7941114951938650E-005
 0741  0.7941114951938650E-005
 0742  0.7941114951938650E-005
 0743  0.7941114951938650E-005
 0744  0.7941114951938650E-005
 0745  0.7941114951938650E-005
 0746  0.7941114951938650E-005
 0747  0.7941114951938650E-005
 0748  0.7941114951938650E-005
 0749  0.7941114951938650E-005
 0750  0.7941114951938650E-005
 0751  0.7941114951938650E-005
 0752  0.7941114951938650E-005
 0753  0.7941114951938650E-005
 0754  0.7941114951938650E-005
 0755  0.7941114951938650E-005
 0756  0.7941114951938650E-005
 0757  0.7941114951938650E-005
 0758  0.7941114951938650E-005
 0759  0.7941114951938650E-005
 0760  0.7941114951938650E-005
 0761  0.7941114951938650E-005
 0762  0.7941114951938650E-005
 0763  0.7941114951938650E-005
 0764  0.7941114951938650E-005
 0765  0.7941114951938650E-005
 0766  0.7941114951938650E-005
 0767  0.7941114951938650E-005
 0768  0.7941114951938650E-005
 0769  0.7941114951938650E-005
 0770  0.7941114951938650E-005
 0771  0.7941114951938650E-005
 0772  0.7941114951938650E-005
 0773  0.7941114951938650E-005
 0774  0.7941114951938650E-005
 0775  0.7941114951938650E-005
 0776  0.7941114951938650E-005
 0777  0.7941114951938650E-005
 0778  0.7941114951938650E-005
 0779  0.7941114951938650E-005
 0780  0.7941114951938650E-005
 0781  0.7941114951938650E-005
 0782  0.7941114951938650E-005
 0783  0.7941114951938650E-005
 0784  0.7941114951938650E-005
 0785  0.7941114951938650E-005
 0786  0.7941114951938650E-005
 0787  0.7941114951938650E-005
 0788  0.7941114951938650E-005
 0789  0.7941114951938650E-005
 0790  0.7941114951938650E-005
 0791  0.7941114951938650E-005
 0792  0.7941114951938650E-005
 0793  0.7941114951938650E-005
 0794  0.7941114951938650E-005
 0795  0.7941114951938650E-005
 0796  0.7941114951938650E-005
 0797  0.7941114951938650E-005
 0798  0.7941114951938650E-005
 0799  0.7941114951938650E-005
 0800  0.7941114951938650E-005
 0801  0.7941114951938650E-005
 0802  0.7941114951938650E-005
 0803  0.7941114951938650E-005
 0804  0.7941114951938650E-005
 0805  0.7941114951938650E-005
 0806  0.7941114951938650E-005
 0807  0.7941114951938650E-005
 0808  0.7941114951938650E-005
 0809  0.7941114951938650E-005
 0810  0.7941114951938650E-005
 0811  0.7941114951938650E-005
 0812  0.7941114951938650E-005
 0813  0.7941114951938650E-005
 0814  0.7941114951938650E-005
 0815  0.7941114951938650E-005
 0816  0.7941114951938650E-005
 0817  0.7941114951938650E-005
 0818  0.7941114951938650E-005
 0819  0.7941114951938650E-005
 0820  0.7941114951938650E-005
 0821  0.7941114951938650E-005
 0822  0.7941114951938650E-005
 0823  0.7941114951938650E-005
 0824  0.7941114951938650E-005
 0825  0.7941114951938650E-005
 0826  0.7941114951938650E-005
 0827  0.7941114951938650E-005
 0828  0.7941114951938650E-005
 0829  0.7941114951938650E-005
 0830  0.7941114951938650E-005
 0831  0.7941114951938650E-005
 0832  0.7941114951938650E-005
 0833  0.7941114951938650E-005
 0834  0.7941114951938650E-005
 0835  0.7941114951938650E-005
 0836  0.7941114951938650E-005
 0837  0.7941114951938650E-005
 0838  0.7941114951938650E-005
 0839  0.7941114951938650E-005
 0840  0.7941114951938650E-005
 0841  0.7941114951938650E-005
 0842  0.7941114951938650E-005
 0843  0.7941114951938650E-005
 0844  0.7941114951938650E-005
 0845  0.7941114951938650E-005
 0846  0.7941114951938650E-005
 0847  0.7941114951938650E-005
 0848  0.7941114951938650E-005
 0849  0.7941114951938650E-005
 0850  0.7941114951938650E-005
 0851  0.7941114951938650E-005
 0852  0.7941114951938650E-005
 0853  0.7941114951938650E-005
 0854  0.7941114951938650E-005
 0855  0.7941114951938650E-005
 0856  0.7941114951938650E-005
 0857  0.7941114951938650E-005
 0858  0.7941114951938650E-005
 0859  0.7941114951938650E-005
 0860  0.7941114951938650E-005
 0861  0.7941114951938650E-005
 0862  0.7941114951938650E-005
 0863  0.7941114951938650E-005
 0864  0.7941114951938650E-005
 0865  0.7941114951938650E-005
 0866  0.7941114951938650E-005
 0867  0.7941114951938650E-005
 0868  0.7941114951938650E-005
 0869  0.7941114951938650E-005
 0870  0.7941114951938650E-005
 0871  0.7941114951938650E-005
 0872  0.7941114951938650E-005
 0873  0.7941114951938650E-005
 0874  0.7941114951938650E-005
 0875  0.7941114951938650E-005
 0876  0.7941114951938650E-005
 0877  0.7941114951938650E-005
 0878  0.7941114951938650E-005
 0879  0.7941114951938650E-005
 0880  0.7941114951938650E-005
 0881  0.7941114951938650E-005
 0882  0.7941114951938650E-005
 0883  0.7941114951938650E-005
 0884  0.7941114951938650E-005
 0885  0.7941114951938650E-005
 0886  0.7941114951938650E-005
 0887  0.7941114951938650E-005
 0888  0.7941114951938650E-005
 0889  0.7941114951938650E-005
 0890  0.7941114951938650E-005
 0891  0.7941114951938650E-005
 0892  0.7941114951938650E-005
 0893  0.7941114951938650E-005
 0894  0.7941114951938650E-005
 0895  0.7941114951938650E-005
 0896  0.7941114951938650E-005
 0897  0.7941114951938650E-005
 0898  0.7941114951938650E-005
 0899  0.7941114951938650E-005
 0900  0.7941114951938650E-005
 0901  0.7941114951938650E-005
 0902  0.7941114951938650E-005
 0903  0.7941114951938650E-005
 0904  0.7941114951938650E-005
 0905  0.7941114951938650E-005
 0906  0.7941114951938650E-005
 0907  0.7941114951938650E-005
 0908  0.7941114951938650E-005
 0909  0.7941114951938650E-005
 0910  0.7941114951938650E-005
 0911  0.7941114951938650E-005
 0912  0.7941114951938650E-005
 0913  0.7941114951938650E-005
 0914  0.7941114951938650E-005
 0915  0.7941114951938650E-005
 0916  0.7941114951938650E-005
 0917  0.7941114951938650E-005
 0918  0.7941114951938650E-005
 0919  0.7941114951938650E-005
 0920  0.7941114951938650E-005
 0921  0.7941114951938650E-005
 0922  0.7941114951938650E-005
 0923  0.7941114951938650E-005
 0924  0.7941114951938650E-005
 0925  0.7941114951938650E-005
 0926  0.7941114951938650E-005
 0927  0.7941114951938650E-005
 0928  0.7941114951938650E-005
 0929  0.7941114951938650E-005
 0930  0.7941114951938650E-005
 0931  0.7941114951938650E-005
 0932  0.7941114951938650E-005
 0933  0.7941114951938650E-005
 0934  0.7941114951938650E-005
 0935  0.7941114951938650E-005
 0936  0.7941114951938650E-005
 0937  0.7941114951938650E-005
 0938  0.7941114951938650E-005
 0939  0.7941114951938650E-005
 0940  0.7941114951938650E-005
 0941  0.7941114951938650E-005
 0942  0.7941114951938650E-005
 0943  0.7941114951938650E-005
 0944  0.7941114951938650E-005
 0945  0.7941114951938650E-005
 0946  0.7941114951938650E-005
 0947  0.7941114951938650E-005
 0948  0.7941114951938650E-005
 0949  0.7941114951938650E-005
 0950  0.7941114951938650E-005
 0951  0.7941114951938650E-005
 0952  0.7941114951938650E-005
 0953  0.7941114951938650E-005
 0954  0.7941114951938650E-005
 0955  0.7941114951938650E-005
 0956  0.7941114951938650E-005
 0957  0.7941114951938650E-005
 0958  0.7941114951938650E-005
 0959  0.7941114951938650E-005
 0960  0.7941114951938650E-005
 0961  0.7941114951938650E-005
 0962  0.7941114951938650E-005
 0963  0.7941114951938650E-005
 0964  0.7941114951938650E-005
 0965  0.7941114951938650E-005
 0966  0.7941114951938650E-005
 0967  0.7941114951938650E-005
 0968  0.7941114951938650E-005
 0969  0.7941114951938650E-005
 0970  0.7941114951938650E-005
 0971  0.7941114951938650E-005
 0972  0.7941114951938650E-005
 0973  0.7941114951938650E-005
 0974  0.7941114951938650E-005
 0975  0.7941114951938650E-005
 0976  0.7941114951938650E-005
 0977  0.7941114951938650E-005
 0978  0.7941114951938650E-005
 0979  0.7941114951938650E-005
 0980  0.7941114951938650E-005
 0981  0.7941114951938650E-005
 0982  0.7941114951938650E-005
 0983  0.7941114951938650E-005
 0984  0.7941114951938650E-005
 0985  0.7941114951938650E-005
 0986  0.7941114951938650E-005
 0987  0.7941114951938650E-005
 0988  0.7941114951938650E-005
 0989  0.7941114951938650E-005
 0990  0.7941114951938650E-005
 0991  0.7941114951938650E-005
 0992  0.7941114951938650E-005
 0993  0.7941114951938650E-005
 0994  0.7941114951938650E-005
 0995  0.7941114951938650E-005
 0996  0.7941114951938650E-005
 0997  0.7941114951938650E-005
 0998  0.7941114951938650E-005
 0999  0.7941114951938650E-005
 1000  0.7941114951938650E-005
