 0001  0.2307560772585149E+000
 0002  0.2307560772585149E+000
 0003  0.2331465696863274E+000
 0004  0.2331465696863274E+000
 0005  0.2331465696863274E+000
 0006  0.2357897246980950E+000
 0007  0.2357897246980950E+000
 0008  0.2357897246980950E+000
 0009  0.2386958546890701E+000
 0010  0.2386958546890701E+000
 0011  0.2386958546890701E+000
 0012  0.2415671785370894E+000
 0013  0.2415671785370893E+000
 0014  0.2415671785370893E+000
 0015  0.2447330912542702E+000
 0016  0.2447330912542702E+000
 0017  0.2447330912542702E+000
 0018  0.2478666033322313E+000
 0019  0.2478666033322313E+000
 0020  0.2512592660627186E+000
 0021  0.2512592660627186E+000
 0022  0.2512592660627186E+000
 0023  0.2549687670008831E+000
 0024  0.2549687670008832E+000
 0025  0.2549687670008832E+000
 0026  0.2586504745504553E+000
 0027  0.2586504745504553E+000
 0028  0.2626277935936351E+000
 0029  0.2626277935936350E+000
 0030  0.2669021907840774E+000
 0031  0.2669021907840774E+000
 0032  0.2669021907840774E+000
 0033  0.2711566046525485E+000
 0034  0.2711566046525485E+000
 0035  0.2757147206331019E+000
 0036  0.2757147206331019E+000
 0037  0.2801669885461556E+000
 0038  0.2801669885461556E+000
 0039  0.2849573421193971E+000
 0040  0.2849573421193971E+000
 0041  0.2900881818098328E+000
 0042  0.2900881818098328E+000
 0043  0.2950998737058286E+000
 0044  0.2950998737058287E+000
 0045  0.3004905230338721E+000
 0046  0.3004905230338721E+000
 0047  0.3062284676143543E+000
 0048  0.3062284676143543E+000
 0049  0.3118331662774760E+000
 0050  0.3176626626281251E+000
 0051  0.3176626626281251E+000
 0052  0.3238755299180271E+000
 0053  0.3238755299180271E+000
 0054  0.3304707286291326E+000
 0055  0.3304707286291326E+000
 0056  0.3369127743618308E+000
 0057  0.3435593246477308E+000
 0058  0.3435593246477307E+000
 0059  0.3506186449564097E+000
 0060  0.3506186449564097E+000
 0061  0.3575140345060376E+000
 0062  0.3645723920821829E+000
 0063  0.3645723920821829E+000
 0064  0.3720488754061190E+000
 0065  0.3796286845099453E+000
 0066  0.3796286845099453E+000
 0067  0.3870324761212198E+000
 0068  0.3870324761212198E+000
 0069  0.3949008805443394E+000
 0070  0.4028525815715974E+000
 0071  0.4028525815715974E+000
 0072  0.4112514548634823E+000
 0073  0.4190580420328121E+000
 0074  0.4190580420328121E+000
 0075  0.4273447506136457E+000
 0076  0.4356310383073896E+000
 0077  0.4438751168082489E+000
 0078  0.4438751168082489E+000
 0079  0.4524921198775043E+000
 0080  0.4609652271478105E+000
 0081  0.4609652271478105E+000
 0082  0.4692415728538861E+000
 0083  0.4774059028963645E+000
 0084  0.4854326052277318E+000
 0085  0.4854326052277317E+000
 0086  0.4938134496030220E+000
 0087  0.5019658856704391E+000
 0088  0.5101389378011476E+000
 0089  0.5101389378011477E+000
 0090  0.5183526806388821E+000
 0091  0.5260416089975392E+000
 0092  0.5332701066671662E+000
 0093  0.5400918385895888E+000
 0094  0.5465519660700637E+000
 0095  0.5465519660700638E+000
 0096  0.5532107360825553E+000
 0097  0.5595194463251422E+000
 0098  0.5655154057196864E+000
 0099  0.5712372945947224E+000
 0100  0.5816840466946726E+000
 0101  0.5864413523511804E+000
 0102  0.5909909049911095E+000
 0103  0.5953404099399038E+000
 0104  0.5994973705333435E+000
 0105  0.6034690877692147E+000
 0106  0.6072626602014727E+000
 0107  0.6108874848962053E+000
 0108  0.6143495313688422E+000
 0109  0.6177591017084793E+000
 0110  0.6209954936133574E+000
 0111  0.6267485770743574E+000
 0112  0.6293106160976558E+000
 0113  0.6317593923646703E+000
 0114  0.6340991535365502E+000
 0115  0.6363340449298012E+000
 0116  0.6384681062538596E+000
 0117  0.6405052687504814E+000
 0118  0.6424989810448498E+000
 0119  0.6443934017968920E+000
 0120  0.6477765447083885E+000
 0121  0.6492891570500047E+000
 0122  0.6507344812426666E+000
 0123  0.6521151757572513E+000
 0124  0.6534338020026185E+000
 0125  0.6547194624678444E+000
 0126  0.6559430300514032E+000
 0127  0.6571073842397982E+000
 0128  0.6582152594667929E+000
 0129  0.6592692636814951E+000
 0130  0.6611584408678497E+000
 0131  0.6620057952609200E+000
 0132  0.6628293708100111E+000
 0133  0.6636140901142723E+000
 0134  0.6643616550115536E+000
 0135  0.6650736913031968E+000
 0136  0.6657517526405162E+000
 0137  0.6663973905268064E+000
 0138  0.6675672577897086E+000
 0139  0.6680976777630825E+000
 0140  0.6686048242895639E+000
 0141  0.6690902476555344E+000
 0142  0.6695550444438132E+000
 0143  0.6700000884909831E+000
 0144  0.6704260853027141E+000
 0145  0.6708379583016871E+000
 0146  0.6715328979594393E+000
 0147  0.6718018827790658E+000
 0148  0.6720138542149340E+000
 0149  0.6721565058699364E+000
 0150  0.6722177915908671E+000
 0151  0.6720483608157576E+000
 0152  0.6717542138963264E+000
 0153  0.6707903730445380E+000
 0154  0.6700903354854120E+000
 0155  0.6692216551040208E+000
 0156  0.6679624522173997E+000
 0157  0.6665383633431572E+000
 0158  0.6649253546422711E+000
 0159  0.6631240355757198E+000
 0160  0.6590813594926103E+000
 0161  0.6565539470032064E+000
 0162  0.6538518731200449E+000
 0163  0.6509784200985010E+000
 0164  0.6479367412517518E+000
 0165  0.6447135209115225E+000
 0166  0.6413149548882890E+000
 0167  0.6336158834886574E+000
 0168  0.6296604548983634E+000
 0169  0.6255642507671390E+000
 0170  0.6213333803266095E+000
 0171  0.6166511968799422E+000
 0172  0.6118643891526531E+000
 0173  0.6022546115934014E+000
 0174  0.5974253395732595E+000
 0175  0.5922010892796576E+000
 0176  0.5869122761672182E+000
 0177  0.5815545055632655E+000
 0178  0.5761331812900996E+000
 0179  0.5651195747520895E+000
 0180  0.5595465725528747E+000
 0181  0.5539386879658490E+000
 0182  0.5482933796148984E+000
 0183  0.5423600881981916E+000
 0184  0.5364226372780535E+000
 0185  0.5248111132867367E+000
 0186  0.5191323808848194E+000
 0187  0.5132132747704858E+000
 0188  0.5073059392545904E+000
 0189  0.5014126650645454E+000
 0190  0.4897323410344416E+000
 0191  0.4839538806394311E+000
 0192  0.4781980384100899E+000
 0193  0.4724666532155438E+000
 0194  0.4665730135331919E+000
 0195  0.4551636078108064E+000
 0196  0.4496360251253269E+000
 0197  0.4439759906606875E+000
 0198  0.4383606535157074E+000
 0199  0.4327907075048725E+000
 0200  0.4218704896530758E+000
 0201  0.4165222724460048E+000
 0202  0.4112204749895587E+000
 0203  0.4058309175698901E+000
 0204  0.3954368213750380E+000
 0205  0.3904212270816291E+000
 0206  0.3853336010993944E+000
 0207  0.3803009729526889E+000
 0208  0.3753219707699623E+000
 0209  0.3655114746552603E+000
 0210  0.3607862548881478E+000
 0211  0.3561120363348454E+000
 0212  0.3513931336590274E+000
 0213  0.3423029027449137E+000
 0214  0.3378369473458948E+000
 0215  0.3334249063396115E+000
 0216  0.3290656539270851E+000
 0217  0.3205119143020703E+000
 0218  0.3163935929113447E+000
 0219  0.3122534402464045E+000
 0220  0.3081666719498928E+000
 0221  0.3002299422690546E+000
 0222  0.2963771006587159E+000
 0223  0.2925727352855714E+000
 0224  0.2887574543283459E+000
 0225  0.2813559876229960E+000
 0226  0.2777666315121217E+000
 0227  0.2742241683768740E+000
 0228  0.2672998117538616E+000
 0229  0.2639649285275939E+000
 0230  0.2606274144242666E+000
 0231  0.2573346588787648E+000
 0232  0.2509059946036504E+000
 0233  0.2478095202431434E+000
 0234  0.2447148643020430E+000
 0235  0.2387132570799099E+000
 0236  0.2358033220704270E+000
 0237  0.2328984185895502E+000
 0238  0.2300331405511800E+000
 0239  0.2244771807408510E+000
 0240  0.2217835621442530E+000
 0241  0.2190967635416979E+000
 0242  0.2138871382283428E+000
 0243  0.2113615477555971E+000
 0244  0.2088442852628560E+000
 0245  0.2039628043674066E+000
 0246  0.2015960274278878E+000
 0247  0.1992384325047747E+000
 0248  0.1946658148713460E+000
 0249  0.1924484316503792E+000
 0250  0.1902407636685727E+000
 0251  0.1859580070911788E+000
 0252  0.1838807019427051E+000
 0253  0.1818133123241193E+000
 0254  0.1778015621283327E+000
 0255  0.1758399463887275E+000
 0256  0.1720324830685255E+000
 0257  0.1701847572828458E+000
 0258  0.1683470248888154E+000
 0259  0.1647662290979397E+000
 0260  0.1630223405587278E+000
 0261  0.1613007652015982E+000
 0262  0.1579346804375566E+000
 0263  0.1563006951820940E+000
 0264  0.1531057918900892E+000
 0265  0.1515543278857978E+000
 0266  0.1500126756164112E+000
 0267  0.1470082754808707E+000
 0268  0.1455447318178171E+000
 0269  0.1426839765027980E+000
 0270  0.1412941055103192E+000
 0271  0.1385769094323318E+000
 0272  0.1372493404865777E+000
 0273  0.1359378799923322E+000
 0274  0.1333744568224548E+000
 0275  0.1321221890003397E+000
 0276  0.1296748832454773E+000
 0277  0.1284849497961369E+000
 0278  0.1261588221926275E+000
 0279  0.1250222935293342E+000
 0280  0.1228007110408436E+000
 0281  0.1217153025201897E+000
 0282  0.1195936622060483E+000
 0283  0.1185570646186546E+000
 0284  0.1165308294102178E+000
 0285  0.1155408873960500E+000
 0286  0.1136059633405875E+000
 0287  0.1126606609108448E+000
 0288  0.1108129914603821E+000
 0289  0.1099102968462322E+000
 0290  0.1081431932440385E+000
 0291  0.1072786008041922E+000
 0292  0.1055888160237722E+000
 0293  0.1047632841328263E+000
 0294  0.1031453574699809E+000
 0295  0.1015854389194973E+000
 0296  0.1008222522698357E+000
 0297  0.9932852858032926E-001
 0298  0.9859775685460699E-001
 0299  0.9716591689366570E-001
 0300  0.9578336268000678E-001
 0301  0.9510624864269633E-001
 0302  0.9378092724100345E-001
 0303  0.9313126633920024E-001
 0304  0.9185971074086349E-001
 0305  0.9062942617726691E-001
 0306  0.9002643611365321E-001
 0307  0.8884422721236740E-001
 0308  0.8770045444286260E-001
 0309  0.8713991963094588E-001
 0310  0.8604099308730088E-001
 0311  0.8497696948676739E-001
 0312  0.8445518906127612E-001
 0313  0.8343165328840978E-001
 0314  0.8243947090633517E-001
 0315  0.8147768025661289E-001
 0316  0.8100561055219155E-001
 0317  0.8007880956949445E-001
 0318  0.7918012441457063E-001
 0319  0.7830829820167086E-001
 0320  0.7787998913306421E-001
 0321  0.7703899952984453E-001
 0322  0.7622249123283592E-001
 0323  0.7542932059695436E-001
 0324  0.7465871600203391E-001
 0325  0.7390976220486133E-001
 0326  0.7354155485322041E-001
 0327  0.7281760186299820E-001
 0328  0.7211366798700664E-001
 0329  0.7142884543055165E-001
 0330  0.7076251519625044E-001
 0331  0.7011396607933158E-001
 0332  0.6948262753234200E-001
 0333  0.6886781335981514E-001
 0334  0.6826894618869872E-001
 0335  0.6768542537113831E-001
 0336  0.6711796526796519E-001
 0337  0.6656762597274275E-001
 0338  0.6603370517403039E-001
 0339  0.6551553682794743E-001
 0340  0.6501248891336912E-001
 0341  0.6452396134842067E-001
 0342  0.6404938405511575E-001
 0343  0.6358821516018208E-001
 0344  0.6313993932119073E-001
 0345  0.6270406616808240E-001
 0346  0.6207469805555862E-001
 0347  0.6167066219199237E-001
 0348  0.6127736023234020E-001
 0349  0.6089440418832517E-001
 0350  0.6052142377825124E-001
 0351  0.5998170863680410E-001
 0352  0.5963449647456907E-001
 0353  0.5929599002204110E-001
 0354  0.5880552432513914E-001
 0355  0.5848959408525187E-001
 0356  0.5818129977353946E-001
 0357  0.5773407223201801E-001
 0358  0.5744565401343843E-001
 0359  0.5702690682640581E-001
 0360  0.5675663201816969E-001
 0361  0.5636391342263360E-001
 0362  0.5611023960625914E-001
 0363  0.5574136380979908E-001
 0364  0.5550291386370259E-001
 0365  0.5515592655117405E-001
 0366  0.5482203310237452E-001
 0367  0.5460594676087878E-001
 0368  0.5429115068695887E-001
 0369  0.5398782046873771E-001
 0370  0.5369538803447951E-001
 0371  0.5341332136025213E-001
 0372  0.5314112169411243E-001
 0373  0.5287832103032161E-001
 0374  0.5262447980790574E-001
 0375  0.5237918481082681E-001
 0376  0.5214204724961183E-001
 0377  0.5191270100654335E-001
 0378  0.5169080102849222E-001
 0379  0.5147602185320937E-001
 0380  0.5120069303232660E-001
 0381  0.5100207938485452E-001
 0382  0.5080959328608945E-001
 0383  0.5056247658689857E-001
 0384  0.5032605350910316E-001
 0385  0.5015516116077701E-001
 0386  0.4993543194786662E-001
 0387  0.4972484921509406E-001
 0388  0.4952291125501646E-001
 0389  0.4932915157466265E-001
 0390  0.4914313588277621E-001
 0391  0.4896445937931936E-001
 0392  0.4879274431261207E-001
 0393  0.4862763777392301E-001
 0394  0.4843028589238026E-001
 0395  0.4824258950598065E-001
 0396  0.4809883860866104E-001
 0397  0.4792669889257085E-001
 0398  0.4776265794927697E-001
 0399  0.4760623205244031E-001
 0400  0.4742810990763353E-001
 0401  0.4728717161593513E-001
 0402  0.4712645221111792E-001
 0403  0.4697444880134227E-001
 0404  0.4683057630303020E-001
 0405  0.4667240592870927E-001
 0406  0.4652401251117667E-001
 0407  0.4638466193691038E-001
 0408  0.4625368846435332E-001
 0409  0.4611357421484941E-001
 0410  0.4598295077868844E-001
 0411  0.4584647094103431E-001
 0412  0.4570682372639864E-001
 0413  0.4557868229988628E-001
 0414  0.4546095220993566E-001
 0415  0.4533216580096249E-001
 0416  0.4520653786447908E-001
 0417  0.4509375837593933E-001
 0418  0.4497055456897760E-001
 0419  0.4485618610938280E-001
 0420  0.4474036495998091E-001
 0421  0.4462832255974869E-001
 0422  0.4451700800133289E-001
 0423  0.4440584388110341E-001
 0424  0.4429727043281267E-001
 0425  0.4422692041774736E-001
 0426  0.4422692041774736E-001
 0427  0.4422692041774736E-001
 0428  0.4422692041774736E-001
 0429  0.4422692041774736E-001
 0430  0.4422692041774736E-001
 0431  0.4422692041774736E-001
 0432  0.4422692041774736E-001
 0433  0.4422692041774736E-001
 0434  0.4422692041774736E-001
 0435  0.4422692041774736E-001
 0436  0.4422692041774736E-001
 0437  0.4422692041774736E-001
 0438  0.4422692041774736E-001
 0439  0.4422692041774736E-001
 0440  0.4422692041774736E-001
 0441  0.4422692041774736E-001
 0442  0.4422692041774736E-001
 0443  0.4422692041774736E-001
 0444  0.4422692041774736E-001
 0445  0.4422692041774736E-001
 0446  0.4422692041774736E-001
 0447  0.4422692041774736E-001
 0448  0.4422692041774736E-001
 0449  0.4422692041774736E-001
 0450  0.4422692041774736E-001
 0451  0.4422692041774736E-001
 0452  0.4422692041774736E-001
 0453  0.4422692041774736E-001
 0454  0.4422692041774736E-001
 0455  0.4422692041774736E-001
 0456  0.4422692041774736E-001
 0457  0.4422692041774736E-001
 0458  0.4422692041774736E-001
 0459  0.4422692041774736E-001
 0460  0.4422692041774736E-001
 0461  0.4422692041774736E-001
 0462  0.4422692041774736E-001
 0463  0.4422692041774736E-001
 0464  0.4422692041774736E-001
 0465  0.4422692041774736E-001
 0466  0.4422692041774736E-001
 0467  0.4422692041774736E-001
 0468  0.4422692041774736E-001
 0469  0.4422692041774736E-001
 0470  0.4422692041774736E-001
 0471  0.4422692041774736E-001
 0472  0.4422692041774736E-001
 0473  0.4422692041774736E-001
 0474  0.4422692041774736E-001
 0475  0.4422692041774736E-001
 0476  0.4422692041774736E-001
 0477  0.4422692041774736E-001
 0478  0.4422692041774736E-001
 0479  0.4422692041774736E-001
 0480  0.4422692041774736E-001
 0481  0.4422692041774736E-001
 0482  0.4422692041774736E-001
 0483  0.4422692041774736E-001
 0484  0.4422692041774736E-001
 0485  0.4422692041774736E-001
 0486  0.4422692041774736E-001
 0487  0.4422692041774736E-001
 0488  0.4422692041774736E-001
 0489  0.4422692041774736E-001
 0490  0.4422692041774736E-001
 0491  0.4422692041774736E-001
 0492  0.4422692041774736E-001
 0493  0.4422692041774736E-001
 0494  0.4422692041774736E-001
 0495  0.4422692041774736E-001
 0496  0.4422692041774736E-001
 0497  0.4422692041774736E-001
 0498  0.4422692041774736E-001
 0499  0.4422692041774736E-001
 0500  0.4422692041774736E-001
 0501  0.4422692041774736E-001
 0502  0.4422692041774736E-001
 0503  0.4422692041774736E-001
 0504  0.4422692041774736E-001
 0505  0.4422692041774736E-001
 0506  0.4422692041774736E-001
 0507  0.4422692041774736E-001
 0508  0.4422692041774736E-001
 0509  0.4422692041774736E-001
 0510  0.4422692041774736E-001
 0511  0.4422692041774736E-001
 0512  0.4422692041774736E-001
 0513  0.4422692041774736E-001
 0514  0.4422692041774736E-001
 0515  0.4422692041774736E-001
 0516  0.4422692041774736E-001
 0517  0.4422692041774736E-001
 0518  0.4422692041774736E-001
 0519  0.4422692041774736E-001
 0520  0.4422692041774736E-001
 0521  0.4422692041774736E-001
 0522  0.4422692041774736E-001
 0523  0.4422692041774736E-001
 0524  0.4422692041774736E-001
 0525  0.4422692041774736E-001
 0526  0.4422692041774736E-001
 0527  0.4422692041774736E-001
 0528  0.4422692041774736E-001
 0529  0.4422692041774736E-001
 0530  0.4422692041774736E-001
 0531  0.4422692041774736E-001
 0532  0.4422692041774736E-001
 0533  0.4422692041774736E-001
 0534  0.4422692041774736E-001
 0535  0.4422692041774736E-001
 0536  0.4422692041774736E-001
 0537  0.4422692041774736E-001
 0538  0.4422692041774736E-001
 0539  0.4422692041774736E-001
 0540  0.4422692041774736E-001
 0541  0.4422692041774736E-001
 0542  0.4422692041774736E-001
 0543  0.4422692041774736E-001
 0544  0.4422692041774736E-001
 0545  0.4422692041774736E-001
 0546  0.4422692041774736E-001
 0547  0.4422692041774736E-001
 0548  0.4422692041774736E-001
 0549  0.4422692041774736E-001
 0550  0.4422692041774736E-001
 0551  0.4422692041774736E-001
 0552  0.4422692041774736E-001
 0553  0.4422692041774736E-001
 0554  0.4422692041774736E-001
 0555  0.4422692041774736E-001
 0556  0.4422692041774736E-001
 0557  0.4422692041774736E-001
 0558  0.4422692041774736E-001
 0559  0.4422692041774736E-001
 0560  0.4422692041774736E-001
 0561  0.4422692041774736E-001
 0562  0.4422692041774736E-001
 0563  0.4422692041774736E-001
 0564  0.4422692041774736E-001
 0565  0.4422692041774736E-001
 0566  0.4422692041774736E-001
 0567  0.4422692041774736E-001
 0568  0.4422692041774736E-001
 0569  0.4422692041774736E-001
 0570  0.4422692041774736E-001
 0571  0.4422692041774736E-001
 0572  0.4422692041774736E-001
 0573  0.4422692041774736E-001
 0574  0.4422692041774736E-001
 0575  0.4422692041774736E-001
 0576  0.4422692041774736E-001
 0577  0.4422692041774736E-001
 0578  0.4422692041774736E-001
 0579  0.4422692041774736E-001
 0580  0.4422692041774736E-001
 0581  0.4422692041774736E-001
 0582  0.4422692041774736E-001
 0583  0.4422692041774736E-001
 0584  0.4422692041774736E-001
 0585  0.4422692041774736E-001
 0586  0.4422692041774736E-001
 0587  0.4422692041774736E-001
 0588  0.4422692041774736E-001
 0589  0.4422692041774736E-001
 0590  0.4422692041774736E-001
 0591  0.4422692041774736E-001
 0592  0.4422692041774736E-001
 0593  0.4422692041774736E-001
 0594  0.4422692041774736E-001
 0595  0.4422692041774736E-001
 0596  0.4422692041774736E-001
 0597  0.4422692041774736E-001
 0598  0.4422692041774736E-001
 0599  0.4422692041774736E-001
 0600  0.4422692041774736E-001
 0601  0.4422692041774736E-001
 0602  0.4422692041774736E-001
 0603  0.4422692041774736E-001
 0604  0.4422692041774736E-001
 0605  0.4422692041774736E-001
 0606  0.4422692041774736E-001
 0607  0.4422692041774736E-001
 0608  0.4422692041774736E-001
 0609  0.4422692041774736E-001
 0610  0.4422692041774736E-001
 0611  0.4422692041774736E-001
 0612  0.4422692041774736E-001
 0613  0.4422692041774736E-001
 0614  0.4422692041774736E-001
 0615  0.4422692041774736E-001
 0616  0.4422692041774736E-001
 0617  0.4422692041774736E-001
 0618  0.4422692041774736E-001
 0619  0.4422692041774736E-001
 0620  0.4422692041774736E-001
 0621  0.4422692041774736E-001
 0622  0.4422692041774736E-001
 0623  0.4422692041774736E-001
 0624  0.4422692041774736E-001
 0625  0.4422692041774736E-001
 0626  0.4422692041774736E-001
 0627  0.4422692041774736E-001
 0628  0.4422692041774736E-001
 0629  0.4422692041774736E-001
 0630  0.4422692041774736E-001
 0631  0.4422692041774736E-001
 0632  0.4422692041774736E-001
 0633  0.4422692041774736E-001
 0634  0.4422692041774736E-001
 0635  0.4422692041774736E-001
 0636  0.4422692041774736E-001
 0637  0.4422692041774736E-001
 0638  0.4422692041774736E-001
 0639  0.4422692041774736E-001
 0640  0.4422692041774736E-001
 0641  0.4422692041774736E-001
 0642  0.4422692041774736E-001
 0643  0.4422692041774736E-001
 0644  0.4422692041774736E-001
 0645  0.4422692041774736E-001
 0646  0.4422692041774736E-001
 0647  0.4422692041774736E-001
 0648  0.4422692041774736E-001
 0649  0.4422692041774736E-001
 0650  0.4422692041774736E-001
 0651  0.4422692041774736E-001
 0652  0.4422692041774736E-001
 0653  0.4422692041774736E-001
 0654  0.4422692041774736E-001
 0655  0.4422692041774736E-001
 0656  0.4422692041774736E-001
 0657  0.4422692041774736E-001
 0658  0.4422692041774736E-001
 0659  0.4422692041774736E-001
 0660  0.4422692041774736E-001
 0661  0.4422692041774736E-001
 0662  0.4422692041774736E-001
 0663  0.4422692041774736E-001
 0664  0.4422692041774736E-001
 0665  0.4422692041774736E-001
 0666  0.4422692041774736E-001
 0667  0.4422692041774736E-001
 0668  0.4422692041774736E-001
 0669  0.4422692041774736E-001
 0670  0.4422692041774736E-001
 0671  0.4422692041774736E-001
 0672  0.4422692041774736E-001
 0673  0.4422692041774736E-001
 0674  0.4422692041774736E-001
 0675  0.4422692041774736E-001
 0676  0.4422692041774736E-001
 0677  0.4422692041774736E-001
 0678  0.4422692041774736E-001
 0679  0.4422692041774736E-001
 0680  0.4422692041774736E-001
 0681  0.4422692041774736E-001
 0682  0.4422692041774736E-001
 0683  0.4422692041774736E-001
 0684  0.4422692041774736E-001
 0685  0.4422692041774736E-001
 0686  0.4422692041774736E-001
 0687  0.4422692041774736E-001
 0688  0.4422692041774736E-001
 0689  0.4422692041774736E-001
 0690  0.4422692041774736E-001
 0691  0.4422692041774736E-001
 0692  0.4422692041774736E-001
 0693  0.4422692041774736E-001
 0694  0.4422692041774736E-001
 0695  0.4422692041774736E-001
 0696  0.4422692041774736E-001
 0697  0.4422692041774736E-001
 0698  0.4422692041774736E-001
 0699  0.4422692041774736E-001
 0700  0.4422692041774736E-001
 0701  0.4422692041774736E-001
 0702  0.4422692041774736E-001
 0703  0.4422692041774736E-001
 0704  0.4422692041774736E-001
 0705  0.4422692041774736E-001
 0706  0.4422692041774736E-001
 0707  0.4422692041774736E-001
 0708  0.4422692041774736E-001
 0709  0.4422692041774736E-001
 0710  0.4422692041774736E-001
 0711  0.4422692041774736E-001
 0712  0.4422692041774736E-001
 0713  0.4422692041774736E-001
 0714  0.4422692041774736E-001
 0715  0.4422692041774736E-001
 0716  0.4422692041774736E-001
 0717  0.4422692041774736E-001
 0718  0.4422692041774736E-001
 0719  0.4422692041774736E-001
 0720  0.4422692041774736E-001
 0721  0.4422692041774736E-001
 0722  0.4422692041774736E-001
 0723  0.4422692041774736E-001
 0724  0.4422692041774736E-001
 0725  0.4422692041774736E-001
 0726  0.4422692041774736E-001
 0727  0.4422692041774736E-001
 0728  0.4422692041774736E-001
 0729  0.4422692041774736E-001
 0730  0.4422692041774736E-001
 0731  0.4422692041774736E-001
 0732  0.4422692041774736E-001
 0733  0.4422692041774736E-001
 0734  0.4422692041774736E-001
 0735  0.4422692041774736E-001
 0736  0.4422692041774736E-001
 0737  0.4422692041774736E-001
 0738  0.4422692041774736E-001
 0739  0.4422692041774736E-001
 0740  0.4422692041774736E-001
 0741  0.4422692041774736E-001
 0742  0.4422692041774736E-001
 0743  0.4422692041774736E-001
 0744  0.4422692041774736E-001
 0745  0.4422692041774736E-001
 0746  0.4422692041774736E-001
 0747  0.4422692041774736E-001
 0748  0.4422692041774736E-001
 0749  0.4422692041774736E-001
 0750  0.4422692041774736E-001
 0751  0.4422692041774736E-001
 0752  0.4422692041774736E-001
 0753  0.4422692041774736E-001
 0754  0.4422692041774736E-001
 0755  0.4422692041774736E-001
 0756  0.4422692041774736E-001
 0757  0.4422692041774736E-001
 0758  0.4422692041774736E-001
 0759  0.4422692041774736E-001
 0760  0.4422692041774736E-001
 0761  0.4422692041774736E-001
 0762  0.4422692041774736E-001
 0763  0.4422692041774736E-001
 0764  0.4422692041774736E-001
 0765  0.4422692041774736E-001
 0766  0.4422692041774736E-001
 0767  0.4422692041774736E-001
 0768  0.4422692041774736E-001
 0769  0.4422692041774736E-001
 0770  0.4422692041774736E-001
 0771  0.4422692041774736E-001
 0772  0.4422692041774736E-001
 0773  0.4422692041774736E-001
 0774  0.4422692041774736E-001
 0775  0.4422692041774736E-001
 0776  0.4422692041774736E-001
 0777  0.4422692041774736E-001
 0778  0.4422692041774736E-001
 0779  0.4422692041774736E-001
 0780  0.4422692041774736E-001
 0781  0.4422692041774736E-001
 0782  0.4422692041774736E-001
 0783  0.4422692041774736E-001
 0784  0.4422692041774736E-001
 0785  0.4422692041774736E-001
 0786  0.4422692041774736E-001
 0787  0.4422692041774736E-001
 0788  0.4422692041774736E-001
 0789  0.4422692041774736E-001
 0790  0.4422692041774736E-001
 0791  0.4422692041774736E-001
 0792  0.4422692041774736E-001
 0793  0.4422692041774736E-001
 0794  0.4422692041774736E-001
 0795  0.4422692041774736E-001
 0796  0.4422692041774736E-001
 0797  0.4422692041774736E-001
 0798  0.4422692041774736E-001
 0799  0.4422692041774736E-001
 0800  0.4422692041774736E-001
 0801  0.4422692041774736E-001
 0802  0.4422692041774736E-001
 0803  0.4422692041774736E-001
 0804  0.4422692041774736E-001
 0805  0.4422692041774736E-001
 0806  0.4422692041774736E-001
 0807  0.4422692041774736E-001
 0808  0.4422692041774736E-001
 0809  0.4422692041774736E-001
 0810  0.4422692041774736E-001
 0811  0.4422692041774736E-001
 0812  0.4422692041774736E-001
 0813  0.4422692041774736E-001
 0814  0.4422692041774736E-001
 0815  0.4422692041774736E-001
 0816  0.4422692041774736E-001
 0817  0.4422692041774736E-001
 0818  0.4422692041774736E-001
 0819  0.4422692041774736E-001
 0820  0.4422692041774736E-001
 0821  0.4422692041774736E-001
 0822  0.4422692041774736E-001
 0823  0.4422692041774736E-001
 0824  0.4422692041774736E-001
 0825  0.4422692041774736E-001
 0826  0.4422692041774736E-001
 0827  0.4422692041774736E-001
 0828  0.4422692041774736E-001
 0829  0.4422692041774736E-001
 0830  0.4422692041774736E-001
 0831  0.4422692041774736E-001
 0832  0.4422692041774736E-001
 0833  0.4422692041774736E-001
 0834  0.4422692041774736E-001
 0835  0.4422692041774736E-001
 0836  0.4422692041774736E-001
 0837  0.4422692041774736E-001
 0838  0.4422692041774736E-001
 0839  0.4422692041774736E-001
 0840  0.4422692041774736E-001
 0841  0.4422692041774736E-001
 0842  0.4422692041774736E-001
 0843  0.4422692041774736E-001
 0844  0.4422692041774736E-001
 0845  0.4422692041774736E-001
 0846  0.4422692041774736E-001
 0847  0.4422692041774736E-001
 0848  0.4422692041774736E-001
 0849  0.4422692041774736E-001
 0850  0.4422692041774736E-001
 0851  0.4422692041774736E-001
 0852  0.4422692041774736E-001
 0853  0.4422692041774736E-001
 0854  0.4422692041774736E-001
 0855  0.4422692041774736E-001
 0856  0.4422692041774736E-001
 0857  0.4422692041774736E-001
 0858  0.4422692041774736E-001
 0859  0.4422692041774736E-001
 0860  0.4422692041774736E-001
 0861  0.4422692041774736E-001
 0862  0.4422692041774736E-001
 0863  0.4422692041774736E-001
 0864  0.4422692041774736E-001
 0865  0.4422692041774736E-001
 0866  0.4422692041774736E-001
 0867  0.4422692041774736E-001
 0868  0.4422692041774736E-001
 0869  0.4422692041774736E-001
 0870  0.4422692041774736E-001
 0871  0.4422692041774736E-001
 0872  0.4422692041774736E-001
 0873  0.4422692041774736E-001
 0874  0.4422692041774736E-001
 0875  0.4422692041774736E-001
 0876  0.4422692041774736E-001
 0877  0.4422692041774736E-001
 0878  0.4422692041774736E-001
 0879  0.4422692041774736E-001
 0880  0.4422692041774736E-001
 0881  0.4422692041774736E-001
 0882  0.4422692041774736E-001
 0883  0.4422692041774736E-001
 0884  0.4422692041774736E-001
 0885  0.4422692041774736E-001
 0886  0.4422692041774736E-001
 0887  0.4422692041774736E-001
 0888  0.4422692041774736E-001
 0889  0.4422692041774736E-001
 0890  0.4422692041774736E-001
 0891  0.4422692041774736E-001
 0892  0.4422692041774736E-001
 0893  0.4422692041774736E-001
 0894  0.4422692041774736E-001
 0895  0.4422692041774736E-001
 0896  0.4422692041774736E-001
 0897  0.4422692041774736E-001
 0898  0.4422692041774736E-001
 0899  0.4422692041774736E-001
 0900  0.4422692041774736E-001
 0901  0.4422692041774736E-001
 0902  0.4422692041774736E-001
 0903  0.4422692041774736E-001
 0904  0.4422692041774736E-001
 0905  0.4422692041774736E-001
 0906  0.4422692041774736E-001
 0907  0.4422692041774736E-001
 0908  0.4422692041774736E-001
 0909  0.4422692041774736E-001
 0910  0.4422692041774736E-001
 0911  0.4422692041774736E-001
 0912  0.4422692041774736E-001
 0913  0.4422692041774736E-001
 0914  0.4422692041774736E-001
 0915  0.4422692041774736E-001
 0916  0.4422692041774736E-001
 0917  0.4422692041774736E-001
 0918  0.4422692041774736E-001
 0919  0.4422692041774736E-001
 0920  0.4422692041774736E-001
 0921  0.4422692041774736E-001
 0922  0.4422692041774736E-001
 0923  0.4422692041774736E-001
 0924  0.4422692041774736E-001
 0925  0.4422692041774736E-001
 0926  0.4422692041774736E-001
 0927  0.4422692041774736E-001
 0928  0.4422692041774736E-001
 0929  0.4422692041774736E-001
 0930  0.4422692041774736E-001
 0931  0.4422692041774736E-001
 0932  0.4422692041774736E-001
 0933  0.4422692041774736E-001
 0934  0.4422692041774736E-001
 0935  0.4422692041774736E-001
 0936  0.4422692041774736E-001
 0937  0.4422692041774736E-001
 0938  0.4422692041774736E-001
 0939  0.4422692041774736E-001
 0940  0.4422692041774736E-001
 0941  0.4422692041774736E-001
 0942  0.4422692041774736E-001
 0943  0.4422692041774736E-001
 0944  0.4422692041774736E-001
 0945  0.4422692041774736E-001
 0946  0.4422692041774736E-001
 0947  0.4422692041774736E-001
 0948  0.4422692041774736E-001
 0949  0.4422692041774736E-001
 0950  0.4422692041774736E-001
 0951  0.4422692041774736E-001
 0952  0.4422692041774736E-001
 0953  0.4422692041774736E-001
 0954  0.4422692041774736E-001
 0955  0.4422692041774736E-001
 0956  0.4422692041774736E-001
 0957  0.4422692041774736E-001
 0958  0.4422692041774736E-001
 0959  0.4422692041774736E-001
 0960  0.4422692041774736E-001
 0961  0.4422692041774736E-001
 0962  0.4422692041774736E-001
 0963  0.4422692041774736E-001
 0964  0.4422692041774736E-001
 0965  0.4422692041774736E-001
 0966  0.4422692041774736E-001
 0967  0.4422692041774736E-001
 0968  0.4422692041774736E-001
 0969  0.4422692041774736E-001
 0970  0.4422692041774736E-001
 0971  0.4422692041774736E-001
 0972  0.4422692041774736E-001
 0973  0.4422692041774736E-001
 0974  0.4422692041774736E-001
 0975  0.4422692041774736E-001
 0976  0.4422692041774736E-001
 0977  0.4422692041774736E-001
 0978  0.4422692041774736E-001
 0979  0.4422692041774736E-001
 0980  0.4422692041774736E-001
 0981  0.4422692041774736E-001
 0982  0.4422692041774736E-001
 0983  0.4422692041774736E-001
 0984  0.4422692041774736E-001
 0985  0.4422692041774736E-001
 0986  0.4422692041774736E-001
 0987  0.4422692041774736E-001
 0988  0.4422692041774736E-001
 0989  0.4422692041774736E-001
 0990  0.4422692041774736E-001
 0991  0.4422692041774736E-001
 0992  0.4422692041774736E-001
 0993  0.4422692041774736E-001
 0994  0.4422692041774736E-001
 0995  0.4422692041774736E-001
 0996  0.4422692041774736E-001
 0997  0.4422692041774736E-001
 0998  0.4422692041774736E-001
 0999  0.4422692041774736E-001
 1000  0.4422692041774736E-001
