 0001  0.1450084162420153E+009
 0002  0.1455906567782515E+009
 0003  0.1461910306400772E+009
 0004  0.1468103269697226E+009
 0005  0.1474493887140855E+009
 0006  0.1481086123098017E+009
 0007  0.1487888977363431E+009
 0008  0.1494933873457410E+009
 0009  0.1502248348498878E+009
 0010  0.1509833882596362E+009
 0011  0.1517645792100078E+009
 0012  0.1525689797669573E+009
 0013  0.1533973682441827E+009
 0014  0.1542545958681509E+009
 0015  0.1551485871652729E+009
 0016  0.1560756460013268E+009
 0017  0.1570361319897839E+009
 0018  0.1580376860266415E+009
 0019  0.1590822836864929E+009
 0020  0.1601711901446808E+009
 0021  0.1613396289122714E+009
 0022  0.1628376648243625E+009
 0023  0.1643771891637326E+009
 0024  0.1659593194067662E+009
 0025  0.1675843587578364E+009
 0026  0.1692604089177537E+009
 0027  0.1709981051981656E+009
 0028  0.1728171413634437E+009
 0029  0.1747076143747199E+009
 0030  0.1766623887132928E+009
 0031  0.1786875783387568E+009
 0032  0.1807853156669487E+009
 0033  0.1829573370719795E+009
 0034  0.1852039267330692E+009
 0035  0.1875468175737446E+009
 0036  0.1899672587784182E+009
 0037  0.1924613747023643E+009
 0038  0.1950445632101666E+009
 0039  0.1977502948198406E+009
 0040  0.2005428209812070E+009
 0041  0.2034457487838463E+009
 0042  0.2064831040586283E+009
 0043  0.2096187768769613E+009
 0044  0.2128807722326768E+009
 0045  0.2162492186994174E+009
 0046  0.2197956702308107E+009
 0047  0.2234927039464889E+009
 0048  0.2273238972764407E+009
 0049  0.2313622127118297E+009
 0050  0.2355644658695184E+009
 0051  0.2399561805477397E+009
 0052  0.2445722349827052E+009
 0053  0.2494234385887486E+009
 0054  0.2545227751805158E+009
 0055  0.2598964751489582E+009
 0056  0.2655647886262963E+009
 0057  0.2715705104291114E+009
 0058  0.2779503179493349E+009
 0059  0.2847413999261862E+009
 0060  0.2920005092039118E+009
 0061  0.3002241326298372E+009
 0062  0.3125341593275359E+009
 0063  0.3253363451841642E+009
 0064  0.3386548233836303E+009
 0065  0.3525006600541478E+009
 0066  0.3670681193519319E+009
 0067  0.3822322123876814E+009
 0068  0.3980760523140700E+009
 0069  0.4146167970477030E+009
 0070  0.4317402349595138E+009
 0071  0.4497973592412881E+009
 0072  0.4686175897941908E+009
 0073  0.4883263754183680E+009
 0074  0.5089307022410495E+009
 0075  0.5304656441908731E+009
 0076  0.5543639516095726E+009
 0077  0.5844327544914641E+009
 0078  0.6150630940771456E+009
 0079  0.6463695155738499E+009
 0080  0.6784569815437565E+009
 0081  0.7115526493056895E+009
 0082  0.7452460130236702E+009
 0083  0.7797201475213264E+009
 0084  0.8149833897815328E+009
 0085  0.8506745116772147E+009
 0086  0.8874183818343059E+009
 0087  0.9248891561702304E+009
 0088  0.9632378401914778E+009
 0089  0.1002147106656247E+010
 0090  0.1042073815238303E+010
 0091  0.1082775113878731E+010
 0092  0.1124368008799751E+010
 0093  0.1166801555663974E+010
 0094  0.1210049895421331E+010
 0095  0.1254307241677577E+010
 0096  0.1299508889344303E+010
 0097  0.1345822156941488E+010
 0098  0.1392798066496637E+010
 0099  0.1440905337694755E+010
 0100  0.1490039023605756E+010
 0101  0.1539115210005285E+010
 0102  0.1587516602950694E+010
 0103  0.1635863500377804E+010
 0104  0.1683562189684148E+010
 0105  0.1731388140082912E+010
 0106  0.1778512327995656E+010
 0107  0.1825368379392802E+010
 0108  0.1871919994565632E+010
 0109  0.1918234336922497E+010
 0110  0.1964004607068884E+010
 0111  0.2009697085385983E+010
 0112  0.2055171350190775E+010
 0113  0.2100314870848628E+010
 0114  0.2145084419961691E+010
 0115  0.2189716702946829E+010
 0116  0.2234270179812972E+010
 0117  0.2278343654222237E+010
 0118  0.2321846356460025E+010
 0119  0.2364912308553916E+010
 0120  0.2407757342623523E+010
 0121  0.2450445418974757E+010
 0122  0.2493032327167408E+010
 0123  0.2535670610232518E+010
 0124  0.2578406344032723E+010
 0125  0.2621110712191757E+010
 0126  0.2663574464639229E+010
 0127  0.2705846064331909E+010
 0128  0.2747975058090832E+010
 0129  0.2790131499234130E+010
 0130  0.2832322858921889E+010
 0131  0.2874489149834662E+010
 0132  0.2916527802682789E+010
 0133  0.2958973749286584E+010
 0134  0.3001346563736369E+010
 0135  0.3043614403072945E+010
 0136  0.3086051930677371E+010
 0137  0.3128258699236087E+010
 0138  0.3170344020865097E+010
 0139  0.3212328679198559E+010
 0140  0.3254273477635546E+010
 0141  0.3296580890822701E+010
 0142  0.3338567146737731E+010
 0143  0.3380494312079085E+010
 0144  0.3422473131881485E+010
 0145  0.3464644446746442E+010
 0146  0.3506573914175934E+010
 0147  0.3548655433367301E+010
 0148  0.3590985108023529E+010
 0149  0.3633167790707674E+010
 0150  0.3675414803245538E+010
 0151  0.3717695532235887E+010
 0152  0.3759946148623625E+010
 0153  0.3801991560543864E+010
 0154  0.3844390350860012E+010
 0155  0.3886827009123746E+010
 0156  0.3929301144199746E+010
 0157  0.3971827547156830E+010
 0158  0.4014620552548272E+010
 0159  0.4057480587164472E+010
 0160  0.4100102695187769E+010
 0161  0.4143118681415960E+010
 0162  0.4186239703059987E+010
 0163  0.4229234874644958E+010
 0164  0.4272641092887616E+010
 0165  0.4316062638503949E+010
 0166  0.4359836684441229E+010
 0167  0.4403456970334182E+010
 0168  0.4447500502931325E+010
 0169  0.4491654491585273E+010
 0170  0.4535676791339911E+010
 0171  0.4580149068532240E+010
 0172  0.4624836548509098E+010
 0173  0.4669723797226477E+010
 0174  0.4714826571878460E+010
 0175  0.4760081061731709E+010
 0176  0.4805317436593195E+010
 0177  0.4851081794757294E+010
 0178  0.4897068842691677E+010
 0179  0.4943004335955777E+010
 0180  0.4989334509032660E+010
 0181  0.5036017126630139E+010
 0182  0.5082844901650531E+010
 0183  0.5129844565869866E+010
 0184  0.5177483098654397E+010
 0185  0.5225644810559061E+010
 0186  0.5273952593015361E+010
 0187  0.5322750273511181E+010
 0188  0.5372039622171743E+010
 0189  0.5421629516678026E+010
 0190  0.5471309828502596E+010
 0191  0.5521819415206682E+010
 0192  0.5572714108887134E+010
 0193  0.5624071869462313E+010
 0194  0.5675769844146270E+010
 0195  0.5727928251246985E+010
 0196  0.5780629930706049E+010
 0197  0.5833983167829932E+010
 0198  0.5888214472490991E+010
 0199  0.5943083806957656E+010
 0200  0.5998396714564547E+010
 0201  0.6054148522922485E+010
 0202  0.6110667800373014E+010
 0203  0.6168294530721397E+010
 0204  0.6226428066487892E+010
 0205  0.6285731113035379E+010
 0206  0.6346160684387567E+010
 0207  0.6407663845601255E+010
 0208  0.6470584309184225E+010
 0209  0.6534291383974129E+010
 0210  0.6599899907969100E+010
 0211  0.6667468205117540E+010
 0212  0.6737997306719283E+010
 0213  0.6810795153807003E+010
 0214  0.6886003763905163E+010
 0215  0.6964029067486223E+010
 0216  0.7045068341467110E+010
 0217  0.7128414212396331E+010
 0218  0.7215376328347217E+010
 0219  0.7308260744554055E+010
 0220  0.7407742092463251E+010
 0221  0.7512954949707430E+010
 0222  0.7628033425786954E+010
 0223  0.7755115390994863E+010
 0224  0.7909680940703895E+010
 0225  0.8071716678101960E+010
 0226  0.8249428284912360E+010
 0227  0.8429840864710835E+010
 0228  0.8611856938455629E+010
 0229  0.8796758610248081E+010
 0230  0.8984597968144804E+010
 0231  0.9176776489173502E+010
 0232  0.9371191664216413E+010
 0233  0.9569730412620480E+010
 0234  0.9771013518839966E+010
 0235  0.9976667304381695E+010
 0236  0.1018497926888457E+011
 0237  0.1039879209391757E+011
 0238  0.1061708913310783E+011
 0239  0.1083983268077497E+011
 0240  0.1106740360647654E+011
 0241  0.1130023180922686E+011
 0242  0.1153675235998527E+011
 0243  0.1178086997972772E+011
 0244  0.1203120811562683E+011
 0245  0.1228821672642210E+011
 0246  0.1255098119483341E+011
 0247  0.1281747135577377E+011
 0248  0.1309068521906272E+011
 0249  0.1345797554548725E+011
 0250  0.1383811460642130E+011
 0251  0.1422999406817482E+011
 0252  0.1462762156813709E+011
 0253  0.1503381350922895E+011
 0254  0.1545156056406511E+011
 0255  0.1587841893257588E+011
 0256  0.1631746536215961E+011
 0257  0.1676130175873520E+011
 0258  0.1723312978588121E+011
 0259  0.1773375909927343E+011
 0260  0.1824495308929541E+011
 0261  0.1877085225897377E+011
 0262  0.1932179990953379E+011
 0263  0.1989165732872731E+011
 0264  0.2053134648960141E+011
 0265  0.2118464127642229E+011
 0266  0.2185569008161402E+011
 0267  0.2253886341273933E+011
 0268  0.2323444610115331E+011
 0269  0.2393662582495927E+011
 0270  0.2465221239460818E+011
 0271  0.2537806701938702E+011
 0272  0.2611846813288609E+011
 0273  0.2686728340469827E+011
 0274  0.2762773656680088E+011
 0275  0.2839641355427036E+011
 0276  0.2917552867078616E+011
 0277  0.2996432394420365E+011
 0278  0.3076073022569751E+011
 0279  0.3156331448897704E+011
 0280  0.3237262831725883E+011
 0281  0.3319259320975328E+011
 0282  0.3401642340622322E+011
 0283  0.3484720042621332E+011
 0284  0.3568687513403595E+011
 0285  0.3653287194107896E+011
 0286  0.3738120092075473E+011
 0287  0.3823809745481714E+011
 0288  0.3910186418146949E+011
 0289  0.3996670640282734E+011
 0290  0.4084142717379589E+011
 0291  0.4172135286695110E+011
 0292  0.4260145348501194E+011
 0293  0.4349038671768634E+011
 0294  0.4438329016608493E+011
 0295  0.4528225886260633E+011
 0296  0.4618379536018970E+011
 0297  0.4708627746997611E+011
 0298  0.4799725663690867E+011
 0299  0.4890777098324235E+011
 0300  0.4982759316361646E+011
 0301  0.5075108917536172E+011
 0302  0.5167633646100936E+011
 0303  0.5260213660756081E+011
 0304  0.5353602388127412E+011
 0305  0.5447127976268810E+011
 0306  0.5540541167037392E+011
 0307  0.5634864124080334E+011
 0308  0.5728903229230401E+011
 0309  0.5823434955997465E+011
 0310  0.5918609772692640E+011
 0311  0.6013652678732025E+011
 0312  0.6109332833155725E+011
 0313  0.6204603113677554E+011
 0314  0.6300676156998160E+011
 0315  0.6396839610835395E+011
 0316  0.6493470771816392E+011
 0317  0.6589780153400582E+011
 0318  0.6686846571102136E+011
 0319  0.6783667231486060E+011
 0320  0.6881037852375056E+011
 0321  0.6978608458369501E+011
 0322  0.7075819037939317E+011
 0323  0.7173659262367625E+011
 0324  0.7271436568556218E+011
 0325  0.7369747247124329E+011
 0326  0.7468012321365800E+011
 0327  0.7566280724224243E+011
 0328  0.7664590402180949E+011
 0329  0.7763393933443166E+011
 0330  0.7861911836506908E+011
 0331  0.7960941530693808E+011
 0332  0.8059690656379352E+011
 0333  0.8158810968851160E+011
 0334  0.8257972547330179E+011
 0335  0.8357171395677223E+011
 0336  0.8456888742670842E+011
 0337  0.8556165168986966E+011
 0338  0.8655444139054225E+011
 0339  0.8755285602065324E+011
 0340  0.8854973714990517E+011
 0341  0.8954684525507968E+011
 0342  0.9054756386842915E+011
 0343  0.9154741805278258E+011
 0344  0.9254729151280655E+011
 0345  0.9354648509355507E+011
 0346  0.9454607902928404E+011
 0347  0.9554052161057802E+011
 0348  0.9653085579950386E+011
 0349  0.9751866007441673E+011
 0350  0.9850174480075664E+011
 0351  0.9948040716206787E+011
 0352  0.1004552918973003E+012
 0353  0.1014281550961772E+012
 0354  0.1023998379744482E+012
 0355  0.1033709918149637E+012
 0356  0.1043422755522215E+012
 0357  0.1053144639352142E+012
 0358  0.1062882332592915E+012
 0359  0.1072642743061067E+012
 0360  0.1082432056156527E+012
 0361  0.1092256373251686E+012
 0362  0.1102123176004464E+012
 0363  0.1111985882524024E+012
 0364  0.1121820844858304E+012
 0365  0.1131633465697495E+012
 0366  0.1141429111268137E+012
 0367  0.1151285646854516E+012
 0368  0.1161233671833737E+012
 0369  0.1171191829325608E+012
 0370  0.1181109995436071E+012
 0371  0.1190993051630412E+012
 0372  0.1200846389192110E+012
 0373  0.1210676890560563E+012
 0374  0.1220489304034730E+012
 0375  0.1230288360495068E+012
 0376  0.1240078789842138E+012
 0377  0.1249848710128212E+012
 0378  0.1259601844609719E+012
 0379  0.1269342600401102E+012
 0380  0.1279075386581685E+012
 0381  0.1288804628625567E+012
 0382  0.1298547801923289E+012
 0383  0.1308312915763696E+012
 0384  0.1318105061968327E+012
 0385  0.1327929480096322E+012
 0386  0.1337753128139837E+012
 0387  0.1347566864014073E+012
 0388  0.1357374774032706E+012
 0389  0.1367180966276651E+012
 0390  0.1377004120039554E+012
 0391  0.1386870096718380E+012
 0392  0.1396784419017789E+012
 0393  0.1406701023554320E+012
 0394  0.1416586066095519E+012
 0395  0.1426443052908798E+012
 0396  0.1436275452280529E+012
 0397  0.1446117921055211E+012
 0398  0.1455987552346227E+012
 0399  0.1465888920805173E+012
 0400  0.1475771133577874E+012
 0401  0.1485629844035470E+012
 0402  0.1495468321789516E+012
 0403  0.1505326106063702E+012
 0404  0.1515263646342922E+012
 0405  0.1525197508498253E+012
 0406  0.1535076858058240E+012
 0407  0.1544904624046996E+012
 0408  0.1554683658830981E+012
 0409  0.1564426475256661E+012
 0410  0.1574135841884145E+012
 0411  0.1583814481058883E+012
 0412  0.1593465079435732E+012
 0413  0.1603090293388110E+012
 0414  0.1612730869701923E+012
 0415  0.1622408131796601E+012
 0416  0.1632126118075389E+012
 0417  0.1641870427979093E+012
 0418  0.1651598596584652E+012
 0419  0.1661313301028766E+012
 0420  0.1671017217085002E+012
 0421  0.1680725654016332E+012
 0422  0.1690448861969860E+012
 0423  0.1700190013995934E+012
 0424  0.1709893041649490E+012
 0425  0.1719548003957398E+012
 0426  0.1729157140522560E+012
 0427  0.1738722639267119E+012
 0428  0.1748246640287191E+012
 0429  0.1757752437365686E+012
 0430  0.1767294766147007E+012
 0431  0.1776877114621779E+012
 0432  0.1786503099335494E+012
 0433  0.1796102554127872E+012
 0434  0.1805671730325544E+012
 0435  0.1815212673925453E+012
 0436  0.1824727407059309E+012
 0437  0.1834229114121138E+012
 0438  0.1843742798193539E+012
 0439  0.1853271019617273E+012
 0440  0.1862816390147178E+012
 0441  0.1872342818231818E+012
 0442  0.1881846152066185E+012
 0443  0.1891328301726366E+012
 0444  0.1900791164564235E+012
 0445  0.1910223099229578E+012
 0446  0.1919619942665848E+012
 0447  0.1928983411840368E+012
 0448  0.1938315196870073E+012
 0449  0.1947616963273857E+012
 0450  0.1956890354152620E+012
 0451  0.1966152866042735E+012
 0452  0.1975445865734358E+012
 0453  0.1984772029203060E+012
 0454  0.1994134119707943E+012
 0455  0.2003508951726074E+012
 0456  0.2012862567474637E+012
 0457  0.2022196596409157E+012
 0458  0.2031512658619542E+012
 0459  0.2040812366833484E+012
 0460  0.2050096557335372E+012
 0461  0.2059366809570846E+012
 0462  0.2068624716350374E+012
 0463  0.2077871870043244E+012
 0464  0.2087112993089518E+012
 0465  0.2096354809703922E+012
 0466  0.2105599056348881E+012
 0467  0.2114847488960691E+012
 0468  0.2124094201128263E+012
 0469  0.2133335390761092E+012
 0470  0.2142572646962814E+012
 0471  0.2151801846525514E+012
 0472  0.2160996501710237E+012
 0473  0.2170157918563477E+012
 0474  0.2179287382298387E+012
 0475  0.2188386158640756E+012
 0476  0.2197455493632551E+012
 0477  0.2206494440869680E+012
 0478  0.2215504207450061E+012
 0479  0.2224485984154405E+012
 0480  0.2233440946600090E+012
 0481  0.2242370256363126E+012
 0482  0.2251275062071298E+012
 0483  0.2260156500471108E+012
 0484  0.2269061345325264E+012
 0485  0.2278015546958932E+012
 0486  0.2287021844699135E+012
 0487  0.2296072019325471E+012
 0488  0.2305101595814383E+012
 0489  0.2314111731302610E+012
 0490  0.2323103575669865E+012
 0491  0.2332074691338860E+012
 0492  0.2341008362361587E+012
 0493  0.2349905636500671E+012
 0494  0.2358767542187685E+012
 0495  0.2367595089447018E+012
 0496  0.2376389270785121E+012
 0497  0.2385151062047313E+012
 0498  0.2393901379254330E+012
 0499  0.2402707372524852E+012
 0500  0.2411571848665799E+012
 0501  0.2420478985957457E+012
 0502  0.2429348871894259E+012
 0503  0.2438182470532630E+012
 0504  0.2446980728150015E+012
 0505  0.2455744574038320E+012
 0506  0.2464474921267831E+012
 0507  0.2473174344884191E+012
 0508  0.2481843869322334E+012
 0509  0.2490484365484019E+012
 0510  0.2499096691892985E+012
 0511  0.2507681695330720E+012
 0512  0.2516240211453808E+012
 0513  0.2524773065393858E+012
 0514  0.2533281239000142E+012
 0515  0.2541774110080782E+012
 0516  0.2550252524538601E+012
 0517  0.2558717325593017E+012
 0518  0.2567169354374408E+012
 0519  0.2575609450517375E+012
 0520  0.2584038452754088E+012
 0521  0.2592457199508801E+012
 0522  0.2600866529494685E+012
 0523  0.2609294773159045E+012
 0524  0.2617750773565588E+012
 0525  0.2626236078669724E+012
 0526  0.2634752283392229E+012
 0527  0.2643278049129453E+012
 0528  0.2651767213984518E+012
 0529  0.2660220518516292E+012
 0530  0.2668638689419631E+012
 0531  0.2677022440029694E+012
 0532  0.2685372470807867E+012
 0533  0.2693689469810132E+012
 0534  0.2701974113138972E+012
 0535  0.2710227065379290E+012
 0536  0.2718497690843242E+012
 0537  0.2726805632731104E+012
 0538  0.2735152622094129E+012
 0539  0.2743540452194810E+012
 0540  0.2751934512785471E+012
 0541  0.2760313705609749E+012
 0542  0.2768678737385488E+012
 0543  0.2777030312592786E+012
 0544  0.2785362228455543E+012
 0545  0.2793664440328854E+012
 0546  0.2801937576525873E+012
 0547  0.2810182255957171E+012
 0548  0.2818399088486205E+012
 0549  0.2826588675274080E+012
 0550  0.2834751609114138E+012
 0551  0.2842888085709612E+012
 0552  0.2850998619818441E+012
 0553  0.2859083780500173E+012
 0554  0.2867144129512009E+012
 0555  0.2875180221600573E+012
 0556  0.2883192604785905E+012
 0557  0.2891181820638360E+012
 0558  0.2899148404548643E+012
 0559  0.2907092885991393E+012
 0560  0.2915028937745745E+012
 0561  0.2922975768599567E+012
 0562  0.2930934243276535E+012
 0563  0.2938905242637267E+012
 0564  0.2946889664553948E+012
 0565  0.2954888424824611E+012
 0566  0.2962895200929861E+012
 0567  0.2970901237627828E+012
 0568  0.2978907211524200E+012
 0569  0.2986913805302672E+012
 0570  0.2994921708186518E+012
 0571  0.3002920961420162E+012
 0572  0.3010909430811865E+012
 0573  0.3018887671918265E+012
 0574  0.3026856240133439E+012
 0575  0.3034807275272116E+012
 0576  0.3042727755421974E+012
 0577  0.3050618161809141E+012
 0578  0.3058478967874991E+012
 0579  0.3066310639505742E+012
 0580  0.3074113635254929E+012
 0581  0.3081888406559075E+012
 0582  0.3089635397946756E+012
 0583  0.3097382555868864E+012
 0584  0.3105143312707179E+012
 0585  0.3112918486841429E+012
 0586  0.3120708913661968E+012
 0587  0.3128513679845230E+012
 0588  0.3136296216487599E+012
 0589  0.3144056954998118E+012
 0590  0.3151796322086680E+012
 0591  0.3159514739936873E+012
 0592  0.3167212626375057E+012
 0593  0.3174890395035883E+012
 0594  0.3182567034797182E+012
 0595  0.3190243163635823E+012
 0596  0.3197919330090142E+012
 0597  0.3205596087634965E+012
 0598  0.3213262598245032E+012
 0599  0.3220897295905054E+012
 0600  0.3228500585891290E+012
 0601  0.3236072866561620E+012
 0602  0.3243614529532939E+012
 0603  0.3251125959853154E+012
 0604  0.3258607536167883E+012
 0605  0.3266059630881952E+012
 0606  0.3273482610316226E+012
 0607  0.3280876834859512E+012
 0608  0.3288290745538055E+012
 0609  0.3295738803372526E+012
 0610  0.3303222245025335E+012
 0611  0.3310742349274946E+012
 0612  0.3318261655921180E+012
 0613  0.3325750793797766E+012
 0614  0.3333210125271639E+012
 0615  0.3340640006769880E+012
 0616  0.3348040788924688E+012
 0617  0.3355412816714008E+012
 0618  0.3362756429598240E+012
 0619  0.3370071961652657E+012
 0620  0.3377366283798026E+012
 0621  0.3384657940008441E+012
 0622  0.3391947347623616E+012
 0623  0.3399234926781508E+012
 0624  0.3406521100610296E+012
 0625  0.3413806295424225E+012
 0626  0.3421090940924268E+012
 0627  0.3428373303869849E+012
 0628  0.3435652801727849E+012
 0629  0.3442929838476190E+012
 0630  0.3450204820710756E+012
 0631  0.3457478157825064E+012
 0632  0.3464741542405585E+012
 0633  0.3471982780239509E+012
 0634  0.3479202165822478E+012
 0635  0.3486399990073408E+012
 0636  0.3493576540425532E+012
 0637  0.3500732100915342E+012
 0638  0.3507866952269407E+012
 0639  0.3514981371989202E+012
 0640  0.3522086654269460E+012
 0641  0.3529185978184365E+012
 0642  0.3536279677769804E+012
 0643  0.3543368088097397E+012
 0644  0.3550451545393566E+012
 0645  0.3557530387160436E+012
 0646  0.3564608098595306E+012
 0647  0.3571699137146108E+012
 0648  0.3578804098616236E+012
 0649  0.3585923591183415E+012
 0650  0.3593041804220636E+012
 0651  0.3600128560841127E+012
 0652  0.3607184153424345E+012
 0653  0.3614208869487924E+012
 0654  0.3621202991793257E+012
 0655  0.3628166798448140E+012
 0656  0.3635100563006530E+012
 0657  0.3642004554565540E+012
 0658  0.3648879037859943E+012
 0659  0.3655724273353960E+012
 0660  0.3662551531974564E+012
 0661  0.3669381464863296E+012
 0662  0.3676214444850856E+012
 0663  0.3683050849169601E+012
 0664  0.3689891059639592E+012
 0665  0.3696735462860472E+012
 0666  0.3703584450409317E+012
 0667  0.3710432597374106E+012
 0668  0.3717268851225456E+012
 0669  0.3724093451078141E+012
 0670  0.3730906635119095E+012
 0671  0.3737708640666088E+012
 0672  0.3744499704226013E+012
 0673  0.3751280061552809E+012
 0674  0.3758049947705295E+012
 0675  0.3764804811814518E+012
 0676  0.3771544613785994E+012
 0677  0.3778269566206360E+012
 0678  0.3784979880077468E+012
 0679  0.3791675764864269E+012
 0680  0.3798357428541875E+012
 0681  0.3805025077642015E+012
 0682  0.3811678917298929E+012
 0683  0.3818319964865796E+012
 0684  0.3824975529620764E+012
 0685  0.3831646141538701E+012
 0686  0.3838332342185617E+012
 0687  0.3845034685170674E+012
 0688  0.3851749618987216E+012
 0689  0.3858444189910508E+012
 0690  0.3865118594322547E+012
 0691  0.3871773026236005E+012
 0692  0.3878407677340821E+012
 0693  0.3885022737049359E+012
 0694  0.3891618392540828E+012
 0695  0.3898194828804600E+012
 0696  0.3904770119304024E+012
 0697  0.3911359664089844E+012
 0698  0.3917963970600992E+012
 0699  0.3924583557271777E+012
 0700  0.3931207900620270E+012
 0701  0.3937811193143672E+012
 0702  0.3944393618404128E+012
 0703  0.3950955357641144E+012
 0704  0.3957496589813955E+012
 0705  0.3964017491643500E+012
 0706  0.3970518237653101E+012
 0707  0.3977001199803596E+012
 0708  0.3983471268376451E+012
 0709  0.3989928618242943E+012
 0710  0.3996373423224146E+012
 0711  0.4002805856124456E+012
 0712  0.4009226088764488E+012
 0713  0.4015634292013929E+012
 0714  0.4022030635823845E+012
 0715  0.4028415228687227E+012
 0716  0.4034787900985466E+012
 0717  0.4041148818654753E+012
 0718  0.4047498146769131E+012
 0719  0.4053836049571497E+012
 0720  0.4060162690503295E+012
 0721  0.4066478232234813E+012
 0722  0.4072782836694615E+012
 0723  0.4079076665099067E+012
 0724  0.4085359877981633E+012
 0725  0.4091647492152495E+012
 0726  0.4097943991797589E+012
 0727  0.4104249738690759E+012
 0728  0.4110565100959778E+012
 0729  0.4116890453306258E+012
 0730  0.4123226177233881E+012
 0731  0.4129546762080223E+012
 0732  0.4135850270785374E+012
 0733  0.4142136848306191E+012
 0734  0.4148406638068380E+012
 0735  0.4154659781993567E+012
 0736  0.4160896420525159E+012
 0737  0.4167116692654296E+012
 0738  0.4173320735945023E+012
 0739  0.4179509743192679E+012
 0740  0.4185695473954652E+012
 0741  0.4191878119418256E+012
 0742  0.4198057871738853E+012
 0743  0.4204234924088835E+012
 0744  0.4210409470707377E+012
 0745  0.4216581706951068E+012
 0746  0.4222751829345462E+012
 0747  0.4228921226131227E+012
 0748  0.4235092173894377E+012
 0749  0.4241264908236075E+012
 0750  0.4247439667253337E+012
 0751  0.4253616691624803E+012
 0752  0.4259796224698882E+012
 0753  0.4265981279783424E+012
 0754  0.4272175639263718E+012
 0755  0.4278379648834443E+012
 0756  0.4284593660378817E+012
 0757  0.4290796413088903E+012
 0758  0.4296976401724410E+012
 0759  0.4303133766755433E+012
 0760  0.4309268646766124E+012
 0761  0.4315381178485457E+012
 0762  0.4321471496817180E+012
 0763  0.4327539734869658E+012
 0764  0.4333586023984426E+012
 0765  0.4339610493764902E+012
 0766  0.4345618248733037E+012
 0767  0.4351619788507952E+012
 0768  0.4357615257382023E+012
 0769  0.4363604799794272E+012
 0770  0.4369588560356799E+012
 0771  0.4375566683881078E+012
 0772  0.4381539315404774E+012
 0773  0.4387506600218577E+012
 0774  0.4393468683893132E+012
 0775  0.4399425712306882E+012
 0776  0.4405384423086540E+012
 0777  0.4411347158413618E+012
 0778  0.4417314156492851E+012
 0779  0.4423285658666617E+012
 0780  0.4429261909512501E+012
 0781  0.4435243156944108E+012
 0782  0.4441229652315266E+012
 0783  0.4447215442131657E+012
 0784  0.4453196326268920E+012
 0785  0.4459172450758669E+012
 0786  0.4465143962026071E+012
 0787  0.4471111006918654E+012
 0788  0.4477073732734720E+012
 0789  0.4483032287252090E+012
 0790  0.4488988537937734E+012
 0791  0.4494946343516775E+012
 0792  0.4500905906347939E+012
 0793  0.4506867430926840E+012
 0794  0.4512831123953616E+012
 0795  0.4518797194401932E+012
 0796  0.4524769466124743E+012
 0797  0.4530756600356743E+012
 0798  0.4536759013092727E+012
 0799  0.4542777129586794E+012
 0800  0.4548788261017500E+012
 0801  0.4554780562183224E+012
 0802  0.4560754140585142E+012
 0803  0.4566709102414953E+012
 0804  0.4572645552573892E+012
 0805  0.4578563594691021E+012
 0806  0.4584463331141506E+012
 0807  0.4590344863064102E+012
 0808  0.4596212602355212E+012
 0809  0.4602088738817277E+012
 0810  0.4607973557640067E+012
 0811  0.4613867348925312E+012
 0812  0.4619770407839792E+012
 0813  0.4625683034773196E+012
 0814  0.4631604843102589E+012
 0815  0.4637525059937947E+012
 0816  0.4643443844755160E+012
 0817  0.4649361358124991E+012
 0818  0.4655277761751786E+012
 0819  0.4661193218513072E+012
 0820  0.4667107892499843E+012
 0821  0.4673011683026141E+012
 0822  0.4678904223813220E+012
 0823  0.4684785613410985E+012
 0824  0.4690655949762964E+012
 0825  0.4696515330217842E+012
 0826  0.4702363851541566E+012
 0827  0.4708201609929388E+012
 0828  0.4714028701017365E+012
 0829  0.4719845219893875E+012
 0830  0.4725652918850468E+012
 0831  0.4731469867303853E+012
 0832  0.4737296353669625E+012
 0833  0.4743132671536309E+012
 0834  0.4748979119824975E+012
 0835  0.4754836002954878E+012
 0836  0.4760703631015615E+012
 0837  0.4766582319944589E+012
 0838  0.4772485067528522E+012
 0839  0.4778418962654995E+012
 0840  0.4784384830207633E+012
 0841  0.4790383521936801E+012
 0842  0.4796370843996831E+012
 0843  0.4802345473379658E+012
 0844  0.4808307504820560E+012
 0845  0.4814257032324353E+012
 0846  0.4820194149176898E+012
 0847  0.4826118947956780E+012
 0848  0.4832031520546309E+012
 0849  0.4837939434346003E+012
 0850  0.4843850458306321E+012
 0851  0.4849764792218453E+012
 0852  0.4855682638299991E+012
 0853  0.4861604201265261E+012
 0854  0.4867529688397554E+012
 0855  0.4873459309623681E+012
 0856  0.4879393613620633E+012
 0857  0.4885362362066888E+012
 0858  0.4891366482465080E+012
 0859  0.4897406934130233E+012
 0860  0.4903473359441823E+012
 0861  0.4909529802117335E+012
 0862  0.4915576364154340E+012
 0863  0.4921613147119683E+012
 0864  0.4927640252161154E+012
 0865  0.4933657780020027E+012
 0866  0.4939665831043277E+012
 0867  0.4945664505195498E+012
 0868  0.4951684438592275E+012
 0869  0.4957744014044911E+012
 0870  0.4963844340207322E+012
 0871  0.4969986566700795E+012
 0872  0.4976130844836415E+012
 0873  0.4982270758356130E+012
 0874  0.4988406442028033E+012
 0875  0.4994538031085597E+012
 0876  0.5000665661251792E+012
 0877  0.5006789468763828E+012
 0878  0.5012927416526166E+012
 0879  0.5019098781277098E+012
 0880  0.5025304450777604E+012
 0881  0.5031545342170125E+012
 0882  0.5037794216980753E+012
 0883  0.5044037630267449E+012
 0884  0.5050275712828770E+012
 0885  0.5056508595743019E+012
 0886  0.5062736410390000E+012
 0887  0.5068959288473243E+012
 0888  0.5075177362041425E+012
 0889  0.5081390763511888E+012
 0890  0.5087629254247540E+012
 0891  0.5093894338136324E+012
 0892  0.5100186695388035E+012
 0893  0.5106507025876685E+012
 0894  0.5112856049950983E+012
 0895  0.5119234082220004E+012
 0896  0.5125640089807198E+012
 0897  0.5132074795208318E+012
 0898  0.5138538942190411E+012
 0899  0.5145033296683041E+012
 0900  0.5151555201080326E+012
 0901  0.5158103419329714E+012
 0902  0.5164678632155031E+012
 0903  0.5171281539499603E+012
 0904  0.5177910925465829E+012
 0905  0.5184566835533748E+012
 0906  0.5191249959403345E+012
 0907  0.5197961006200396E+012
 0908  0.5204681499592037E+012
 0909  0.5211409046670669E+012
 0910  0.5218143937661361E+012
 0911  0.5224886467211943E+012
 0912  0.5231636934528249E+012
 0913  0.5238395643512711E+012
 0914  0.5245172624108954E+012
 0915  0.5251993194556974E+012
 0916  0.5258858587681332E+012
 0917  0.5265770081692108E+012
 0918  0.5272729002503427E+012
 0919  0.5279739146177238E+012
 0920  0.5286832082755836E+012
 0921  0.5294010915147899E+012
 0922  0.5301247664825559E+012
 0923  0.5308495037379282E+012
 0924  0.5315753411005724E+012
 0925  0.5323023170545345E+012
 0926  0.5330304707698329E+012
 0927  0.5337598421246511E+012
 0928  0.5344904717285298E+012
 0929  0.5352244373356958E+012
 0930  0.5359624312735421E+012
 0931  0.5367045654151952E+012
 0932  0.5374509554298797E+012
 0933  0.5382017209640897E+012
 0934  0.5389569858337025E+012
 0935  0.5397168782278112E+012
 0936  0.5404841318588185E+012
 0937  0.5412630963736135E+012
 0938  0.5420542929792002E+012
 0939  0.5428582776618694E+012
 0940  0.5436725542564360E+012
 0941  0.5444931297896321E+012
 0942  0.5453202026961006E+012
 0943  0.5461539797964644E+012
 0944  0.5469946767886357E+012
 0945  0.5478516923775964E+012
 0946  0.5487319617609103E+012
 0947  0.5496261998050098E+012
 0948  0.5505274353694510E+012
 0949  0.5514358958027319E+012
 0950  0.5523544996411431E+012
 0951  0.5532965979450371E+012
 0952  0.5542608626549030E+012
 0953  0.5552328662424696E+012
 0954  0.5562128681904935E+012
 0955  0.5572011395209097E+012
 0956  0.5581979635103135E+012
 0957  0.5592166688135497E+012
 0958  0.5602635050838650E+012
 0959  0.5613404768883207E+012
 0960  0.5624512999031406E+012
 0961  0.5635995722716652E+012
 0962  0.5647884676470371E+012
 0963  0.5660456397917013E+012
 0964  0.5673858100835073E+012
 0965  0.5687692252456377E+012
 0966  0.5701994802953212E+012
 0967  0.5716944601825780E+012
 0968  0.5732630487029341E+012
 0969  0.5748796020798047E+012
 0970  0.5765481705114261E+012
 0971  0.5782789403520498E+012
 0972  0.5800778762020453E+012
 0973  0.5820298700731479E+012
 0974  0.5841466897793414E+012
 0975  0.5863387948300363E+012
 0976  0.5885874215234707E+012
 0977  0.5909158332099220E+012
 0978  0.5933536088126780E+012
 0979  0.5959440948058265E+012
 0980  0.5987113465675442E+012
 0981  0.6015736382560868E+012
 0982  0.6045951667156660E+012
 0983  0.6078187574402802E+012
 0984  0.6111570210404109E+012
 0985  0.6146478398923065E+012
 0986  0.6183918790048949E+012
 0987  0.6224775561455999E+012
 0988  0.6268277777087397E+012
 0989  0.6316653130391918E+012
 0990  0.6368993138327479E+012
 0991  0.6427198491138585E+012
 0992  0.6494203209200620E+012
 0993  0.6571507661374369E+012
 0994  0.6662979132308483E+012
 0995  0.6776190347213849E+012
 0996  0.6917225565803123E+012
 0997  0.7109743118964713E+012
 0998  0.7410368246584486E+012
 0999  0.7900828031526217E+012
 1000  0.9030191101662058E+012
