 0001  0.4835050221893567E+008
 0002  0.4761656770124990E+008
 0003  0.4686646564877810E+008
 0004  0.4609985693679863E+008
 0005  0.4535131449454463E+008
 0006  0.4458695646161763E+008
 0007  0.4367034524583601E+008
 0008  0.4264918232109768E+008
 0009  0.4168735876621281E+008
 0010  0.4102121816349010E+008
 0011  0.4036084134446417E+008
 0012  0.3969674704528155E+008
 0013  0.3884407392655209E+008
 0014  0.3770174616826762E+008
 0015  0.3678698605575249E+008
 0016  0.3591389246554515E+008
 0017  0.3482228649001461E+008
 0018  0.3374147345169784E+008
 0019  0.3269658587037980E+008
 0020  0.3075891100185659E+008
 0021  0.2415925789678652E+008
 0022  0.2362231126343063E+008
 0023  0.2308997976775281E+008
 0024  0.2257426349590234E+008
 0025  0.2197051362644972E+008
 0026  0.2126174227135432E+008
 0027  0.2036586831767246E+008
 0028  0.1963615280907303E+008
 0029  0.1901850036409192E+008
 0030  0.1837502211655691E+008
 0031  0.1774706642447706E+008
 0032  0.1713804451477546E+008
 0033  0.1655837597848512E+008
 0034  0.1585741308379118E+008
 0035  0.1532020037413929E+008
 0036  0.1483240991848070E+008
 0037  0.1427973474996535E+008
 0038  0.1358376958555525E+008
 0039  0.1310501714414710E+008
 0040  0.1254497433130905E+008
 0041  0.1192161816394829E+008
 0042  0.1147417540974874E+008
 0043  0.1095265528862066E+008
 0044  0.1052571639402855E+008
 0045  0.9913021417334139E+007
 0046  0.9419762827479627E+007
 0047  0.8997790752514353E+007
 0048  0.8441928257962795E+007
 0049  0.8014880683699753E+007
 0050  0.7570197971766343E+007
 0051  0.7101890564892212E+007
 0052  0.6655656002900631E+007
 0053  0.6228849362137272E+007
 0054  0.5807445580303119E+007
 0055  0.5402076731120900E+007
 0056  0.4995353784769548E+007
 0057  0.4599658885949494E+007
 0058  0.4219140681014773E+007
 0059  0.3846448343497438E+007
 0060  0.3296622350371794E+007
 0061  0.2105918432058269E+007
 0062  0.1913083647312902E+007
 0063  0.1737433013347899E+007
 0064  0.1579140558932583E+007
 0065  0.1417639866357156E+007
 0066  0.1285790426500788E+007
 0067  0.1161740974608580E+007
 0068  0.1050262905954100E+007
 0069  0.9576627148651517E+006
 0070  0.8570044780321266E+006
 0071  0.7755584939291221E+006
 0072  0.6983738526461825E+006
 0073  0.6297263394070312E+006
 0074  0.5678350577505270E+006
 0075  0.4808770567302927E+006
 0076  0.3550496784075136E+006
 0077  0.3216317864071424E+006
 0078  0.2913104409286940E+006
 0079  0.2637985962727247E+006
 0080  0.2378625556713508E+006
 0081  0.2177700343566974E+006
 0082  0.1988544476690405E+006
 0083  0.1820011850438743E+006
 0084  0.1687457923420930E+006
 0085  0.1541131712215158E+006
 0086  0.1423052933140580E+006
 0087  0.1311507855560469E+006
 0088  0.1221356735117352E+006
 0089  0.1126360087317570E+006
 0090  0.1046979619635155E+006
 0091  0.9721387574293492E+005
 0092  0.9052956560934643E+005
 0093  0.8449801794182516E+005
 0094  0.7863804351657534E+005
 0095  0.7340020365214092E+005
 0096  0.6835501164755922E+005
 0097  0.6437287164203576E+005
 0098  0.6010729011442036E+005
 0099  0.5631930461696788E+005
 0100  0.5278868956021643E+005
 0101  0.4985507584869605E+005
 0102  0.4660088441590727E+005
 0103  0.4419967713231378E+005
 0104  0.4133172289543888E+005
 0105  0.3940466833276801E+005
 0106  0.3730261169989660E+005
 0107  0.3540045280677502E+005
 0108  0.3360045997184914E+005
 0109  0.3215814336301142E+005
 0110  0.3051178875885600E+005
 0111  0.2907422950134159E+005
 0112  0.2780940907842658E+005
 0113  0.2666091302171800E+005
 0114  0.2545488145058136E+005
 0115  0.2429477582816494E+005
 0116  0.2342353088591749E+005
 0117  0.2266115474952976E+005
 0118  0.2188438060362053E+005
 0119  0.2105008080625423E+005
 0120  0.2023403982026031E+005
 0121  0.1943849207826389E+005
 0122  0.1861896238068329E+005
 0123  0.1782398136467658E+005
 0124  0.1712361245657139E+005
 0125  0.1654247444826228E+005
 0126  0.1597411823773042E+005
 0127  0.1541703446527533E+005
 0128  0.1482724151850370E+005
 0129  0.1426378269951759E+005
 0130  0.1374740687822710E+005
 0131  0.1328856517018781E+005
 0132  0.1268742452928714E+005
 0133  0.1225564782652425E+005
 0134  0.1185301765415132E+005
 0135  0.1139371457325244E+005
 0136  0.1106074243382055E+005
 0137  0.1071510395859262E+005
 0138  0.1037965354607617E+005
 0139  0.1004410779475357E+005
 0140  0.9629248890828463E+004
 0141  0.9385547060739875E+004
 0142  0.9095327978464938E+004
 0143  0.8793609305401013E+004
 0144  0.8475495202718379E+004
 0145  0.8256265492840237E+004
 0146  0.7970209414229999E+004
 0147  0.7678012426497501E+004
 0148  0.7467951560263822E+004
 0149  0.7229533627206971E+004
 0150  0.7005494936046614E+004
 0151  0.6800430198805055E+004
 0152  0.6630969643480663E+004
 0153  0.6382038037673065E+004
 0154  0.6189433905584204E+004
 0155  0.6004032476714467E+004
 0156  0.5823405583214776E+004
 0157  0.5620783013849347E+004
 0158  0.5451478237507642E+004
 0159  0.5326539106635433E+004
 0160  0.5129112628007313E+004
 0161  0.4972982470435485E+004
 0162  0.4848587264579205E+004
 0163  0.4669534757783716E+004
 0164  0.4538973023801793E+004
 0165  0.4378601291738943E+004
 0166  0.4273866155856015E+004
 0167  0.4117602914519835E+004
 0168  0.3995832278228047E+004
 0169  0.3899794192495371E+004
 0170  0.3756771003705812E+004
 0171  0.3638538972769306E+004
 0172  0.3525668119258492E+004
 0173  0.3415504884546244E+004
 0174  0.3313877624221795E+004
 0175  0.3227878685441231E+004
 0176  0.3106821322934162E+004
 0177  0.3010627832593533E+004
 0178  0.2935317287978091E+004
 0179  0.2834628046138942E+004
 0180  0.2740132717009447E+004
 0181  0.2660860780271460E+004
 0182  0.2582718114448128E+004
 0183  0.2482357961953672E+004
 0184  0.2391928018895280E+004
 0185  0.2323156674717576E+004
 0186  0.2240593934482348E+004
 0187  0.2161071864917034E+004
 0188  0.2092658652160157E+004
 0189  0.2035252514996374E+004
 0190  0.1950469731863078E+004
 0191  0.1885940851789539E+004
 0192  0.1820911311421770E+004
 0193  0.1762488738766983E+004
 0194  0.1702126443730701E+004
 0195  0.1641361422695917E+004
 0196  0.1579658406116159E+004
 0197  0.1514008229983710E+004
 0198  0.1457688782143180E+004
 0199  0.1408573261304198E+004
 0200  0.1361346708690663E+004
 0201  0.1308098547223495E+004
 0202  0.1249579116195476E+004
 0203  0.1206350958026320E+004
 0204  0.1151583409020087E+004
 0205  0.1100306088375378E+004
 0206  0.1052408664738446E+004
 0207  0.1001198305955386E+004
 0208  0.9622512063402764E+003
 0209  0.9090429808443511E+003
 0210  0.8584235900502757E+003
 0211  0.7993642682489486E+003
 0212  0.7523500477152943E+003
 0213  0.7071258601041709E+003
 0214  0.6614973350305598E+003
 0215  0.6177489686539215E+003
 0216  0.5823089188376071E+003
 0217  0.5407485380027842E+003
 0218  0.4900293006845248E+003
 0219  0.4422385099403425E+003
 0220  0.4036391488343649E+003
 0221  0.3556309593750788E+003
 0222  0.3095915883830453E+003
 0223  0.2435903579765962E+003
 0224  0.2215359180863153E+003
 0225  0.1921888166834180E+003
 0226  0.1798819077933948E+003
 0227  0.1694869466027522E+003
 0228  0.1586593067779481E+003
 0229  0.1485530650225209E+003
 0230  0.1381206538431173E+003
 0231  0.1298976571423084E+003
 0232  0.1210429795225243E+003
 0233  0.1136309478045440E+003
 0234  0.1058630340088763E+003
 0235  0.9949705784896771E+002
 0236  0.9229020078076150E+002
 0237  0.8605163857947694E+002
 0238  0.8028329865938194E+002
 0239  0.7480595212770153E+002
 0240  0.6960096719309875E+002
 0241  0.6522404720833983E+002
 0242  0.6015186433797410E+002
 0243  0.5581590392088418E+002
 0244  0.5172352212730846E+002
 0245  0.4812419920042459E+002
 0246  0.4514392777504401E+002
 0247  0.4189435910657784E+002
 0248  0.2945017865610839E+002
 0249  0.2671172067181600E+002
 0250  0.2431807899163080E+002
 0251  0.2249958239620894E+002
 0252  0.2068804412135586E+002
 0253  0.1889737688833467E+002
 0254  0.1737629682339147E+002
 0255  0.1587497293089434E+002
 0256  0.1476272173016258E+002
 0257  0.1304817605822400E+002
 0258  0.1153400192806408E+002
 0259  0.1058758044185356E+002
 0260  0.9648499140652962E+001
 0261  0.8629900571949362E+001
 0262  0.7813124522467205E+001
 0263  0.6499685467664392E+001
 0264  0.5930181018903881E+001
 0265  0.5381956195947430E+001
 0266  0.4930818947448505E+001
 0267  0.4520638332891479E+001
 0268  0.4184443339070344E+001
 0269  0.3840306556515944E+001
 0270  0.3543639106214124E+001
 0271  0.3253909080657886E+001
 0272  0.3015779443421635E+001
 0273  0.2785929015912776E+001
 0274  0.2587769631551756E+001
 0275  0.2399166296521602E+001
 0276  0.2228551561472571E+001
 0277  0.2077498771364674E+001
 0278  0.1942107319659224E+001
 0279  0.1816066668191306E+001
 0280  0.1691453585334350E+001
 0281  0.1589913399957374E+001
 0282  0.1490272465999714E+001
 0283  0.1394711499860103E+001
 0284  0.1310316984610690E+001
 0285  0.1237947435439421E+001
 0286  0.1161958296337502E+001
 0287  0.1093561796817189E+001
 0288  0.1036971314683601E+001
 0289  0.9740811201990240E+000
 0290  0.9204995496678862E+000
 0291  0.8755468651955474E+000
 0292  0.8252242808661031E+000
 0293  0.7825398631008622E+000
 0294  0.7407917367758092E+000
 0295  0.7044532331321455E+000
 0296  0.6715766760850330E+000
 0297  0.6352767862471134E+000
 0298  0.6072480325740914E+000
 0299  0.5745917178619573E+000
 0300  0.5472995797702755E+000
 0301  0.5226910194487931E+000
 0302  0.5001406592816506E+000
 0303  0.4749242282801118E+000
 0304  0.4544525148502536E+000
 0305  0.4362839170879957E+000
 0306  0.4144839279216323E+000
 0307  0.3989898697720698E+000
 0308  0.3811191972249037E+000
 0309  0.3636066652946565E+000
 0310  0.3498962834830158E+000
 0311  0.3341386523481368E+000
 0312  0.3227601013705884E+000
 0313  0.3079681536863092E+000
 0314  0.2961486604450504E+000
 0315  0.2837765648677417E+000
 0316  0.2742734615943365E+000
 0317  0.2622420292708425E+000
 0318  0.2534391154785881E+000
 0319  0.2430214617893434E+000
 0320  0.2339445496938502E+000
 0321  0.2265998330228277E+000
 0322  0.2173437357270589E+000
 0323  0.2100132638939139E+000
 0324  0.2017602614736043E+000
 0325  0.1950365485882956E+000
 0326  0.1885102858305700E+000
 0327  0.1821932672135775E+000
 0328  0.1753276015953636E+000
 0329  0.1701108714475227E+000
 0330  0.1637692185481363E+000
 0331  0.1589783159680651E+000
 0332  0.1533590405310123E+000
 0333  0.1484694203235507E+000
 0334  0.1437820994721329E+000
 0335  0.1386011348637694E+000
 0336  0.1349382656599029E+000
 0337  0.1308303989255407E+000
 0338  0.1261615504581773E+000
 0339  0.1225632039439010E+000
 0340  0.1188898078044274E+000
 0341  0.1149604963732645E+000
 0342  0.1116841412746677E+000
 0343  0.1084325146079625E+000
 0344  0.1053748350656859E+000
 0345  0.1023166752963554E+000
 0346  0.9992948538881122E-001
 0347  0.9752868526176001E-001
 0348  0.9506189587404354E-001
 0349  0.9289066164968771E-001
 0350  0.9077027779382141E-001
 0351  0.8866612415353449E-001
 0352  0.8647718155498560E-001
 0353  0.8428796110741771E-001
 0354  0.8211549777659474E-001
 0355  0.7995934095496096E-001
 0356  0.7781059332015204E-001
 0357  0.7567829300795618E-001
 0358  0.7356231412437933E-001
 0359  0.7146919585379718E-001
 0360  0.6940045915161890E-001
 0361  0.6734755733827998E-001
 0362  0.6567357751898899E-001
 0363  0.6420723049891652E-001
 0364  0.6275210745047761E-001
 0365  0.6130812246117186E-001
 0366  0.5943092468922430E-001
 0367  0.5743705766210384E-001
 0368  0.5597166634950737E-001
 0369  0.5482874998466194E-001
 0370  0.5369458193156214E-001
 0371  0.5256594065153371E-001
 0372  0.5143470724375424E-001
 0373  0.5031213272197251E-001
 0374  0.4919815080781766E-001
 0375  0.4809269573023978E-001
 0376  0.4707631347879196E-001
 0377  0.4607107781220387E-001
 0378  0.4507353659751043E-001
 0379  0.4408363093848280E-001
 0380  0.4310130238970586E-001
 0381  0.4206977937791882E-001
 0382  0.4103286621983761E-001
 0383  0.4000388998508612E-001
 0384  0.3898278992146770E-001
 0385  0.3811922749816096E-001
 0386  0.3731387034341564E-001
 0387  0.3651467769525467E-001
 0388  0.3572160236822559E-001
 0389  0.3488252925010639E-001
 0390  0.3397598407235566E-001
 0391  0.3307637793237715E-001
 0392  0.3235303473016215E-001
 0393  0.3175769675184721E-001
 0394  0.3116691571434502E-001
 0395  0.3058065673711626E-001
 0396  0.2990308812260063E-001
 0397  0.2919189222557770E-001
 0398  0.2848614008945490E-001
 0399  0.2794321367830032E-001
 0400  0.2742609423337371E-001
 0401  0.2691293301518477E-001
 0402  0.2630586985308869E-001
 0403  0.2555671496713170E-001
 0404  0.2503994400290737E-001
 0405  0.2466290983028364E-001
 0406  0.2428876161903226E-001
 0407  0.2391747727891959E-001
 0408  0.2352536824519753E-001
 0409  0.2313624861778124E-001
 0410  0.2275010745835405E-001
 0411  0.2236692196860164E-001
 0412  0.2198666952471667E-001
 0413  0.2152338133484442E-001
 0414  0.2102431453903400E-001
 0415  0.2052906778819415E-001
 0416  0.2007606756950419E-001
 0417  0.1972018082184060E-001
 0418  0.1936701816520459E-001
 0419  0.1901655874837870E-001
 0420  0.1864435531730395E-001
 0421  0.1826118674154444E-001
 0422  0.1788095108218645E-001
 0423  0.1761123489811560E-001
 0424  0.1736571664025783E-001
 0425  0.1712207767149324E-001
 0426  0.1688030360703627E-001
 0427  0.1664038017220804E-001
 0428  0.1636551815814163E-001
 0429  0.1600370755325444E-001
 0430  0.1564466638282603E-001
 0431  0.1528837344856337E-001
 0432  0.1505043918375288E-001
 0433  0.1482344661406090E-001
 0434  0.1459819153087687E-001
 0435  0.1437466063482548E-001
 0436  0.1413609706072658E-001
 0437  0.1386574080416964E-001
 0438  0.1359745395609039E-001
 0439  0.1333122067645811E-001
 0440  0.1312046399214116E-001
 0441  0.1291969471384497E-001
 0442  0.1272046219912085E-001
 0443  0.1252275468500241E-001
 0444  0.1234432880566259E-001
 0445  0.1217498528794660E-001
 0446  0.1200693798921087E-001
 0447  0.1184017698770788E-001
 0448  0.1167469243763484E-001
 0449  0.1151047456855232E-001
 0450  0.1132797500600348E-001
 0451  0.1109914347767319E-001
 0452  0.1087206351193198E-001
 0453  0.1064672170166072E-001
 0454  0.1045219651712098E-001
 0455  0.1029899339976874E-001
 0456  0.1014696295670151E-001
 0457  0.9996096211829271E-002
 0458  0.9846384257768268E-002
 0459  0.9698627336623402E-002
 0460  0.9552017888954187E-002
 0461  0.9406530645142189E-002
 0462  0.9262157015416907E-002
 0463  0.9115787606073279E-002
 0464  0.8965583551987984E-002
 0465  0.8816529216229317E-002
 0466  0.8668615798420971E-002
 0467  0.8528947487193086E-002
 0468  0.8395330527067252E-002
 0469  0.8262736321412037E-002
 0470  0.8136220225403232E-002
 0471  0.8035183122448754E-002
 0472  0.7934919395483710E-002
 0473  0.7835423124797432E-002
 0474  0.7736688435990826E-002
 0475  0.7638710766670714E-002
 0476  0.7543306870681290E-002
 0477  0.7448633231996297E-002
 0478  0.7354684260951683E-002
 0479  0.7261454410668835E-002
 0480  0.7168938176726954E-002
 0481  0.7077130096838078E-002
 0482  0.6986024750524737E-002
 0483  0.6860130201102746E-002
 0484  0.6717019763288790E-002
 0485  0.6575004746594583E-002
 0486  0.6441982550031827E-002
 0487  0.6357002030958950E-002
 0488  0.6272671984743035E-002
 0489  0.6188987432420248E-002
 0490  0.6108390311723788E-002
 0491  0.6040485990887952E-002
 0492  0.5973101435264908E-002
 0493  0.5906232666376241E-002
 0494  0.5839875736196189E-002
 0495  0.5774026726918745E-002
 0496  0.5708681750726361E-002
 0497  0.5630918536089376E-002
 0498  0.5511916748949440E-002
 0499  0.5393825846248890E-002
 0500  0.5287792054116514E-002
 0501  0.5230796052270638E-002
 0502  0.5174236319260959E-002
 0503  0.5118109515721776E-002
 0504  0.5062412327848081E-002
 0505  0.5007141467199854E-002
 0506  0.4951335381411621E-002
 0507  0.4895876774473928E-002
 0508  0.4840842668573569E-002
 0509  0.4786229814419961E-002
 0510  0.4732034987593705E-002
 0511  0.4678254988356513E-002
 0512  0.4624886641461870E-002
 0513  0.4571836939273163E-002
 0514  0.4514617034404696E-002
 0515  0.4457835112210315E-002
 0516  0.4401487820206020E-002
 0517  0.4345571831568796E-002
 0518  0.4290083844940510E-002
 0519  0.4235020584232742E-002
 0520  0.4180378798433563E-002
 0521  0.4126155261415493E-002
 0522  0.4059020927073858E-002
 0523  0.3988835311976709E-002
 0524  0.3919186923976761E-002
 0525  0.3850071650935592E-002
 0526  0.3791712398398488E-002
 0527  0.3754664969521787E-002
 0528  0.3717901115600428E-002
 0529  0.3681418666045146E-002
 0530  0.3645215466880995E-002
 0531  0.3609289380620443E-002
 0532  0.3573638286137217E-002
 0533  0.3538260078540701E-002
 0534  0.3503152669052026E-002
 0535  0.3447825035453080E-002
 0536  0.3385357778421165E-002
 0537  0.3323368669270563E-002
 0538  0.3261854048077562E-002
 0539  0.3214759476532076E-002
 0540  0.3176393498071105E-002
 0541  0.3138321187240007E-002
 0542  0.3100540296196233E-002
 0543  0.3065594844608769E-002
 0544  0.3034835646696959E-002
 0545  0.3004311891255530E-002
 0546  0.2974021776119246E-002
 0547  0.2943963512917330E-002
 0548  0.2914135326967869E-002
 0549  0.2884535457173062E-002
 0550  0.2855299067567219E-002
 0551  0.2826308108965713E-002
 0552  0.2797539058065828E-002
 0553  0.2768990216302497E-002
 0554  0.2740659898112236E-002
 0555  0.2712546430833347E-002
 0556  0.2684648154607426E-002
 0557  0.2656963422281222E-002
 0558  0.2629490599309434E-002
 0559  0.2597904784346924E-002
 0560  0.2560533174001324E-002
 0561  0.2523447620018045E-002
 0562  0.2486645932814044E-002
 0563  0.2450125939566214E-002
 0564  0.2413885484083102E-002
 0565  0.2380083573597928E-002
 0566  0.2349352326940612E-002
 0567  0.2318856308804303E-002
 0568  0.2288593718661370E-002
 0569  0.2258562769766174E-002
 0570  0.2231738328915574E-002
 0571  0.2205869882407857E-002
 0572  0.2180199442719715E-002
 0573  0.2154725494232454E-002
 0574  0.2131706346012797E-002
 0575  0.2112473215980683E-002
 0576  0.2093387303560066E-002
 0577  0.2074447481891941E-002
 0578  0.2055652632742778E-002
 0579  0.2037001646438354E-002
 0580  0.2018493421798379E-002
 0581  0.2000126866071353E-002
 0582  0.1974845987795773E-002
 0583  0.1946525546994140E-002
 0584  0.1918421881498660E-002
 0585  0.1890533332029621E-002
 0586  0.1863280953521217E-002
 0587  0.1845084341289654E-002
 0588  0.1827027012772488E-002
 0589  0.1809107901839755E-002
 0590  0.1791325950522067E-002
 0591  0.1773680108948145E-002
 0592  0.1756169335282805E-002
 0593  0.1734574166334089E-002
 0594  0.1713127524814333E-002
 0595  0.1691845043955533E-002
 0596  0.1670725467210315E-002
 0597  0.1652225902099518E-002
 0598  0.1638589683565179E-002
 0599  0.1625057841776560E-002
 0600  0.1611629577794775E-002
 0601  0.1598304098796291E-002
 0602  0.1585080618026260E-002
 0603  0.1571958354751817E-002
 0604  0.1558936534216188E-002
 0605  0.1546014387592905E-002
 0606  0.1533191151940301E-002
 0607  0.1510582245282696E-002
 0608  0.1485418341725503E-002
 0609  0.1460447052151143E-002
 0610  0.1435666902219720E-002
 0611  0.1418371125712523E-002
 0612  0.1406806935061742E-002
 0613  0.1395331261075863E-002
 0614  0.1383943426215072E-002
 0615  0.1372642758125627E-002
 0616  0.1361428589600316E-002
 0617  0.1350300258538910E-002
 0618  0.1339257107909192E-002
 0619  0.1327104592440953E-002
 0620  0.1311750563821975E-002
 0621  0.1296514060713187E-002
 0622  0.1281394183530149E-002
 0623  0.1266390039574157E-002
 0624  0.1251500742979550E-002
 0625  0.1236725414661445E-002
 0626  0.1222427524756351E-002
 0627  0.1208404488813061E-002
 0628  0.1194488790461431E-002
 0629  0.1180679608099107E-002
 0630  0.1166976126412702E-002
 0631  0.1154765091452328E-002
 0632  0.1144628941181959E-002
 0633  0.1134570376818300E-002
 0634  0.1124588804489664E-002
 0635  0.1114683634870010E-002
 0636  0.1104854283144282E-002
 0637  0.1095100168973817E-002
 0638  0.1085420716462071E-002
 0639  0.1074143468447309E-002
 0640  0.1062522367836495E-002
 0641  0.1050990219500828E-002
 0642  0.1039546342566145E-002
 0643  0.1028190061369965E-002
 0644  0.1016920705421550E-002
 0645  0.1005289634358407E-002
 0646  0.9917698890009614E-003
 0647  0.9783536288596965E-003
 0648  0.9650400618198767E-003
 0649  0.9540299727932508E-003
 0650  0.9471777126579293E-003
 0651  0.9403779022990526E-003
 0652  0.9336301402462667E-003
 0653  0.9269340281023212E-003
 0654  0.9202891705193543E-003
 0655  0.9136951751756824E-003
 0656  0.9071516527526046E-003
 0657  0.9006582169113656E-003
 0658  0.8942144842704792E-003
 0659  0.8863850556647743E-003
 0660  0.8759833939856680E-003
 0661  0.8656613505374934E-003
 0662  0.8554183158923308E-003
 0663  0.8452536852870891E-003
 0664  0.8351668585877532E-003
 0665  0.8251572402539614E-003
 0666  0.8159185504320870E-003
 0667  0.8080959681896079E-003
 0668  0.8003332629339326E-003
 0669  0.7926299763441159E-003
 0670  0.7849856536073183E-003
 0671  0.7773998433920279E-003
 0672  0.7698720978213934E-003
 0673  0.7624019724468020E-003
 0674  0.7555248380683132E-003
 0675  0.7487287123749027E-003
 0676  0.7419846067837966E-003
 0677  0.7352921231135666E-003
 0678  0.7286508662306064E-003
 0679  0.7220604440258317E-003
 0680  0.7155204673914997E-003
 0681  0.7090305501982381E-003
 0682  0.7025040875519810E-003
 0683  0.6931881671519007E-003
 0684  0.6839435543105939E-003
 0685  0.6747697032132015E-003
 0686  0.6656660722227002E-003
 0687  0.6570354771535264E-003
 0688  0.6517166432465555E-003
 0689  0.6464385216948779E-003
 0690  0.6412008008708562E-003
 0691  0.6360031715320998E-003
 0692  0.6308453268032932E-003
 0693  0.6257269621580971E-003
 0694  0.6206477754010669E-003
 0695  0.6139296523592847E-003
 0696  0.6058664271199418E-003
 0697  0.5978649208393809E-003
 0698  0.5899246610975537E-003
 0699  0.5830180166560829E-003
 0700  0.5784501353485490E-003
 0701  0.5739172183226871E-003
 0702  0.5694189979487221E-003
 0703  0.5649552086454199E-003
 0704  0.5605255868644284E-003
 0705  0.5561298710746740E-003
 0706  0.5515802878147733E-003
 0707  0.5466656773492954E-003
 0708  0.5417886851608576E-003
 0709  0.5369490233050443E-003
 0710  0.5321464060414446E-003
 0711  0.5273805498167703E-003
 0712  0.5226511732482470E-003
 0713  0.5179579971068602E-003
 0714  0.5133056217883195E-003
 0715  0.5087158490720237E-003
 0716  0.5041612082024753E-003
 0717  0.4996414302672743E-003
 0718  0.4951562484124308E-003
 0719  0.4907053978265394E-003
 0720  0.4862886157251439E-003
 0721  0.4819056413352454E-003
 0722  0.4775562158799221E-003
 0723  0.4732400825630132E-003
 0724  0.4678471930042011E-003
 0725  0.4621872799456670E-003
 0726  0.4565706899905644E-003
 0727  0.4509970915275504E-003
 0728  0.4454661554836031E-003
 0729  0.4399775553045155E-003
 0730  0.4363142386090240E-003
 0731  0.4328222785505737E-003
 0732  0.4293570472678400E-003
 0733  0.4259183401687420E-003
 0734  0.4225059542271844E-003
 0735  0.4191196879711263E-003
 0736  0.4157593414706777E-003
 0737  0.4124247163263056E-003
 0738  0.4090456648570505E-003
 0739  0.4049289872374449E-003
 0740  0.4008438202167448E-003
 0741  0.3967899226009988E-003
 0742  0.3927670550424122E-003
 0743  0.3887749800252488E-003
 0744  0.3848134618518004E-003
 0745  0.3808822666285291E-003
 0746  0.3769083108944680E-003
 0747  0.3728397413161392E-003
 0748  0.3688023140996602E-003
 0749  0.3647957908697056E-003
 0750  0.3608199350755774E-003
 0751  0.3568745119771100E-003
 0752  0.3528011452478875E-003
 0753  0.3485618376496729E-003
 0754  0.3443549793063660E-003
 0755  0.3401803218391393E-003
 0756  0.3372105456696479E-003
 0757  0.3348941589304894E-003
 0758  0.3325955026867216E-003
 0759  0.3303144412224256E-003
 0760  0.3280508398605701E-003
 0761  0.3258045649549556E-003
 0762  0.3235754838823587E-003
 0763  0.3213634650347314E-003
 0764  0.3191683778113790E-003
 0765  0.3167271452520515E-003
 0766  0.3137600003611599E-003
 0767  0.3108155671133127E-003
 0768  0.3078936716650319E-003
 0769  0.3049941415035278E-003
 0770  0.3021168054365092E-003
 0771  0.2992614935819940E-003
 0772  0.2964280373584091E-003
 0773  0.2936162694745078E-003
 0774  0.2908260239195913E-003
 0775  0.2877380616799504E-003
 0776  0.2845717594054007E-003
 0777  0.2814296931993779E-003
 0778  0.2783116775499494E-003
 0779  0.2752175283650782E-003
 0780  0.2721470629618815E-003
 0781  0.2691001000558015E-003
 0782  0.2663528034880719E-003
 0783  0.2638199870634364E-003
 0784  0.2613065577683781E-003
 0785  0.2588123672065152E-003
 0786  0.2563372681173762E-003
 0787  0.2538811143676287E-003
 0788  0.2514437609425163E-003
 0789  0.2489530912604608E-003
 0790  0.2463283958795344E-003
 0791  0.2437237909042985E-003
 0792  0.2411391225552344E-003
 0793  0.2385742382298886E-003
 0794  0.2360289864938813E-003
 0795  0.2333617881201534E-003
 0796  0.2303909334701714E-003
 0797  0.2274428188591358E-003
 0798  0.2245172702262066E-003
 0799  0.2224677533470397E-003
 0800  0.2208750157727402E-003
 0801  0.2192944696109190E-003
 0802  0.2177260215439237E-003
 0803  0.2161695789683604E-003
 0804  0.2146250499897107E-003
 0805  0.2130923434168113E-003
 0806  0.2115713687565350E-003
 0807  0.2099074725851674E-003
 0808  0.2074722996132767E-003
 0809  0.2050557663712643E-003
 0810  0.2026577301836211E-003
 0811  0.2002780494669704E-003
 0812  0.1979165837215757E-003
 0813  0.1955960899126617E-003
 0814  0.1936553333356557E-003
 0815  0.1917294320394961E-003
 0816  0.1898182723162510E-003
 0817  0.1879217413283518E-003
 0818  0.1860397271019953E-003
 0819  0.1841721185204302E-003
 0820  0.1826362389074556E-003
 0821  0.1811264783833731E-003
 0822  0.1796282741342416E-003
 0823  0.1781415377039513E-003
 0824  0.1766661813135138E-003
 0825  0.1752021178558115E-003
 0826  0.1737492608905007E-003
 0827  0.1723075246388674E-003
 0828  0.1708768239787895E-003
 0829  0.1694086454320353E-003
 0830  0.1674322402043592E-003
 0831  0.1654709631256909E-003
 0832  0.1635246983995018E-003
 0833  0.1615933311155543E-003
 0834  0.1596767472432824E-003
 0835  0.1577748336248406E-003
 0836  0.1558874779686178E-003
 0837  0.1536834227431432E-003
 0838  0.1513307552659315E-003
 0839  0.1489960959905439E-003
 0840  0.1466793070753779E-003
 0841  0.1454685416342641E-003
 0842  0.1443014117510550E-003
 0843  0.1431432155189778E-003
 0844  0.1419938845564892E-003
 0845  0.1408533510054913E-003
 0846  0.1397215475272815E-003
 0847  0.1385984072986095E-003
 0848  0.1373096719049381E-003
 0849  0.1358546633306112E-003
 0850  0.1344107919391963E-003
 0851  0.1329779724824893E-003
 0852  0.1315561203648492E-003
 0853  0.1301451516380961E-003
 0854  0.1287449829967065E-003
 0855  0.1273483114787655E-003
 0856  0.1253381338754524E-003
 0857  0.1233433429276253E-003
 0858  0.1213638208600150E-003
 0859  0.1196231239719204E-003
 0860  0.1186095437232933E-003
 0861  0.1176037217991211E-003
 0862  0.1166055988142817E-003
 0863  0.1156151158381986E-003
 0864  0.1146322143913704E-003
 0865  0.1136568364419095E-003
 0866  0.1126889244021468E-003
 0867  0.1111609850382850E-003
 0868  0.1093214504557605E-003
 0869  0.1074959963628342E-003
 0870  0.1056845149821826E-003
 0871  0.1045816864162763E-003
 0872  0.1035988901044271E-003
 0873  0.1026236164852394E-003
 0874  0.1016558079771663E-003
 0875  0.1006954074394145E-003
 0876  0.9974235816864127E-004
 0877  0.9850932338142379E-004
 0878  0.9698751954999269E-004
 0879  0.9547736417749477E-004
 0880  0.9397876810223663E-004
 0881  0.9290935857930068E-004
 0882  0.9205030552220895E-004
 0883  0.9119782798033904E-004
 0884  0.9035187562221601E-004
 0885  0.8951239850162026E-004
 0886  0.8867934705467361E-004
 0887  0.8785267209683947E-004
 0888  0.8703232482007343E-004
 0889  0.8580827903059224E-004
 0890  0.8458190356132293E-004
 0891  0.8336491523115895E-004
 0892  0.8215724218743124E-004
 0893  0.8095881312744365E-004
 0894  0.7977490522724163E-004
 0895  0.7862197977644993E-004
 0896  0.7747787925070817E-004
 0897  0.7634253610071151E-004
 0898  0.7521588329423541E-004
 0899  0.7413706251253151E-004
 0900  0.7308828284056319E-004
 0901  0.7204753092271035E-004
 0902  0.7101474531148711E-004
 0903  0.7001032888685045E-004
 0904  0.6902026778050358E-004
 0905  0.6803778497426231E-004
 0906  0.6706282246096327E-004
 0907  0.6628445318013115E-004
 0908  0.6553856141468905E-004
 0909  0.6479837898538486E-004
 0910  0.6406386219079395E-004
 0911  0.6333496766403695E-004
 0912  0.6261165237014621E-004
 0913  0.6180497565166507E-004
 0914  0.6078215323396203E-004
 0915  0.5976715988377243E-004
 0916  0.5875993567448858E-004
 0917  0.5776042113814445E-004
 0918  0.5674893413463030E-004
 0919  0.5550874888545191E-004
 0920  0.5427805648066705E-004
 0921  0.5328622200453093E-004
 0922  0.5265677643981825E-004
 0923  0.5203214888821599E-004
 0924  0.5141230247083353E-004
 0925  0.5079720059107470E-004
 0926  0.5018680693245224E-004
 0927  0.4958108545649872E-004
 0928  0.4884391925623197E-004
 0929  0.4807308529011417E-004
 0930  0.4730815157709934E-004
 0931  0.4654907295445130E-004
 0932  0.4579580460510839E-004
 0933  0.4504830205502533E-004
 0934  0.4430652117062577E-004
 0935  0.4342250847145108E-004
 0936  0.4232107781630332E-004
 0937  0.4122807792568312E-004
 0938  0.4014344426737038E-004
 0939  0.3921559288563214E-004
 0940  0.3850074987246423E-004
 0941  0.3779137853659776E-004
 0942  0.3708743699574468E-004
 0943  0.3638888368823336E-004
 0944  0.3531299446290408E-004
 0945  0.3400896807791577E-004
 0946  0.3311421300795340E-004
 0947  0.3249926232539962E-004
 0948  0.3188901870668935E-004
 0949  0.3119197961173282E-004
 0950  0.3007980004460588E-004
 0951  0.2906307196911893E-004
 0952  0.2851121399425711E-004
 0953  0.2796358014792360E-004
 0954  0.2742013809702916E-004
 0955  0.2688085575599199E-004
 0956  0.2600805244981483E-004
 0957  0.2502283345686309E-004
 0958  0.2404515570064283E-004
 0959  0.2304397492281738E-004
 0960  0.2203311878063277E-004
 0961  0.2103000011157293E-004
 0962  0.1965034838241860E-004
 0963  0.1820854453561582E-004
 0964  0.1742051370603094E-004
 0965  0.1663851476080676E-004
 0966  0.1571548112973178E-004
 0967  0.1478392435643182E-004
 0968  0.1415659140133617E-004
 0969  0.1353274707788385E-004
 0970  0.1287043026576218E-004
 0971  0.1221318307565338E-004
 0972  0.1109739179060684E-004
 0973  0.1008422589311055E-004
 0974  0.9592339735394787E-005
 0975  0.9209633865678207E-005
 0976  0.8757613668711637E-005
 0977  0.8234021133756728E-005
 0978  0.7624427278819849E-005
 0979  0.7019375908088254E-005
 0980  0.6671335485567006E-005
 0981  0.6210340566184549E-005
 0982  0.5717147618281254E-005
 0983  0.5419675093974635E-005
 0984  0.5086006493312725E-005
 0985  0.4650666419093793E-005
 0986  0.4175958792541092E-005
 0987  0.3839605733622969E-005
 0988  0.3376540403150789E-005
 0989  0.3047905002410966E-005
 0990  0.2672996787052209E-005
 0991  0.2259749268121823E-005
 0992  0.1900973596044550E-005
 0993  0.1553845794974902E-005
 0994  0.1208183995363098E-005
 0995  0.9269879565885906E-006
 0996  0.6422118647613860E-006
 0997  0.3808371597412993E-006
 0998  0.2082856407896870E-006
 0999  0.7332448747689228E-007
 1000  0.0000000000000000E+000
