 0001  0.4943723293139820E-003
 0002  0.4943723293139820E-003
 0003  0.4913337734885213E-003
 0004  0.4913337734885213E-003
 0005  0.4913337734885213E-003
 0006  0.4879904545077616E-003
 0007  0.4879904545077617E-003
 0008  0.4879904545077618E-003
 0009  0.4879904545077618E-003
 0010  0.4846530069598528E-003
 0011  0.4846530069598528E-003
 0012  0.4846530069598528E-003
 0013  0.4809720859402249E-003
 0014  0.4809720859402250E-003
 0015  0.4769876926269415E-003
 0016  0.4769876926269416E-003
 0017  0.4769876926269416E-003
 0018  0.4730440764612885E-003
 0019  0.4730440764612885E-003
 0020  0.4730440764612885E-003
 0021  0.4687358855238893E-003
 0022  0.4687358855238891E-003
 0023  0.4641186403274062E-003
 0024  0.4641186403274064E-003
 0025  0.4641186403274064E-003
 0026  0.4595359897818245E-003
 0027  0.4595359897818244E-003
 0028  0.4546131934397306E-003
 0029  0.4546131934397305E-003
 0030  0.4546131934397305E-003
 0031  0.4497171937707886E-003
 0032  0.4497171937707885E-003
 0033  0.4444459661269978E-003
 0034  0.4444459661269978E-003
 0035  0.4388306870903752E-003
 0036  0.4388306870903752E-003
 0037  0.4333458054453578E-003
 0038  0.4333458054453579E-003
 0039  0.4274813249800059E-003
 0040  0.4274813249800059E-003
 0041  0.4212389006212362E-003
 0042  0.4212389006212362E-003
 0043  0.4151414371537004E-003
 0044  0.4151414371537004E-003
 0045  0.4086270207886955E-003
 0046  0.4086270207886956E-003
 0047  0.4017311134152444E-003
 0048  0.4017311134152444E-003
 0049  0.3949953420436526E-003
 0050  0.3949953420436526E-003
 0051  0.3878305513489504E-003
 0052  0.3804662864611704E-003
 0053  0.3804662864611705E-003
 0054  0.3726951782635888E-003
 0055  0.3726951782635887E-003
 0056  0.3651045298850538E-003
 0057  0.3651045298850539E-003
 0058  0.3570563424392569E-003
 0059  0.3488582961352360E-003
 0060  0.3488582961352360E-003
 0061  0.3408506239599683E-003
 0062  0.3326999721259782E-003
 0063  0.3326999721259782E-003
 0064  0.3241147789533074E-003
 0065  0.3241147789533073E-003
 0066  0.3151017779278961E-003
 0067  0.3066700259225093E-003
 0068  0.3066700259225093E-003
 0069  0.2977621235759855E-003
 0070  0.2888113801403848E-003
 0071  0.2888113801403848E-003
 0072  0.2794145047916795E-003
 0073  0.2706802943827817E-003
 0074  0.2706802943827817E-003
 0075  0.2614681339130352E-003
 0076  0.2523104484989224E-003
 0077  0.2432491136147008E-003
 0078  0.2432491136147008E-003
 0079  0.2338264879046738E-003
 0080  0.2246065168060761E-003
 0081  0.2246065168060761E-003
 0082  0.2156006508613078E-003
 0083  0.2067654344709949E-003
 0084  0.1981242479525161E-003
 0085  0.1981242479525160E-003
 0086  0.1891464504043385E-003
 0087  0.1804553048897892E-003
 0088  0.1718180468035771E-003
 0089  0.1718180468035771E-003
 0090  0.1631722420490606E-003
 0091  0.1551103201689964E-003
 0092  0.1475599481323553E-003
 0093  0.1404608371478210E-003
 0094  0.1337622621601798E-003
 0095  0.1337622621601798E-003
 0096  0.1268819008076912E-003
 0097  0.1203855911460729E-003
 0098  0.1142320034803823E-003
 0099  0.1083855269972518E-003
 0100  0.9777182706381637E-004
 0101  0.9296383788744264E-004
 0102  0.8837661872821732E-004
 0103  0.8400115792486944E-004
 0104  0.7982873262819523E-004
 0105  0.7585090531875516E-004
 0106  0.7205951989637004E-004
 0107  0.6844440399167300E-004
 0108  0.6499860343964129E-004
 0109  0.6171531678418646E-004
 0110  0.5849506678022944E-004
 0111  0.5278544926799655E-004
 0112  0.5024924516372580E-004
 0113  0.4782999097107421E-004
 0114  0.4552160880924464E-004
 0115  0.4331951657425454E-004
 0116  0.4121927945341887E-004
 0117  0.3921660921069845E-004
 0118  0.3726016729705214E-004
 0119  0.3540247802328083E-004
 0120  0.3363847304396922E-004
 0121  0.3049053956017040E-004
 0122  0.2908392302539000E-004
 0123  0.2774023708842338E-004
 0124  0.2645685782866709E-004
 0125  0.2523125555363117E-004
 0126  0.2403597242326780E-004
 0127  0.2289804685755051E-004
 0128  0.2181472651800393E-004
 0129  0.2078339141425790E-004
 0130  0.1893254511792383E-004
 0131  0.1810109777979445E-004
 0132  0.1730550062498826E-004
 0133  0.1653020854706801E-004
 0134  0.1579040997384973E-004
 0135  0.1508447961318946E-004
 0136  0.1441086718715288E-004
 0137  0.1376809411978221E-004
 0138  0.1315465166525029E-004
 0139  0.1203893291438313E-004
 0140  0.1153173356793609E-004
 0141  0.1104661605009168E-004
 0142  0.1058256474499074E-004
 0143  0.1013867521279046E-004
 0144  0.9714081727546347E-005
 0145  0.9307955343941618E-005
 0146  0.8913849052258357E-005
 0147  0.8200645215131863E-005
 0148  0.7877713976134700E-005
 0149  0.7568462213889525E-005
 0150  0.7275289147870215E-005
 0151  0.7012414525897248E-005
 0152  0.6849964271800860E-005
 0153  0.6796338765429438E-005
 0154  0.7304980435162930E-005
 0155  0.8211049688941179E-005
 0156  0.9888189164996927E-005
 0157  0.1420941443516010E-004
 0158  0.2040582432577111E-004
 0159  0.2967910618497974E-004
 0160  0.4248474805267541E-004
 0161  0.7972351097863963E-004
 0162  0.1135941261411128E-003
 0163  0.1540616244788884E-003
 0164  0.2015977962019868E-003
 0165  0.2567527931380165E-003
 0166  0.3213483828785148E-003
 0167  0.4091078383114682E-003
 0168  0.6109479917936110E-003
 0169  0.7272537574818186E-003
 0170  0.8562341615861157E-003
 0171  0.1017912651707771E-002
 0172  0.1194692807185483E-002
 0173  0.1387240297545039E-002
 0174  0.1810827534972087E-002
 0175  0.2045936254969729E-002
 0176  0.2335130439928298E-002
 0177  0.2647270798806839E-002
 0178  0.2991320585107287E-002
 0179  0.3371099175268667E-002
 0180  0.4378640011071363E-002
 0181  0.4954156859856818E-002
 0182  0.5591728628541454E-002
 0183  0.6306228885839225E-002
 0184  0.7214758984751392E-002
 0185  0.9240887218625565E-002
 0186  0.1037309843999604E-001
 0187  0.1175880944728721E-001
 0188  0.1324926206898589E-001
 0189  0.1484581233169437E-001
 0190  0.1830886386296414E-001
 0191  0.2035251021378274E-001
 0192  0.2251137864892299E-001
 0193  0.2478461131208487E-001
 0194  0.2717138101777384E-001
 0195  0.2988752750592024E-001
 0196  0.3551896140329242E-001
 0197  0.3843898485466888E-001
 0198  0.4168580422224771E-001
 0199  0.4503322447517853E-001
 0200  0.5210371011037460E-001
 0201  0.5581411195524139E-001
 0202  0.5961476993648377E-001
 0203  0.6350290582569142E-001
 0204  0.6770075943822568E-001
 0205  0.7615013652987392E-001
 0206  0.8039870486956671E-001
 0207  0.8493656221714714E-001
 0208  0.8953865542241123E-001
 0209  0.9893993028792659E-001
 0210  0.1037274863488646E+000
 0211  0.1085662937137414E+000
 0212  0.1136538077609598E+000
 0213  0.1187769111642686E+000
 0214  0.1289321955937986E+000
 0215  0.1341515897884232E+000
 0216  0.1393956542287157E+000
 0217  0.1446653684156986E+000
 0218  0.1554233049228565E+000
 0219  0.1607240579091495E+000
 0220  0.1662104752560476E+000
 0221  0.1717018758430781E+000
 0222  0.1826591148369429E+000
 0223  0.1881207955064709E+000
 0224  0.1937352616166027E+000
 0225  0.2047393080839800E+000
 0226  0.2102753940556907E+000
 0227  0.2157997160521553E+000
 0228  0.2213112376454484E+000
 0229  0.2323669163298614E+000
 0230  0.2378996689830246E+000
 0231  0.2434102280728473E+000
 0232  0.2488990893740972E+000
 0233  0.2598601443837565E+000
 0234  0.2653228810404404E+000
 0235  0.2707566279959702E+000
 0236  0.2814661785586804E+000
 0237  0.2867426421448858E+000
 0238  0.2920900016247819E+000
 0239  0.3026094945625223E+000
 0240  0.3077821520962973E+000
 0241  0.3130114600610453E+000
 0242  0.3182034927401838E+000
 0243  0.3284023840611546E+000
 0244  0.3334102210068685E+000
 0245  0.3384626378627182E+000
 0246  0.3483751783831960E+000
 0247  0.3532370836475583E+000
 0248  0.3581340033595380E+000
 0249  0.3677329310687704E+000
 0250  0.3724368559268304E+000
 0251  0.3771677833569734E+000
 0252  0.3864352329677589E+000
 0253  0.3910319301359375E+000
 0254  0.4000309143123053E+000
 0255  0.4044352662790019E+000
 0256  0.4088542492020273E+000
 0257  0.4175015631225145E+000
 0258  0.4217797671975315E+000
 0259  0.4260186296718114E+000
 0260  0.4343552479354851E+000
 0261  0.4384524297904539E+000
 0262  0.4465058371776260E+000
 0263  0.4504618654673866E+000
 0264  0.4544185282458290E+000
 0265  0.4621512909286450E+000
 0266  0.4659642440366878E+000
 0267  0.4734160096308768E+000
 0268  0.4770884916834797E+000
 0269  0.4807254050131266E+000
 0270  0.4878917024062526E+000
 0271  0.4914196386458339E+000
 0272  0.4983119657477598E+000
 0273  0.5017040799403563E+000
 0274  0.5083795443300787E+000
 0275  0.5116392044016761E+000
 0276  0.5180530589409618E+000
 0277  0.5212066506758283E+000
 0278  0.5243498039293641E+000
 0279  0.5305085260089710E+000
 0280  0.5335250058539177E+000
 0281  0.5394538480658750E+000
 0282  0.5423661030736191E+000
 0283  0.5480877068835983E+000
 0284  0.5508971146231842E+000
 0285  0.5564143792598276E+000
 0286  0.5591220981443337E+000
 0287  0.5644370153786449E+000
 0288  0.5670442713266977E+000
 0289  0.5721712462832809E+000
 0290  0.5746905380131103E+000
 0291  0.5796307664432693E+000
 0292  0.5844074703536495E+000
 0293  0.5867577968757657E+000
 0294  0.5913652546351656E+000
 0295  0.5936228878977489E+000
 0296  0.5980633096899484E+000
 0297  0.6002385313841487E+000
 0298  0.6045148625230582E+000
 0299  0.6086596916133531E+000
 0300  0.6106956388625784E+000
 0301  0.6146899542111760E+000
 0302  0.6166487118108535E+000
 0303  0.6205007916037765E+000
 0304  0.6242319182346493E+000
 0305  0.6260654941280401E+000
 0306  0.6296691744435887E+000
 0307  0.6331589403643043E+000
 0308  0.6348731406125138E+000
 0309  0.6382410165218886E+000
 0310  0.6415142111695832E+000
 0311  0.6431212238583374E+000
 0312  0.6462797144833696E+000
 0313  0.6493451358193442E+000
 0314  0.6508519734845667E+000
 0315  0.6538144444813115E+000
 0316  0.6566922707834336E+000
 0317  0.6594893262533306E+000
 0318  0.6608641624245110E+000
 0319  0.6635670230796430E+000
 0320  0.6661952682295931E+000
 0321  0.6687516101496577E+000
 0322  0.6712385450166952E+000
 0323  0.6724615408649708E+000
 0324  0.6748687395060728E+000
 0325  0.6772110916573559E+000
 0326  0.6794911049733613E+000
 0327  0.6817115319732846E+000
 0328  0.6838745210453807E+000
 0329  0.6849390652214239E+000
 0330  0.6870357509959852E+000
 0331  0.6890787475655114E+000
 0332  0.6910699440706481E+000
 0333  0.6930113436322116E+000
 0334  0.6949042998295176E+000
 0335  0.6967505418175816E+000
 0336  0.6985516927010891E+000
 0337  0.7003023448245733E+000
 0338  0.7020001781179277E+000
 0339  0.7036473592586140E+000
 0340  0.7052459430362568E+000
 0341  0.7067978792780230E+000
 0342  0.7083050192763690E+000
 0343  0.7097691217597600E+000
 0344  0.7118806822251409E+000
 0345  0.7132346766465794E+000
 0346  0.7145515936399797E+000
 0347  0.7158328145683210E+000
 0348  0.7170796558620702E+000
 0349  0.7182933726838370E+000
 0350  0.7200484539303357E+000
 0351  0.7211767803063890E+000
 0352  0.7222762761917482E+000
 0353  0.7233479437919709E+000
 0354  0.7249002060801011E+000
 0355  0.7258997769505560E+000
 0356  0.7268749691075547E+000
 0357  0.7282892203385152E+000
 0358  0.7292010136300857E+000
 0359  0.7305244582884783E+000
 0360  0.7313784266798274E+000
 0361  0.7326189479278087E+000
 0362  0.7334200482447538E+000
 0363  0.7345846670703416E+000
 0364  0.7353373206330023E+000
 0365  0.7364323085508268E+000
 0366  0.7374856741662920E+000
 0367  0.7381672300478060E+000
 0368  0.7391599107142232E+000
 0369  0.7401161826662680E+000
 0370  0.7410378632600911E+000
 0371  0.7419266536766919E+000
 0372  0.7425028100588332E+000
 0373  0.7433435097823611E+000
 0374  0.7441551803054191E+000
 0375  0.7449391792299269E+000
 0376  0.7456967827903994E+000
 0377  0.7466661364520609E+000
 0378  0.7473641181633063E+000
 0379  0.7480395708505507E+000
 0380  0.7486934728253253E+000
 0381  0.7495319051316733E+000
 0382  0.7501368538581374E+000
 0383  0.7507232401004640E+000
 0384  0.7514762025720059E+000
 0385  0.7521967440588139E+000
 0386  0.7527176662093652E+000
 0387  0.7533875753160454E+000
 0388  0.7540297286387657E+000
 0389  0.7546456403200160E+000
 0390  0.7552367188175688E+000
 0391  0.7558042758970733E+000
 0392  0.7563495347272584E+000
 0393  0.7568736371800019E+000
 0394  0.7574998721142393E+000
 0395  0.7579790001357217E+000
 0396  0.7585521948659675E+000
 0397  0.7590978521448827E+000
 0398  0.7596176607971723E+000
 0399  0.7601131782191843E+000
 0400  0.7605858428571686E+000
 0401  0.7611242463840528E+000
 0402  0.7615503921222080E+000
 0403  0.7620364960911880E+000
 0404  0.7624963841738640E+000
 0405  0.7629318031686391E+000
 0406  0.7634106419513091E+000
 0407  0.7638600247970027E+000
 0408  0.7642821487838387E+000
 0409  0.7647334700508125E+000
 0410  0.7651539742195979E+000
 0411  0.7655461613514694E+000
 0412  0.7659561042726674E+000
 0413  0.7663757448510625E+000
 0414  0.7667609748273869E+000
 0415  0.7671486929998198E+000
 0416  0.7675326619380088E+000
 0417  0.7679074183779272E+000
 0418  0.7682924669967661E+000
 0419  0.7686540182508811E+000
 0420  0.7690081762216787E+000
 0421  0.7693611392846993E+000
 0422  0.7697105939977473E+000
 0423  0.7700476257251503E+000
 0424  0.7703889244904947E+000
 0425  0.7707226492126584E+000
 0426  0.7708129683829255E+000
 0427  0.7708129683829255E+000
 0428  0.7708129683829255E+000
 0429  0.7708129683829255E+000
 0430  0.7708129683829255E+000
 0431  0.7708129683829255E+000
 0432  0.7708129683829255E+000
 0433  0.7708129683829255E+000
 0434  0.7708129683829255E+000
 0435  0.7708129683829255E+000
 0436  0.7708129683829255E+000
 0437  0.7708129683829255E+000
 0438  0.7708129683829255E+000
 0439  0.7708129683829255E+000
 0440  0.7708129683829255E+000
 0441  0.7708129683829255E+000
 0442  0.7708129683829255E+000
 0443  0.7708129683829255E+000
 0444  0.7708129683829255E+000
 0445  0.7708129683829255E+000
 0446  0.7708129683829255E+000
 0447  0.7708129683829255E+000
 0448  0.7708129683829255E+000
 0449  0.7708129683829255E+000
 0450  0.7708129683829255E+000
 0451  0.7708129683829255E+000
 0452  0.7708129683829255E+000
 0453  0.7708129683829255E+000
 0454  0.7708129683829255E+000
 0455  0.7708129683829255E+000
 0456  0.7708129683829255E+000
 0457  0.7708129683829255E+000
 0458  0.7708129683829255E+000
 0459  0.7708129683829255E+000
 0460  0.7708129683829255E+000
 0461  0.7708129683829255E+000
 0462  0.7708129683829255E+000
 0463  0.7708129683829255E+000
 0464  0.7708129683829255E+000
 0465  0.7708129683829255E+000
 0466  0.7708129683829255E+000
 0467  0.7708129683829255E+000
 0468  0.7708129683829255E+000
 0469  0.7708129683829255E+000
 0470  0.7708129683829255E+000
 0471  0.7708129683829255E+000
 0472  0.7708129683829255E+000
 0473  0.7708129683829255E+000
 0474  0.7708129683829255E+000
 0475  0.7708129683829255E+000
 0476  0.7708129683829255E+000
 0477  0.7708129683829255E+000
 0478  0.7708129683829255E+000
 0479  0.7708129683829255E+000
 0480  0.7708129683829255E+000
 0481  0.7708129683829255E+000
 0482  0.7708129683829255E+000
 0483  0.7708129683829255E+000
 0484  0.7708129683829255E+000
 0485  0.7708129683829255E+000
 0486  0.7708129683829255E+000
 0487  0.7708129683829255E+000
 0488  0.7708129683829255E+000
 0489  0.7708129683829255E+000
 0490  0.7708129683829255E+000
 0491  0.7708129683829255E+000
 0492  0.7708129683829255E+000
 0493  0.7708129683829255E+000
 0494  0.7708129683829255E+000
 0495  0.7708129683829255E+000
 0496  0.7708129683829255E+000
 0497  0.7708129683829255E+000
 0498  0.7708129683829255E+000
 0499  0.7708129683829255E+000
 0500  0.7708129683829255E+000
 0501  0.7708129683829255E+000
 0502  0.7708129683829255E+000
 0503  0.7708129683829255E+000
 0504  0.7708129683829255E+000
 0505  0.7708129683829255E+000
 0506  0.7708129683829255E+000
 0507  0.7708129683829255E+000
 0508  0.7708129683829255E+000
 0509  0.7708129683829255E+000
 0510  0.7708129683829255E+000
 0511  0.7708129683829255E+000
 0512  0.7708129683829255E+000
 0513  0.7708129683829255E+000
 0514  0.7708129683829255E+000
 0515  0.7708129683829255E+000
 0516  0.7708129683829255E+000
 0517  0.7708129683829255E+000
 0518  0.7708129683829255E+000
 0519  0.7708129683829255E+000
 0520  0.7708129683829255E+000
 0521  0.7708129683829255E+000
 0522  0.7708129683829255E+000
 0523  0.7708129683829255E+000
 0524  0.7708129683829255E+000
 0525  0.7708129683829255E+000
 0526  0.7708129683829255E+000
 0527  0.7708129683829255E+000
 0528  0.7708129683829255E+000
 0529  0.7708129683829255E+000
 0530  0.7708129683829255E+000
 0531  0.7708129683829255E+000
 0532  0.7708129683829255E+000
 0533  0.7708129683829255E+000
 0534  0.7708129683829255E+000
 0535  0.7708129683829255E+000
 0536  0.7708129683829255E+000
 0537  0.7708129683829255E+000
 0538  0.7708129683829255E+000
 0539  0.7708129683829255E+000
 0540  0.7708129683829255E+000
 0541  0.7708129683829255E+000
 0542  0.7708129683829255E+000
 0543  0.7708129683829255E+000
 0544  0.7708129683829255E+000
 0545  0.7708129683829255E+000
 0546  0.7708129683829255E+000
 0547  0.7708129683829255E+000
 0548  0.7708129683829255E+000
 0549  0.7708129683829255E+000
 0550  0.7708129683829255E+000
 0551  0.7708129683829255E+000
 0552  0.7708129683829255E+000
 0553  0.7708129683829255E+000
 0554  0.7708129683829255E+000
 0555  0.7708129683829255E+000
 0556  0.7708129683829255E+000
 0557  0.7708129683829255E+000
 0558  0.7708129683829255E+000
 0559  0.7708129683829255E+000
 0560  0.7708129683829255E+000
 0561  0.7708129683829255E+000
 0562  0.7708129683829255E+000
 0563  0.7708129683829255E+000
 0564  0.7708129683829255E+000
 0565  0.7708129683829255E+000
 0566  0.7708129683829255E+000
 0567  0.7708129683829255E+000
 0568  0.7708129683829255E+000
 0569  0.7708129683829255E+000
 0570  0.7708129683829255E+000
 0571  0.7708129683829255E+000
 0572  0.7708129683829255E+000
 0573  0.7708129683829255E+000
 0574  0.7708129683829255E+000
 0575  0.7708129683829255E+000
 0576  0.7708129683829255E+000
 0577  0.7708129683829255E+000
 0578  0.7708129683829255E+000
 0579  0.7708129683829255E+000
 0580  0.7708129683829255E+000
 0581  0.7708129683829255E+000
 0582  0.7708129683829255E+000
 0583  0.7708129683829255E+000
 0584  0.7708129683829255E+000
 0585  0.7708129683829255E+000
 0586  0.7708129683829255E+000
 0587  0.7708129683829255E+000
 0588  0.7708129683829255E+000
 0589  0.7708129683829255E+000
 0590  0.7708129683829255E+000
 0591  0.7708129683829255E+000
 0592  0.7708129683829255E+000
 0593  0.7708129683829255E+000
 0594  0.7708129683829255E+000
 0595  0.7708129683829255E+000
 0596  0.7708129683829255E+000
 0597  0.7708129683829255E+000
 0598  0.7708129683829255E+000
 0599  0.7708129683829255E+000
 0600  0.7708129683829255E+000
 0601  0.7708129683829255E+000
 0602  0.7708129683829255E+000
 0603  0.7708129683829255E+000
 0604  0.7708129683829255E+000
 0605  0.7708129683829255E+000
 0606  0.7708129683829255E+000
 0607  0.7708129683829255E+000
 0608  0.7708129683829255E+000
 0609  0.7708129683829255E+000
 0610  0.7708129683829255E+000
 0611  0.7708129683829255E+000
 0612  0.7708129683829255E+000
 0613  0.7708129683829255E+000
 0614  0.7708129683829255E+000
 0615  0.7708129683829255E+000
 0616  0.7708129683829255E+000
 0617  0.7708129683829255E+000
 0618  0.7708129683829255E+000
 0619  0.7708129683829255E+000
 0620  0.7708129683829255E+000
 0621  0.7708129683829255E+000
 0622  0.7708129683829255E+000
 0623  0.7708129683829255E+000
 0624  0.7708129683829255E+000
 0625  0.7708129683829255E+000
 0626  0.7708129683829255E+000
 0627  0.7708129683829255E+000
 0628  0.7708129683829255E+000
 0629  0.7708129683829255E+000
 0630  0.7708129683829255E+000
 0631  0.7708129683829255E+000
 0632  0.7708129683829255E+000
 0633  0.7708129683829255E+000
 0634  0.7708129683829255E+000
 0635  0.7708129683829255E+000
 0636  0.7708129683829255E+000
 0637  0.7708129683829255E+000
 0638  0.7708129683829255E+000
 0639  0.7708129683829255E+000
 0640  0.7708129683829255E+000
 0641  0.7708129683829255E+000
 0642  0.7708129683829255E+000
 0643  0.7708129683829255E+000
 0644  0.7708129683829255E+000
 0645  0.7708129683829255E+000
 0646  0.7708129683829255E+000
 0647  0.7708129683829255E+000
 0648  0.7708129683829255E+000
 0649  0.7708129683829255E+000
 0650  0.7708129683829255E+000
 0651  0.7708129683829255E+000
 0652  0.7708129683829255E+000
 0653  0.7708129683829255E+000
 0654  0.7708129683829255E+000
 0655  0.7708129683829255E+000
 0656  0.7708129683829255E+000
 0657  0.7708129683829255E+000
 0658  0.7708129683829255E+000
 0659  0.7708129683829255E+000
 0660  0.7708129683829255E+000
 0661  0.7708129683829255E+000
 0662  0.7708129683829255E+000
 0663  0.7708129683829255E+000
 0664  0.7708129683829255E+000
 0665  0.7708129683829255E+000
 0666  0.7708129683829255E+000
 0667  0.7708129683829255E+000
 0668  0.7708129683829255E+000
 0669  0.7708129683829255E+000
 0670  0.7708129683829255E+000
 0671  0.7708129683829255E+000
 0672  0.7708129683829255E+000
 0673  0.7708129683829255E+000
 0674  0.7708129683829255E+000
 0675  0.7708129683829255E+000
 0676  0.7708129683829255E+000
 0677  0.7708129683829255E+000
 0678  0.7708129683829255E+000
 0679  0.7708129683829255E+000
 0680  0.7708129683829255E+000
 0681  0.7708129683829255E+000
 0682  0.7708129683829255E+000
 0683  0.7708129683829255E+000
 0684  0.7708129683829255E+000
 0685  0.7708129683829255E+000
 0686  0.7708129683829255E+000
 0687  0.7708129683829255E+000
 0688  0.7708129683829255E+000
 0689  0.7708129683829255E+000
 0690  0.7708129683829255E+000
 0691  0.7708129683829255E+000
 0692  0.7708129683829255E+000
 0693  0.7708129683829255E+000
 0694  0.7708129683829255E+000
 0695  0.7708129683829255E+000
 0696  0.7708129683829255E+000
 0697  0.7708129683829255E+000
 0698  0.7708129683829255E+000
 0699  0.7708129683829255E+000
 0700  0.7708129683829255E+000
 0701  0.7708129683829255E+000
 0702  0.7708129683829255E+000
 0703  0.7708129683829255E+000
 0704  0.7708129683829255E+000
 0705  0.7708129683829255E+000
 0706  0.7708129683829255E+000
 0707  0.7708129683829255E+000
 0708  0.7708129683829255E+000
 0709  0.7708129683829255E+000
 0710  0.7708129683829255E+000
 0711  0.7708129683829255E+000
 0712  0.7708129683829255E+000
 0713  0.7708129683829255E+000
 0714  0.7708129683829255E+000
 0715  0.7708129683829255E+000
 0716  0.7708129683829255E+000
 0717  0.7708129683829255E+000
 0718  0.7708129683829255E+000
 0719  0.7708129683829255E+000
 0720  0.7708129683829255E+000
 0721  0.7708129683829255E+000
 0722  0.7708129683829255E+000
 0723  0.7708129683829255E+000
 0724  0.7708129683829255E+000
 0725  0.7708129683829255E+000
 0726  0.7708129683829255E+000
 0727  0.7708129683829255E+000
 0728  0.7708129683829255E+000
 0729  0.7708129683829255E+000
 0730  0.7708129683829255E+000
 0731  0.7708129683829255E+000
 0732  0.7708129683829255E+000
 0733  0.7708129683829255E+000
 0734  0.7708129683829255E+000
 0735  0.7708129683829255E+000
 0736  0.7708129683829255E+000
 0737  0.7708129683829255E+000
 0738  0.7708129683829255E+000
 0739  0.7708129683829255E+000
 0740  0.7708129683829255E+000
 0741  0.7708129683829255E+000
 0742  0.7708129683829255E+000
 0743  0.7708129683829255E+000
 0744  0.7708129683829255E+000
 0745  0.7708129683829255E+000
 0746  0.7708129683829255E+000
 0747  0.7708129683829255E+000
 0748  0.7708129683829255E+000
 0749  0.7708129683829255E+000
 0750  0.7708129683829255E+000
 0751  0.7708129683829255E+000
 0752  0.7708129683829255E+000
 0753  0.7708129683829255E+000
 0754  0.7708129683829255E+000
 0755  0.7708129683829255E+000
 0756  0.7708129683829255E+000
 0757  0.7708129683829255E+000
 0758  0.7708129683829255E+000
 0759  0.7708129683829255E+000
 0760  0.7708129683829255E+000
 0761  0.7708129683829255E+000
 0762  0.7708129683829255E+000
 0763  0.7708129683829255E+000
 0764  0.7708129683829255E+000
 0765  0.7708129683829255E+000
 0766  0.7708129683829255E+000
 0767  0.7708129683829255E+000
 0768  0.7708129683829255E+000
 0769  0.7708129683829255E+000
 0770  0.7708129683829255E+000
 0771  0.7708129683829255E+000
 0772  0.7708129683829255E+000
 0773  0.7708129683829255E+000
 0774  0.7708129683829255E+000
 0775  0.7708129683829255E+000
 0776  0.7708129683829255E+000
 0777  0.7708129683829255E+000
 0778  0.7708129683829255E+000
 0779  0.7708129683829255E+000
 0780  0.7708129683829255E+000
 0781  0.7708129683829255E+000
 0782  0.7708129683829255E+000
 0783  0.7708129683829255E+000
 0784  0.7708129683829255E+000
 0785  0.7708129683829255E+000
 0786  0.7708129683829255E+000
 0787  0.7708129683829255E+000
 0788  0.7708129683829255E+000
 0789  0.7708129683829255E+000
 0790  0.7708129683829255E+000
 0791  0.7708129683829255E+000
 0792  0.7708129683829255E+000
 0793  0.7708129683829255E+000
 0794  0.7708129683829255E+000
 0795  0.7708129683829255E+000
 0796  0.7708129683829255E+000
 0797  0.7708129683829255E+000
 0798  0.7708129683829255E+000
 0799  0.7708129683829255E+000
 0800  0.7708129683829255E+000
 0801  0.7708129683829255E+000
 0802  0.7708129683829255E+000
 0803  0.7708129683829255E+000
 0804  0.7708129683829255E+000
 0805  0.7708129683829255E+000
 0806  0.7708129683829255E+000
 0807  0.7708129683829255E+000
 0808  0.7708129683829255E+000
 0809  0.7708129683829255E+000
 0810  0.7708129683829255E+000
 0811  0.7708129683829255E+000
 0812  0.7708129683829255E+000
 0813  0.7708129683829255E+000
 0814  0.7708129683829255E+000
 0815  0.7708129683829255E+000
 0816  0.7708129683829255E+000
 0817  0.7708129683829255E+000
 0818  0.7708129683829255E+000
 0819  0.7708129683829255E+000
 0820  0.7708129683829255E+000
 0821  0.7708129683829255E+000
 0822  0.7708129683829255E+000
 0823  0.7708129683829255E+000
 0824  0.7708129683829255E+000
 0825  0.7708129683829255E+000
 0826  0.7708129683829255E+000
 0827  0.7708129683829255E+000
 0828  0.7708129683829255E+000
 0829  0.7708129683829255E+000
 0830  0.7708129683829255E+000
 0831  0.7708129683829255E+000
 0832  0.7708129683829255E+000
 0833  0.7708129683829255E+000
 0834  0.7708129683829255E+000
 0835  0.7708129683829255E+000
 0836  0.7708129683829255E+000
 0837  0.7708129683829255E+000
 0838  0.7708129683829255E+000
 0839  0.7708129683829255E+000
 0840  0.7708129683829255E+000
 0841  0.7708129683829255E+000
 0842  0.7708129683829255E+000
 0843  0.7708129683829255E+000
 0844  0.7708129683829255E+000
 0845  0.7708129683829255E+000
 0846  0.7708129683829255E+000
 0847  0.7708129683829255E+000
 0848  0.7708129683829255E+000
 0849  0.7708129683829255E+000
 0850  0.7708129683829255E+000
 0851  0.7708129683829255E+000
 0852  0.7708129683829255E+000
 0853  0.7708129683829255E+000
 0854  0.7708129683829255E+000
 0855  0.7708129683829255E+000
 0856  0.7708129683829255E+000
 0857  0.7708129683829255E+000
 0858  0.7708129683829255E+000
 0859  0.7708129683829255E+000
 0860  0.7708129683829255E+000
 0861  0.7708129683829255E+000
 0862  0.7708129683829255E+000
 0863  0.7708129683829255E+000
 0864  0.7708129683829255E+000
 0865  0.7708129683829255E+000
 0866  0.7708129683829255E+000
 0867  0.7708129683829255E+000
 0868  0.7708129683829255E+000
 0869  0.7708129683829255E+000
 0870  0.7708129683829255E+000
 0871  0.7708129683829255E+000
 0872  0.7708129683829255E+000
 0873  0.7708129683829255E+000
 0874  0.7708129683829255E+000
 0875  0.7708129683829255E+000
 0876  0.7708129683829255E+000
 0877  0.7708129683829255E+000
 0878  0.7708129683829255E+000
 0879  0.7708129683829255E+000
 0880  0.7708129683829255E+000
 0881  0.7708129683829255E+000
 0882  0.7708129683829255E+000
 0883  0.7708129683829255E+000
 0884  0.7708129683829255E+000
 0885  0.7708129683829255E+000
 0886  0.7708129683829255E+000
 0887  0.7708129683829255E+000
 0888  0.7708129683829255E+000
 0889  0.7708129683829255E+000
 0890  0.7708129683829255E+000
 0891  0.7708129683829255E+000
 0892  0.7708129683829255E+000
 0893  0.7708129683829255E+000
 0894  0.7708129683829255E+000
 0895  0.7708129683829255E+000
 0896  0.7708129683829255E+000
 0897  0.7708129683829255E+000
 0898  0.7708129683829255E+000
 0899  0.7708129683829255E+000
 0900  0.7708129683829255E+000
 0901  0.7708129683829255E+000
 0902  0.7708129683829255E+000
 0903  0.7708129683829255E+000
 0904  0.7708129683829255E+000
 0905  0.7708129683829255E+000
 0906  0.7708129683829255E+000
 0907  0.7708129683829255E+000
 0908  0.7708129683829255E+000
 0909  0.7708129683829255E+000
 0910  0.7708129683829255E+000
 0911  0.7708129683829255E+000
 0912  0.7708129683829255E+000
 0913  0.7708129683829255E+000
 0914  0.7708129683829255E+000
 0915  0.7708129683829255E+000
 0916  0.7708129683829255E+000
 0917  0.7708129683829255E+000
 0918  0.7708129683829255E+000
 0919  0.7708129683829255E+000
 0920  0.7708129683829255E+000
 0921  0.7708129683829255E+000
 0922  0.7708129683829255E+000
 0923  0.7708129683829255E+000
 0924  0.7708129683829255E+000
 0925  0.7708129683829255E+000
 0926  0.7708129683829255E+000
 0927  0.7708129683829255E+000
 0928  0.7708129683829255E+000
 0929  0.7708129683829255E+000
 0930  0.7708129683829255E+000
 0931  0.7708129683829255E+000
 0932  0.7708129683829255E+000
 0933  0.7708129683829255E+000
 0934  0.7708129683829255E+000
 0935  0.7708129683829255E+000
 0936  0.7708129683829255E+000
 0937  0.7708129683829255E+000
 0938  0.7708129683829255E+000
 0939  0.7708129683829255E+000
 0940  0.7708129683829255E+000
 0941  0.7708129683829255E+000
 0942  0.7708129683829255E+000
 0943  0.7708129683829255E+000
 0944  0.7708129683829255E+000
 0945  0.7708129683829255E+000
 0946  0.7708129683829255E+000
 0947  0.7708129683829255E+000
 0948  0.7708129683829255E+000
 0949  0.7708129683829255E+000
 0950  0.7708129683829255E+000
 0951  0.7708129683829255E+000
 0952  0.7708129683829255E+000
 0953  0.7708129683829255E+000
 0954  0.7708129683829255E+000
 0955  0.7708129683829255E+000
 0956  0.7708129683829255E+000
 0957  0.7708129683829255E+000
 0958  0.7708129683829255E+000
 0959  0.7708129683829255E+000
 0960  0.7708129683829255E+000
 0961  0.7708129683829255E+000
 0962  0.7708129683829255E+000
 0963  0.7708129683829255E+000
 0964  0.7708129683829255E+000
 0965  0.7708129683829255E+000
 0966  0.7708129683829255E+000
 0967  0.7708129683829255E+000
 0968  0.7708129683829255E+000
 0969  0.7708129683829255E+000
 0970  0.7708129683829255E+000
 0971  0.7708129683829255E+000
 0972  0.7708129683829255E+000
 0973  0.7708129683829255E+000
 0974  0.7708129683829255E+000
 0975  0.7708129683829255E+000
 0976  0.7708129683829255E+000
 0977  0.7708129683829255E+000
 0978  0.7708129683829255E+000
 0979  0.7708129683829255E+000
 0980  0.7708129683829255E+000
 0981  0.7708129683829255E+000
 0982  0.7708129683829255E+000
 0983  0.7708129683829255E+000
 0984  0.7708129683829255E+000
 0985  0.7708129683829255E+000
 0986  0.7708129683829255E+000
 0987  0.7708129683829255E+000
 0988  0.7708129683829255E+000
 0989  0.7708129683829255E+000
 0990  0.7708129683829255E+000
 0991  0.7708129683829255E+000
 0992  0.7708129683829255E+000
 0993  0.7708129683829255E+000
 0994  0.7708129683829255E+000
 0995  0.7708129683829255E+000
 0996  0.7708129683829255E+000
 0997  0.7708129683829255E+000
 0998  0.7708129683829255E+000
 0999  0.7708129683829255E+000
 1000  0.7708129683829255E+000
