  0.0000000000E+000 0000
  0.6004035271E+002 1000
  0.1201053152E+003 1000
  0.1800872070E+003 1000
  0.2401216043E+003 1000
  0.3001062806E+003 1000
  0.3601448247E+003 1000
  0.4201377678E+003 1000
  0.4801688883E+003 1000
  0.5401987270E+003 1000
  0.6001490512E+003 1000
  0.6601623610E+003 1000
  0.7201340529E+003 1000
  0.7801257370E+003 1000
  0.8401593858E+003 1000
  0.9002076681E+003 1000
  0.9601800599E+003 1000
  0.1020186970E+004 1000
  0.1080222573E+004 1000
  0.1140133722E+004 1000
  0.1200116275E+004 1000
  0.1260153692E+004 1000
  0.1320116396E+004 1000
  0.1380128891E+004 1000
  0.1440193069E+004 1000
  0.1500166128E+004 1000
  0.1560214459E+004 1000
  0.1620113218E+004 1000
  0.1680181357E+004 1000
  0.1740137938E+004 1000
  0.1800165343E+004 1000
  0.1860183434E+004 1000
  0.1920174423E+004 1000
  0.1980135301E+004 1000
  0.2040157689E+004 1000
  0.2100190304E+004 1000
  0.2160129974E+004 1000
  0.2220219419E+004 1000
  0.2280174129E+004 1000
  0.2340156757E+004 1000
  0.2400243722E+004 1000
  0.2460205580E+004 1000
  0.2520298444E+004 1000
  0.2580350304E+004 1000
  0.2640308004E+004 1000
  0.2700390150E+004 1000
  0.2760417966E+004 1000
  0.2820289475E+004 1000
  0.2880470321E+004 1000
  0.2940521649E+004 1000
  0.3000533724E+004 1000
  0.3060386520E+004 1000
  0.3120320929E+004 1000
  0.3180354934E+004 1000
  0.3240472739E+004 1000
  0.3300592347E+004 1000
  0.3360681483E+004 1000
  0.3420617717E+004 1000
  0.3480570554E+004 1000
  0.3540413396E+004 1000
  0.3600592696E+004 1000
  0.3660751297E+004 1000
  0.3720513221E+004 1000
  0.3780757998E+004 1000
  0.3840744592E+004 1000
  0.3900493798E+004 1000
  0.3960433521E+004 1000
  0.4020506144E+004 1000
  0.4080612069E+004 1000
  0.4140586079E+004 1000
  0.4200781703E+004 1000
  0.4260811610E+004 1000
  0.4320736541E+004 1000
  0.4380543922E+004 1000
  0.4440686481E+004 1000
  0.4500790402E+004 1000
  0.4560477118E+004 1000
  0.4620703687E+004 1000
  0.4680949270E+004 1000
  0.4740695560E+004 1000
  0.4800890660E+004 1000
  0.4860911088E+004 1000
  0.4920594855E+004 1000
  0.4980899201E+004 1000
  0.5040775010E+004 1000
  0.5100749749E+004 1000
  0.5160859324E+004 1000
  0.5220621389E+004 1000
  0.5280643438E+004 1000
  0.5340984284E+004 1000
  0.5401142035E+004 1000
  0.5460585233E+004 1000
  0.5521067227E+004 1000
  0.5580782840E+004 1000
  0.5640815694E+004 1000
  0.5701084550E+004 1000
  0.5760916442E+004 1000
  0.5820920364E+004 1000
  0.5881118442E+004 1000
  0.5940867753E+004 1000
  0.6000790076E+004 1000
  0.6060856104E+004 1000
  0.6121039300E+004 1000
  0.6181321658E+004 1000
  0.6240991081E+004 1000
  0.6300719195E+004 1000
  0.6361218401E+004 1000
  0.6421067003E+004 1000
  0.6480985726E+004 1000
  0.6541003718E+004 1000
  0.6601159478E+004 1000
  0.6661486626E+004 1000
  0.6721222011E+004 1000
  0.6781128560E+004 1000
  0.6841202246E+004 1000
  0.6901428476E+004 1000
  0.6960952812E+004 1000
  0.7021407664E+004 1000
  0.7081090168E+004 1000
  0.7141671767E+004 1000
  0.7201376998E+004 1000
  0.7261015933E+004 1000
  0.7321449203E+004 1000
  0.7381752684E+004 1000
  0.7440966948E+004 1000
  0.7501865380E+004 1000
  0.7561636576E+004 1000
  0.7621191908E+004 1000
  0.7681491204E+004 1000
  0.7741565066E+004 1000
  0.7801401983E+004 1000
  0.7862009402E+004 1000
  0.7921360757E+004 1000
  0.7981499118E+004 1000
  0.8041403753E+004 1000
  0.8102137699E+004 1000
  0.8161550997E+004 1000
  0.8221775616E+004 1000
  0.8281703557E+004 1000
  0.8341298688E+004 1000
  0.8401675755E+004 1000
  0.8461692804E+004 1000
  0.8521330255E+004 1000
  0.8581762665E+004 1000
  0.8641808405E+004 1000
  0.8701442507E+004 1000
  0.8761875977E+004 1000
  0.8821864778E+004 1000
  0.8881370540E+004 1000
  0.8941644486E+004 1000
  0.9001390284E+004 1000
  0.9061895338E+004 1000
  0.9121835557E+004 1000
  0.9182536511E+004 1000
  0.9242643548E+004 1000
  0.9302124458E+004 1000
  0.9362354262E+004 1000
  0.9421921771E+004 1000
  0.9482233418E+004 1000
  0.9541841017E+004 1000
  0.9602187340E+004 1000
  0.9661790729E+004 1000
  0.9722132564E+004 1000
  0.9781695181E+004 1000
  0.9841995669E+004 1000
  0.9903050997E+004 1000
  0.9961688070E+004 1000
  0.1002264762E+005 1000
  0.1008273656E+005 1000
  0.1014191099E+005 1000
  0.1020180028E+005 1000
  0.1026242072E+005 1000
  0.1032207538E+005 1000
  0.1038245648E+005 1000
  0.1044182650E+005 1000
  0.1050191872E+005 1000
  0.1056275095E+005 1000
  0.1062251733E+005 1000
  0.1068300981E+005 1000
  0.1074237358E+005 1000
  0.1080244004E+005 1000
  0.1086321723E+005 1000
  0.1092278025E+005 1000
  0.1098302520E+005 1000
  0.1104198442E+005 1000
  0.1110359878E+005 1000
  0.1116390462E+005 1000
  0.1122284699E+005 1000
  0.1128243724E+005 1000
  0.1134268757E+005 1000
  0.1140361001E+005 0999
  0.1146308036E+005 0999
  0.1152319837E+005 0999
  0.1158397428E+005 0999
  0.1164321256E+005 0999
  0.1170308248E+005 0999
  0.1176359502E+005 0999
  0.1182248493E+005 0999
  0.1188429491E+005 0999
  0.1194445949E+005 0999
  0.1200291840E+005 0999
  0.1206436181E+005 0999
  0.1212407627E+005 0999
  0.1218442514E+005 0999
  0.1224296810E+005 0999
  0.1230459486E+005 0999
  0.1236438521E+005 0999
  0.1242480069E+005 0999
  0.1248329371E+005 0999
  0.1254495936E+005 0999
  0.1260466763E+005 0999
  0.1266498438E+005 0999
  0.1272325780E+005 0999
  0.1278479707E+005 0999
  0.1284426332E+005 0999
  0.1290433224E+005 0999
  0.1296501825E+005 0999
  0.1302353561E+005 0999
  0.1308547282E+005 0999
  0.1314521398E+005 0999
  0.1320557441E+005 0999
  0.1326364894E+005 0999
  0.1332525780E+005 0999
  0.1338454486E+005 0999
  0.1344443932E+005 0999
  0.1350495070E+005 0999
  0.1356608784E+005 0999
  0.1362475525E+005 0999
  0.1368400158E+005 0999
  0.1374383332E+005 0999
  0.1380425690E+005 0999
  0.1386527887E+005 0999
  0.1392364727E+005 0999
  0.1398585434E+005 0999
  0.1404535873E+005 0999
  0.1410542609E+005 0999
  0.1416606372E+005 0999
  0.1422386317E+005 0999
  0.1428563198E+005 0999
  0.1434451421E+005 0999
  0.1440393301E+005 0999
  0.1446389533E+005 0999
  0.1452440804E+005 0999
  0.1458547781E+005 0999
  0.1464711105E+005 0999
  0.1470563904E+005 0999
  0.1476467652E+005 0999
  0.1482422820E+005 0999
  0.1488429870E+005 0999
  0.1494489257E+005 0999
  0.1500601443E+005 0999
  0.1506766906E+005 0999
  0.1512595861E+005 0999
  0.1518472526E+005 0999
  0.1524397377E+005 0999
  0.1530770910E+005 0999
  0.1536797017E+005 0999
  0.1542466375E+005 0999
  0.1548588396E+005 0999
  0.1554745080E+005 0999
  0.1560518356E+005 0999
  0.1566733125E+005 0999
  0.1572560887E+005 0999
  0.1578834327E+005 0998
  0.1584717126E+005 0998
  0.1590626692E+005 0998
  0.1596563157E+005 0998
  0.1602526651E+005 0998
  0.1608517306E+005 0998
  0.1614535254E+005 0998
  0.1620580628E+005 0998
  0.1626653560E+005 0998
  0.1632754185E+005 0998
  0.1638443965E+005 0998
  0.1644598377E+005 0998
  0.1650780878E+005 0998
  0.1656547041E+005 0998
  0.1662784097E+005 0998
  0.1668601155E+005 0998
  0.1674893278E+005 0998
  0.1680761709E+005 0998
  0.1686655045E+005 0998
  0.1692573400E+005 0998
  0.1698516885E+005 0998
  0.1704485613E+005 0998
  0.1710479698E+005 0998
  0.1716499253E+005 0998
  0.1722544393E+005 0998
  0.1728615233E+005 0998
  0.1734711887E+005 0998
  0.1740834471E+005 0998
  0.1746509203E+005 0998
  0.1752681980E+005 0998
  0.1758881029E+005 0998
  0.1764626646E+005 0998
  0.1770876545E+005 0998
  0.1776669304E+005 0998
  0.1782970492E+005 0998
  0.1788810797E+005 0998
  0.1794674069E+005 0998
  0.1800560402E+005 0998
  0.1806963396E+005 0998
  0.1812898079E+005 0998
  0.1818856115E+005 0998
  0.1824837601E+005 0998
  0.1830842633E+005 0998
  0.1836871308E+005 0998
  0.1842923721E+005 0998
  0.1848999970E+005 0998
  0.1854590887E+005 0998
  0.1860713094E+005 0998
  0.1866859422E+005 0998
  0.1873029968E+005 0998
  0.1878707662E+005 0998
  0.1884924904E+005 0998
  0.1890645570E+005 0998
  0.1896909872E+005 0997
  0.1902673844E+005 0997
  0.1908985574E+005 0997
  0.1914793191E+005 0997
  0.1920621801E+005 0997
  0.1927004321E+005 0997
  0.1932877081E+005 0997
  0.1938771077E+005 0997
  0.1944686389E+005 0997
  0.1950623097E+005 0997
  0.1956581279E+005 0997
  0.1962561016E+005 0997
  0.1968562387E+005 0997
  0.1974585474E+005 0997
  0.1980630356E+005 0997
  0.1986697114E+005 0997
  0.1992785830E+005 0997
  0.1998896585E+005 0997
  0.2005029460E+005 0997
  0.2010624065E+005 0997
  0.2016799397E+005 0997
  0.2022997088E+005 0997
  0.2028650824E+005 0997
  0.2034891430E+005 0997
  0.2040584316E+005 0997
  0.2046868138E+005 0997
  0.2052600451E+005 0997
  0.2058927794E+005 0997
  0.2064699810E+005 0997
  0.2071070980E+005 0997
  0.2076882978E+005 0997
  0.2082714113E+005 0997
  0.2089150543E+005 0997
  0.2095022076E+005 0997
  0.2100912945E+005 0997
  0.2106823214E+005 0997
  0.2112752948E+005 0997
  0.2118702212E+005 0997
  0.2124671072E+005 0996
  0.2130659591E+005 0996
  0.2136667836E+005 0996
  0.2142695873E+005 0996
  0.2148743768E+005 0996
  0.2154811587E+005 0996
  0.2160899397E+005 0996
  0.2167007265E+005 0996
  0.2173135257E+005 0996
  0.2178667712E+005 0996
  0.2184834126E+005 0996
  0.2191020860E+005 0996
  0.2197227982E+005 0996
  0.2202831880E+005 0996
  0.2209077926E+005 0996
  0.2214716966E+005 0996
  0.2221002183E+005 0996
  0.2226676589E+005 0996
  0.2233001226E+005 0996
  0.2238711222E+005 0996
  0.2245075528E+005 0996
  0.2250821339E+005 0996
  0.2257225565E+005 0996
  0.2263007418E+005 0996
  0.2268806423E+005 0996
  0.2275269941E+005 0996
  0.2281105325E+005 0996
  0.2286958021E+005 0996
  0.2292828081E+005 0996
  0.2298715558E+005 0996
  0.2305277688E+005 0996
  0.2311202103E+005 0996
  0.2317144096E+005 0996
  0.2323103721E+005 0996
  0.2329081030E+005 0996
  0.2335076076E+005 0996
  0.2341088911E+005 0996
  0.2347119590E+005 0996
  0.2353168166E+005 0996
  0.2359234692E+005 0995
  0.2365319222E+005 0995
  0.2370742851E+005 0995
  0.2376861536E+005 0995
  0.2382998382E+005 0995
  0.2389153443E+005 0995
  0.2395326774E+005 0995
  0.2400829561E+005 0995
  0.2407037552E+005 0995
  0.2413263971E+005 0995
  0.2418814083E+005 0995
  0.2425075464E+005 0995
  0.2431355436E+005 0995
  0.2436953284E+005 0995
  0.2443268522E+005 0995
  0.2448897808E+005 0995
  0.2455248514E+005 0995
  0.2460909416E+005 0995
  0.2467295791E+005 0995
  0.2472988490E+005 0995
  0.2479410739E+005 0995
  0.2485135416E+005 0995
  0.2490875204E+005 0995
  0.2497350580E+005 0995
  0.2503122615E+005 0995
  0.2508909889E+005 0995
  0.2515438838E+005 0995
  0.2521258630E+005 0995
  0.2527093788E+005 0995
  0.2532944354E+005 0995
  0.2538810370E+005 0995
  0.2545428156E+005 0995
  0.2551327140E+005 0995
  0.2557241702E+005 0995
  0.2563171886E+005 0995
  0.2569117733E+005 0995
  0.2575079286E+005 0995
  0.2581056586E+005 0995
  0.2587049675E+005 0995
  0.2593058597E+005 0995
  0.2599083394E+005 0994
  0.2605124108E+005 0994
  0.2611180782E+005 0994
  0.2617253459E+005 0994
  0.2623342183E+005 0994
  0.2629446996E+005 0994
  0.2634801940E+005 0994
  0.2640937037E+005 0994
  0.2647088348E+005 0994
  0.2653255917E+005 0994
  0.2659439787E+005 0994
  0.2664864081E+005 0994
  0.2671078635E+005 0994
  0.2677309617E+005 0994
  0.2683557071E+005 0994
  0.2689037141E+005 0994
  0.2695315600E+005 0994
  0.2700822868E+005 0994
  0.2707128480E+005 0994
  0.2713412032E+005 0994
  0.2718885780E+005 0994
  0.2725113939E+005 0994
  0.2731313011E+005 0994
  0.2737483309E+005 0994
  0.2742858957E+005 0994
  0.2748976127E+005 0994
  0.2755065393E+005 0994
  0.2761127050E+005 0994
  0.2767161389E+005 0994
  0.2773168696E+005 0994
  0.2779149254E+005 0994
  0.2785103341E+005 0994
  0.2791031231E+005 0994
  0.2796933197E+005 0993
  0.2802809505E+005 0993
  0.2809390011E+005 0993
  0.2815212669E+005 0993
  0.2821010482E+005 0993
  0.2826783703E+005 0993
  0.2833249493E+005 0993
  0.2838971282E+005 0993
  0.2845379832E+005 0993
  0.2851051286E+005 0993
  0.2857403815E+005 0993
  0.2863026002E+005 0993
  0.2869323693E+005 0993
  0.2874897652E+005 0993
  0.2881141660E+005 0993
  0.2887357704E+005 0993
  0.2892859851E+005 0993
  0.2899023918E+005 0993
  0.2905160906E+005 0993
  0.2911271114E+005 0993
  0.2916680166E+005 0993
  0.2922740590E+005 0993
  0.2928775073E+005 0993
  0.2934783899E+005 0993
  0.2940767347E+005 0993
  0.2946725693E+005 0992
  0.2952659209E+005 0992
  0.2959223210E+005 0992
  0.2965105186E+005 0992
  0.2970963156E+005 0992
  0.2976797379E+005 0992
  0.2983252306E+005 0992
  0.2989037227E+005 0992
  0.2994799184E+005 0992
  0.3001174720E+005 0992
  0.3006888994E+005 0992
  0.3013212145E+005 0992
  0.3018879800E+005 0992
  0.3025151731E+005 0992
  0.3030773803E+005 0992
  0.3036995651E+005 0992
  0.3043191586E+005 0992
  0.3048746023E+005 0992
  0.3054893554E+005 0992
  0.3061016040E+005 0992
  0.3067113771E+005 0992
  0.3073187035E+005 0991
  0.3078632288E+005 0991
  0.3084659844E+005 0991
  0.3090663746E+005 0991
  0.3096644268E+005 0991
  0.3102601679E+005 0991
  0.3109128455E+005 0991
  0.3115038197E+005 0991
  0.3120925642E+005 0991
  0.3126791048E+005 0991
  0.3132634666E+005 0991
  0.3139037780E+005 0991
  0.3144836455E+005 0991
  0.3150614107E+005 0991
  0.3156945528E+005 0991
  0.3162679809E+005 0991
  0.3168964094E+005 0991
  0.3174656036E+005 0991
  0.3180894305E+005 0991
  0.3187108907E+005 0991
  0.3192738258E+005 0990
  0.3198908496E+005 0990
  0.3205055917E+005 0990
  0.3210624921E+005 0990
  0.3216729567E+005 0990
  0.3222812213E+005 0990
  0.3228873130E+005 0990
  0.3234912590E+005 0990
  0.3240930858E+005 0990
  0.3246928197E+005 0990
  0.3252904867E+005 0990
  0.3258861124E+005 0990
  0.3264797220E+005 0990
  0.3270713406E+005 0990
  0.3276606637E+005 0990
  0.3283002198E+005 0990
  0.3288834393E+005 0990
  0.3294637907E+005 0990
  0.3300936753E+005 0990
  0.3306681529E+005 0989
  0.3312917187E+005 0989
  0.3318604845E+005 0989
  0.3324779056E+005 0989
  0.3330921882E+005 0989
  0.3336525621E+005 0989
  0.3342609549E+005 0989
  0.3348663392E+005 0989
  0.3354687581E+005 0989
  0.3360682542E+005 0989
  0.3366648694E+005 0989
  0.3372586450E+005 0989
  0.3378496216E+005 0989
  0.3384867341E+005 0989
  0.3390720073E+005 0989
  0.3396546030E+005 0989
  0.3402827713E+005 0989
  0.3408599110E+005 0989
  0.3414822564E+005 0988
  0.3420541010E+005 0988
  0.3426707950E+005 0988
  0.3432846165E+005 0988
  0.3438487097E+005 0988
  0.3444571309E+005 0988
  0.3450628072E+005 0988
  0.3456657808E+005 0988
  0.3462660934E+005 0988
  0.3468637861E+005 0988
  0.3474588993E+005 0988
  0.3480514729E+005 0988
  0.3486868338E+005 0988
  0.3492742574E+005 0988
  0.3498592602E+005 0988
  0.3504865988E+005 0988
  0.3510666929E+005 0988
  0.3516444797E+005 0987
  0.3522641724E+005 0987
  0.3528812748E+005 0987
  0.3534520171E+005 0987
  0.3540642458E+005 0987
  0.3546740095E+005 0987
  0.3552813495E+005 0987
  0.3558431735E+005 0987
  0.3564459541E+005 0987
  0.3570464288E+005 0987
  0.3576446367E+005 0987
  0.3582831021E+005 0987
  0.3588767364E+005 0987
  0.3594682202E+005 0987
  0.3600575905E+005 0987
  0.3606448835E+005 0987
  0.3612718612E+005 0986
  0.3618549640E+005 0986
  0.3624775325E+005 0986
  0.3630565938E+005 0986
  0.3636749101E+005 0986
  0.3642500743E+005 0986
  0.3648642906E+005 0986
  0.3654764447E+005 0986
  0.3660459622E+005 0986
  0.3666542391E+005 0986
  0.3672605665E+005 0986
  0.3678649815E+005 0986
  0.3684675210E+005 0986
  0.3690682213E+005 0986
  0.3696671179E+005 0986
  0.3702642461E+005 0986
  0.3708596405E+005 0985
  0.3714533353E+005 0985
  0.3720453642E+005 0985
  0.3726750629E+005 0985
  0.3732637535E+005 0985
  0.3738508785E+005 0985
  0.3744754552E+005 0985
  0.3750594447E+005 0985
  0.3756419645E+005 0985
  0.3762617334E+005 0985
  0.3768413119E+005 0985
  0.3774580111E+005 0985
  0.3780731782E+005 0985
  0.3786485367E+005 0985
  0.3792608337E+005 0985
  0.3798716993E+005 0984
  0.3804431156E+005 0984
  0.3810513023E+005 0984
  0.3816581543E+005 0984
  0.3822637034E+005 0984
  0.3828679810E+005 0984
  0.3834710182E+005 0984
  0.3840728455E+005 0984
  0.3846734930E+005 0984
  0.3852729904E+005 0984
  0.3858713670E+005 0984
  0.3864686516E+005 0984
  0.3870648726E+005 0984
  0.3876600579E+005 0984
  0.3882542352E+005 0984
  0.3888474317E+005 0984
  0.3894396741E+005 0983
  0.3900679159E+005 0983
  0.3906582736E+005 0983
  0.3912477570E+005 0983
  0.3918731532E+005 0983
  0.3924609125E+005 0983
  0.3930478737E+005 0983
  0.3936706723E+005 0983
  0.3942560631E+005 0983
  0.3948407284E+005 0983
  0.3954611664E+005 0983
  0.3960444081E+005 0983
  0.3966633844E+005 0983
  0.3972452976E+005 0983
  0.3978629077E+005 0983
  0.3984426229E+005 0982
  0.3990561201E+005 0982
  0.3996671484E+005 0982
  0.4002400283E+005 0982
  0.4008464224E+005 0982
  0.4014505093E+005 0982
  0.4020523424E+005 0982
  0.4026519745E+005 0982
  0.4032494573E+005 0982
  0.4038448423E+005 0982
  0.4044381798E+005 0982
  0.4050642433E+005 0982
  0.4056535216E+005 0982
  0.4062409027E+005 0982
  0.4068608208E+005 0982
  0.4074444458E+005 0981
  0.4080604919E+005 0981
  0.4086405578E+005 0981
  0.4092529378E+005 0981
  0.4098635109E+005 0981
  0.4104385513E+005 0981
  0.4110457601E+005 0981
  0.4116513142E+005 0981
  0.4122552639E+005 0981
  0.4128576591E+005 0981
  0.4134585487E+005 0981
  0.4140579814E+005 0981
  0.4146560051E+005 0981
  0.4152526670E+005 0981
  0.4158480139E+005 0981
  0.4164420921E+005 0980
  0.4170349471E+005 0980
  0.4176594614E+005 0980
  0.4182499433E+005 0980
  0.4188393383E+005 0980
  0.4194603464E+005 0980
  0.4200476434E+005 0980
  0.4206339850E+005 0980
  0.4212519112E+005 0980
  0.4218364206E+005 0980
  0.4224525050E+005 0980
  0.4230353560E+005 0980
  0.4236497801E+005 0980
  0.4242634209E+005 0980
  0.4248440841E+005 0980
  0.4254563318E+005 0980
  0.4260357571E+005 0979
  0.4266467835E+005 0979
  0.4272572483E+005 0979
  0.4278351052E+005 0979
  0.4284446020E+005 0979
  0.4290536652E+005 0979
  0.4296623373E+005 0979
  0.4302386514E+005 0979
  0.4308466823E+005 0979
  0.4314544446E+005 0979
  0.4320619793E+005 0979
  0.4326373650E+005 0979
  0.4332445715E+005 0979
  0.4338516678E+005 0979
  0.4344586929E+005 0979
  0.4350337387E+005 0978
  0.4356407355E+005 0978
  0.4362477735E+005 0978
  0.4368548902E+005 0978
  0.4374621222E+005 0978
  0.4380375339E+005 0978
  0.4386450943E+005 0978
  0.4392528757E+005 0978
  0.4398609128E+005 0978
  0.4404372149E+005 0978
  0.4410458477E+005 0978
  0.4416548354E+005 0978
  0.4422321281E+005 0978
  0.4428418997E+005 0978
  0.4434521203E+005 0978
  0.4440628203E+005 0978
  0.4446418478E+005 0977
  0.4452535671E+005 0977
  0.4458336121E+005 0977
  0.4464464590E+005 0977
  0.4470599255E+005 0977
  0.4476416998E+005 0977
  0.4482564482E+005 0977
  0.4488394826E+005 0977
  0.4494556078E+005 0977
  0.4500399895E+005 0977
  0.4506575809E+005 0977
  0.4512433918E+005 0977
  0.4518625328E+005 0977
  0.4524498491E+005 0977
  0.4530379237E+005 0977
  0.4536595094E+005 0977
  0.4542491921E+005 0976
  0.4548383214E+005 0976
  0.4554578183E+005 0976
  0.4560425389E+005 0976
  0.4566575273E+005 0976
  0.4572381169E+005 0976
  0.4578488911E+005 0976
  0.4584576134E+005 0976
  0.4590324729E+005 0976
  0.4596374141E+005 0976
  0.4602405223E+005 0976
  0.4608418702E+005 0976
  0.4614415299E+005 0976
  0.4620395727E+005 0976
  0.4626360693E+005 0976
  0.4632623670E+005 0975
  0.4638559085E+005 0975
  0.4644481155E+005 0975
  0.4650390564E+005 0975
  0.4656598060E+005 0975
  0.4662483594E+005 0975
  0.4668358517E+005 0975
  0.4674531911E+005 0975
  0.4680387122E+005 0975
  0.4686541220E+005 0975
  0.4692379472E+005 0975
  0.4698517153E+005 0975
  0.4704341166E+005 0975
  0.4710465278E+005 0975
  0.4716583525E+005 0975
  0.4722391101E+005 0975
  0.4728500034E+005 0974
  0.4734605269E+005 0974
  0.4740402484E+005 0974
  0.4746502607E+005 0974
  0.4752601178E+005 0974
  0.4758394041E+005 0974
  0.4764491663E+005 0974
  0.4770589861E+005 0974
  0.4776384336E+005 0974
  0.4782485721E+005 0974
  0.4788589794E+005 0974
  0.4794391800E+005 0974
  0.4800503156E+005 0974
  0.4806313356E+005 0974
  0.4812434672E+005 0974
  0.4818562124E+005 0973
  0.4824389516E+005 0973
  0.4830530915E+005 0973
  0.4836372792E+005 0973
  0.4842530726E+005 0973
  0.4848389522E+005 0973
  0.4854566532E+005 0973
  0.4860444641E+005 0973
  0.4866333009E+005 0973
  0.4872542977E+005 0973
  0.4878454117E+005 0973
  0.4884377171E+005 0973
  0.4890625417E+005 0973
  0.4896574574E+005 0973
  0.4902537233E+005 0973
  0.4908513900E+005 0972
  0.4914505070E+005 0972
  0.4920511230E+005 0972
  0.4926532859E+005 0972
  0.4932570426E+005 0972
  0.4938624391E+005 0972
  0.4944375259E+005 0972
  0.4950462436E+005 0972
  0.4956567308E+005 0972
  0.4962367572E+005 0972
  0.4968508093E+005 0972
  0.4974342854E+005 0972
  0.4980520532E+005 0972
  0.4986391178E+005 0972
  0.4992607434E+005 0972
  0.4998515269E+005 0972
  0.5004441643E+005 0971
  0.5010386833E+005 0971
  0.5016351107E+005 0971
  0.5022334721E+005 0971
  0.5028337921E+005 0971
  0.5034360942E+005 0971
  0.5040404007E+005 0971
  0.5046467329E+005 0971
  0.5052551108E+005 0971
  0.5058655532E+005 0971
  0.5064439939E+005 0971
  0.5070585003E+005 0971
  0.5076408076E+005 0971
  0.5082594360E+005 0971
  0.5088456604E+005 0970
  0.5094684595E+005 0970
  0.5100586427E+005 0970
  0.5106507612E+005 0970
  0.5112448218E+005 0970
  0.5118408301E+005 0970
  0.5124387910E+005 0970
  0.5130387080E+005 0970
  0.5136405837E+005 0970
  0.5142444198E+005 0970
  0.5148502168E+005 0970
  0.5154579742E+005 0970
  0.5160676904E+005 0970
  0.5166433281E+005 0970
  0.5172568384E+005 0970
  0.5178722970E+005 0969
  0.5184533269E+005 0969
  0.5190725504E+005 0969
  0.5196571111E+005 0969
  0.5202433732E+005 0969
  0.5208681319E+005 0969
  0.5214577132E+005 0969
  0.5220460253E+005 0969
  0.5226686831E+005 0969
  0.5232525017E+005 0969
  0.5238705323E+005 0969
  0.5244501326E+005 0969
  0.5250638242E+005 0969
  0.5256394737E+005 0969
  0.5262491071E+005 0969
  0.5268567570E+005 0968
  0.5274624952E+005 0968
  0.5280663924E+005 0968
  0.5286685187E+005 0968
  0.5292689431E+005 0968
  0.5298677340E+005 0968
  0.5304649590E+005 0968
  0.5310606851E+005 0968
  0.5316549785E+005 0968
  0.5322479046E+005 0968
  0.5328395286E+005 0968
  0.5334646060E+005 0968
  0.5340537508E+005 0968
  0.5346417884E+005 0968
  0.5352632793E+005 0968
  0.5358492343E+005 0968
  0.5364686591E+005 0967
  0.5370527933E+005 0967
  0.5376361363E+005 0967
  0.5382529987E+005 0967
  0.5388349034E+005 0967
  0.5394503774E+005 0967
  0.5400652417E+005 0967
  0.5406454505E+005 0967
  0.5412593304E+005 0967
  0.5418387344E+005 0967
  0.5424518940E+005 0967
  0.5430647856E+005 0967
  0.5436434438E+005 0967
  0.5442560122E+005 0967
  0.5448344887E+005 0967
  0.5454469951E+005 0966
  0.5460595712E+005 0966
  0.5466382413E+005 0966
  0.5472511500E+005 0966
  0.5478643309E+005 0966
  0.5484437581E+005 0966
  0.5490576647E+005 0966
  0.5496378992E+005 0966
  0.5502527895E+005 0966
  0.5508682857E+005 0966
  0.5514502049E+005 0966
  0.5520670724E+005 0966
  0.5526504066E+005 0966
  0.5532345143E+005 0966
  0.5538538864E+005 0966
  0.5544397622E+005 0966
  0.5550611309E+005 0965
  0.5556490093E+005 0965
  0.5562379441E+005 0965
  0.5568627339E+005 0965
  0.5574540143E+005 0965
  0.5580465158E+005 0965
  0.5586402917E+005 0965
  0.5592353945E+005 0965
  0.5598670078E+005 0965
  0.5604650064E+005 0965
  0.5610644901E+005 0965
  0.5616655097E+005 0965
  0.5622681154E+005 0965
  0.5628367669E+005 0965
  0.5634425925E+005 0965
  0.5640501485E+005 0964
  0.5646594830E+005 0964
  0.5652706432E+005 0964
  0.5658475624E+005 0964
  0.5664623994E+005 0964
  0.5670428603E+005 0964
  0.5676615453E+005 0964
  0.5682457065E+005 0964
  0.5688684054E+005 0964
  0.5694564206E+005 0964
  0.5700463582E+005 0964
  0.5706382526E+005 0964
  0.5712693218E+005 0964
  0.5718653573E+005 0964
  0.5724634504E+005 0964
  0.5730636328E+005 0964
  0.5736659353E+005 0963
  0.5742703882E+005 0963
  0.5748390420E+005 0963
  0.5754477444E+005 0963
  0.5760586816E+005 0963
  0.5766718809E+005 0963
  0.5772488331E+005 0963
  0.5778664897E+005 0963
  0.5784476653E+005 0963
  0.5790698728E+005 0963
  0.5796553565E+005 0963
  0.5802429535E+005 0963
  0.5808720731E+005 0963
  0.5814640936E+005 0963
  0.5820582799E+005 0963
  0.5826546480E+005 0963
  0.5832532129E+005 0962
  0.5838539889E+005 0962
  0.5844569897E+005 0962
  0.5850622283E+005 0962
  0.5856697167E+005 0962
  0.5862794665E+005 0962
  0.5868506160E+005 0962
  0.5874647675E+005 0962
  0.5880812098E+005 0962
  0.5886586302E+005 0962
  0.5892794931E+005 0962
  0.5898599378E+005 0962
  0.5904822748E+005 0962
  0.5910635450E+005 0962
  0.5916452423E+005 0962
  0.5922689847E+005 0962
  0.5928516275E+005 0961
  0.5934764282E+005 0961
  0.5940601018E+005 0961
  0.5946443044E+005 0961
  0.5952708469E+005 0961
  0.5958562130E+005 0961
  0.5964421738E+005 0961
  0.5970706741E+005 0961
  0.5976579375E+005 0961
  0.5982458645E+005 0961
  0.5988765488E+005 0961
  0.5994659238E+005 0961
  0.6000560339E+005 0961
  0.6006469029E+005 0961
  0.6012808464E+005 0961
  0.6018733644E+005 0961
  0.6024667162E+005 0960
  0.6030609265E+005 0960
  0.6036560204E+005 0960
  0.6042520231E+005 0960
  0.6048489600E+005 0960
  0.6054468568E+005 0960
  0.6060457391E+005 0960
  0.6066456331E+005 0960
  0.6072465647E+005 0960
  0.6078485602E+005 0960
  0.6084516459E+005 0960
  0.6090558484E+005 0960
  0.6096611942E+005 0960
  0.6102677101E+005 0960
  0.6108754227E+005 0960
  0.6114843590E+005 0960
  0.6120509191E+005 0960
  0.6126622914E+005 0959
  0.6132749664E+005 0959
  0.6138450690E+005 0959
  0.6144603327E+005 0959
  0.6150769785E+005 0959
  0.6156508392E+005 0959
  0.6162702268E+005 0959
  0.6168466804E+005 0959
  0.6174689105E+005 0959
  0.6180480503E+005 0959
  0.6186732236E+005 0959
  0.6192551428E+005 0959
  0.6198833593E+005 0959
  0.6204681507E+005 0959
  0.6210543579E+005 0959
  0.6216872657E+005 0959
  0.6222764814E+005 0958
  0.6228671782E+005 0958
  0.6234593771E+005 0958
  0.6240530990E+005 0958
  0.6246483646E+005 0958
  0.6252911701E+005 0958
  0.6258897080E+005 0958
  0.6264898528E+005 0958
  0.6270916249E+005 0958
  0.6276485684E+005 0958
  0.6282535259E+005 0958
  0.6288601689E+005 0958
  0.6294685169E+005 0958
  0.6300785892E+005 0958
  0.6306904051E+005 0958
  0.6312567222E+005 0958
  0.6318719443E+005 0957
  0.6324889648E+005 0957
  0.6330601343E+005 0957
  0.6336806647E+005 0957
  0.6342551048E+005 0957
  0.6348792110E+005 0957
  0.6354569818E+005 0957
  0.6360847281E+005 0957
  0.6366658879E+005 0957
  0.6372486946E+005 0957
  0.6378819419E+005 0957
  0.6384682206E+005 0957
  0.6390561850E+005 0957
  0.6396932427E+005 0957
  0.6402800213E+005 0957
  0.6408656091E+005 0957
  0.6414500377E+005 0957
  0.6420818970E+005 0956
  0.6426640112E+005 0956
  0.6432934359E+005 0956
  0.6438733692E+005 0956
  0.6444523024E+005 0956
  0.6450783863E+005 0956
  0.6456553320E+005 0956
  0.6462793322E+005 0956
  0.6468544182E+005 0956
  0.6474764722E+005 0956
  0.6480498243E+005 0956
  0.6486700674E+005 0956
  0.6492894215E+005 0956
  0.6498603750E+005 0956
  0.6504781200E+005 0956
  0.6510476486E+005 0956
  0.6516639150E+005 0955
  0.6522794636E+005 0955
  0.6528943291E+005 0955
  0.6534613206E+005 0955
  0.6540749689E+005 0955
  0.6546880341E+005 0955
  0.6552534523E+005 0955
  0.6558654914E+005 0955
  0.6564770461E+005 0955
  0.6570881499E+005 0955
  0.6576518742E+005 0955
  0.6582622041E+005 0955
  0.6588721801E+005 0955
  0.6594818351E+005 0955
  0.6600912019E+005 0955
  0.6606534669E+005 0955
  0.6612623715E+005 0954
  0.6618710834E+005 0954
  0.6624796352E+005 0954
  0.6630880594E+005 0954
  0.6636495964E+005 0954
  0.6642578662E+005 0954
  0.6648661029E+005 0954
  0.6654743391E+005 0954
  0.6660826069E+005 0954
  0.6666909386E+005 0954
  0.6672525603E+005 0954
  0.6678611058E+005 0954
  0.6684698094E+005 0954
  0.6690787035E+005 0954
  0.6696878202E+005 0954
  0.6702503070E+005 0954
  0.6708599418E+005 0953
  0.6714698928E+005 0953
  0.6720801921E+005 0953
  0.6726908714E+005 0953
  0.6732549403E+005 0953
  0.6738664400E+005 0953
  0.6744784125E+005 0953
  0.6750908897E+005 0953
  0.6756567283E+005 0953
  0.6762702643E+005 0953
  0.6768843968E+005 0953
  0.6774518449E+005 0953
  0.6780672124E+005 0953
  0.6786832677E+005 0953
  0.6792525714E+005 0953
  0.6798700363E+005 0953
  0.6804882794E+005 0952
  0.6810596824E+005 0952
  0.6816795080E+005 0952
  0.6822524241E+005 0952
  0.6828739450E+005 0952
  0.6834484777E+005 0952
  0.6840718059E+005 0952
  0.6846480581E+005 0952
  0.6852733045E+005 0952
  0.6858513783E+005 0952
  0.6864786529E+005 0952
  0.6870586493E+005 0952
  0.6876880612E+005 0952
  0.6882700805E+005 0952
  0.6888531060E+005 0952
  0.6894858788E+005 0952
  0.6900710736E+005 0951
  0.6906573443E+005 0951
  0.6912937110E+005 0951
  0.6918822949E+005 0951
  0.6924720234E+005 0951
  0.6930629184E+005 0951
  0.6936550017E+005 0951
  0.6942977914E+005 0951
  0.6948924199E+005 0951
  0.6954883032E+005 0951
  0.6960854626E+005 0951
  0.6966839191E+005 0951
  0.6972836938E+005 0951
  0.6978848075E+005 0951
  0.6984872808E+005 0951
  0.6990911342E+005 0950
  0.6996963882E+005 0950
  0.7002524518E+005 0950
  0.7008604463E+005 0950
  0.7014698996E+005 0950
  0.7020808315E+005 0950
  0.7026932615E+005 0950
  0.7032559881E+005 0950
  0.7038713433E+005 0950
  0.7044882524E+005 0950
  0.7050551335E+005 0950
  0.7056750734E+005 0950
  0.7062966215E+005 0950
  0.7068678024E+005 0950
  0.7074924837E+005 0950
  0.7080665669E+005 0950
  0.7086944472E+005 0949
  0.7092714922E+005 0949
  0.7099026354E+005 0949
  0.7104827004E+005 0949
  0.7110642298E+005 0949
  0.7117003108E+005 0949
  0.7122849436E+005 0949
  0.7128710800E+005 0949
  0.7134587323E+005 0949
  0.7141015508E+005 0949
  0.7146924120E+005 0949
  0.7152848262E+005 0949
  0.7158788052E+005 0949
  0.7164743603E+005 0949
  0.7170715031E+005 0949
  0.7176702445E+005 0948
  0.7182705956E+005 0948
  0.7188725673E+005 0948
  0.7194761701E+005 0948
  0.7200814145E+005 0948
  0.7206883107E+005 0948
  0.7212968690E+005 0948
  0.7219070991E+005 0948
  0.7224633127E+005 0948
  0.7230767615E+005 0948
  0.7236919099E+005 0948
  0.7243087672E+005 0948
  0.7248710286E+005 0948
  0.7254904457E+005 0948
  0.7261104337E+005 0948
  0.7266745629E+005 0947
  0.7272956686E+005 0947
  0.7278608308E+005 0947
  0.7284830916E+005 0947
  0.7291059727E+005 0947
  0.7296727753E+005 0947
  0.7302968700E+005 0947
  0.7308647938E+005 0947
  0.7314901416E+005 0947
  0.7320592226E+005 0947
  0.7326858635E+005 0947
  0.7333131981E+005 0947
  0.7338841137E+005 0947
  0.7345128040E+005 0947
  0.7350849711E+005 0947
  0.7356577475E+005 0946
  0.7362885160E+005 0946
  0.7368626009E+005 0946
  0.7374948300E+005 0946
  0.7380702625E+005 0946
  0.7387039959E+005 0946
  0.7392808158E+005 0946
  0.7398583105E+005 0946
  0.7404943451E+005 0946
  0.7410732868E+005 0946
  0.7417109357E+005 0946
  0.7422913655E+005 0946
  0.7428725185E+005 0946
  0.7435126333E+005 0946
  0.7440953357E+005 0945
  0.7446787906E+005 0945
  0.7452630077E+005 0945
  0.7459065382E+005 0945
  0.7464923870E+005 0945
  0.7470790280E+005 0945
  0.7476664706E+005 0945
  0.7483135953E+005 0945
  0.7489027535E+005 0945
  0.7494927439E+005 0945
  0.7500835762E+005 0945
  0.7506752604E+005 0945
  0.7512678063E+005 0945
  0.7518612240E+005 0945
  0.7525150021E+005 0944
  0.7531102828E+005 0944
  0.7537064660E+005 0944
  0.7543035619E+005 0944
  0.7549015805E+005 0944
  0.7555005318E+005 0944
  0.7561004259E+005 0944
  0.7567012728E+005 0944
  0.7573030827E+005 0944
  0.7579058655E+005 0944
  0.7585096316E+005 0944
  0.7591143908E+005 0944
  0.7597201534E+005 0944
  0.7602662059E+005 0944
  0.7608739028E+005 0943
  0.7614826323E+005 0943
  0.7620924046E+005 0943
  0.7627032298E+005 0943
  0.7633151180E+005 0943
  0.7638667346E+005 0943
  0.7644806704E+005 0943
  0.7650956984E+005 0943
  0.7657118288E+005 0943
  0.7662672971E+005 0943
  0.7668855497E+005 0943
  0.7675049338E+005 0943
  0.7680633552E+005 0943
  0.7686849167E+005 0942
  0.7693076388E+005 0942
  0.7698690891E+005 0942
  0.7704940435E+005 0942
  0.7711201873E+005 0942
  0.7716847417E+005 0942
  0.7723131725E+005 0942
  0.7728798012E+005 0942
  0.7735105543E+005 0942
  0.7740792892E+005 0942
  0.7747124001E+005 0942
  0.7752832728E+005 0942
  0.7759187766E+005 0941
  0.7764918185E+005 0941
  0.7770658989E+005 0941
  0.7777049924E+005 0941
  0.7782812880E+005 0941
  0.7789228600E+005 0941
  0.7795014015E+005 0941
  0.7800810177E+005 0941
  0.7807263043E+005 0941
  0.7813082114E+005 0941
  0.7818912143E+005 0941
  0.7824753196E+005 0940
  0.7831256266E+005 0940
  0.7837120811E+005 0940
  0.7842996589E+005 0940
  0.7848883663E+005 0940
  0.7854782099E+005 0940
  0.7860691963E+005 0940
  0.7867271959E+005 0940
  0.7873206159E+005 0940
  0.7879151986E+005 0940
  0.7885109502E+005 0939
  0.7891078771E+005 0939
  0.7897059856E+005 0939
  0.7903052817E+005 0939
  0.7909057717E+005 0939
  0.7915074617E+005 0939
  0.7921103576E+005 0939
  0.7927144655E+005 0939
  0.7933197913E+005 0939
  0.7939263410E+005 0939
  0.7945341203E+005 0938
  0.7950754056E+005 0938
  0.7956855234E+005 0938
  0.7962968875E+005 0938
  0.7969095035E+005 0938
  0.7975233769E+005 0938
  0.7980701023E+005 0938
  0.7986863660E+005 0938
  0.7993039030E+005 0938
  0.7999227187E+005 0937
  0.8004738547E+005 0937
  0.8010950999E+005 0937
  0.8017171801E+005 0937
  0.8022704009E+005 0937
  0.8028930724E+005 0937
  0.8035160649E+005 0937
  0.8040701099E+005 0937
  0.8046937239E+005 0937
  0.8053176751E+005 0936
  0.8058725862E+005 0936
  0.8064971903E+005 0936
  0.8071221487E+005 0936
  0.8076779695E+005 0936
  0.8083036135E+005 0936
  0.8089296294E+005 0936
  0.8094864051E+005 0936
  0.8101131405E+005 0935
  0.8106705659E+005 0935
  0.8112980435E+005 0935
  0.8119259236E+005 0935
  0.8124843823E+005 0935
  0.8131130404E+005 0935
  0.8136722013E+005 0935
  0.8143016615E+005 0934
  0.8149315563E+005 0934
  0.8154918330E+005 0934
  0.8161225675E+005 0934
  0.8166836018E+005 0934
  0.8173152010E+005 0934
  0.8178770153E+005 0934
  0.8185095050E+005 0934
  0.8190721223E+005 0933
  0.8197055283E+005 0933
  0.8203394302E+005 0933
  0.8209033207E+005 0933
  0.8215381795E+005 0933
  0.8221029326E+005 0933
  0.8227387753E+005 0932
  0.8233044151E+005 0932
  0.8239412691E+005 0932
  0.8245078202E+005 0932
  0.8250748087E+005 0932
  0.8257132004E+005 0932
  0.8262811367E+005 0932
  0.8269206089E+005 0931
  0.8274895184E+005 0931
  0.8281300997E+005 0931
  0.8287000079E+005 0931
  0.8293417273E+005 0931
  0.8299126600E+005 0931
  0.8304840839E+005 0930
  0.8311275302E+005 0930
  0.8317000172E+005 0930
  0.8322730137E+005 0930
  0.8329182511E+005 0930
  0.8334923498E+005 0930
  0.8341388423E+005 0930
  0.8347140702E+005 0929
  0.8352898388E+005 0929
  0.8359382324E+005 0929
  0.8365151701E+005 0929
  0.8370926676E+005 0929
  0.8377430288E+005 0929
  0.8383217359E+005 0928
  0.8389010218E+005 0928
  0.8394808927E+005 0928
  0.8401339545E+005 0928
  0.8407150893E+005 0928
  0.8412968284E+005 0928
  0.8418791783E+005 0927
  0.8425350597E+005 0927
  0.8431187282E+005 0927
  0.8437030271E+005 0927
  0.8442879628E+005 0927
  0.8448735415E+005 0927
  0.8455330941E+005 0926
  0.8461200605E+005 0926
  0.8467076898E+005 0926
  0.8472959886E+005 0926
  0.8478849633E+005 0926
  0.8484746202E+005 0925
  0.8491388079E+005 0925
  0.8497299361E+005 0925
  0.8503217669E+005 0925
  0.8509143066E+005 0925
  0.8515075618E+005 0925
  0.8521015390E+005 0924
  0.8526962448E+005 0924
  0.8532916856E+005 0924
  0.8538878680E+005 0924
  0.8544847985E+005 0924
  0.8550824837E+005 0924
  0.8556809302E+005 0923
  0.8562801445E+005 0923
  0.8568801333E+005 0923
  0.8574809030E+005 0923
  0.8580824604E+005 0923
  0.8586848119E+005 0922
  0.8592879642E+005 0922
  0.8598919240E+005 0922
  0.8604966977E+005 0922
  0.8611022920E+005 0922
  0.8617087136E+005 0922
  0.8623159690E+005 0921
  0.8629240648E+005 0921
  0.8635330077E+005 0921
  0.8641428044E+005 0921
  0.8646770819E+005 0921
  0.8652884971E+005 0920
  0.8659007849E+005 0920
  0.8665139521E+005 0920
  0.8671280053E+005 0920
  0.8677429510E+005 0920
  0.8682817659E+005 0919
  0.8688984030E+005 0919
  0.8695159517E+005 0919
  0.8701344185E+005 0919
  0.8707538101E+005 0919
  0.8712965415E+005 0919
  0.8719176847E+005 0918
  0.8725397716E+005 0918
  0.8730848769E+005 0918
  0.8737087508E+005 0918
  0.8743335873E+005 0918
  0.8748811140E+005 0917
  0.8755076504E+005 0917
  0.8761339410E+005 0917
  0.8766815376E+005 0917
  0.8773069062E+005 0917
  0.8779317993E+005 0916
  0.8784781995E+005 0916
  0.8791022309E+005 0916
  0.8797258187E+005 0916
  0.8803489740E+005 0916
  0.8808938886E+005 0915
  0.8815162625E+005 0915
  0.8821382353E+005 0915
  0.8826821412E+005 0915
  0.8833033916E+005 0915
  0.8839242722E+005 0914
  0.8845447940E+005 0914
  0.8850874646E+005 0914
  0.8857073426E+005 0914
  0.8863268926E+005 0914
  0.8869461254E+005 0914
  0.8874877023E+005 0913
  0.8881063692E+005 0913
  0.8887247495E+005 0913
  0.8893428540E+005 0913
  0.8898834774E+005 0913
  0.8905010931E+005 0912
  0.8911184633E+005 0912
  0.8917355987E+005 0912
  0.8923525097E+005 0912
  0.8928921310E+005 0912
  0.8935086496E+005 0911
  0.8941249740E+005 0911
  0.8947411148E+005 0911
  0.8952800955E+005 0911
  0.8958959200E+005 0911
  0.8965115909E+005 0910
  0.8971271186E+005 0910
  0.8977425135E+005 0910
  0.8982808833E+005 0910
  0.8988960573E+005 0910
  0.8995111285E+005 0909
  0.9001261072E+005 0909
  0.9007410039E+005 0909
  0.9012789794E+005 0909
  0.9018937504E+005 0909
  0.9025084691E+005 0908
  0.9031231461E+005 0908
  0.9037377918E+005 0908
  0.9043524165E+005 0908
  0.9048902041E+005 0908
  0.9055048175E+005 0907
  0.9061194399E+005 0907
  0.9067340817E+005 0907
  0.9073487533E+005 0907
  0.9078866236E+005 0907
  0.9085013791E+005 0906
  0.9091161945E+005 0906
  0.9097310801E+005 0906
  0.9103460464E+005 0906
  0.9108842162E+005 0905
  0.9114993619E+005 0905
  0.9121146183E+005 0905
  0.9127299959E+005 0905
  0.9133455051E+005 0905
  0.9138841918E+005 0904
  0.9144999760E+005 0904
  0.9151159218E+005 0904
  0.9157320398E+005 0904
  0.9163483404E+005 0904
  0.9168877614E+005 0903
  0.9175044326E+005 0903
  0.9181213164E+005 0903
  0.9187384234E+005 0903
  0.9192785833E+005 0903
  0.9198961368E+005 0902
  0.9205139436E+005 0902
  0.9211320140E+005 0902
  0.9217503585E+005 0902
  0.9222916430E+005 0902
  0.9229105296E+005 0901
  0.9235297204E+005 0901
  0.9241492258E+005 0901
  0.9246915593E+005 0901
  0.9253116826E+005 0901
  0.9259321506E+005 0900
  0.9265529736E+005 0900
  0.9270964931E+005 0900
  0.9277180099E+005 0900
  0.9283399117E+005 0900
  0.9288843997E+005 0899
  0.9295070514E+005 0899
  0.9301301180E+005 0899
  0.9307536099E+005 0899
  0.9312995224E+005 0899
  0.9319238397E+005 0898
  0.9325486123E+005 0898
  0.9330956698E+005 0898
  0.9337213238E+005 0898
  0.9343474627E+005 0898
  0.9348957403E+005 0897
  0.9355228165E+005 0897
  0.9361504074E+005 0897
  0.9366999799E+005 0897
  0.9373285638E+005 0897
  0.9378790210E+005 0896
  0.9385086342E+005 0896
  0.9391388112E+005 0896
  0.9396906866E+005 0896
  0.9403219484E+005 0896
  0.9409538035E+005 0895
  0.9415071715E+005 0895
  0.9421401668E+005 0895
  0.9426945482E+005 0895
  0.9433287197E+005 0895
  0.9438841460E+005 0894
  0.9445195297E+005 0894
  0.9451555745E+005 0894
  0.9457126642E+005 0894
  0.9463499762E+005 0894
  0.9469081903E+005 0893
  0.9475468053E+005 0893
  0.9481061752E+005 0893
  0.9487461289E+005 0893
  0.9493066857E+005 0893
  0.9499480137E+005 0892
  0.9505097886E+005 0892
  0.9511525265E+005 0892
  0.9517155505E+005 0892
  0.9523597337E+005 0892
  0.9529240378E+005 0891
  0.9534889499E+005 0891
  0.9541353169E+005 0891
  0.9547015544E+005 0891
  0.9553494537E+005 0891
  0.9559170474E+005 0890
  0.9564852845E+005 0890
  0.9571354948E+005 0890
  0.9577051331E+005 0890
  0.9583569621E+005 0890
  0.9589280321E+005 0889
  0.9594997807E+005 0889
  0.9601540470E+005 0889
  0.9607272719E+005 0889
  0.9613011962E+005 0889
  0.9619579744E+005 0888
  0.9625334194E+005 0888
  0.9631095844E+005 0888
  0.9636864760E+005 0888
  0.9643466787E+005 0888
  0.9649251492E+005 0887
  0.9655043668E+005 0887
  0.9660843380E+005 0887
  0.9667480933E+005 0887
  0.9673297012E+005 0887
  0.9679120831E+005 0886
  0.9684952453E+005 0886
  0.9691626804E+005 0886
  0.9697475366E+005 0886
  0.9703331935E+005 0886
  0.9709196575E+005 0886
  0.9715069348E+005 0885
  0.9720950319E+005 0885
  0.9727681549E+005 0885
  0.9733580301E+005 0885
  0.9739487450E+005 0885
  0.9745403060E+005 0884
  0.9751327193E+005 0884
  0.9757259912E+005 0884
  0.9763201280E+005 0884
  0.9769151360E+005 0884
  0.9775110214E+005 0883
  0.9781077904E+005 0883
  0.9787054492E+005 0883
  0.9793040041E+005 0883
  0.9799034611E+005 0883
  0.9805038265E+005 0882
  0.9811051064E+005 0882
  0.9817073069E+005 0882
  0.9823104341E+005 0882
  0.9829144941E+005 0882
  0.9835194930E+005 0881
  0.9841254369E+005 0881
  0.9847323318E+005 0881
  0.9853401836E+005 0881
  0.9859489985E+005 0881
  0.9865587823E+005 0881
  0.9871695411E+005 0880
  0.9876938291E+005 0880
  0.9883064143E+005 0880
  0.9889199913E+005 0880
  0.9895345661E+005 0880
  0.9901501445E+005 0879
  0.9907667324E+005 0879
  0.9912960442E+005 0879
  0.9919145223E+005 0879
  0.9925340265E+005 0879
  0.9931545625E+005 0878
  0.9937761360E+005 0878
  0.9943097435E+005 0878
  0.9949332592E+005 0878
  0.9955578288E+005 0878
  0.9960940172E+005 0878
  0.9967205590E+005 0877
  0.9973481707E+005 0877
  0.9979768581E+005 0877
  0.9985165932E+005 0877
  0.9991472929E+005 0877
  0.9997790839E+005 0876
  0.1000321492E+006 0876
  0.1000955325E+006 0876
  0.1001499491E+006 0876
  0.1002135384E+006 0876
  0.1002772394E+006 0876
  0.1003319296E+006 0875
  0.1003958395E+006 0875
  0.1004507096E+006 0875
  0.1005148302E+006 0875
  0.1005698817E+006 0875
  0.1006342149E+006 0874
  0.1006894494E+006 0874
  0.1007539970E+006 0874
  0.1008094160E+006 0874
  0.1008741798E+006 0874
  0.1009297848E+006 0874
  0.1009947666E+006 0873
  0.1010505591E+006 0873
  0.1011157606E+006 0873
  0.1011717422E+006 0873
  0.1012371651E+006 0873
  0.1012933373E+006 0872
  0.1013495980E+006 0872
  0.1014153476E+006 0872
  0.1014718009E+006 0872
  0.1015377761E+006 0872
  0.1015944236E+006 0872
  0.1016511513E+006 0871
  0.1017173740E+006 0871
  0.1017741646E+006 0871
  0.1018309816E+006 0871
  0.1018973016E+006 0871
  0.1019541762E+006 0870
  0.1020110775E+006 0870
  0.1020774965E+006 0870
  0.1021344563E+006 0870
  0.1021914435E+006 0870
  0.1022579435E+006 0870
  0.1023149435E+006 0869
  0.1023719435E+006 0869
  0.1024384435E+006 0869
  0.1024954435E+006 0869
  0.1025524435E+006 0869
  0.1026189435E+006 0868
  0.1026759435E+006 0868
  0.1027329435E+006 0868
  0.1027899435E+006 0868
  0.1028564435E+006 0868
  0.1029134435E+006 0868
  0.1029704435E+006 0867
  0.1030369435E+006 0867
  0.1030939435E+006 0867
  0.1031509435E+006 0867
  0.1032174435E+006 0867
  0.1032744435E+006 0866
  0.1033314435E+006 0866
  0.1033979435E+006 0866
  0.1034549435E+006 0866
  0.1035119435E+006 0866
  0.1035784435E+006 0866
  0.1036354435E+006 0865
  0.1036924435E+006 0865
  0.1037589435E+006 0865
  0.1038159435E+006 0865
  0.1038729435E+006 0865
  0.1039299435E+006 0865
  0.1039964435E+006 0864
  0.1040534435E+006 0864
  0.1041104435E+006 0864
  0.1041769435E+006 0864
  0.1042339435E+006 0864
  0.1042909435E+006 0863
  0.1043574435E+006 0863
  0.1044144435E+006 0863
  0.1044714435E+006 0863
  0.1045379435E+006 0863
  0.1045949435E+006 0863
  0.1046519435E+006 0862
  0.1047184435E+006 0862
  0.1047754435E+006 0862
  0.1048324435E+006 0862
  0.1048989435E+006 0862
  0.1049559435E+006 0862
  0.1050129435E+006 0861
  0.1050699435E+006 0861
  0.1051364435E+006 0861
  0.1051934435E+006 0861
  0.1052504435E+006 0861
  0.1053169435E+006 0860
  0.1053739435E+006 0860
  0.1054309435E+006 0860
  0.1054974435E+006 0860
  0.1055544435E+006 0860
  0.1056114435E+006 0860
  0.1056779435E+006 0859
  0.1057349435E+006 0859
  0.1057919435E+006 0859
  0.1058584435E+006 0859
  0.1059154435E+006 0859
  0.1059724435E+006 0859
  0.1060389435E+006 0858
  0.1060959435E+006 0858
  0.1061529435E+006 0858
  0.1062099435E+006 0858
  0.1062764435E+006 0858
  0.1063334435E+006 0858
  0.1063904435E+006 0857
  0.1064569435E+006 0857
  0.1065139435E+006 0857
  0.1065709435E+006 0857
  0.1066374435E+006 0857
  0.1066944435E+006 0857
  0.1067514435E+006 0856
  0.1068179435E+006 0856
  0.1068749435E+006 0856
  0.1069319435E+006 0856
  0.1069984435E+006 0856
  0.1070554435E+006 0856
  0.1071124435E+006 0855
  0.1071789435E+006 0855
  0.1072359435E+006 0855
  0.1072929435E+006 0855
  0.1073499435E+006 0855
  0.1074164435E+006 0854
  0.1074734435E+006 0854
  0.1075304435E+006 0854
  0.1075969435E+006 0854
  0.1076539435E+006 0853
  0.1077109435E+006 0853
  0.1077774435E+006 0853
  0.1078344435E+006 0852
  0.1078914435E+006 0852
  0.1079579435E+006 0852
  0.1080149435E+006 0852
  0.1080719435E+006 0851
  0.1081384435E+006 0851
  0.1081954435E+006 0851
  0.1082524435E+006 0850
  0.1083189435E+006 0850
  0.1083759435E+006 0850
  0.1084329435E+006 0850
  0.1084899435E+006 0849
  0.1085564435E+006 0849
  0.1086134435E+006 0849
  0.1086704435E+006 0848
  0.1087369435E+006 0848
  0.1087939435E+006 0848
  0.1088509435E+006 0847
  0.1089174435E+006 0847
  0.1089744435E+006 0847
  0.1090314435E+006 0847
  0.1090979435E+006 0846
  0.1091549435E+006 0846
  0.1092119435E+006 0846
  0.1092784435E+006 0845
  0.1093354435E+006 0845
  0.1093924435E+006 0845
  0.1094589435E+006 0844
  0.1095159435E+006 0844
  0.1095729435E+006 0844
  0.1096299435E+006 0844
  0.1096964435E+006 0843
  0.1097534435E+006 0843
  0.1098104435E+006 0843
  0.1098769435E+006 0842
  0.1099339435E+006 0842
  0.1099909435E+006 0842
  0.1100574435E+006 0842
  0.1101144435E+006 0841
  0.1101714435E+006 0841
  0.1102379435E+006 0841
  0.1102949435E+006 0841
  0.1103519435E+006 0840
  0.1104184435E+006 0840
  0.1104754435E+006 0840
  0.1105324435E+006 0839
  0.1105989435E+006 0839
  0.1106559435E+006 0839
  0.1107129435E+006 0839
  0.1107699435E+006 0838
  0.1108364435E+006 0838
  0.1108934435E+006 0838
  0.1109504435E+006 0838
  0.1110169435E+006 0837
  0.1110739435E+006 0837
  0.1111309435E+006 0837
  0.1111974435E+006 0837
  0.1112544435E+006 0836
  0.1113114435E+006 0836
  0.1113779435E+006 0836
  0.1114349435E+006 0836
  0.1114919435E+006 0835
  0.1115584435E+006 0835
  0.1116154435E+006 0835
  0.1116724435E+006 0835
  0.1117389435E+006 0834
  0.1117959435E+006 0834
  0.1118529435E+006 0834
  0.1119099435E+006 0834
  0.1119764435E+006 0833
  0.1120334435E+006 0833
  0.1120904435E+006 0833
  0.1121569435E+006 0833
  0.1122139435E+006 0832
  0.1122709435E+006 0832
  0.1123374435E+006 0832
  0.1123944435E+006 0832
  0.1124514435E+006 0831
  0.1125179435E+006 0831
  0.1125749435E+006 0831
  0.1126319435E+006 0831
  0.1126984435E+006 0830
  0.1127554435E+006 0830
  0.1128124435E+006 0830
  0.1128789435E+006 0830
  0.1129359435E+006 0829
  0.1129929435E+006 0829
  0.1130499435E+006 0829
  0.1131164435E+006 0829
  0.1131734435E+006 0829
  0.1132304435E+006 0828
  0.1132969435E+006 0828
  0.1133539435E+006 0828
  0.1134109435E+006 0828
  0.1134774435E+006 0827
  0.1135344435E+006 0827
  0.1135914435E+006 0827
  0.1136579435E+006 0827
  0.1137149435E+006 0826
  0.1137719435E+006 0826
  0.1138384435E+006 0826
  0.1138954435E+006 0826
  0.1139524435E+006 0826
  0.1140189435E+006 0825
  0.1140759435E+006 0825
  0.1141329435E+006 0825
  0.1141899435E+006 0825
  0.1142564435E+006 0824
  0.1143134435E+006 0824
  0.1143704435E+006 0824
  0.1144369435E+006 0824
  0.1144939435E+006 0824
  0.1145509435E+006 0823
  0.1146174435E+006 0823
  0.1146744435E+006 0823
  0.1147314435E+006 0823
  0.1147979435E+006 0822
  0.1148549435E+006 0822
  0.1149119435E+006 0822
  0.1149784435E+006 0822
  0.1150354435E+006 0822
  0.1150924435E+006 0821
  0.1151589435E+006 0821
  0.1152159435E+006 0821
  0.1152729435E+006 0821
  0.1153299435E+006 0821
  0.1153964435E+006 0820
  0.1154534435E+006 0820
  0.1155104435E+006 0820
  0.1155769435E+006 0820
  0.1156339435E+006 0819
  0.1156909435E+006 0819
  0.1157574435E+006 0819
  0.1158144435E+006 0819
  0.1158714435E+006 0819
  0.1159379435E+006 0818
  0.1159949435E+006 0818
  0.1160519435E+006 0818
  0.1161184435E+006 0818
  0.1161754435E+006 0818
  0.1162324435E+006 0817
  0.1162989435E+006 0817
  0.1163559435E+006 0817
  0.1164129435E+006 0817
  0.1164699435E+006 0817
  0.1165364435E+006 0816
  0.1165934435E+006 0816
  0.1166504435E+006 0816
  0.1167169435E+006 0816
  0.1167739435E+006 0816
  0.1168309435E+006 0815
  0.1168974435E+006 0815
  0.1169544435E+006 0815
  0.1170114435E+006 0815
  0.1170779435E+006 0814
  0.1171349435E+006 0814
  0.1171919435E+006 0814
  0.1172584435E+006 0814
  0.1173154435E+006 0814
  0.1173724435E+006 0813
  0.1174389435E+006 0813
  0.1174959435E+006 0813
  0.1175529435E+006 0813
  0.1176099435E+006 0813
  0.1176764435E+006 0812
  0.1177334435E+006 0812
  0.1177904435E+006 0812
  0.1178569435E+006 0812
  0.1179139435E+006 0812
  0.1179709435E+006 0811
  0.1180374435E+006 0811
  0.1180944435E+006 0811
  0.1181514435E+006 0811
  0.1182179435E+006 0811
  0.1182749435E+006 0810
  0.1183319435E+006 0810
  0.1183984435E+006 0810
  0.1184554435E+006 0810
  0.1185124435E+006 0810
  0.1185789435E+006 0809
  0.1186359435E+006 0809
  0.1186929435E+006 0809
  0.1187499435E+006 0809
  0.1188164435E+006 0809
  0.1188734435E+006 0808
  0.1189304435E+006 0808
  0.1189969435E+006 0808
  0.1190539435E+006 0808
  0.1191109435E+006 0808
  0.1191774435E+006 0807
  0.1192344435E+006 0807
  0.1192914435E+006 0807
  0.1193579435E+006 0807
  0.1194149435E+006 0807
  0.1194719435E+006 0806
  0.1195384435E+006 0806
  0.1195954435E+006 0806
  0.1196524435E+006 0806
  0.1197189435E+006 0806
  0.1197759435E+006 0805
  0.1198329435E+006 0805
  0.1198899435E+006 0805
  0.1199564435E+006 0805
  0.1200134435E+006 0805
  0.1200704435E+006 0805
  0.1201369435E+006 0804
  0.1201939435E+006 0804
  0.1202509435E+006 0804
  0.1203174435E+006 0804
  0.1203744435E+006 0804
  0.1204314435E+006 0803
  0.1204979435E+006 0803
  0.1205549435E+006 0803
  0.1206119435E+006 0803
  0.1206784435E+006 0803
  0.1207354435E+006 0802
  0.1207924435E+006 0802
  0.1208589435E+006 0802
  0.1209159435E+006 0802
  0.1209729435E+006 0802
  0.1210299435E+006 0801
  0.1210964435E+006 0801
  0.1211534435E+006 0801
  0.1212104435E+006 0801
  0.1212769435E+006 0801
  0.1213339435E+006 0800
  0.1213909435E+006 0800
  0.1214574435E+006 0800
  0.1215144435E+006 0800
  0.1215714435E+006 0800
  0.1216379435E+006 0799
  0.1216949435E+006 0799
  0.1217519435E+006 0799
  0.1218184435E+006 0799
  0.1218754435E+006 0799
  0.1219324435E+006 0798
  0.1219989435E+006 0798
  0.1220559435E+006 0798
  0.1221129435E+006 0798
  0.1221699435E+006 0798
  0.1222364435E+006 0797
  0.1222934435E+006 0797
  0.1223504435E+006 0797
  0.1224169435E+006 0797
  0.1224739435E+006 0797
  0.1225309435E+006 0796
  0.1225974435E+006 0796
  0.1226544435E+006 0796
  0.1227114435E+006 0796
  0.1227779435E+006 0796
  0.1228349435E+006 0795
  0.1228919435E+006 0795
  0.1229584435E+006 0795
  0.1230154435E+006 0795
  0.1230724435E+006 0795
  0.1231389435E+006 0794
  0.1231959435E+006 0794
  0.1232529435E+006 0794
  0.1233099435E+006 0794
  0.1233764435E+006 0794
  0.1234334435E+006 0794
  0.1234904435E+006 0793
  0.1235569435E+006 0793
  0.1236139435E+006 0793
  0.1236709435E+006 0793
  0.1237374435E+006 0793
  0.1237944435E+006 0792
  0.1238514435E+006 0792
  0.1239179435E+006 0792
  0.1239749435E+006 0792
  0.1240319435E+006 0792
  0.1240984435E+006 0791
  0.1241554435E+006 0791
  0.1242124435E+006 0791
  0.1242789435E+006 0791
  0.1243359435E+006 0791
  0.1243929435E+006 0790
  0.1244499435E+006 0790
  0.1245164435E+006 0790
  0.1245734435E+006 0790
  0.1246304435E+006 0790
  0.1246969435E+006 0789
  0.1247539435E+006 0789
  0.1248109435E+006 0789
  0.1248774435E+006 0789
  0.1249344435E+006 0789
  0.1249914435E+006 0788
  0.1250579435E+006 0788
  0.1251149435E+006 0788
  0.1251719435E+006 0788
  0.1252384435E+006 0788
  0.1252954435E+006 0787
  0.1253524435E+006 0787
  0.1254189435E+006 0787
  0.1254759435E+006 0787
  0.1255329435E+006 0787
  0.1255899435E+006 0786
  0.1256564435E+006 0786
  0.1257134435E+006 0786
  0.1257704435E+006 0786
  0.1258369435E+006 0786
  0.1258939435E+006 0785
  0.1259509435E+006 0785
  0.1260174435E+006 0785
  0.1260744435E+006 0785
  0.1261314435E+006 0785
  0.1261979435E+006 0784
  0.1262549435E+006 0784
  0.1263119435E+006 0784
  0.1263784435E+006 0784
  0.1264354435E+006 0784
  0.1264924435E+006 0783
  0.1265589435E+006 0783
  0.1266159435E+006 0783
  0.1266729435E+006 0783
  0.1267299435E+006 0783
  0.1267964435E+006 0782
  0.1268534435E+006 0782
  0.1269104435E+006 0782
  0.1269769435E+006 0782
  0.1270339435E+006 0782
  0.1270909435E+006 0782
  0.1271574435E+006 0781
  0.1272144435E+006 0781
  0.1272714435E+006 0781
  0.1273379435E+006 0781
  0.1273949435E+006 0781
  0.1274519435E+006 0780
  0.1275184435E+006 0780
  0.1275754435E+006 0780
  0.1276324435E+006 0780
  0.1276989435E+006 0780
  0.1277559435E+006 0779
  0.1278129435E+006 0779
  0.1278699435E+006 0779
  0.1279364435E+006 0779
  0.1279934435E+006 0779
  0.1280504435E+006 0778
  0.1281169435E+006 0778
  0.1281739435E+006 0778
  0.1282309435E+006 0778
  0.1282974435E+006 0778
  0.1283544435E+006 0777
  0.1284114435E+006 0777
  0.1284779435E+006 0777
  0.1285349435E+006 0777
  0.1285919435E+006 0777
  0.1286584435E+006 0776
  0.1287154435E+006 0776
  0.1287724435E+006 0776
  0.1288389435E+006 0776
  0.1288959435E+006 0776
  0.1289529435E+006 0775
  0.1290099435E+006 0775
  0.1290764435E+006 0775
  0.1291334435E+006 0775
  0.1291904435E+006 0775
  0.1292569435E+006 0774
  0.1293139435E+006 0774
  0.1293709435E+006 0774
  0.1294374435E+006 0774
  0.1294944435E+006 0774
  0.1295514435E+006 0773
  0.1296179435E+006 0773
  0.1296749435E+006 0773
  0.1297319435E+006 0773
  0.1297984435E+006 0773
  0.1298554435E+006 0772
  0.1299124435E+006 0772
  0.1299789435E+006 0772
  0.1300359435E+006 0772
  0.1300929435E+006 0772
  0.1301499435E+006 0771
  0.1302164435E+006 0771
  0.1302734435E+006 0771
  0.1303304435E+006 0771
  0.1303969435E+006 0771
  0.1304539435E+006 0770
  0.1305109435E+006 0770
  0.1305774435E+006 0770
  0.1306344435E+006 0770
  0.1306914435E+006 0770
  0.1307579435E+006 0769
  0.1308149435E+006 0769
  0.1308719435E+006 0769
  0.1309384435E+006 0769
  0.1309954435E+006 0769
  0.1310524435E+006 0768
  0.1311189435E+006 0768
  0.1311759435E+006 0768
  0.1312329435E+006 0768
  0.1312899435E+006 0768
  0.1313564435E+006 0767
  0.1314134435E+006 0767
  0.1314704435E+006 0767
  0.1315369435E+006 0767
  0.1315939435E+006 0767
  0.1316509435E+006 0766
  0.1317174435E+006 0766
  0.1317744435E+006 0766
  0.1318314435E+006 0766
  0.1318979435E+006 0766
  0.1319549435E+006 0765
  0.1320119435E+006 0765
  0.1320784435E+006 0765
  0.1321354435E+006 0765
  0.1321924435E+006 0765
  0.1322589435E+006 0764
  0.1323159435E+006 0764
  0.1323729435E+006 0764
  0.1324299435E+006 0764
  0.1324964435E+006 0764
  0.1325534435E+006 0763
  0.1326104435E+006 0763
  0.1326769435E+006 0763
  0.1327339435E+006 0763
  0.1327909435E+006 0763
  0.1328574435E+006 0762
  0.1329144435E+006 0762
  0.1329714435E+006 0762
  0.1330379435E+006 0762
  0.1330949435E+006 0762
  0.1331519435E+006 0761
  0.1332184435E+006 0761
  0.1332754435E+006 0761
  0.1333324435E+006 0761
  0.1333989435E+006 0760
  0.1334559435E+006 0760
  0.1335129435E+006 0760
  0.1335699435E+006 0760
  0.1336364435E+006 0760
  0.1336934435E+006 0760
  0.1337504435E+006 0759
  0.1338169435E+006 0759
  0.1338739435E+006 0759
  0.1339309435E+006 0759
  0.1339974435E+006 0758
  0.1340544435E+006 0758
  0.1341114435E+006 0758
  0.1341779435E+006 0758
  0.1342349435E+006 0758
  0.1342919435E+006 0758
  0.1343584435E+006 0757
  0.1344154435E+006 0757
  0.1344724435E+006 0757
  0.1345389435E+006 0757
  0.1345959435E+006 0756
  0.1346529435E+006 0756
  0.1347099435E+006 0756
  0.1347764435E+006 0756
  0.1348334435E+006 0756
  0.1348904435E+006 0756
  0.1349569435E+006 0755
  0.1350139435E+006 0755
  0.1350709435E+006 0755
  0.1351374435E+006 0755
  0.1351944435E+006 0755
  0.1352514435E+006 0754
  0.1353179435E+006 0754
  0.1353749435E+006 0754
  0.1354319435E+006 0754
  0.1354984435E+006 0753
  0.1355554435E+006 0753
  0.1356124435E+006 0753
  0.1356789435E+006 0753
  0.1357359435E+006 0753
  0.1357929435E+006 0753
  0.1358499435E+006 0752
  0.1359164435E+006 0752
  0.1359734435E+006 0752
  0.1360304435E+006 0752
  0.1360969435E+006 0752
  0.1361539435E+006 0751
  0.1362109435E+006 0751
  0.1362774435E+006 0751
  0.1363344435E+006 0751
  0.1363914435E+006 0751
  0.1364579435E+006 0750
  0.1365149435E+006 0750
  0.1365719435E+006 0750
  0.1366384435E+006 0750
  0.1366954435E+006 0750
  0.1367524435E+006 0749
  0.1368189435E+006 0749
  0.1368759435E+006 0749
  0.1369329435E+006 0749
  0.1369899435E+006 0749
  0.1370564435E+006 0748
  0.1371134435E+006 0748
  0.1371704435E+006 0748
  0.1372369435E+006 0748
  0.1372939435E+006 0748
  0.1373509435E+006 0747
  0.1374174435E+006 0747
  0.1374744435E+006 0747
  0.1375314435E+006 0747
  0.1375979435E+006 0747
  0.1376549435E+006 0746
  0.1377119435E+006 0746
  0.1377784435E+006 0746
  0.1378354435E+006 0746
  0.1378924435E+006 0746
  0.1379589435E+006 0745
  0.1380159435E+006 0745
  0.1380729435E+006 0745
  0.1381299435E+006 0745
  0.1381964435E+006 0745
  0.1382534435E+006 0745
  0.1383104435E+006 0744
  0.1383769435E+006 0744
  0.1384339435E+006 0744
  0.1384909435E+006 0744
  0.1385574435E+006 0744
  0.1386144435E+006 0743
  0.1386714435E+006 0743
  0.1387379435E+006 0743
  0.1387949435E+006 0743
  0.1388519435E+006 0743
  0.1389184435E+006 0742
  0.1389754435E+006 0742
  0.1390324435E+006 0742
  0.1390989435E+006 0742
  0.1391559435E+006 0742
  0.1392129435E+006 0742
  0.1392699435E+006 0741
  0.1393364435E+006 0741
  0.1393934435E+006 0741
  0.1394504435E+006 0741
  0.1395169435E+006 0741
  0.1395739435E+006 0740
  0.1396309435E+006 0740
  0.1396974435E+006 0740
  0.1397544435E+006 0740
  0.1398114435E+006 0740
  0.1398779435E+006 0739
  0.1399349435E+006 0739
  0.1399919435E+006 0739
  0.1400584435E+006 0739
  0.1401154435E+006 0739
  0.1401724435E+006 0739
  0.1402389435E+006 0738
  0.1402959435E+006 0738
  0.1403529435E+006 0738
  0.1404099435E+006 0738
  0.1404764435E+006 0738
  0.1405334435E+006 0737
  0.1405904435E+006 0737
  0.1406569435E+006 0737
  0.1407139435E+006 0737
  0.1407709435E+006 0737
  0.1408374435E+006 0737
  0.1408944435E+006 0736
  0.1409514435E+006 0736
  0.1410179435E+006 0736
  0.1410749435E+006 0736
  0.1411319435E+006 0736
  0.1411984435E+006 0736
  0.1412554435E+006 0735
  0.1413124435E+006 0735
  0.1413789435E+006 0735
  0.1414359435E+006 0735
  0.1414929435E+006 0735
  0.1415499435E+006 0734
  0.1416164435E+006 0734
  0.1416734435E+006 0734
  0.1417304435E+006 0734
  0.1417969435E+006 0734
  0.1418539435E+006 0734
  0.1419109435E+006 0733
  0.1419774435E+006 0733
  0.1420344435E+006 0733
  0.1420914435E+006 0733
  0.1421579435E+006 0733
  0.1422149435E+006 0733
  0.1422719435E+006 0732
  0.1423384435E+006 0732
  0.1423954435E+006 0732
  0.1424524435E+006 0732
  0.1425189435E+006 0732
  0.1425759435E+006 0732
  0.1426329435E+006 0731
  0.1426899435E+006 0731
  0.1427564435E+006 0731
  0.1428134435E+006 0731
  0.1428704435E+006 0731
  0.1429369435E+006 0731
  0.1429939435E+006 0730
  0.1430509435E+006 0730
  0.1431174435E+006 0730
  0.1431744435E+006 0730
  0.1432314435E+006 0730
  0.1432979435E+006 0730
  0.1433549435E+006 0729
  0.1434119435E+006 0729
  0.1434784435E+006 0729
  0.1435354435E+006 0729
  0.1435924435E+006 0729
  0.1436589435E+006 0729
  0.1437159435E+006 0729
  0.1437729435E+006 0728
  0.1438299435E+006 0728
  0.1438964435E+006 0728
  0.1439534435E+006 0728
  0.1440104435E+006 0728
  0.1440769435E+006 0728
  0.1441339435E+006 0727
  0.1441909435E+006 0727
  0.1442574435E+006 0727
  0.1443144435E+006 0727
  0.1443714435E+006 0727
  0.1444379435E+006 0727
  0.1444949435E+006 0727
  0.1445519435E+006 0726
  0.1446184435E+006 0726
  0.1446754435E+006 0726
  0.1447324435E+006 0726
  0.1447989435E+006 0726
  0.1448559435E+006 0726
  0.1449129435E+006 0726
  0.1449699435E+006 0725
  0.1450364435E+006 0725
  0.1450934435E+006 0725
  0.1451504435E+006 0725
  0.1452169435E+006 0725
  0.1452739435E+006 0725
  0.1453309435E+006 0724
  0.1453974435E+006 0724
  0.1454544435E+006 0724
  0.1455114435E+006 0724
  0.1455779435E+006 0724
  0.1456349435E+006 0724
  0.1456919435E+006 0724
  0.1457584435E+006 0723
  0.1458154435E+006 0723
  0.1458724435E+006 0723
  0.1459389435E+006 0723
  0.1459959435E+006 0723
  0.1460529435E+006 0723
  0.1461099435E+006 0723
  0.1461764435E+006 0722
  0.1462334435E+006 0722
  0.1462904435E+006 0722
  0.1463569435E+006 0722
  0.1464139435E+006 0722
  0.1464709435E+006 0722
  0.1465374435E+006 0722
  0.1465944435E+006 0722
  0.1466514435E+006 0721
  0.1467179435E+006 0721
  0.1467749435E+006 0721
  0.1468319435E+006 0721
  0.1468984435E+006 0721
  0.1469554435E+006 0721
  0.1470124435E+006 0721
  0.1470789435E+006 0720
  0.1471359435E+006 0720
  0.1471929435E+006 0720
  0.1472499435E+006 0720
  0.1473164435E+006 0720
  0.1473734435E+006 0720
  0.1474304435E+006 0720
  0.1474969435E+006 0719
  0.1475539435E+006 0719
  0.1476109435E+006 0719
  0.1476774435E+006 0719
  0.1477344435E+006 0719
  0.1477914435E+006 0719
  0.1478579435E+006 0719
  0.1479149435E+006 0719
  0.1479719435E+006 0718
  0.1480384435E+006 0718
  0.1480954435E+006 0718
  0.1481524435E+006 0718
  0.1482189435E+006 0718
  0.1482759435E+006 0718
  0.1483329435E+006 0718
  0.1483899435E+006 0717
  0.1484564435E+006 0717
  0.1485134435E+006 0717
  0.1485704435E+006 0717
  0.1486369435E+006 0717
  0.1486939435E+006 0717
  0.1487509435E+006 0717
  0.1488174435E+006 0717
  0.1488744435E+006 0716
  0.1489314435E+006 0716
  0.1489979435E+006 0716
  0.1490549435E+006 0716
  0.1491119435E+006 0716
  0.1491784435E+006 0716
  0.1492354435E+006 0716
  0.1492924435E+006 0716
  0.1493589435E+006 0715
  0.1494159435E+006 0715
  0.1494729435E+006 0715
  0.1495299435E+006 0715
  0.1495964435E+006 0715
  0.1496534435E+006 0715
  0.1497104435E+006 0715
  0.1497769435E+006 0714
  0.1498339435E+006 0714
  0.1498909435E+006 0714
  0.1499574435E+006 0714
  0.1500144435E+006 0714
  0.1500714435E+006 0714
  0.1501379435E+006 0714
  0.1501949435E+006 0714
  0.1502519435E+006 0713
  0.1503184435E+006 0713
  0.1503754435E+006 0713
  0.1504324435E+006 0713
  0.1504989435E+006 0713
  0.1505559435E+006 0713
  0.1506129435E+006 0713
  0.1506699435E+006 0713
  0.1507364435E+006 0712
  0.1507934435E+006 0712
  0.1508504435E+006 0712
  0.1509169435E+006 0712
  0.1509739435E+006 0712
  0.1510309435E+006 0712
  0.1510974435E+006 0712
  0.1511544435E+006 0711
  0.1512114435E+006 0711
  0.1512779435E+006 0711
  0.1513349435E+006 0711
  0.1513919435E+006 0711
  0.1514584435E+006 0711
  0.1515154435E+006 0711
  0.1515724435E+006 0711
  0.1516389435E+006 0710
  0.1516959435E+006 0710
  0.1517529435E+006 0710
  0.1518099435E+006 0710
  0.1518764435E+006 0710
  0.1519334435E+006 0710
  0.1519904435E+006 0710
  0.1520569435E+006 0709
  0.1521139435E+006 0709
  0.1521709435E+006 0709
  0.1522374435E+006 0709
  0.1522944435E+006 0709
  0.1523514435E+006 0709
  0.1524179435E+006 0709
  0.1524749435E+006 0709
  0.1525319435E+006 0708
  0.1525984435E+006 0708
  0.1526554435E+006 0708
  0.1527124435E+006 0708
  0.1527789435E+006 0708
  0.1528359435E+006 0708
  0.1528929435E+006 0708
  0.1529499435E+006 0707
  0.1530164435E+006 0707
  0.1530734435E+006 0707
  0.1531304435E+006 0707
  0.1531969435E+006 0707
  0.1532539435E+006 0707
  0.1533109435E+006 0707
  0.1533774435E+006 0706
  0.1534344435E+006 0706
  0.1534914435E+006 0706
  0.1535579435E+006 0706
  0.1536149435E+006 0706
  0.1536719435E+006 0706
  0.1537384435E+006 0706
  0.1537954435E+006 0706
  0.1538524435E+006 0705
  0.1539189435E+006 0705
  0.1539759435E+006 0705
  0.1540329435E+006 0705
  0.1540899435E+006 0705
  0.1541564435E+006 0705
  0.1542134435E+006 0705
  0.1542704435E+006 0704
  0.1543369435E+006 0704
  0.1543939435E+006 0704
  0.1544509435E+006 0704
  0.1545174435E+006 0704
  0.1545744435E+006 0704
  0.1546314435E+006 0704
  0.1546979435E+006 0704
  0.1547549435E+006 0703
  0.1548119435E+006 0703
  0.1548784435E+006 0703
  0.1549354435E+006 0703
  0.1549924435E+006 0703
  0.1550589435E+006 0703
  0.1551159435E+006 0703
  0.1551729435E+006 0702
  0.1552299435E+006 0702
  0.1552964435E+006 0702
  0.1553534435E+006 0702
  0.1554104435E+006 0702
  0.1554769435E+006 0702
  0.1555339435E+006 0702
  0.1555909435E+006 0702
  0.1556574435E+006 0701
  0.1557144435E+006 0701
  0.1557714435E+006 0701
  0.1558379435E+006 0701
  0.1558949435E+006 0701
  0.1559519435E+006 0701
  0.1560184435E+006 0701
  0.1560754435E+006 0700
  0.1561324435E+006 0700
  0.1561989435E+006 0700
  0.1562559435E+006 0700
  0.1563129435E+006 0700
  0.1563699435E+006 0700
  0.1564364435E+006 0700
  0.1564934435E+006 0700
  0.1565504435E+006 0699
  0.1566169435E+006 0699
  0.1566739435E+006 0699
  0.1567309435E+006 0699
  0.1567974435E+006 0699
  0.1568544435E+006 0699
  0.1569114435E+006 0699
  0.1569779435E+006 0698
  0.1570349435E+006 0698
  0.1570919435E+006 0698
  0.1571584435E+006 0698
  0.1572154435E+006 0698
  0.1572724435E+006 0698
  0.1573389435E+006 0698
  0.1573959435E+006 0698
  0.1574529435E+006 0697
  0.1575099435E+006 0697
  0.1575764435E+006 0697
  0.1576334435E+006 0697
  0.1576904435E+006 0697
  0.1577569435E+006 0697
  0.1578139435E+006 0697
  0.1578709435E+006 0696
  0.1579374435E+006 0696
  0.1579944435E+006 0696
  0.1580514435E+006 0696
  0.1581179435E+006 0696
  0.1581749435E+006 0696
  0.1582319435E+006 0696
  0.1582984435E+006 0696
  0.1583554435E+006 0695
  0.1584124435E+006 0695
  0.1584789435E+006 0695
  0.1585359435E+006 0695
  0.1585929435E+006 0695
  0.1586499435E+006 0695
  0.1587164435E+006 0695
  0.1587734435E+006 0695
  0.1588304435E+006 0694
  0.1588969435E+006 0694
  0.1589539435E+006 0694
  0.1590109435E+006 0694
  0.1590774435E+006 0694
  0.1591344435E+006 0694
  0.1591914435E+006 0694
  0.1592579435E+006 0693
  0.1593149435E+006 0693
  0.1593719435E+006 0693
  0.1594384435E+006 0693
  0.1594954435E+006 0693
  0.1595524435E+006 0693
  0.1596189435E+006 0693
  0.1596759435E+006 0693
  0.1597329435E+006 0692
  0.1597899435E+006 0692
  0.1598564435E+006 0692
  0.1599134435E+006 0692
  0.1599704435E+006 0692
  0.1600369435E+006 0692
  0.1600939435E+006 0692
  0.1601509435E+006 0692
  0.1602174435E+006 0691
  0.1602744435E+006 0691
  0.1603314435E+006 0691
  0.1603979435E+006 0691
  0.1604549435E+006 0691
  0.1605119435E+006 0691
  0.1605784435E+006 0691
  0.1606354435E+006 0691
  0.1606924435E+006 0690
  0.1607589435E+006 0690
  0.1608159435E+006 0690
  0.1608729435E+006 0690
  0.1609299435E+006 0690
  0.1609964435E+006 0690
  0.1610534435E+006 0690
  0.1611104435E+006 0690
  0.1611769435E+006 0689
  0.1612339435E+006 0689
  0.1612909435E+006 0689
  0.1613574435E+006 0689
  0.1614144435E+006 0689
  0.1614714435E+006 0689
  0.1615379435E+006 0689
  0.1615949435E+006 0688
  0.1616519435E+006 0688
  0.1617184435E+006 0688
  0.1617754435E+006 0688
  0.1618324435E+006 0688
  0.1618989435E+006 0688
  0.1619559435E+006 0688
  0.1620129435E+006 0688
  0.1620699435E+006 0688
  0.1621364435E+006 0687
  0.1621934435E+006 0687
  0.1622504435E+006 0687
  0.1623169435E+006 0687
  0.1623739435E+006 0687
  0.1624309435E+006 0687
  0.1624974435E+006 0687
  0.1625544435E+006 0687
  0.1626114435E+006 0686
  0.1626779435E+006 0686
  0.1627349435E+006 0686
  0.1627919435E+006 0686
  0.1628584435E+006 0686
  0.1629154435E+006 0686
  0.1629724435E+006 0686
  0.1630389435E+006 0686
  0.1630959435E+006 0685
  0.1631529435E+006 0685
  0.1632099435E+006 0685
  0.1632764435E+006 0685
  0.1633334435E+006 0685
  0.1633904435E+006 0685
  0.1634569435E+006 0685
  0.1635139435E+006 0685
  0.1635709435E+006 0684
  0.1636374435E+006 0684
  0.1636944435E+006 0684
  0.1637514435E+006 0684
  0.1638179435E+006 0684
  0.1638749435E+006 0684
  0.1639319435E+006 0684
  0.1639984435E+006 0684
  0.1640554435E+006 0683
  0.1641124435E+006 0683
  0.1641789435E+006 0683
  0.1642359435E+006 0683
  0.1642929435E+006 0683
  0.1643499435E+006 0683
  0.1644164435E+006 0683
  0.1644734435E+006 0683
  0.1645304435E+006 0683
  0.1645969435E+006 0682
  0.1646539435E+006 0682
  0.1647109435E+006 0682
  0.1647774435E+006 0682
  0.1648344435E+006 0682
  0.1648914435E+006 0682
  0.1649579435E+006 0682
  0.1650149435E+006 0682
  0.1650719435E+006 0681
  0.1651384435E+006 0681
  0.1651954435E+006 0681
  0.1652524435E+006 0681
  0.1653189435E+006 0681
  0.1653759435E+006 0681
  0.1654329435E+006 0681
  0.1654899435E+006 0681
  0.1655564435E+006 0681
  0.1656134435E+006 0680
  0.1656704435E+006 0680
  0.1657369435E+006 0680
  0.1657939435E+006 0680
  0.1658509435E+006 0680
  0.1659174435E+006 0680
  0.1659744435E+006 0680
  0.1660314435E+006 0680
  0.1660979435E+006 0679
  0.1661549435E+006 0679
  0.1662119435E+006 0679
  0.1662784435E+006 0679
  0.1663354435E+006 0679
  0.1663924435E+006 0679
  0.1664589435E+006 0679
  0.1665159435E+006 0679
  0.1665729435E+006 0679
  0.1666299435E+006 0678
  0.1666964435E+006 0678
  0.1667534435E+006 0678
  0.1668104435E+006 0678
  0.1668769435E+006 0678
  0.1669339435E+006 0678
  0.1669909435E+006 0678
  0.1670574435E+006 0678
  0.1671144435E+006 0678
  0.1671714435E+006 0677
  0.1672379435E+006 0677
  0.1672949435E+006 0677
  0.1673519435E+006 0677
  0.1674184435E+006 0677
  0.1674754435E+006 0677
  0.1675324435E+006 0677
  0.1675989435E+006 0677
  0.1676559435E+006 0677
  0.1677129435E+006 0676
  0.1677699435E+006 0676
  0.1678364435E+006 0676
  0.1678934435E+006 0676
  0.1679504435E+006 0676
  0.1680169435E+006 0676
  0.1680739435E+006 0676
  0.1681309435E+006 0676
  0.1681974435E+006 0676
  0.1682544435E+006 0675
  0.1683114435E+006 0675
  0.1683779435E+006 0675
  0.1684349435E+006 0675
  0.1684919435E+006 0675
  0.1685584435E+006 0675
  0.1686154435E+006 0675
  0.1686724435E+006 0675
  0.1687389435E+006 0675
  0.1687959435E+006 0674
  0.1688529435E+006 0674
  0.1689099435E+006 0674
  0.1689764435E+006 0674
  0.1690334435E+006 0674
  0.1690904435E+006 0674
  0.1691569435E+006 0674
  0.1692139435E+006 0674
  0.1692709435E+006 0674
  0.1693374435E+006 0673
  0.1693944435E+006 0673
  0.1694514435E+006 0673
  0.1695179435E+006 0673
  0.1695749435E+006 0673
  0.1696319435E+006 0673
  0.1696984435E+006 0673
  0.1697554435E+006 0673
  0.1698124435E+006 0673
  0.1698789435E+006 0673
  0.1699359435E+006 0672
  0.1699929435E+006 0672
  0.1700499435E+006 0672
  0.1701164435E+006 0672
  0.1701734435E+006 0672
  0.1702304435E+006 0672
  0.1702969435E+006 0672
  0.1703539435E+006 0672
  0.1704109435E+006 0672
  0.1704774435E+006 0671
  0.1705344435E+006 0671
  0.1705914435E+006 0671
  0.1706579435E+006 0671
  0.1707149435E+006 0671
  0.1707719435E+006 0671
  0.1708384435E+006 0671
  0.1708954435E+006 0671
  0.1709524435E+006 0671
  0.1710189435E+006 0670
  0.1710759435E+006 0670
  0.1711329435E+006 0670
  0.1711899435E+006 0670
  0.1712564435E+006 0670
  0.1713134435E+006 0670
  0.1713704435E+006 0670
  0.1714369435E+006 0670
  0.1714939435E+006 0670
  0.1715509435E+006 0670
  0.1716174435E+006 0669
  0.1716744435E+006 0669
  0.1717314435E+006 0669
  0.1717979435E+006 0669
  0.1718549435E+006 0669
  0.1719119435E+006 0669
  0.1719784435E+006 0669
  0.1720354435E+006 0669
  0.1720924435E+006 0669
  0.1721589435E+006 0669
  0.1722159435E+006 0668
  0.1722729435E+006 0668
  0.1723299435E+006 0668
  0.1723964435E+006 0668
  0.1724534435E+006 0668
  0.1725104435E+006 0668
  0.1725769435E+006 0668
  0.1726339435E+006 0668
  0.1726909435E+006 0668
  0.1727574435E+006 0668
  0.1728000000E+006 0667
