 0001  0.9994382582338477E+000
 0002  0.9994382582338477E+000
 0003  0.9994417108633119E+000
 0004  0.9994417108633119E+000
 0005  0.9994417108633119E+000
 0006  0.9994455097869122E+000
 0007  0.9994455097869122E+000
 0008  0.9994455097869122E+000
 0009  0.9994455097869122E+000
 0010  0.9994493020389608E+000
 0011  0.9994493020389608E+000
 0012  0.9994493020389608E+000
 0013  0.9994534845706194E+000
 0014  0.9994534845706194E+000
 0015  0.9994580119296104E+000
 0016  0.9994580119296104E+000
 0017  0.9994580119296104E+000
 0018  0.9994624929546249E+000
 0019  0.9994624929546249E+000
 0020  0.9994624929546249E+000
 0021  0.9994673882360743E+000
 0022  0.9994673882360743E+000
 0023  0.9994726346874793E+000
 0024  0.9994726346874793E+000
 0025  0.9994726346874793E+000
 0026  0.9994778418299137E+000
 0027  0.9994778418299137E+000
 0028  0.9994834354707616E+000
 0029  0.9994834354707616E+000
 0030  0.9994834354707616E+000
 0031  0.9994889986632718E+000
 0032  0.9994889986632718E+000
 0033  0.9994949882171082E+000
 0034  0.9994949882171082E+000
 0035  0.9995013687071687E+000
 0036  0.9995013687071687E+000
 0037  0.9995076010301912E+000
 0038  0.9995076010301912E+000
 0039  0.9995142646809986E+000
 0040  0.9995142646809986E+000
 0041  0.9995213577791270E+000
 0042  0.9995213577791270E+000
 0043  0.9995282861621118E+000
 0044  0.9995282861621118E+000
 0045  0.9995356883172712E+000
 0046  0.9995356883172712E+000
 0047  0.9995435239502288E+000
 0048  0.9995435239502288E+000
 0049  0.9995511776249804E+000
 0050  0.9995511776249804E+000
 0051  0.9995593187826416E+000
 0052  0.9995676865972859E+000
 0053  0.9995676865972859E+000
 0054  0.9995765166968135E+000
 0055  0.9995765166968135E+000
 0056  0.9995851417447419E+000
 0057  0.9995851417447419E+000
 0058  0.9995942866817441E+000
 0059  0.9996036018991450E+000
 0060  0.9996036018991450E+000
 0061  0.9996127007995931E+000
 0062  0.9996219621637992E+000
 0063  0.9996219621637992E+000
 0064  0.9996317172853757E+000
 0065  0.9996317172853757E+000
 0066  0.9996419585132423E+000
 0067  0.9996515392836604E+000
 0068  0.9996515392836604E+000
 0069  0.9996616610906168E+000
 0070  0.9996718315766208E+000
 0071  0.9996718315766208E+000
 0072  0.9996825089901186E+000
 0073  0.9996924334354954E+000
 0074  0.9996924334354954E+000
 0075  0.9997029009625188E+000
 0076  0.9997133065911048E+000
 0077  0.9997236027393736E+000
 0078  0.9997236027393736E+000
 0079  0.9997343094128496E+000
 0080  0.9997447858157835E+000
 0081  0.9997447858157835E+000
 0082  0.9997550189368417E+000
 0083  0.9997650581540602E+000
 0084  0.9997748769012262E+000
 0085  0.9997748769012262E+000
 0086  0.9997850781316076E+000
 0087  0.9997949536485020E+000
 0088  0.9998047679398798E+000
 0089  0.9998047679398798E+000
 0090  0.9998145919464912E+000
 0091  0.9998237525063048E+000
 0092  0.9998323318097376E+000
 0093  0.9998403983617005E+000
 0094  0.9998480098001363E+000
 0095  0.9998480098001363E+000
 0096  0.9998558278055593E+000
 0097  0.9998632094296598E+000
 0098  0.9998702016350407E+000
 0099  0.9998768448860897E+000
 0100  0.9998889051033021E+000
 0101  0.9998943683889342E+000
 0102  0.9998995808292612E+000
 0103  0.9999045526645749E+000
 0104  0.9999092938069229E+000
 0105  0.9999138138440693E+000
 0106  0.9999181220439407E+000
 0107  0.9999222299682170E+000
 0108  0.9999261455184364E+000
 0109  0.9999298764226454E+000
 0110  0.9999335357425986E+000
 0111  0.9999400239118813E+000
 0112  0.9999429059814383E+000
 0113  0.9999456551757834E+000
 0114  0.9999482784040993E+000
 0115  0.9999507808725265E+000
 0116  0.9999531676198457E+000
 0117  0.9999554435182925E+000
 0118  0.9999576669368523E+000
 0119  0.9999597781540186E+000
 0120  0.9999617829290766E+000
 0121  0.9999653606133718E+000
 0122  0.9999669593027468E+000
 0123  0.9999684864975972E+000
 0124  0.9999699451789625E+000
 0125  0.9999713382209962E+000
 0126  0.9999726968629504E+000
 0127  0.9999739903390272E+000
 0128  0.9999752217763221E+000
 0129  0.9999763941517019E+000
 0130  0.9999784981985069E+000
 0131  0.9999794434340550E+000
 0132  0.9999803479448317E+000
 0133  0.9999812294326522E+000
 0134  0.9999820705949252E+000
 0135  0.9999828732783004E+000
 0136  0.9999836392441820E+000
 0137  0.9999843701725971E+000
 0138  0.9999850677800960E+000
 0139  0.9999863366965428E+000
 0140  0.9999869135961356E+000
 0141  0.9999874654075619E+000
 0142  0.9999879932866516E+000
 0143  0.9999884982606747E+000
 0144  0.9999889813130063E+000
 0145  0.9999894433852350E+000
 0146  0.9999898918390568E+000
 0147  0.9999907034771451E+000
 0148  0.9999910710210203E+000
 0149  0.9999914230651298E+000
 0150  0.9999917572844519E+000
 0151  0.9999920595350649E+000
 0152  0.9999922602788258E+000
 0153  0.9999923505812103E+000
 0154  0.9999919087291217E+000
 0155  0.9999910330934559E+000
 0156  0.9999893852089151E+000
 0157  0.9999850924589120E+000
 0158  0.9999789233840738E+000
 0159  0.9999696763460107E+000
 0160  0.9999568959010482E+000
 0161  0.9999197032506881E+000
 0162  0.9998858539953499E+000
 0163  0.9998454070461443E+000
 0164  0.9997978906441728E+000
 0165  0.9997427546676932E+000
 0166  0.9996781773793024E+000
 0167  0.9995904357233486E+000
 0168  0.9993886282430148E+000
 0169  0.9992723374811545E+000
 0170  0.9991433715412291E+000
 0171  0.9989817071350932E+000
 0172  0.9988049405455979E+000
 0173  0.9986124061228023E+000
 0174  0.9981888429769222E+000
 0175  0.9979537453672280E+000
 0176  0.9976645620142830E+000
 0177  0.9973524321085080E+000
 0178  0.9970083924104737E+000
 0179  0.9966286235567816E+000
 0180  0.9956211008958632E+000
 0181  0.9950455924517403E+000
 0182  0.9944080288081248E+000
 0183  0.9936935364061296E+000
 0184  0.9927850139654671E+000
 0185  0.9907588999425234E+000
 0186  0.9896266953167044E+000
 0187  0.9882409907463894E+000
 0188  0.9867505443539669E+000
 0189  0.9851540001197390E+000
 0190  0.9816909598133434E+000
 0191  0.9796473187288059E+000
 0192  0.9774884553976929E+000
 0193  0.9752152276814403E+000
 0194  0.9728284627705126E+000
 0195  0.9701123209630816E+000
 0196  0.9644808958015831E+000
 0197  0.9615608764277259E+000
 0198  0.9583140610447114E+000
 0199  0.9549666446574813E+000
 0200  0.9478961662805855E+000
 0201  0.9441857678431300E+000
 0202  0.9403851131719492E+000
 0203  0.9364969804983200E+000
 0204  0.9322991300290551E+000
 0205  0.9238497588334026E+000
 0206  0.9196011932593177E+000
 0207  0.9150633386177316E+000
 0208  0.9104612480435833E+000
 0209  0.9010599781393999E+000
 0210  0.8962724244174917E+000
 0211  0.8914336193295131E+000
 0212  0.8863461075108521E+000
 0213  0.8812230062763138E+000
 0214  0.8710677259329387E+000
 0215  0.8658483336735563E+000
 0216  0.8606042711186278E+000
 0217  0.8553345587684857E+000
 0218  0.8445766257468480E+000
 0219  0.8392758744056024E+000
 0220  0.8337894586708610E+000
 0221  0.8282980596556959E+000
 0222  0.8173408236417112E+000
 0223  0.8118791443845937E+000
 0224  0.8062646796591524E+000
 0225  0.7952606358149669E+000
 0226  0.7897245510912890E+000
 0227  0.7842002303136786E+000
 0228  0.7786887099107697E+000
 0229  0.7676330334950402E+000
 0230  0.7621002819226044E+000
 0231  0.7565897238889648E+000
 0232  0.7511008636199406E+000
 0233  0.7401398105799240E+000
 0234  0.7346770748626755E+000
 0235  0.7292433288258608E+000
 0236  0.7185337800149874E+000
 0237  0.7132573172639616E+000
 0238  0.7079099586044333E+000
 0239  0.6973904672328919E+000
 0240  0.6922178104466917E+000
 0241  0.6869885032165367E+000
 0242  0.6817964712566820E+000
 0243  0.6715975813105934E+000
 0244  0.6665897450219298E+000
 0245  0.6615373288119937E+000
 0246  0.6516247895275430E+000
 0247  0.6467628848545374E+000
 0248  0.6418659657241126E+000
 0249  0.6322670391289602E+000
 0250  0.6275631148044912E+000
 0251  0.6228321878992931E+000
 0252  0.6135647392951971E+000
 0253  0.6089680426110234E+000
 0254  0.5999690593637379E+000
 0255  0.5955647078429249E+000
 0256  0.5911457253588679E+000
 0257  0.5824984122818307E+000
 0258  0.5782202086130224E+000
 0259  0.5739813465377419E+000
 0260  0.5656447290423769E+000
 0261  0.5615475475572493E+000
 0262  0.5534941408828209E+000
 0263  0.5495381129364364E+000
 0264  0.5455814504963448E+000
 0265  0.5378486884652993E+000
 0266  0.5340357356718349E+000
 0267  0.5265839706841209E+000
 0268  0.5229114889244485E+000
 0269  0.5192745758830102E+000
 0270  0.5121082790470906E+000
 0271  0.5085803430767971E+000
 0272  0.5016880164947920E+000
 0273  0.4982959025536391E+000
 0274  0.4916204386506271E+000
 0275  0.4883607788141138E+000
 0276  0.4819469247301708E+000
 0277  0.4787933332157774E+000
 0278  0.4756501801798331E+000
 0279  0.4694914585215185E+000
 0280  0.4664749788804904E+000
 0281  0.4605461370639183E+000
 0282  0.4576338822478181E+000
 0283  0.4519122788096080E+000
 0284  0.4491028712503095E+000
 0285  0.4435856069635735E+000
 0286  0.4408778882488342E+000
 0287  0.4355629713441636E+000
 0288  0.4329557155561192E+000
 0289  0.4278287409105643E+000
 0290  0.4253094493318672E+000
 0291  0.4203692211954090E+000
 0292  0.4155925175657236E+000
 0293  0.4132421911801951E+000
 0294  0.4086347336864630E+000
 0295  0.4063771005530576E+000
 0296  0.4019366790124808E+000
 0297  0.3997614574406750E+000
 0298  0.3954851265402491E+000
 0299  0.3913402976786645E+000
 0300  0.3893043505408770E+000
 0301  0.3853100354094520E+000
 0302  0.3833512779155775E+000
 0303  0.3794991983290840E+000
 0304  0.3757680718964836E+000
 0305  0.3739344960998262E+000
 0306  0.3703308159731112E+000
 0307  0.3668410502339424E+000
 0308  0.3651268500743543E+000
 0309  0.3617589743380721E+000
 0310  0.3584857798571522E+000
 0311  0.3568787672498467E+000
 0312  0.3537202767840162E+000
 0313  0.3506548556014976E+000
 0314  0.3491480180112947E+000
 0315  0.3461855471612839E+000
 0316  0.3433077210007630E+000
 0317  0.3405106656675920E+000
 0318  0.3391358295633052E+000
 0319  0.3364329690391136E+000
 0320  0.3338047240157120E+000
 0321  0.3312483822180060E+000
 0322  0.3287614474693253E+000
 0323  0.3275384516790213E+000
 0324  0.3251312531515488E+000
 0325  0.3227889011102602E+000
 0326  0.3205088879007768E+000
 0327  0.3182884610040623E+000
 0328  0.3161254720320046E+000
 0329  0.3150609279050256E+000
 0330  0.3129642422267545E+000
 0331  0.3109212457506230E+000
 0332  0.3089300493361055E+000
 0333  0.3069886498625031E+000
 0334  0.3050956937506015E+000
 0335  0.3032494518454892E+000
 0336  0.3014483010425782E+000
 0337  0.2996976489973082E+000
 0338  0.2979998157798083E+000
 0339  0.2963526347127134E+000
 0340  0.2947540510064910E+000
 0341  0.2932021148340609E+000
 0342  0.2916949749030496E+000
 0343  0.2902308724850706E+000
 0344  0.2881193121140284E+000
 0345  0.2867653177530827E+000
 0346  0.2854484008185185E+000
 0347  0.2841671799474185E+000
 0348  0.2829203387093746E+000
 0349  0.2817066219418334E+000
 0350  0.2799515407737468E+000
 0351  0.2788232144481040E+000
 0352  0.2777237186118672E+000
 0353  0.2766520510595236E+000
 0354  0.2750997888407442E+000
 0355  0.2741002180149472E+000
 0356  0.2731250259015174E+000
 0357  0.2717107747337417E+000
 0358  0.2707989814829075E+000
 0359  0.2694755368836427E+000
 0360  0.2686215685304465E+000
 0361  0.2673810473378883E+000
 0362  0.2665799470567340E+000
 0363  0.2654153282831782E+000
 0364  0.2646626747541440E+000
 0365  0.2635676868852406E+000
 0366  0.2625143213168367E+000
 0367  0.2618327654657727E+000
 0368  0.2608400848437058E+000
 0369  0.2598838129343845E+000
 0370  0.2589621323817395E+000
 0371  0.2580733420048474E+000
 0372  0.2574971856484470E+000
 0373  0.2566564859624794E+000
 0374  0.2558448154756845E+000
 0375  0.2550608165862035E+000
 0376  0.2543032130595787E+000
 0377  0.2533338594412251E+000
 0378  0.2526358777611637E+000
 0379  0.2519604251040966E+000
 0380  0.2513065231585365E+000
 0381  0.2504680908896473E+000
 0382  0.2498631421902106E+000
 0383  0.2492767559740822E+000
 0384  0.2485237935361805E+000
 0385  0.2478032520815643E+000
 0386  0.2472823299542863E+000
 0387  0.2466124208775358E+000
 0388  0.2459702675835050E+000
 0389  0.2453543559297720E+000
 0390  0.2447632774586269E+000
 0391  0.2441957204044792E+000
 0392  0.2436504615986548E+000
 0393  0.2431263591693268E+000
 0394  0.2425001242630678E+000
 0395  0.2420209962629915E+000
 0396  0.2414478015583544E+000
 0397  0.2409021443038177E+000
 0398  0.2403823356747516E+000
 0399  0.2398868182748779E+000
 0400  0.2394141536580111E+000
 0401  0.2388757501551811E+000
 0402  0.2384496044360650E+000
 0403  0.2379635004888028E+000
 0404  0.2375036124266733E+000
 0405  0.2370681934513515E+000
 0406  0.2365893546900746E+000
 0407  0.2361399718644582E+000
 0408  0.2357178478964815E+000
 0409  0.2352665266496715E+000
 0410  0.2348460224996731E+000
 0411  0.2344538353853234E+000
 0412  0.2340438924824405E+000
 0413  0.2336242519227937E+000
 0414  0.2332390219636803E+000
 0415  0.2328513038085696E+000
 0416  0.2324673348875352E+000
 0417  0.2320925784643599E+000
 0418  0.2317075298627239E+000
 0419  0.2313459786247620E+000
 0420  0.2309918206697872E+000
 0421  0.2306388576225360E+000
 0422  0.2302894029251007E+000
 0423  0.2299523712127554E+000
 0424  0.2296110724626592E+000
 0425  0.2292773477554053E+000
 0426  0.2291870285891735E+000
 0427  0.2291870285891735E+000
 0428  0.2291870285891735E+000
 0429  0.2291870285891735E+000
 0430  0.2291870285891735E+000
 0431  0.2291870285891735E+000
 0432  0.2291870285891735E+000
 0433  0.2291870285891735E+000
 0434  0.2291870285891735E+000
 0435  0.2291870285891735E+000
 0436  0.2291870285891735E+000
 0437  0.2291870285891735E+000
 0438  0.2291870285891735E+000
 0439  0.2291870285891735E+000
 0440  0.2291870285891735E+000
 0441  0.2291870285891735E+000
 0442  0.2291870285891735E+000
 0443  0.2291870285891735E+000
 0444  0.2291870285891735E+000
 0445  0.2291870285891735E+000
 0446  0.2291870285891735E+000
 0447  0.2291870285891735E+000
 0448  0.2291870285891735E+000
 0449  0.2291870285891735E+000
 0450  0.2291870285891735E+000
 0451  0.2291870285891735E+000
 0452  0.2291870285891735E+000
 0453  0.2291870285891735E+000
 0454  0.2291870285891735E+000
 0455  0.2291870285891735E+000
 0456  0.2291870285891735E+000
 0457  0.2291870285891735E+000
 0458  0.2291870285891735E+000
 0459  0.2291870285891735E+000
 0460  0.2291870285891735E+000
 0461  0.2291870285891735E+000
 0462  0.2291870285891735E+000
 0463  0.2291870285891735E+000
 0464  0.2291870285891735E+000
 0465  0.2291870285891735E+000
 0466  0.2291870285891735E+000
 0467  0.2291870285891735E+000
 0468  0.2291870285891735E+000
 0469  0.2291870285891735E+000
 0470  0.2291870285891735E+000
 0471  0.2291870285891735E+000
 0472  0.2291870285891735E+000
 0473  0.2291870285891735E+000
 0474  0.2291870285891735E+000
 0475  0.2291870285891735E+000
 0476  0.2291870285891735E+000
 0477  0.2291870285891735E+000
 0478  0.2291870285891735E+000
 0479  0.2291870285891735E+000
 0480  0.2291870285891735E+000
 0481  0.2291870285891735E+000
 0482  0.2291870285891735E+000
 0483  0.2291870285891735E+000
 0484  0.2291870285891735E+000
 0485  0.2291870285891735E+000
 0486  0.2291870285891735E+000
 0487  0.2291870285891735E+000
 0488  0.2291870285891735E+000
 0489  0.2291870285891735E+000
 0490  0.2291870285891735E+000
 0491  0.2291870285891735E+000
 0492  0.2291870285891735E+000
 0493  0.2291870285891735E+000
 0494  0.2291870285891735E+000
 0495  0.2291870285891735E+000
 0496  0.2291870285891735E+000
 0497  0.2291870285891735E+000
 0498  0.2291870285891735E+000
 0499  0.2291870285891735E+000
 0500  0.2291870285891735E+000
 0501  0.2291870285891735E+000
 0502  0.2291870285891735E+000
 0503  0.2291870285891735E+000
 0504  0.2291870285891735E+000
 0505  0.2291870285891735E+000
 0506  0.2291870285891735E+000
 0507  0.2291870285891735E+000
 0508  0.2291870285891735E+000
 0509  0.2291870285891735E+000
 0510  0.2291870285891735E+000
 0511  0.2291870285891735E+000
 0512  0.2291870285891735E+000
 0513  0.2291870285891735E+000
 0514  0.2291870285891735E+000
 0515  0.2291870285891735E+000
 0516  0.2291870285891735E+000
 0517  0.2291870285891735E+000
 0518  0.2291870285891735E+000
 0519  0.2291870285891735E+000
 0520  0.2291870285891735E+000
 0521  0.2291870285891735E+000
 0522  0.2291870285891735E+000
 0523  0.2291870285891735E+000
 0524  0.2291870285891735E+000
 0525  0.2291870285891735E+000
 0526  0.2291870285891735E+000
 0527  0.2291870285891735E+000
 0528  0.2291870285891735E+000
 0529  0.2291870285891735E+000
 0530  0.2291870285891735E+000
 0531  0.2291870285891735E+000
 0532  0.2291870285891735E+000
 0533  0.2291870285891735E+000
 0534  0.2291870285891735E+000
 0535  0.2291870285891735E+000
 0536  0.2291870285891735E+000
 0537  0.2291870285891735E+000
 0538  0.2291870285891735E+000
 0539  0.2291870285891735E+000
 0540  0.2291870285891735E+000
 0541  0.2291870285891735E+000
 0542  0.2291870285891735E+000
 0543  0.2291870285891735E+000
 0544  0.2291870285891735E+000
 0545  0.2291870285891735E+000
 0546  0.2291870285891735E+000
 0547  0.2291870285891735E+000
 0548  0.2291870285891735E+000
 0549  0.2291870285891735E+000
 0550  0.2291870285891735E+000
 0551  0.2291870285891735E+000
 0552  0.2291870285891735E+000
 0553  0.2291870285891735E+000
 0554  0.2291870285891735E+000
 0555  0.2291870285891735E+000
 0556  0.2291870285891735E+000
 0557  0.2291870285891735E+000
 0558  0.2291870285891735E+000
 0559  0.2291870285891735E+000
 0560  0.2291870285891735E+000
 0561  0.2291870285891735E+000
 0562  0.2291870285891735E+000
 0563  0.2291870285891735E+000
 0564  0.2291870285891735E+000
 0565  0.2291870285891735E+000
 0566  0.2291870285891735E+000
 0567  0.2291870285891735E+000
 0568  0.2291870285891735E+000
 0569  0.2291870285891735E+000
 0570  0.2291870285891735E+000
 0571  0.2291870285891735E+000
 0572  0.2291870285891735E+000
 0573  0.2291870285891735E+000
 0574  0.2291870285891735E+000
 0575  0.2291870285891735E+000
 0576  0.2291870285891735E+000
 0577  0.2291870285891735E+000
 0578  0.2291870285891735E+000
 0579  0.2291870285891735E+000
 0580  0.2291870285891735E+000
 0581  0.2291870285891735E+000
 0582  0.2291870285891735E+000
 0583  0.2291870285891735E+000
 0584  0.2291870285891735E+000
 0585  0.2291870285891735E+000
 0586  0.2291870285891735E+000
 0587  0.2291870285891735E+000
 0588  0.2291870285891735E+000
 0589  0.2291870285891735E+000
 0590  0.2291870285891735E+000
 0591  0.2291870285891735E+000
 0592  0.2291870285891735E+000
 0593  0.2291870285891735E+000
 0594  0.2291870285891735E+000
 0595  0.2291870285891735E+000
 0596  0.2291870285891735E+000
 0597  0.2291870285891735E+000
 0598  0.2291870285891735E+000
 0599  0.2291870285891735E+000
 0600  0.2291870285891735E+000
 0601  0.2291870285891735E+000
 0602  0.2291870285891735E+000
 0603  0.2291870285891735E+000
 0604  0.2291870285891735E+000
 0605  0.2291870285891735E+000
 0606  0.2291870285891735E+000
 0607  0.2291870285891735E+000
 0608  0.2291870285891735E+000
 0609  0.2291870285891735E+000
 0610  0.2291870285891735E+000
 0611  0.2291870285891735E+000
 0612  0.2291870285891735E+000
 0613  0.2291870285891735E+000
 0614  0.2291870285891735E+000
 0615  0.2291870285891735E+000
 0616  0.2291870285891735E+000
 0617  0.2291870285891735E+000
 0618  0.2291870285891735E+000
 0619  0.2291870285891735E+000
 0620  0.2291870285891735E+000
 0621  0.2291870285891735E+000
 0622  0.2291870285891735E+000
 0623  0.2291870285891735E+000
 0624  0.2291870285891735E+000
 0625  0.2291870285891735E+000
 0626  0.2291870285891735E+000
 0627  0.2291870285891735E+000
 0628  0.2291870285891735E+000
 0629  0.2291870285891735E+000
 0630  0.2291870285891735E+000
 0631  0.2291870285891735E+000
 0632  0.2291870285891735E+000
 0633  0.2291870285891735E+000
 0634  0.2291870285891735E+000
 0635  0.2291870285891735E+000
 0636  0.2291870285891735E+000
 0637  0.2291870285891735E+000
 0638  0.2291870285891735E+000
 0639  0.2291870285891735E+000
 0640  0.2291870285891735E+000
 0641  0.2291870285891735E+000
 0642  0.2291870285891735E+000
 0643  0.2291870285891735E+000
 0644  0.2291870285891735E+000
 0645  0.2291870285891735E+000
 0646  0.2291870285891735E+000
 0647  0.2291870285891735E+000
 0648  0.2291870285891735E+000
 0649  0.2291870285891735E+000
 0650  0.2291870285891735E+000
 0651  0.2291870285891735E+000
 0652  0.2291870285891735E+000
 0653  0.2291870285891735E+000
 0654  0.2291870285891735E+000
 0655  0.2291870285891735E+000
 0656  0.2291870285891735E+000
 0657  0.2291870285891735E+000
 0658  0.2291870285891735E+000
 0659  0.2291870285891735E+000
 0660  0.2291870285891735E+000
 0661  0.2291870285891735E+000
 0662  0.2291870285891735E+000
 0663  0.2291870285891735E+000
 0664  0.2291870285891735E+000
 0665  0.2291870285891735E+000
 0666  0.2291870285891735E+000
 0667  0.2291870285891735E+000
 0668  0.2291870285891735E+000
 0669  0.2291870285891735E+000
 0670  0.2291870285891735E+000
 0671  0.2291870285891735E+000
 0672  0.2291870285891735E+000
 0673  0.2291870285891735E+000
 0674  0.2291870285891735E+000
 0675  0.2291870285891735E+000
 0676  0.2291870285891735E+000
 0677  0.2291870285891735E+000
 0678  0.2291870285891735E+000
 0679  0.2291870285891735E+000
 0680  0.2291870285891735E+000
 0681  0.2291870285891735E+000
 0682  0.2291870285891735E+000
 0683  0.2291870285891735E+000
 0684  0.2291870285891735E+000
 0685  0.2291870285891735E+000
 0686  0.2291870285891735E+000
 0687  0.2291870285891735E+000
 0688  0.2291870285891735E+000
 0689  0.2291870285891735E+000
 0690  0.2291870285891735E+000
 0691  0.2291870285891735E+000
 0692  0.2291870285891735E+000
 0693  0.2291870285891735E+000
 0694  0.2291870285891735E+000
 0695  0.2291870285891735E+000
 0696  0.2291870285891735E+000
 0697  0.2291870285891735E+000
 0698  0.2291870285891735E+000
 0699  0.2291870285891735E+000
 0700  0.2291870285891735E+000
 0701  0.2291870285891735E+000
 0702  0.2291870285891735E+000
 0703  0.2291870285891735E+000
 0704  0.2291870285891735E+000
 0705  0.2291870285891735E+000
 0706  0.2291870285891735E+000
 0707  0.2291870285891735E+000
 0708  0.2291870285891735E+000
 0709  0.2291870285891735E+000
 0710  0.2291870285891735E+000
 0711  0.2291870285891735E+000
 0712  0.2291870285891735E+000
 0713  0.2291870285891735E+000
 0714  0.2291870285891735E+000
 0715  0.2291870285891735E+000
 0716  0.2291870285891735E+000
 0717  0.2291870285891735E+000
 0718  0.2291870285891735E+000
 0719  0.2291870285891735E+000
 0720  0.2291870285891735E+000
 0721  0.2291870285891735E+000
 0722  0.2291870285891735E+000
 0723  0.2291870285891735E+000
 0724  0.2291870285891735E+000
 0725  0.2291870285891735E+000
 0726  0.2291870285891735E+000
 0727  0.2291870285891735E+000
 0728  0.2291870285891735E+000
 0729  0.2291870285891735E+000
 0730  0.2291870285891735E+000
 0731  0.2291870285891735E+000
 0732  0.2291870285891735E+000
 0733  0.2291870285891735E+000
 0734  0.2291870285891735E+000
 0735  0.2291870285891735E+000
 0736  0.2291870285891735E+000
 0737  0.2291870285891735E+000
 0738  0.2291870285891735E+000
 0739  0.2291870285891735E+000
 0740  0.2291870285891735E+000
 0741  0.2291870285891735E+000
 0742  0.2291870285891735E+000
 0743  0.2291870285891735E+000
 0744  0.2291870285891735E+000
 0745  0.2291870285891735E+000
 0746  0.2291870285891735E+000
 0747  0.2291870285891735E+000
 0748  0.2291870285891735E+000
 0749  0.2291870285891735E+000
 0750  0.2291870285891735E+000
 0751  0.2291870285891735E+000
 0752  0.2291870285891735E+000
 0753  0.2291870285891735E+000
 0754  0.2291870285891735E+000
 0755  0.2291870285891735E+000
 0756  0.2291870285891735E+000
 0757  0.2291870285891735E+000
 0758  0.2291870285891735E+000
 0759  0.2291870285891735E+000
 0760  0.2291870285891735E+000
 0761  0.2291870285891735E+000
 0762  0.2291870285891735E+000
 0763  0.2291870285891735E+000
 0764  0.2291870285891735E+000
 0765  0.2291870285891735E+000
 0766  0.2291870285891735E+000
 0767  0.2291870285891735E+000
 0768  0.2291870285891735E+000
 0769  0.2291870285891735E+000
 0770  0.2291870285891735E+000
 0771  0.2291870285891735E+000
 0772  0.2291870285891735E+000
 0773  0.2291870285891735E+000
 0774  0.2291870285891735E+000
 0775  0.2291870285891735E+000
 0776  0.2291870285891735E+000
 0777  0.2291870285891735E+000
 0778  0.2291870285891735E+000
 0779  0.2291870285891735E+000
 0780  0.2291870285891735E+000
 0781  0.2291870285891735E+000
 0782  0.2291870285891735E+000
 0783  0.2291870285891735E+000
 0784  0.2291870285891735E+000
 0785  0.2291870285891735E+000
 0786  0.2291870285891735E+000
 0787  0.2291870285891735E+000
 0788  0.2291870285891735E+000
 0789  0.2291870285891735E+000
 0790  0.2291870285891735E+000
 0791  0.2291870285891735E+000
 0792  0.2291870285891735E+000
 0793  0.2291870285891735E+000
 0794  0.2291870285891735E+000
 0795  0.2291870285891735E+000
 0796  0.2291870285891735E+000
 0797  0.2291870285891735E+000
 0798  0.2291870285891735E+000
 0799  0.2291870285891735E+000
 0800  0.2291870285891735E+000
 0801  0.2291870285891735E+000
 0802  0.2291870285891735E+000
 0803  0.2291870285891735E+000
 0804  0.2291870285891735E+000
 0805  0.2291870285891735E+000
 0806  0.2291870285891735E+000
 0807  0.2291870285891735E+000
 0808  0.2291870285891735E+000
 0809  0.2291870285891735E+000
 0810  0.2291870285891735E+000
 0811  0.2291870285891735E+000
 0812  0.2291870285891735E+000
 0813  0.2291870285891735E+000
 0814  0.2291870285891735E+000
 0815  0.2291870285891735E+000
 0816  0.2291870285891735E+000
 0817  0.2291870285891735E+000
 0818  0.2291870285891735E+000
 0819  0.2291870285891735E+000
 0820  0.2291870285891735E+000
 0821  0.2291870285891735E+000
 0822  0.2291870285891735E+000
 0823  0.2291870285891735E+000
 0824  0.2291870285891735E+000
 0825  0.2291870285891735E+000
 0826  0.2291870285891735E+000
 0827  0.2291870285891735E+000
 0828  0.2291870285891735E+000
 0829  0.2291870285891735E+000
 0830  0.2291870285891735E+000
 0831  0.2291870285891735E+000
 0832  0.2291870285891735E+000
 0833  0.2291870285891735E+000
 0834  0.2291870285891735E+000
 0835  0.2291870285891735E+000
 0836  0.2291870285891735E+000
 0837  0.2291870285891735E+000
 0838  0.2291870285891735E+000
 0839  0.2291870285891735E+000
 0840  0.2291870285891735E+000
 0841  0.2291870285891735E+000
 0842  0.2291870285891735E+000
 0843  0.2291870285891735E+000
 0844  0.2291870285891735E+000
 0845  0.2291870285891735E+000
 0846  0.2291870285891735E+000
 0847  0.2291870285891735E+000
 0848  0.2291870285891735E+000
 0849  0.2291870285891735E+000
 0850  0.2291870285891735E+000
 0851  0.2291870285891735E+000
 0852  0.2291870285891735E+000
 0853  0.2291870285891735E+000
 0854  0.2291870285891735E+000
 0855  0.2291870285891735E+000
 0856  0.2291870285891735E+000
 0857  0.2291870285891735E+000
 0858  0.2291870285891735E+000
 0859  0.2291870285891735E+000
 0860  0.2291870285891735E+000
 0861  0.2291870285891735E+000
 0862  0.2291870285891735E+000
 0863  0.2291870285891735E+000
 0864  0.2291870285891735E+000
 0865  0.2291870285891735E+000
 0866  0.2291870285891735E+000
 0867  0.2291870285891735E+000
 0868  0.2291870285891735E+000
 0869  0.2291870285891735E+000
 0870  0.2291870285891735E+000
 0871  0.2291870285891735E+000
 0872  0.2291870285891735E+000
 0873  0.2291870285891735E+000
 0874  0.2291870285891735E+000
 0875  0.2291870285891735E+000
 0876  0.2291870285891735E+000
 0877  0.2291870285891735E+000
 0878  0.2291870285891735E+000
 0879  0.2291870285891735E+000
 0880  0.2291870285891735E+000
 0881  0.2291870285891735E+000
 0882  0.2291870285891735E+000
 0883  0.2291870285891735E+000
 0884  0.2291870285891735E+000
 0885  0.2291870285891735E+000
 0886  0.2291870285891735E+000
 0887  0.2291870285891735E+000
 0888  0.2291870285891735E+000
 0889  0.2291870285891735E+000
 0890  0.2291870285891735E+000
 0891  0.2291870285891735E+000
 0892  0.2291870285891735E+000
 0893  0.2291870285891735E+000
 0894  0.2291870285891735E+000
 0895  0.2291870285891735E+000
 0896  0.2291870285891735E+000
 0897  0.2291870285891735E+000
 0898  0.2291870285891735E+000
 0899  0.2291870285891735E+000
 0900  0.2291870285891735E+000
 0901  0.2291870285891735E+000
 0902  0.2291870285891735E+000
 0903  0.2291870285891735E+000
 0904  0.2291870285891735E+000
 0905  0.2291870285891735E+000
 0906  0.2291870285891735E+000
 0907  0.2291870285891735E+000
 0908  0.2291870285891735E+000
 0909  0.2291870285891735E+000
 0910  0.2291870285891735E+000
 0911  0.2291870285891735E+000
 0912  0.2291870285891735E+000
 0913  0.2291870285891735E+000
 0914  0.2291870285891735E+000
 0915  0.2291870285891735E+000
 0916  0.2291870285891735E+000
 0917  0.2291870285891735E+000
 0918  0.2291870285891735E+000
 0919  0.2291870285891735E+000
 0920  0.2291870285891735E+000
 0921  0.2291870285891735E+000
 0922  0.2291870285891735E+000
 0923  0.2291870285891735E+000
 0924  0.2291870285891735E+000
 0925  0.2291870285891735E+000
 0926  0.2291870285891735E+000
 0927  0.2291870285891735E+000
 0928  0.2291870285891735E+000
 0929  0.2291870285891735E+000
 0930  0.2291870285891735E+000
 0931  0.2291870285891735E+000
 0932  0.2291870285891735E+000
 0933  0.2291870285891735E+000
 0934  0.2291870285891735E+000
 0935  0.2291870285891735E+000
 0936  0.2291870285891735E+000
 0937  0.2291870285891735E+000
 0938  0.2291870285891735E+000
 0939  0.2291870285891735E+000
 0940  0.2291870285891735E+000
 0941  0.2291870285891735E+000
 0942  0.2291870285891735E+000
 0943  0.2291870285891735E+000
 0944  0.2291870285891735E+000
 0945  0.2291870285891735E+000
 0946  0.2291870285891735E+000
 0947  0.2291870285891735E+000
 0948  0.2291870285891735E+000
 0949  0.2291870285891735E+000
 0950  0.2291870285891735E+000
 0951  0.2291870285891735E+000
 0952  0.2291870285891735E+000
 0953  0.2291870285891735E+000
 0954  0.2291870285891735E+000
 0955  0.2291870285891735E+000
 0956  0.2291870285891735E+000
 0957  0.2291870285891735E+000
 0958  0.2291870285891735E+000
 0959  0.2291870285891735E+000
 0960  0.2291870285891735E+000
 0961  0.2291870285891735E+000
 0962  0.2291870285891735E+000
 0963  0.2291870285891735E+000
 0964  0.2291870285891735E+000
 0965  0.2291870285891735E+000
 0966  0.2291870285891735E+000
 0967  0.2291870285891735E+000
 0968  0.2291870285891735E+000
 0969  0.2291870285891735E+000
 0970  0.2291870285891735E+000
 0971  0.2291870285891735E+000
 0972  0.2291870285891735E+000
 0973  0.2291870285891735E+000
 0974  0.2291870285891735E+000
 0975  0.2291870285891735E+000
 0976  0.2291870285891735E+000
 0977  0.2291870285891735E+000
 0978  0.2291870285891735E+000
 0979  0.2291870285891735E+000
 0980  0.2291870285891735E+000
 0981  0.2291870285891735E+000
 0982  0.2291870285891735E+000
 0983  0.2291870285891735E+000
 0984  0.2291870285891735E+000
 0985  0.2291870285891735E+000
 0986  0.2291870285891735E+000
 0987  0.2291870285891735E+000
 0988  0.2291870285891735E+000
 0989  0.2291870285891735E+000
 0990  0.2291870285891735E+000
 0991  0.2291870285891735E+000
 0992  0.2291870285891735E+000
 0993  0.2291870285891735E+000
 0994  0.2291870285891735E+000
 0995  0.2291870285891735E+000
 0996  0.2291870285891735E+000
 0997  0.2291870285891735E+000
 0998  0.2291870285891735E+000
 0999  0.2291870285891735E+000
 1000  0.2291870285891735E+000
