 0061   0.100024E+00   0.334080E+09   0.333999E+10   0.150047E+10   0.917151E+14
 0062   0.104222E+00   0.346113E+09   0.286613E+10   0.154674E+10   0.865665E+14
 0063   0.111718E+00   0.361546E+09   0.205897E+10   0.153834E+10   0.816861E+14
 0064   0.120006E+00   0.377943E+09   0.197836E+10   0.152302E+10   0.771059E+14
 0065   0.128600E+00   0.394896E+09   0.197277E+10   0.150799E+10   0.728106E+14
 0066   0.137350E+00   0.412256E+09   0.198410E+10   0.149929E+10   0.687810E+14
 0067   0.146684E+00   0.430469E+09   0.195114E+10   0.148846E+10   0.649959E+14
 0068   0.156766E+00   0.449675E+09   0.190503E+10   0.147561E+10   0.614396E+14
 0069   0.167046E+00   0.469483E+09   0.192686E+10   0.146503E+10   0.581023E+14
 0070   0.178085E+00   0.490289E+09   0.188468E+10   0.145466E+10   0.549670E+14
 0071   0.189491E+00   0.511934E+09   0.189776E+10   0.144270E+10   0.520243E+14
 0072   0.201296E+00   0.534298E+09   0.189442E+10   0.145480E+10   0.492623E+14
 0073   0.214094E+00   0.559118E+09   0.193927E+10   0.147826E+10   0.466749E+14
 0074   0.230058E+00   0.588950E+09   0.186871E+10   0.144605E+10   0.442619E+14
 0075   0.245231E+00   0.618160E+09   0.192523E+10   0.142784E+10   0.420292E+14
 0076   0.261785E+00   0.648424E+09   0.182816E+10   0.140785E+10   0.399516E+14
 0077   0.278152E+00   0.678795E+09   0.185564E+10   0.139376E+10   0.380177E+14
 0078   0.295970E+00   0.710495E+09   0.177913E+10   0.137333E+10   0.362095E+14
 0079   0.313737E+00   0.742314E+09   0.179090E+10   0.135693E+10   0.345183E+14
 0080   0.332377E+00   0.774929E+09   0.174970E+10   0.134027E+10   0.329309E+14
 0081   0.351508E+00   0.808109E+09   0.173436E+10   0.132344E+10   0.314386E+14
 0082   0.371517E+00   0.842063E+09   0.169694E+10   0.130523E+10   0.300325E+14
 0083   0.391957E+00   0.876415E+09   0.168061E+10   0.128802E+10   0.287053E+14
 0084   0.412876E+00   0.911211E+09   0.166334E+10   0.127508E+10   0.274502E+14
 0085   0.434132E+00   0.946675E+09   0.166844E+10   0.125999E+10   0.262614E+14
 0086   0.456714E+00   0.983076E+09   0.161198E+10   0.124508E+10   0.251330E+14
 0087   0.479894E+00   0.102025E+10   0.160350E+10   0.122849E+10   0.240610E+14
 0088   0.503397E+00   0.105772E+10   0.159461E+10   0.121318E+10   0.230414E+14
 0089   0.528054E+00   0.109598E+10   0.155163E+10   0.119794E+10   0.220694E+14
 0090   0.552665E+00   0.113446E+10   0.156363E+10   0.118553E+10   0.211424E+14
 0091   0.578369E+00   0.117380E+10   0.153044E+10   0.117252E+10   0.202564E+14
 0092   0.604713E+00   0.121376E+10   0.151678E+10   0.115927E+10   0.194091E+14
 0093   0.631960E+00   0.125443E+10   0.149271E+10   0.114612E+10   0.185975E+14
 0094   0.660013E+00   0.129573E+10   0.147219E+10   0.113384E+10   0.178195E+14
 0095   0.688702E+00   0.133768E+10   0.146201E+10   0.112111E+10   0.170729E+14
 0096   0.719522E+00   0.138095E+10   0.140410E+10   0.110763E+10   0.163551E+14
 0097   0.749797E+00   0.142434E+10   0.143326E+10   0.109777E+10   0.156656E+14
 0098   0.782633E+00   0.146949E+10   0.137485E+10   0.108256E+10   0.150017E+14
 0099   0.815079E+00   0.151458E+10   0.138982E+10   0.107206E+10   0.143629E+14
 0100   0.848363E+00   0.156044E+10   0.137763E+10   0.106036E+10   0.137475E+14
 0101   0.883430E+00   0.160673E+10   0.132010E+10   0.104633E+10   0.131672E+14
 0102   0.917337E+00   0.165167E+10   0.132563E+10   0.103558E+10   0.126236E+14
 0103   0.951138E+00   0.169586E+10   0.130711E+10   0.102629E+10   0.121130E+14
 0104   0.986338E+00   0.174024E+10   0.126089E+10   0.101537E+10   0.116320E+14
 0105   0.102008E+01   0.178346E+10   0.128084E+10   0.100653E+10   0.111786E+14
 0106   0.105468E+01   0.182659E+10   0.124671E+10   0.997694E+09   0.107499E+14
 0107   0.108910E+01   0.186921E+10   0.123819E+10   0.987800E+09   0.103443E+14
 0108   0.112358E+01   0.191131E+10   0.122109E+10   0.979312E+09   0.995975E+13
 0109   0.115658E+01   0.195226E+10   0.124083E+10   0.974408E+09   0.959477E+13
 0110   0.119140E+01   0.199376E+10   0.119170E+10   0.965228E+09   0.924754E+13
 0111   0.122625E+01   0.203478E+10   0.117700E+10   0.956794E+09   0.891696E+13
 0112   0.126054E+01   0.207523E+10   0.117975E+10   0.949426E+09   0.860188E+13
 0113   0.129314E+01   0.211442E+10   0.120212E+10   0.945271E+09   0.830131E+13
 0114   0.132939E+01   0.215496E+10   0.111844E+10   0.934455E+09   0.801381E+13
 0115   0.136146E+01   0.219315E+10   0.119070E+10   0.933471E+09   0.773913E+13
 0116   0.139633E+01   0.223254E+10   0.112950E+10   0.925971E+09   0.747594E+13
 0117   0.143038E+01   0.227123E+10   0.113639E+10   0.920541E+09   0.722381E+13
 0118   0.146447E+01   0.230966E+10   0.112755E+10   0.915552E+09   0.698203E+13
 0119   0.150036E+01   0.234873E+10   0.108860E+10   0.906475E+09   0.674989E+13
 0120   0.153375E+01   0.238623E+10   0.112271E+10   0.902485E+09   0.652707E+13
 0121   0.156749E+01   0.242362E+10   0.110822E+10   0.898449E+09   0.631284E+13
 0122   0.160283E+01   0.246148E+10   0.107157E+10   0.891396E+09   0.610668E+13
 0123   0.163491E+01   0.249765E+10   0.112734E+10   0.890610E+09   0.590837E+13
 0124   0.167160E+01   0.253567E+10   0.103631E+10   0.881221E+09   0.571714E+13
 0125   0.170644E+01   0.257262E+10   0.106044E+10   0.875507E+09   0.553291E+13
 0126   0.173809E+01   0.260795E+10   0.111623E+10   0.876807E+09   0.535536E+13
 0127   0.177474E+01   0.264541E+10   0.102211E+10   0.867982E+09   0.518385E+13
 0128   0.180910E+01   0.268160E+10   0.105352E+10   0.864221E+09   0.501838E+13
 0129   0.184388E+01   0.271779E+10   0.104039E+10   0.859287E+09   0.485854E+13
 0130   0.187541E+01   0.275235E+10   0.109638E+10   0.860665E+09   0.470419E+13
 0131   0.191206E+01   0.278892E+10   0.997551E+09   0.852945E+09   0.455480E+13
 0132   0.194513E+01   0.282378E+10   0.105417E+10   0.851690E+09   0.441041E+13
 0133   0.197839E+01   0.285854E+10   0.104492E+10   0.850154E+09   0.427067E+13
 0134   0.201238E+01   0.289342E+10   0.102643E+10   0.847414E+09   0.413536E+13
 0135   0.205109E+01   0.293006E+10   0.946420E+09   0.835747E+09   0.400420E+13
 0136   0.208123E+01   0.296288E+10   0.108915E+10   0.841111E+09   0.387731E+13
 0137   0.211637E+01   0.299776E+10   0.992527E+09   0.836154E+09   0.375420E+13
 0138   0.215202E+01   0.303257E+10   0.976273E+09   0.830621E+09   0.363480E+13
 0139   0.218742E+01   0.306708E+10   0.974970E+09   0.825385E+09   0.351899E+13
 0140   0.221904E+01   0.309991E+10   0.103817E+10   0.827743E+09   0.340667E+13
 0141   0.225616E+01   0.313482E+10   0.940652E+09   0.819363E+09   0.329753E+13
 0142   0.228841E+01   0.316752E+10   0.101388E+10   0.821392E+09   0.319162E+13
 0143   0.232547E+01   0.320223E+10   0.936528E+09   0.812952E+09   0.308866E+13
 0144   0.235923E+01   0.323535E+10   0.980915E+09   0.810401E+09   0.298867E+13
 0145   0.239336E+01   0.326831E+10   0.965900E+09   0.808982E+09   0.289146E+13
 0146   0.242704E+01   0.330108E+10   0.973055E+09   0.808147E+09   0.279694E+13
 0147   0.246160E+01   0.333422E+10   0.958901E+09   0.804895E+09   0.270500E+13
 0148   0.249750E+01   0.336772E+10   0.932810E+09   0.800404E+09   0.261553E+13
 0149   0.252824E+01   0.339905E+10   0.101946E+10   0.805197E+09   0.252854E+13
 0150   0.256378E+01   0.343225E+10   0.934270E+09   0.800543E+09   0.244382E+13
 0151   0.260051E+01   0.346582E+10   0.913881E+09   0.793563E+09   0.236132E+13
 0152   0.263296E+01   0.349745E+10   0.974715E+09   0.795324E+09   0.228104E+13
 0153   0.267054E+01   0.353102E+10   0.893277E+09   0.787576E+09   0.220278E+13
 0154   0.270271E+01   0.356235E+10   0.973926E+09   0.789159E+09   0.212659E+13
 0155   0.273599E+01   0.359405E+10   0.952571E+09   0.788727E+09   0.205233E+13
 0156   0.277014E+01   0.362592E+10   0.933272E+09   0.787119E+09   0.197994E+13
 0157   0.280415E+01   0.365761E+10   0.931797E+09   0.785649E+09   0.190935E+13
 0158   0.283811E+01   0.368922E+10   0.930532E+09   0.784671E+09   0.184052E+13
 0159   0.287276E+01   0.372104E+10   0.918536E+09   0.781822E+09   0.177338E+13
 0160   0.290756E+01   0.375274E+10   0.910963E+09   0.778807E+09   0.170788E+13
 0161   0.294226E+01   0.378426E+10   0.908014E+09   0.776499E+09   0.164396E+13
 0162   0.297679E+01   0.381565E+10   0.909205E+09   0.775034E+09   0.158157E+13
 0163   0.301118E+01   0.384700E+10   0.911944E+09   0.773575E+09   0.155592E+13
 0164   0.304550E+01   0.387832E+10   0.912352E+09   0.771974E+09   0.153080E+13
 0165   0.307986E+01   0.390960E+10   0.910266E+09   0.770890E+09   0.147268E+13
 0166   0.311427E+01   0.394089E+10   0.909467E+09   0.769254E+09   0.144945E+13
 0167   0.314870E+01   0.397210E+10   0.906478E+09   0.767040E+09   0.142670E+13
 0168   0.318312E+01   0.400313E+10   0.901631E+09   0.765165E+09   0.140442E+13
 0169   0.321741E+01   0.403400E+10   0.900142E+09   0.764189E+09   0.138259E+13
 0170   0.325155E+01   0.406481E+10   0.902220E+09   0.763872E+09   0.136117E+13
 0171   0.328560E+01   0.409562E+10   0.905088E+09   0.762910E+09   0.134018E+13
 0172   0.331965E+01   0.412637E+10   0.902851E+09   0.761754E+09   0.131960E+13
 0173   0.335380E+01   0.415704E+10   0.898273E+09   0.760495E+09   0.129943E+13
 0174   0.338801E+01   0.418763E+10   0.894231E+09   0.759470E+09   0.127964E+13
 0175   0.342220E+01   0.421814E+10   0.892474E+09   0.758982E+09   0.126022E+13
 0176   0.345630E+01   0.424862E+10   0.893638E+09   0.758073E+09   0.124118E+13
 0177   0.349028E+01   0.427896E+10   0.892879E+09   0.757413E+09   0.122250E+13
 0178   0.352976E+01   0.431128E+10   0.818588E+09   0.747478E+09   0.120411E+13
 0179   0.356352E+01   0.434137E+10   0.891471E+09   0.747215E+09   0.118613E+13
 0180   0.359729E+01   0.437140E+10   0.889357E+09   0.746825E+09   0.115640E+13
 0181   0.363109E+01   0.440138E+10   0.886847E+09   0.746630E+09   0.113935E+13
 0182   0.366494E+01   0.443134E+10   0.885092E+09   0.746405E+09   0.112261E+13
 0183   0.369879E+01   0.446124E+10   0.883386E+09   0.746353E+09   0.110615E+13
 0184   0.373259E+01   0.449108E+10   0.882588E+09   0.746545E+09   0.108997E+13
 0185   0.376628E+01   0.452084E+10   0.883290E+09   0.747013E+09   0.107403E+13
 0186   0.379985E+01   0.455053E+10   0.884581E+09   0.747443E+09   0.105846E+13
 0187   0.383887E+01   0.458220E+10   0.811711E+09   0.739005E+09   0.104304E+13
 0188   0.387229E+01   0.461177E+10   0.884848E+09   0.739616E+09   0.102795E+13
 0189   0.390575E+01   0.464131E+10   0.882810E+09   0.740371E+09   0.101318E+13
 0190   0.393929E+01   0.467084E+10   0.880552E+09   0.741124E+09   0.998658E+12
 0191   0.397285E+01   0.470035E+10   0.879184E+09   0.741645E+09   0.984385E+12
 0192   0.400643E+01   0.472979E+10   0.876835E+09   0.742172E+09   0.970355E+12
 0193   0.404549E+01   0.476117E+10   0.803287E+09   0.733577E+09   0.956401E+12
 0194   0.407886E+01   0.479037E+10   0.875000E+09   0.734732E+09   0.942855E+12
 0195   0.411217E+01   0.481953E+10   0.875362E+09   0.736381E+09   0.929533E+12
 0196   0.414543E+01   0.484870E+10   0.877076E+09   0.737823E+09   0.916430E+12
 0197   0.417872E+01   0.487788E+10   0.876787E+09   0.739618E+09   0.903538E+12
 0198   0.421753E+01   0.490911E+10   0.804392E+09   0.732764E+09   0.890697E+12
 0199   0.425079E+01   0.493835E+10   0.879256E+09   0.734517E+09   0.878223E+12
 0200   0.428408E+01   0.496758E+10   0.877976E+09   0.736454E+09   0.865952E+12
 0201   0.431736E+01   0.499680E+10   0.878062E+09   0.738311E+09   0.853880E+12
 0202   0.435611E+01   0.502797E+10   0.804172E+09   0.731716E+09   0.841856E+12
 0203   0.438936E+01   0.505716E+10   0.878192E+09   0.734108E+09   0.830172E+12
 0204   0.442266E+01   0.508641E+10   0.878215E+09   0.736414E+09   0.818671E+12
 0205   0.446158E+01   0.511768E+10   0.803716E+09   0.730025E+09   0.807208E+12
 0206   0.449498E+01   0.514698E+10   0.876973E+09   0.732299E+09   0.796073E+12
 0207   0.452843E+01   0.517627E+10   0.875573E+09   0.734317E+09   0.785116E+12
 0208   0.456746E+01   0.520751E+10   0.800496E+09   0.728080E+09   0.774192E+12
 0209   0.460078E+01   0.523669E+10   0.875680E+09   0.731040E+09   0.763585E+12
 0210   0.463406E+01   0.526589E+10   0.877492E+09   0.733963E+09   0.753144E+12
 0211   0.467282E+01   0.529707E+10   0.804486E+09   0.728295E+09   0.742735E+12
 0212   0.470603E+01   0.532627E+10   0.879311E+09   0.731648E+09   0.732622E+12
 0213   0.473935E+01   0.535557E+10   0.879175E+09   0.734986E+09   0.722659E+12
 0214   0.477826E+01   0.538688E+10   0.804844E+09   0.729268E+09   0.712726E+12
 0215   0.481166E+01   0.541620E+10   0.877651E+09   0.731777E+09   0.703077E+12
 0216   0.485065E+01   0.544742E+10   0.800708E+09   0.725935E+09   0.693456E+12
 0217   0.488398E+01   0.547656E+10   0.874187E+09   0.729442E+09   0.684114E+12
 0218   0.492281E+01   0.550773E+10   0.802975E+09   0.724266E+09   0.674789E+12
 0219   0.495602E+01   0.553687E+10   0.877133E+09   0.728089E+09   0.665736E+12
 0220   0.498926E+01   0.556607E+10   0.878503E+09   0.732234E+09   0.656816E+12
 0221   0.502809E+01   0.559732E+10   0.804898E+09   0.727525E+09   0.647917E+12
 0222   0.506142E+01   0.562664E+10   0.879660E+09   0.731834E+09   0.639266E+12
 0223   0.510039E+01   0.565803E+10   0.805470E+09   0.727353E+09   0.630633E+12
 0224   0.513378E+01   0.568746E+10   0.881374E+09   0.731509E+09   0.622245E+12
 0225   0.517274E+01   0.571887E+10   0.806213E+09   0.726786E+09   0.613878E+12
 0226   0.520610E+01   0.574825E+10   0.880443E+09   0.730790E+09   0.605750E+12
 0227   0.524501E+01   0.577957E+10   0.805033E+09   0.726685E+09   0.597641E+12
 0228   0.527838E+01   0.580897E+10   0.881214E+09   0.731679E+09   0.589757E+12
 0229   0.531734E+01   0.584047E+10   0.808350E+09   0.728278E+09   0.581887E+12
 0230   0.535083E+01   0.587012E+10   0.885595E+09   0.733504E+09   0.574241E+12
 0231   0.538995E+01   0.590185E+10   0.811079E+09   0.731810E+09   0.566627E+12
 0232   0.542915E+01   0.593394E+10   0.818596E+09   0.730821E+09   0.559146E+12
 0233   0.546281E+01   0.596437E+10   0.904055E+09   0.739185E+09   0.551892E+12
 0234   0.550236E+01   0.599733E+10   0.833269E+09   0.739820E+09   0.544674E+12
 0235   0.554224E+01   0.603089E+10   0.841740E+09   0.738932E+09   0.537576E+12
 0236   0.558261E+01   0.606485E+10   0.841203E+09   0.739729E+09   0.530599E+12
 0237   0.561764E+01   0.609729E+10   0.925875E+09   0.747503E+09   0.523824E+12
 0238   0.565892E+01   0.613219E+10   0.845606E+09   0.746906E+09   0.517084E+12
 0239   0.570064E+01   0.616750E+10   0.846220E+09   0.745453E+09   0.510458E+12
 0240   0.574294E+01   0.620315E+10   0.842882E+09   0.743476E+09   0.503939E+12
 0241   0.577954E+01   0.623681E+10   0.919403E+09   0.750271E+09   0.497606E+12
 0242   0.582258E+01   0.627298E+10   0.840392E+09   0.747897E+09   0.491302E+12
 0243   0.586593E+01   0.630938E+10   0.839954E+09   0.745576E+09   0.485100E+12
 0244   0.590330E+01   0.634372E+10   0.918708E+09   0.751545E+09   0.479072E+12
 0245   0.594711E+01   0.638048E+10   0.838952E+09   0.749158E+09   0.473067E+12
 0246   0.599111E+01   0.641743E+10   0.839703E+09   0.745438E+09   0.467158E+12
 0247   0.602887E+01   0.645197E+10   0.914894E+09   0.751003E+09   0.461417E+12
 0248   0.607302E+01   0.648885E+10   0.835374E+09   0.748578E+09   0.455696E+12
 0249   0.611710E+01   0.652586E+10   0.839518E+09   0.745570E+09   0.450068E+12
 0250   0.615493E+01   0.656054E+10   0.916680E+09   0.751784E+09   0.444598E+12
 0251   0.619910E+01   0.659761E+10   0.839410E+09   0.749295E+09   0.439152E+12
 0252   0.624329E+01   0.663477E+10   0.841006E+09   0.747602E+09   0.433794E+12
 0253   0.628756E+01   0.667214E+10   0.844158E+09   0.745766E+09   0.428521E+12
 0254   0.632550E+01   0.670724E+10   0.924937E+09   0.752863E+09   0.423395E+12
 0255   0.636986E+01   0.674483E+10   0.847297E+09   0.750926E+09   0.418288E+12
 0256   0.641429E+01   0.678250E+10   0.847921E+09   0.748851E+09   0.413263E+12
 0257   0.645885E+01   0.682025E+10   0.847281E+09   0.747005E+09   0.408316E+12
 0258   0.649713E+01   0.685573E+10   0.926576E+09   0.754436E+09   0.403505E+12
 0259   0.654187E+01   0.689377E+10   0.850384E+09   0.754074E+09   0.398712E+12
 0260   0.658669E+01   0.693212E+10   0.855540E+09   0.753504E+09   0.393994E+12
 0261   0.663159E+01   0.697066E+10   0.858532E+09   0.753118E+09   0.389350E+12
 0262   0.667661E+01   0.700937E+10   0.859975E+09   0.751161E+09   0.384782E+12
 0263   0.672172E+01   0.704798E+10   0.855693E+09   0.749728E+09   0.380290E+12
 0264   0.676698E+01   0.708660E+10   0.853308E+09   0.748141E+09   0.375871E+12
 0265   0.680575E+01   0.712273E+10   0.931844E+09   0.757220E+09   0.371575E+12
 0266   0.685106E+01   0.716162E+10   0.858319E+09   0.756588E+09   0.367293E+12
 0267   0.689634E+01   0.720055E+10   0.859868E+09   0.755515E+09   0.363082E+12
 0268   0.694173E+01   0.723946E+10   0.857177E+09   0.754831E+09   0.358939E+12
 0269   0.698706E+01   0.727840E+10   0.858955E+09   0.754800E+09   0.354863E+12
 0270   0.703242E+01   0.731744E+10   0.860871E+09   0.754552E+09   0.350851E+12
 0271   0.707783E+01   0.735655E+10   0.861311E+09   0.753821E+09   0.346904E+12
 0272   0.712330E+01   0.739568E+10   0.860355E+09   0.754855E+09   0.343021E+12
 0273   0.716884E+01   0.743509E+10   0.865538E+09   0.754735E+09   0.339202E+12
 0274   0.721442E+01   0.747455E+10   0.865578E+09   0.755153E+09   0.335447E+12
 0275   0.726015E+01   0.751415E+10   0.866062E+09   0.756601E+09   0.331751E+12
 0276   0.730587E+01   0.755402E+10   0.871878E+09   0.757181E+09   0.328114E+12
 0277   0.735176E+01   0.759399E+10   0.871124E+09   0.757875E+09   0.324537E+12
 0278   0.739787E+01   0.763414E+10   0.870661E+09   0.759201E+09   0.321018E+12
 0279   0.744410E+01   0.767454E+10   0.873844E+09   0.760110E+09   0.317557E+12
 0280   0.749056E+01   0.771512E+10   0.873578E+09   0.761823E+09   0.314151E+12
 0281   0.753723E+01   0.775602E+10   0.876360E+09   0.763092E+09   0.310803E+12
 0282   0.758399E+01   0.779711E+10   0.878770E+09   0.765621E+09   0.307512E+12
 0283   0.763096E+01   0.783861E+10   0.883573E+09   0.767469E+09   0.304278E+12
 0284   0.767811E+01   0.788037E+10   0.885730E+09   0.769036E+09   0.301099E+12
 0285   0.772556E+01   0.792236E+10   0.884896E+09   0.771952E+09   0.297971E+12
 0286   0.777327E+01   0.796484E+10   0.890211E+09   0.775274E+09   0.294897E+12
 0287   0.782818E+01   0.801048E+10   0.831222E+09   0.771316E+09   0.291847E+12
 0288   0.786969E+01   0.805171E+10   0.993222E+09   0.802418E+09   0.288932E+12
 0289   0.793247E+01   0.810532E+10   0.854000E+09   0.789292E+09   0.285992E+12
 0290   0.798215E+01   0.815327E+10   0.965296E+09   0.792426E+09   0.283158E+12
 0291   0.804001E+01   0.820398E+10   0.876341E+09   0.788225E+09   0.280345E+12
 0292   0.809147E+01   0.825206E+10   0.934295E+09   0.791208E+09   0.277607E+12
 0293   0.815077E+01   0.830314E+10   0.861381E+09   0.784760E+09   0.274887E+12
 0294   0.820305E+01   0.835126E+10   0.920349E+09   0.787483E+09   0.272239E+12
 0295   0.825564E+01   0.839961E+10   0.919512E+09   0.788837E+09   0.269636E+12
 0296   0.830867E+01   0.844801E+10   0.912579E+09   0.790479E+09   0.267075E+12
 0297   0.836211E+01   0.849660E+10   0.909353E+09   0.791084E+09   0.264556E+12
 0298   0.842332E+01   0.854818E+10   0.842699E+09   0.782520E+09   0.262054E+12
 0299   0.847721E+01   0.859673E+10   0.900912E+09   0.783597E+09   0.259619E+12
 0300   0.853099E+01   0.864536E+10   0.904117E+09   0.783959E+09   0.257226E+12
 0301   0.858474E+01   0.869389E+10   0.902789E+09   0.783819E+09   0.254873E+12
 0302   0.863849E+01   0.874223E+10   0.899500E+09   0.784578E+09   0.252559E+12
 0303   0.869203E+01   0.879053E+10   0.902128E+09   0.785192E+09   0.250285E+12
 0304   0.874546E+01   0.883874E+10   0.902237E+09   0.785717E+09   0.248048E+12
 0305   0.879889E+01   0.888685E+10   0.900545E+09   0.786374E+09   0.245849E+12
 0306   0.885214E+01   0.893487E+10   0.901626E+09   0.787363E+09   0.243687E+12
 0307   0.890536E+01   0.898286E+10   0.901900E+09   0.788047E+09   0.241560E+12
 0308   0.895851E+01   0.903075E+10   0.900821E+09   0.788987E+09   0.239468E+12
 0309   0.901151E+01   0.907853E+10   0.901634E+09   0.790744E+09   0.237410E+12
 0310   0.907188E+01   0.912927E+10   0.840490E+09   0.783699E+09   0.235366E+12
 0311   0.912465E+01   0.917708E+10   0.905940E+09   0.785170E+09   0.233376E+12
 0312   0.917743E+01   0.922484E+10   0.905035E+09   0.785682E+09   0.231418E+12
 0313   0.923018E+01   0.927238E+10   0.901166E+09   0.787319E+09   0.229491E+12
 0314   0.928291E+01   0.931993E+10   0.901804E+09   0.789556E+09   0.227596E+12
 0315   0.934294E+01   0.937048E+10   0.842048E+09   0.782794E+09   0.225712E+12
 0316   0.939540E+01   0.941805E+10   0.906745E+09   0.784114E+09   0.223877E+12
 0317   0.944779E+01   0.946547E+10   0.905160E+09   0.786035E+09   0.222072E+12
 0318   0.950013E+01   0.951287E+10   0.905467E+09   0.788483E+09   0.220296E+12
 0319   0.955244E+01   0.956033E+10   0.907396E+09   0.791775E+09   0.218546E+12
 0320   0.961222E+01   0.961089E+10   0.845749E+09   0.786762E+09   0.216807E+12
 0321   0.966447E+01   0.965873E+10   0.915528E+09   0.791179E+09   0.215112E+12
 0322   0.971678E+01   0.970690E+10   0.921079E+09   0.794961E+09   0.213443E+12
 0323   0.977669E+01   0.975816E+10   0.855544E+09   0.789171E+09   0.211784E+12
 0324   0.982940E+01   0.980650E+10   0.917052E+09   0.792355E+09   0.210167E+12
 0325   0.988223E+01   0.985494E+10   0.916980E+09   0.795198E+09   0.208575E+12
 0326   0.994275E+01   0.990637E+10   0.849796E+09   0.788221E+09   0.206992E+12
 0327   0.999575E+01   0.995463E+10   0.910406E+09   0.791255E+09   0.205451E+12
 0328   0.100486E+02   0.100029E+11   0.913534E+09   0.794188E+09   0.203933E+12
 0329   0.101013E+02   0.100512E+11   0.916255E+09   0.796689E+09   0.202439E+12
 0330   0.101615E+02   0.101023E+11   0.848266E+09   0.790649E+09   0.200954E+12
 0331   0.102141E+02   0.101503E+11   0.914764E+09   0.793356E+09   0.199507E+12
 0332   0.102665E+02   0.101983E+11   0.914742E+09   0.795872E+09   0.198083E+12
 0333   0.103264E+02   0.102490E+11   0.847301E+09   0.790054E+09   0.196667E+12
 0334   0.103786E+02   0.102968E+11   0.914137E+09   0.793138E+09   0.195287E+12
 0335   0.104307E+02   0.103445E+11   0.915902E+09   0.796228E+09   0.193927E+12
 0336   0.104901E+02   0.103950E+11   0.849874E+09   0.790456E+09   0.192576E+12
 0337   0.105419E+02   0.104424E+11   0.915669E+09   0.793698E+09   0.191259E+12
 0338   0.106011E+02   0.104927E+11   0.850515E+09   0.788437E+09   0.189949E+12
 0339   0.106527E+02   0.105401E+11   0.916868E+09   0.791910E+09   0.188672E+12
 0340   0.107043E+02   0.105874E+11   0.917492E+09   0.794917E+09   0.187415E+12
 0341   0.107632E+02   0.106374E+11   0.849904E+09   0.789658E+09   0.186164E+12
 0342   0.108145E+02   0.106845E+11   0.916534E+09   0.793164E+09   0.184945E+12
 0343   0.108657E+02   0.107315E+11   0.917778E+09   0.796607E+09   0.183743E+12
 0344   0.109242E+02   0.107812E+11   0.850598E+09   0.791712E+09   0.182549E+12
 0345   0.109752E+02   0.108281E+11   0.918541E+09   0.795878E+09   0.181383E+12
 0346   0.110334E+02   0.108778E+11   0.853506E+09   0.790728E+09   0.180224E+12
 0347   0.110843E+02   0.109245E+11   0.918583E+09   0.794327E+09   0.179094E+12
 0348   0.111423E+02   0.109740E+11   0.851711E+09   0.789567E+09   0.177969E+12
 0349   0.111930E+02   0.110205E+11   0.918630E+09   0.793599E+09   0.176872E+12
 0350   0.112507E+02   0.110697E+11   0.853600E+09   0.789026E+09   0.175781E+12
 0351   0.113011E+02   0.111161E+11   0.919408E+09   0.793160E+09   0.174716E+12
 0352   0.113514E+02   0.111624E+11   0.921076E+09   0.797648E+09   0.173667E+12
 0353   0.114087E+02   0.112115E+11   0.855086E+09   0.793201E+09   0.172623E+12
 0354   0.114589E+02   0.112577E+11   0.922169E+09   0.797350E+09   0.171605E+12
 0355   0.115161E+02   0.113065E+11   0.853983E+09   0.792961E+09   0.170591E+12
 0356   0.115660E+02   0.113525E+11   0.921746E+09   0.797331E+09   0.169603E+12
 0357   0.116228E+02   0.114011E+11   0.855029E+09   0.793274E+09   0.168619E+12
 0358   0.116724E+02   0.114469E+11   0.923568E+09   0.797832E+09   0.167658E+12
 0359   0.117290E+02   0.114954E+11   0.856622E+09   0.794311E+09   0.166703E+12
 0360   0.117784E+02   0.115411E+11   0.926136E+09   0.799247E+09   0.165770E+12
 0361   0.118347E+02   0.115895E+11   0.859084E+09   0.795627E+09   0.164842E+12
 0362   0.118909E+02   0.116379E+11   0.859984E+09   0.791466E+09   0.163927E+12
 0363   0.119401E+02   0.116833E+11   0.924920E+09   0.796465E+09   0.163034E+12
 0364   0.119961E+02   0.117314E+11   0.859327E+09   0.793410E+09   0.162146E+12
 0365   0.120449E+02   0.117768E+11   0.929512E+09   0.798539E+09   0.161278E+12
 0366   0.121006E+02   0.118248E+11   0.861911E+09   0.794525E+09   0.160414E+12
 0367   0.121493E+02   0.118700E+11   0.927797E+09   0.799707E+09   0.159571E+12
 0368   0.122047E+02   0.119178E+11   0.860972E+09   0.796641E+09   0.158732E+12
 0369   0.122601E+02   0.119655E+11   0.863003E+09   0.793469E+09   0.157905E+12
 0370   0.123084E+02   0.120105E+11   0.930629E+09   0.799008E+09   0.157097E+12
 0371   0.123635E+02   0.120581E+11   0.864400E+09   0.795525E+09   0.156293E+12
 0372   0.124116E+02   0.121029E+11   0.931597E+09   0.801113E+09   0.155507E+12
 0373   0.124664E+02   0.121502E+11   0.864075E+09   0.798376E+09   0.154725E+12
 0374   0.125211E+02   0.121976E+11   0.865975E+09   0.795065E+09   0.153955E+12
 0375   0.125689E+02   0.122422E+11   0.932140E+09   0.800254E+09   0.153202E+12
 0376   0.126233E+02   0.122892E+11   0.863371E+09   0.797523E+09   0.152452E+12
 0377   0.126777E+02   0.123362E+11   0.865215E+09   0.794242E+09   0.151713E+12
 0378   0.127250E+02   0.123803E+11   0.931873E+09   0.800219E+09   0.150991E+12
 0379   0.127791E+02   0.124271E+11   0.865537E+09   0.797053E+09   0.150273E+12
 0380   0.128329E+02   0.124737E+11   0.865755E+09   0.793901E+09   0.149564E+12
 0381   0.128798E+02   0.125174E+11   0.931304E+09   0.799407E+09   0.148872E+12
 0382   0.129334E+02   0.125637E+11   0.864068E+09   0.796223E+09   0.148182E+12
 0383   0.129867E+02   0.126098E+11   0.863757E+09   0.793512E+09   0.147503E+12
 0384   0.130333E+02   0.126531E+11   0.931713E+09   0.799613E+09   0.146838E+12
 0385   0.130863E+02   0.126991E+11   0.866124E+09   0.797223E+09   0.146177E+12
 0386   0.131391E+02   0.127449E+11   0.867927E+09   0.795413E+09   0.145525E+12
 0387   0.131853E+02   0.127882E+11   0.938284E+09   0.802320E+09   0.144887E+12
 0388   0.132379E+02   0.128342E+11   0.872535E+09   0.801184E+09   0.144252E+12
 0389   0.132906E+02   0.128802E+11   0.875451E+09   0.799766E+09   0.143625E+12
 0390   0.133432E+02   0.129264E+11   0.876837E+09   0.797914E+09   0.143007E+12
 0391   0.133893E+02   0.129698E+11   0.943363E+09   0.804116E+09   0.142402E+12
 0392   0.134419E+02   0.130158E+11   0.873002E+09   0.802499E+09   0.141801E+12
 0393   0.134944E+02   0.130617E+11   0.874263E+09   0.801026E+09   0.141207E+12
 0394   0.135468E+02   0.131077E+11   0.876678E+09   0.798924E+09   0.140621E+12
 0395   0.135926E+02   0.131509E+11   0.943406E+09   0.805221E+09   0.140049E+12
 0396   0.136448E+02   0.131965E+11   0.873989E+09   0.803120E+09   0.139479E+12
 0397   0.136968E+02   0.132419E+11   0.874013E+09   0.801180E+09   0.138917E+12
 0398   0.137487E+02   0.132873E+11   0.874505E+09   0.799380E+09   0.138362E+12
 0399   0.137939E+02   0.133299E+11   0.943487E+09   0.806250E+09   0.137820E+12
 0400   0.138454E+02   0.133751E+11   0.875808E+09   0.804595E+09   0.137280E+12
 0401   0.138968E+02   0.134201E+11   0.876339E+09   0.803025E+09   0.136747E+12
 0402   0.139481E+02   0.134651E+11   0.877095E+09   0.801521E+09   0.136221E+12
 0403   0.139928E+02   0.135074E+11   0.946812E+09   0.808545E+09   0.135707E+12
 0404   0.140438E+02   0.135522E+11   0.877887E+09   0.807728E+09   0.135195E+12
 0405   0.140947E+02   0.135970E+11   0.880616E+09   0.807248E+09   0.134690E+12
 0406   0.141454E+02   0.136418E+11   0.883785E+09   0.806642E+09   0.134191E+12
 0407   0.141961E+02   0.136867E+11   0.885283E+09   0.805855E+09   0.133699E+12
 0408   0.142468E+02   0.137316E+11   0.885562E+09   0.805000E+09   0.133214E+12
 0409   0.142911E+02   0.137739E+11   0.955269E+09   0.812670E+09   0.132739E+12
 0410   0.143417E+02   0.138187E+11   0.885530E+09   0.812780E+09   0.132266E+12
 0411   0.143922E+02   0.138637E+11   0.889223E+09   0.813055E+09   0.131799E+12
 0412   0.144427E+02   0.139087E+11   0.892752E+09   0.812769E+09   0.131338E+12
 0413   0.144931E+02   0.139537E+11   0.892820E+09   0.812272E+09   0.130883E+12
 0414   0.145435E+02   0.139987E+11   0.892215E+09   0.812136E+09   0.130434E+12
 0415   0.145939E+02   0.140437E+11   0.893208E+09   0.812021E+09   0.129991E+12
 0416   0.146442E+02   0.140887E+11   0.893934E+09   0.811585E+09   0.129553E+12
 0417   0.146944E+02   0.141336E+11   0.893753E+09   0.811261E+09   0.129122E+12
 0418   0.147446E+02   0.141784E+11   0.894431E+09   0.810650E+09   0.128696E+12
 0419   0.147946E+02   0.142232E+11   0.893949E+09   0.810066E+09   0.128275E+12
 0420   0.148384E+02   0.142653E+11   0.963563E+09   0.818279E+09   0.127864E+12
 0421   0.148882E+02   0.143099E+11   0.894408E+09   0.818236E+09   0.127455E+12
 0422   0.149378E+02   0.143544E+11   0.895922E+09   0.817977E+09   0.127050E+12
 0423   0.149874E+02   0.143988E+11   0.896430E+09   0.819709E+09   0.126652E+12
 0424   0.150368E+02   0.144434E+11   0.903954E+09   0.822214E+09   0.126259E+12
 0425   0.150862E+02   0.144885E+11   0.912420E+09   0.825213E+09   0.125871E+12
 0426   0.151357E+02   0.145340E+11   0.918320E+09   0.828825E+09   0.125489E+12
 0427   0.151854E+02   0.145800E+11   0.926087E+09   0.834015E+09   0.125112E+12
 0428   0.152417E+02   0.146293E+11   0.877138E+09   0.831911E+09   0.124738E+12
 0429   0.152921E+02   0.146771E+11   0.946592E+09   0.838304E+09   0.124372E+12
 0430   0.153430E+02   0.147257E+11   0.955642E+09   0.844845E+09   0.124012E+12
 0431   0.154008E+02   0.147779E+11   0.902797E+09   0.842596E+09   0.123653E+12
 0432   0.154527E+02   0.148281E+11   0.967208E+09   0.847387E+09   0.123303E+12
 0433   0.155117E+02   0.148814E+11   0.903677E+09   0.843781E+09   0.122955E+12
 0434   0.155646E+02   0.149324E+11   0.964115E+09   0.848267E+09   0.122614E+12
 0435   0.156179E+02   0.149839E+11   0.964732E+09   0.852116E+09   0.122278E+12
 0436   0.156717E+02   0.150356E+11   0.963066E+09   0.856177E+09   0.121947E+12
 0437   0.157325E+02   0.150906E+11   0.903423E+09   0.852085E+09   0.121617E+12
 0438   0.157869E+02   0.151432E+11   0.967245E+09   0.856293E+09   0.121295E+12
 0439   0.158417E+02   0.151963E+11   0.968561E+09   0.860219E+09   0.120978E+12
 0440   0.159037E+02   0.152527E+11   0.909263E+09   0.854830E+09   0.120662E+12
 0441   0.159592E+02   0.153064E+11   0.968736E+09   0.856654E+09   0.120354E+12
 0442   0.160149E+02   0.153601E+11   0.963368E+09   0.858277E+09   0.120049E+12
 0443   0.160711E+02   0.154139E+11   0.958866E+09   0.859488E+09   0.119749E+12
 0444   0.161274E+02   0.154678E+11   0.956648E+09   0.860765E+09   0.119452E+12
 0445   0.161839E+02   0.155218E+11   0.955771E+09   0.861541E+09   0.119160E+12
 0446   0.162403E+02   0.155758E+11   0.956555E+09   0.862053E+09   0.118871E+12
 0447   0.162966E+02   0.156296E+11   0.956183E+09   0.862227E+09   0.118587E+12
 0448   0.163527E+02   0.156832E+11   0.954797E+09   0.862463E+09   0.118306E+12
 0449   0.164088E+02   0.157366E+11   0.953885E+09   0.862853E+09   0.118029E+12
 0450   0.164646E+02   0.157899E+11   0.954275E+09   0.863340E+09   0.117756E+12
 0451   0.165202E+02   0.158430E+11   0.955072E+09   0.863916E+09   0.117487E+12
 0452   0.165756E+02   0.158960E+11   0.956034E+09   0.864437E+09   0.117222E+12
 0453   0.166307E+02   0.159487E+11   0.956287E+09   0.864889E+09   0.116960E+12
 0454   0.166926E+02   0.160042E+11   0.896998E+09   0.856503E+09   0.116700E+12
 0455   0.167474E+02   0.160566E+11   0.955436E+09   0.856881E+09   0.116445E+12
 0456   0.168020E+02   0.161087E+11   0.955017E+09   0.857199E+09   0.116194E+12
 0457   0.168564E+02   0.161606E+11   0.954596E+09   0.857689E+09   0.115946E+12
 0458   0.169105E+02   0.162124E+11   0.955012E+09   0.858434E+09   0.115701E+12
 0459   0.169645E+02   0.162639E+11   0.956327E+09   0.859662E+09   0.115460E+12
 0460   0.170182E+02   0.163154E+11   0.958763E+09   0.860728E+09   0.115222E+12
 0461   0.170717E+02   0.163668E+11   0.960083E+09   0.861614E+09   0.114987E+12
 0462   0.171251E+02   0.164180E+11   0.959849E+09   0.862234E+09   0.114755E+12
 0463   0.171782E+02   0.164690E+11   0.958831E+09   0.862849E+09   0.114527E+12
 0464   0.172312E+02   0.165198E+11   0.957842E+09   0.863803E+09   0.114301E+12
 0465   0.172840E+02   0.165704E+11   0.958605E+09   0.865242E+09   0.114078E+12
 0466   0.173365E+02   0.166209E+11   0.961233E+09   0.867063E+09   0.113859E+12
 0467   0.173954E+02   0.166741E+11   0.904364E+09   0.860629E+09   0.113640E+12
 0468   0.174475E+02   0.167245E+11   0.966696E+09   0.862739E+09   0.113426E+12
 0469   0.174996E+02   0.167749E+11   0.968072E+09   0.865108E+09   0.113215E+12
 0470   0.175516E+02   0.168253E+11   0.969481E+09   0.867420E+09   0.113006E+12
 0471   0.176035E+02   0.168757E+11   0.970798E+09   0.869633E+09   0.112801E+12
 0472   0.176619E+02   0.169289E+11   0.911057E+09   0.863220E+09   0.112596E+12
 0473   0.177138E+02   0.169793E+11   0.971704E+09   0.865384E+09   0.112395E+12
 0474   0.177656E+02   0.170297E+11   0.972422E+09   0.867243E+09   0.112198E+12
 0475   0.178173E+02   0.170799E+11   0.971826E+09   0.868828E+09   0.112002E+12
 0476   0.178689E+02   0.171300E+11   0.970943E+09   0.870324E+09   0.111809E+12
 0477   0.179203E+02   0.171799E+11   0.970108E+09   0.871647E+09   0.111619E+12
 0478   0.179780E+02   0.172324E+11   0.909176E+09   0.864251E+09   0.111430E+12
 0479   0.180291E+02   0.172818E+11   0.968497E+09   0.865583E+09   0.111244E+12
 0480   0.180799E+02   0.173310E+11   0.968363E+09   0.866595E+09   0.111061E+12
 0481   0.181305E+02   0.173800E+11   0.967378E+09   0.867613E+09   0.110881E+12
 0482   0.181807E+02   0.174286E+11   0.966723E+09   0.868893E+09   0.110702E+12
 0483   0.182307E+02   0.174769E+11   0.967372E+09   0.870706E+09   0.110526E+12
 0484   0.182866E+02   0.175278E+11   0.909709E+09   0.864339E+09   0.110351E+12
 0485   0.183361E+02   0.175759E+11   0.972527E+09   0.866966E+09   0.110179E+12
 0486   0.183853E+02   0.176239E+11   0.975181E+09   0.869878E+09   0.110010E+12
 0487   0.184344E+02   0.176719E+11   0.978154E+09   0.873214E+09   0.109842E+12
 0488   0.184896E+02   0.177227E+11   0.920486E+09   0.868125E+09   0.109676E+12
 0489   0.185386E+02   0.177709E+11   0.982993E+09   0.871530E+09   0.109513E+12
 0490   0.185876E+02   0.178191E+11   0.984251E+09   0.874983E+09   0.109351E+12
 0491   0.186366E+02   0.178673E+11   0.985525E+09   0.878268E+09   0.109192E+12
 0492   0.186916E+02   0.179182E+11   0.924228E+09   0.872614E+09   0.109034E+12
 0493   0.187406E+02   0.179664E+11   0.984682E+09   0.875855E+09   0.108878E+12
 0494   0.187894E+02   0.180146E+11   0.985941E+09   0.879036E+09   0.108725E+12
 0495   0.188443E+02   0.180654E+11   0.925883E+09   0.873404E+09   0.108572E+12
 0496   0.188930E+02   0.181135E+11   0.987005E+09   0.876460E+09   0.108423E+12
 0497   0.189417E+02   0.181616E+11   0.987895E+09   0.879018E+09   0.108275E+12
 0498   0.189902E+02   0.182095E+11   0.987164E+09   0.881572E+09   0.108129E+12
 0499   0.190447E+02   0.182598E+11   0.924761E+09   0.875521E+09   0.107984E+12
 0500   0.190930E+02   0.183075E+11   0.986425E+09   0.878190E+09   0.107841E+12
 0501   0.191411E+02   0.183550E+11   0.987220E+09   0.880741E+09   0.107701E+12
 0502   0.191891E+02   0.184024E+11   0.987681E+09   0.883304E+09   0.107562E+12
 0503   0.192429E+02   0.184522E+11   0.926198E+09   0.877093E+09   0.107424E+12
 0504   0.192905E+02   0.184993E+11   0.987731E+09   0.879506E+09   0.107288E+12
 0505   0.193379E+02   0.185461E+11   0.987766E+09   0.881952E+09   0.107154E+12
 0506   0.193910E+02   0.185953E+11   0.926713E+09   0.875607E+09   0.107021E+12
 0507   0.194381E+02   0.186417E+11   0.987339E+09   0.878387E+09   0.106890E+12
 0508   0.194848E+02   0.186880E+11   0.988895E+09   0.881861E+09   0.106761E+12
 0509   0.195314E+02   0.187343E+11   0.992864E+09   0.885793E+09   0.106634E+12
 0510   0.195836E+02   0.187830E+11   0.934054E+09   0.881101E+09   0.106507E+12
 0511   0.196298E+02   0.188292E+11   0.998733E+09   0.885193E+09   0.106383E+12
 0512   0.196818E+02   0.188779E+11   0.938569E+09   0.880367E+09   0.106259E+12
 0513   0.197279E+02   0.189240E+11   0.100038E+10   0.884261E+09   0.106138E+12
 0514   0.197740E+02   0.189702E+11   0.100071E+10   0.888038E+09   0.106018E+12
 0515   0.198258E+02   0.190188E+11   0.938433E+09   0.882882E+09   0.105898E+12
 0516   0.198718E+02   0.190648E+11   0.100014E+10   0.886536E+09   0.105781E+12
 0517   0.199177E+02   0.191107E+11   0.100124E+10   0.890045E+09   0.105665E+12
 0518   0.199692E+02   0.191591E+11   0.938968E+09   0.885114E+09   0.105550E+12
 0519   0.200148E+02   0.192049E+11   0.100261E+10   0.889106E+09   0.105437E+12
 0520   0.200604E+02   0.192507E+11   0.100546E+10   0.893292E+09   0.105326E+12
 0521   0.201115E+02   0.192989E+11   0.943908E+09   0.888580E+09   0.105215E+12
 0522   0.201568E+02   0.193446E+11   0.100816E+10   0.892365E+09   0.105106E+12
 0523   0.202077E+02   0.193928E+11   0.945418E+09   0.887283E+09   0.104997E+12
 0524   0.202529E+02   0.194383E+11   0.100710E+10   0.891172E+09   0.104891E+12
 0525   0.202980E+02   0.194837E+11   0.100869E+10   0.895413E+09   0.104785E+12
 0526   0.203485E+02   0.195316E+11   0.947396E+09   0.891135E+09   0.104681E+12
 0527   0.203932E+02   0.195769E+11   0.101318E+10   0.895618E+09   0.104578E+12
 0528   0.204434E+02   0.196247E+11   0.952122E+09   0.891333E+09   0.104476E+12
 0529   0.204880E+02   0.196700E+11   0.101583E+10   0.895849E+09   0.104376E+12
 0530   0.205325E+02   0.197152E+11   0.101751E+10   0.900003E+09   0.104277E+12
 0531   0.205825E+02   0.197628E+11   0.952381E+09   0.895365E+09   0.104178E+12
 0532   0.206268E+02   0.198079E+11   0.101603E+10   0.899422E+09   0.104081E+12
 0533   0.206766E+02   0.198553E+11   0.952518E+09   0.894547E+09   0.103985E+12
 0534   0.207208E+02   0.199002E+11   0.101528E+10   0.898320E+09   0.103890E+12
 0535   0.207649E+02   0.199449E+11   0.101562E+10   0.901866E+09   0.103797E+12
 0536   0.208142E+02   0.199919E+11   0.950466E+09   0.896734E+09   0.103704E+12
 0537   0.208579E+02   0.200362E+11   0.101483E+10   0.900646E+09   0.103613E+12
 0538   0.209069E+02   0.200828E+11   0.952713E+09   0.895820E+09   0.103522E+12
 0539   0.209501E+02   0.201268E+11   0.101716E+10   0.899734E+09   0.103433E+12
 0540   0.209985E+02   0.201731E+11   0.955216E+09   0.894752E+09   0.103344E+12
 0541   0.210414E+02   0.202167E+11   0.101771E+10   0.898819E+09   0.103257E+12
 0542   0.210841E+02   0.202603E+11   0.101946E+10   0.902969E+09   0.103171E+12
 0543   0.211320E+02   0.203060E+11   0.955955E+09   0.898576E+09   0.103086E+12
 0544   0.211744E+02   0.203493E+11   0.102170E+10   0.903275E+09   0.103002E+12
 0545   0.212219E+02   0.203949E+11   0.960178E+09   0.899564E+09   0.102918E+12
 0546   0.212640E+02   0.204382E+11   0.102668E+10   0.905113E+09   0.102836E+12
 0547   0.213113E+02   0.204839E+11   0.966355E+09   0.901830E+09   0.102754E+12
 0548   0.213533E+02   0.205273E+11   0.103242E+10   0.907334E+09   0.102674E+12
 0549   0.214006E+02   0.205731E+11   0.969355E+09   0.903654E+09   0.102594E+12
 0550   0.214425E+02   0.206164E+11   0.103335E+10   0.908551E+09   0.102516E+12
 0551   0.214897E+02   0.206621E+11   0.968116E+09   0.904752E+09   0.102438E+12
 0552   0.215315E+02   0.207053E+11   0.103270E+10   0.909828E+09   0.102361E+12
 0553   0.215785E+02   0.207509E+11   0.969608E+09   0.905687E+09   0.102285E+12
 0554   0.216202E+02   0.207939E+11   0.103341E+10   0.910362E+09   0.102210E+12
 0555   0.216669E+02   0.208392E+11   0.969746E+09   0.906172E+09   0.102136E+12
 0556   0.217083E+02   0.208820E+11   0.103431E+10   0.910852E+09   0.102062E+12
 0557   0.217546E+02   0.209270E+11   0.970897E+09   0.906814E+09   0.101990E+12
 0558   0.217957E+02   0.209695E+11   0.103609E+10   0.912439E+09   0.101918E+12
 0559   0.218416E+02   0.210144E+11   0.975882E+09   0.909506E+09   0.101847E+12
 0560   0.218823E+02   0.210569E+11   0.104399E+10   0.915373E+09   0.101777E+12
 0561   0.219281E+02   0.211018E+11   0.980672E+09   0.912489E+09   0.101708E+12
 0562   0.219687E+02   0.211443E+11   0.104753E+10   0.918556E+09   0.101639E+12
 0563   0.220145E+02   0.211893E+11   0.983075E+09   0.915514E+09   0.101571E+12
 0564   0.220551E+02   0.212320E+11   0.104901E+10   0.921089E+09   0.101504E+12
 0565   0.221009E+02   0.212769E+11   0.982483E+09   0.917817E+09   0.101438E+12
 0566   0.221415E+02   0.213196E+11   0.104954E+10   0.923126E+09   0.101373E+12
 0567   0.221872E+02   0.213644E+11   0.982810E+09   0.919458E+09   0.101308E+12
 0568   0.222327E+02   0.214092E+11   0.984042E+09   0.915639E+09   0.101244E+12
 0569   0.222731E+02   0.214516E+11   0.104887E+10   0.920955E+09   0.101180E+12
 0570   0.223183E+02   0.214961E+11   0.985488E+09   0.917273E+09   0.101118E+12
 0571   0.223583E+02   0.215382E+11   0.105127E+10   0.922405E+09   0.101056E+12
 0572   0.224031E+02   0.215824E+11   0.986623E+09   0.918362E+09   0.100995E+12
 0573   0.224428E+02   0.216242E+11   0.105141E+10   0.923055E+09   0.100934E+12
 0574   0.224873E+02   0.216680E+11   0.985061E+09   0.918913E+09   0.100874E+12
 0575   0.225267E+02   0.217093E+11   0.105043E+10   0.924197E+09   0.100816E+12
 0576   0.225708E+02   0.217528E+11   0.986550E+09   0.920881E+09   0.100757E+12
 0577   0.226098E+02   0.217940E+11   0.105512E+10   0.927094E+09   0.100699E+12
 0578   0.226535E+02   0.218374E+11   0.992252E+09   0.924476E+09   0.100642E+12
 0579   0.226923E+02   0.218786E+11   0.106239E+10   0.930724E+09   0.100586E+12
 0580   0.227358E+02   0.219219E+11   0.995986E+09   0.927903E+09   0.100530E+12
 0581   0.227792E+02   0.219652E+11   0.996846E+09   0.924928E+09   0.100474E+12
 0582   0.228178E+02   0.220063E+11   0.106326E+10   0.930944E+09   0.100420E+12
 0583   0.228611E+02   0.220494E+11   0.996993E+09   0.927899E+09   0.100366E+12
 0584   0.228996E+02   0.220904E+11   0.106486E+10   0.933701E+09   0.100312E+12
 0585   0.229428E+02   0.221334E+11   0.997334E+09   0.930549E+09   0.100259E+12
 0586   0.229858E+02   0.221764E+11   0.998982E+09   0.927248E+09   0.100207E+12
 0587   0.230240E+02   0.222171E+11   0.106498E+10   0.932999E+09   0.100155E+12
 0588   0.230669E+02   0.222600E+11   0.999274E+09   0.929780E+09   0.100104E+12
 0589   0.231048E+02   0.223005E+11   0.106710E+10   0.935694E+09   0.100054E+12
 0590   0.231474E+02   0.223431E+11   0.100130E+10   0.932836E+09   0.100004E+12
 0591   0.231897E+02   0.223856E+11   0.100443E+10   0.930198E+09   0.999542E+11
 0592   0.232272E+02   0.224258E+11   0.107312E+10   0.936878E+09   0.999054E+11
 0593   0.232692E+02   0.224682E+11   0.100886E+10   0.934767E+09   0.998570E+11
 0594   0.233065E+02   0.225085E+11   0.107948E+10   0.941535E+09   0.998093E+11
 0595   0.233484E+02   0.225508E+11   0.101200E+10   0.939419E+09   0.997619E+11
 0596   0.233902E+02   0.225933E+11   0.101339E+10   0.936998E+09   0.997150E+11
 0597   0.234274E+02   0.226335E+11   0.108133E+10   0.943434E+09   0.996689E+11
 0598   0.234692E+02   0.226758E+11   0.101248E+10   0.940740E+09   0.996230E+11
 0599   0.235110E+02   0.227181E+11   0.101320E+10   0.938049E+09   0.995777E+11
 0600   0.235480E+02   0.227581E+11   0.108119E+10   0.944775E+09   0.995331E+11
 0601   0.235895E+02   0.228003E+11   0.101554E+10   0.942507E+09   0.994887E+11
 0602   0.236309E+02   0.228424E+11   0.101852E+10   0.940250E+09   0.994448E+11
 0603   0.236675E+02   0.228823E+11   0.108757E+10   0.947064E+09   0.994017E+11
 0604   0.237087E+02   0.229243E+11   0.102066E+10   0.944777E+09   0.993588E+11
 0605   0.237497E+02   0.229662E+11   0.102191E+10   0.942479E+09   0.993163E+11
 0606   0.237862E+02   0.230060E+11   0.109015E+10   0.949183E+09   0.992745E+11
 0607   0.238271E+02   0.230478E+11   0.102225E+10   0.946553E+09   0.992330E+11
 0608   0.238680E+02   0.230896E+11   0.102275E+10   0.943631E+09   0.991919E+11
 0609   0.239042E+02   0.231291E+11   0.108922E+10   0.949672E+09   0.991515E+11
 0610   0.239448E+02   0.231705E+11   0.102083E+10   0.946583E+09   0.991114E+11
 0611   0.239808E+02   0.232097E+11   0.108938E+10   0.952663E+09   0.990718E+11
 0612   0.240211E+02   0.232508E+11   0.102088E+10   0.949842E+09   0.990325E+11
 0613   0.240611E+02   0.232918E+11   0.102335E+10   0.947556E+09   0.989936E+11
 0614   0.240966E+02   0.233306E+11   0.109478E+10   0.954893E+09   0.989554E+11
 0615   0.241363E+02   0.233715E+11   0.102910E+10   0.953278E+09   0.989174E+11
 0616   0.241759E+02   0.234124E+11   0.103247E+10   0.951986E+09   0.988797E+11
 0617   0.242111E+02   0.234512E+11   0.110473E+10   0.960048E+09   0.988427E+11
 0618   0.242506E+02   0.234922E+11   0.103735E+10   0.959082E+09   0.988059E+11
 0619   0.242901E+02   0.235333E+11   0.103943E+10   0.957947E+09   0.987695E+11
 0620   0.243297E+02   0.235745E+11   0.104081E+10   0.956720E+09   0.987334E+11
 0621   0.243649E+02   0.236137E+11   0.111187E+10   0.964458E+09   0.986980E+11
 0622   0.244045E+02   0.236549E+11   0.104220E+10   0.962615E+09   0.986627E+11
 0623   0.244440E+02   0.236961E+11   0.104180E+10   0.960694E+09   0.986278E+11
 0624   0.244791E+02   0.237351E+11   0.111251E+10   0.968164E+09   0.985935E+11
 0625   0.245184E+02   0.237762E+11   0.104314E+10   0.966418E+09   0.985594E+11
 0626   0.245577E+02   0.238172E+11   0.104462E+10   0.964337E+09   0.985256E+11
 0627   0.245969E+02   0.238581E+11   0.104536E+10   0.962383E+09   0.984922E+11
 0628   0.246316E+02   0.238969E+11   0.111623E+10   0.969963E+09   0.984594E+11
 0629   0.246706E+02   0.239378E+11   0.104755E+10   0.968241E+09   0.984267E+11
 0630   0.247095E+02   0.239786E+11   0.104911E+10   0.966142E+09   0.983944E+11
 0631   0.247440E+02   0.240172E+11   0.111978E+10   0.973054E+09   0.983626E+11
 0632   0.247827E+02   0.240578E+11   0.104791E+10   0.971067E+09   0.983309E+11
 0633   0.248213E+02   0.240983E+11   0.104925E+10   0.969040E+09   0.982996E+11
 0634   0.248598E+02   0.241387E+11   0.105097E+10   0.966820E+09   0.982687E+11
 0635   0.248939E+02   0.241769E+11   0.112099E+10   0.973909E+09   0.982382E+11
 0636   0.249321E+02   0.242171E+11   0.105087E+10   0.971715E+09   0.982079E+11
 0637   0.249702E+02   0.242572E+11   0.105209E+10   0.969180E+09   0.981780E+11
 0638   0.250040E+02   0.242951E+11   0.112180E+10   0.975822E+09   0.981485E+11
 0639   0.250418E+02   0.243348E+11   0.104970E+10   0.973043E+09   0.981192E+11
 0640   0.250795E+02   0.243743E+11   0.105014E+10   0.970544E+09   0.980902E+11
 0641   0.251128E+02   0.244117E+11   0.112198E+10   0.978132E+09   0.980616E+11
 0642   0.251501E+02   0.244510E+11   0.105402E+10   0.977232E+09   0.980332E+11
 0643   0.251871E+02   0.244903E+11   0.105986E+10   0.976886E+09   0.980051E+11
 0644   0.252241E+02   0.245297E+11   0.106541E+10   0.976966E+09   0.979773E+11
 0645   0.252610E+02   0.245691E+11   0.107011E+10   0.977202E+09   0.979498E+11
 0646   0.252938E+02   0.246067E+11   0.114600E+10   0.986477E+09   0.979228E+11
 0647   0.253307E+02   0.246464E+11   0.107448E+10   0.986248E+09   0.978958E+11
 0648   0.253677E+02   0.246862E+11   0.107459E+10   0.985696E+09   0.978692E+11
 0649   0.254048E+02   0.247260E+11   0.107442E+10   0.984867E+09   0.978429E+11
 0650   0.254419E+02   0.247658E+11   0.107434E+10   0.983636E+09   0.978168E+11
 0651   0.254748E+02   0.248036E+11   0.114655E+10   0.991624E+09   0.977911E+11
 0652   0.255118E+02   0.248433E+11   0.107369E+10   0.990378E+09   0.977656E+11
 0653   0.255487E+02   0.248830E+11   0.107513E+10   0.989197E+09   0.977404E+11
 0654   0.255855E+02   0.249226E+11   0.107711E+10   0.988055E+09   0.977154E+11
 0655   0.256222E+02   0.249622E+11   0.107908E+10   0.986901E+09   0.976907E+11
 0656   0.256548E+02   0.249998E+11   0.115249E+10   0.995378E+09   0.976663E+11
 0657   0.256913E+02   0.250393E+11   0.108152E+10   0.994526E+09   0.976422E+11
 0658   0.257277E+02   0.250788E+11   0.108322E+10   0.993482E+09   0.976182E+11
 0659   0.257642E+02   0.251182E+11   0.108418E+10   0.992382E+09   0.975946E+11
 0660   0.257965E+02   0.251557E+11   0.115791E+10   0.100061E+10   0.975712E+11
 0661   0.258328E+02   0.251950E+11   0.108440E+10   0.999667E+09   0.975481E+11
 0662   0.258690E+02   0.252344E+11   0.108582E+10   0.998855E+09   0.975251E+11
 0663   0.259052E+02   0.252737E+11   0.108804E+10   0.998105E+09   0.975025E+11
 0664   0.259413E+02   0.253131E+11   0.109013E+10   0.997386E+09   0.974800E+11
 0665   0.259733E+02   0.253504E+11   0.116532E+10   0.100608E+10   0.974579E+11
 0666   0.260092E+02   0.253896E+11   0.109236E+10   0.100546E+10   0.974360E+11
 0667   0.260451E+02   0.254289E+11   0.109394E+10   0.100494E+10   0.974142E+11
 0668   0.260809E+02   0.254681E+11   0.109584E+10   0.100438E+10   0.973927E+11
 0669   0.261166E+02   0.255073E+11   0.109755E+10   0.100374E+10   0.973714E+11
 0670   0.261523E+02   0.255465E+11   0.109906E+10   0.100331E+10   0.973504E+11
 0671   0.261839E+02   0.255837E+11   0.117525E+10   0.101239E+10   0.973297E+11
 0672   0.262194E+02   0.256228E+11   0.110233E+10   0.101196E+10   0.973091E+11
 0673   0.262549E+02   0.256620E+11   0.110372E+10   0.101129E+10   0.972887E+11
 0674   0.262903E+02   0.257011E+11   0.110448E+10   0.101059E+10   0.972685E+11
 0675   0.263256E+02   0.257401E+11   0.110545E+10   0.100998E+10   0.972485E+11
 0676   0.263609E+02   0.257792E+11   0.110723E+10   0.100945E+10   0.972288E+11
 0677   0.263922E+02   0.258162E+11   0.118368E+10   0.101852E+10   0.972093E+11
 0678   0.264273E+02   0.258552E+11   0.111015E+10   0.101816E+10   0.971900E+11
 0679   0.264624E+02   0.258942E+11   0.111221E+10   0.101773E+10   0.971709E+11
 0680   0.264973E+02   0.259332E+11   0.111351E+10   0.101692E+10   0.971520E+11
 0681   0.265323E+02   0.259720E+11   0.111340E+10   0.101599E+10   0.971333E+11
 0682   0.265671E+02   0.260109E+11   0.111340E+10   0.101498E+10   0.971147E+11
 0683   0.265981E+02   0.260476E+11   0.118846E+10   0.102340E+10   0.970965E+11
 0684   0.266328E+02   0.260863E+11   0.111235E+10   0.102240E+10   0.970783E+11
 0685   0.266674E+02   0.261248E+11   0.111334E+10   0.102194E+10   0.970604E+11
 0686   0.267019E+02   0.261633E+11   0.111688E+10   0.102180E+10   0.970427E+11
 0687   0.267363E+02   0.262018E+11   0.112032E+10   0.102165E+10   0.970251E+11
 0688   0.267706E+02   0.262404E+11   0.112243E+10   0.102140E+10   0.970077E+11
 0689   0.268011E+02   0.262769E+11   0.119953E+10   0.103100E+10   0.969906E+11
 0690   0.268353E+02   0.263154E+11   0.112495E+10   0.103138E+10   0.969736E+11
 0691   0.268694E+02   0.263539E+11   0.112775E+10   0.103204E+10   0.969568E+11
 0692   0.269035E+02   0.263925E+11   0.113112E+10   0.103280E+10   0.969401E+11
 0693   0.269376E+02   0.264311E+11   0.113425E+10   0.103355E+10   0.969236E+11
 0694   0.269717E+02   0.264698E+11   0.113662E+10   0.103411E+10   0.969073E+11
 0695   0.270057E+02   0.265086E+11   0.113778E+10   0.103465E+10   0.968912E+11
 0696   0.270398E+02   0.265474E+11   0.113883E+10   0.103510E+10   0.968752E+11
 0697   0.270739E+02   0.265862E+11   0.114007E+10   0.103522E+10   0.968595E+11
 0698   0.271080E+02   0.266251E+11   0.114070E+10   0.103508E+10   0.968438E+11
 0699   0.271382E+02   0.266620E+11   0.121803E+10   0.104478E+10   0.968284E+11
 0700   0.271722E+02   0.267008E+11   0.114162E+10   0.104495E+10   0.968131E+11
 0701   0.272061E+02   0.267396E+11   0.114382E+10   0.104527E+10   0.967980E+11
 0702   0.272400E+02   0.267783E+11   0.114649E+10   0.104594E+10   0.967830E+11
 0703   0.272737E+02   0.268172E+11   0.115017E+10   0.104710E+10   0.967682E+11
 0704   0.273074E+02   0.268561E+11   0.115472E+10   0.104844E+10   0.967536E+11
 0705   0.273411E+02   0.268952E+11   0.115841E+10   0.104943E+10   0.967391E+11
 0706   0.273749E+02   0.269343E+11   0.115973E+10   0.105003E+10   0.967247E+11
 0707   0.274086E+02   0.269734E+11   0.115954E+10   0.105026E+10   0.967105E+11
 0708   0.274424E+02   0.270125E+11   0.115870E+10   0.105024E+10   0.966965E+11
 0709   0.274761E+02   0.270516E+11   0.115819E+10   0.104982E+10   0.966826E+11
 0710   0.275099E+02   0.270907E+11   0.115754E+10   0.104922E+10   0.966688E+11
 0711   0.275398E+02   0.271276E+11   0.123483E+10   0.105876E+10   0.966553E+11
 0712   0.275734E+02   0.271665E+11   0.115773E+10   0.105836E+10   0.966418E+11
 0713   0.276068E+02   0.272053E+11   0.115889E+10   0.105792E+10   0.966285E+11
 0714   0.276402E+02   0.272440E+11   0.115997E+10   0.105736E+10   0.966153E+11
 0715   0.276735E+02   0.272826E+11   0.116082E+10   0.105726E+10   0.966023E+11
 0716   0.277066E+02   0.273211E+11   0.116311E+10   0.105785E+10   0.965894E+11
 0717   0.277396E+02   0.273597E+11   0.116738E+10   0.105889E+10   0.965766E+11
 0718   0.277726E+02   0.273983E+11   0.117182E+10   0.106036E+10   0.965640E+11
 0719   0.278055E+02   0.274370E+11   0.117620E+10   0.106202E+10   0.965515E+11
 0720   0.278384E+02   0.274758E+11   0.118007E+10   0.106386E+10   0.965391E+11
 0721   0.278713E+02   0.275148E+11   0.118320E+10   0.106557E+10   0.965269E+11
 0722   0.279042E+02   0.275538E+11   0.118510E+10   0.106733E+10   0.965148E+11
 0723   0.279373E+02   0.275930E+11   0.118709E+10   0.106887E+10   0.965028E+11
 0724   0.279703E+02   0.276323E+11   0.118855E+10   0.106987E+10   0.964910E+11
 0725   0.279997E+02   0.276696E+11   0.126897E+10   0.108052E+10   0.964793E+11
 0726   0.280328E+02   0.277089E+11   0.118752E+10   0.108085E+10   0.964677E+11
 0727   0.280659E+02   0.277482E+11   0.118704E+10   0.108103E+10   0.964562E+11
 0728   0.280989E+02   0.277874E+11   0.118695E+10   0.108154E+10   0.964448E+11
 0729   0.281318E+02   0.278265E+11   0.118918E+10   0.108259E+10   0.964336E+11
 0730   0.281647E+02   0.278657E+11   0.119349E+10   0.108403E+10   0.964225E+11
 0731   0.281974E+02   0.279050E+11   0.119809E+10   0.108568E+10   0.964115E+11
 0732   0.282301E+02   0.279443E+11   0.120199E+10   0.108706E+10   0.964006E+11
 0733   0.282629E+02   0.279837E+11   0.120368E+10   0.108866E+10   0.963899E+11
 0734   0.282956E+02   0.280231E+11   0.120551E+10   0.109048E+10   0.963792E+11
 0735   0.283283E+02   0.280627E+11   0.120813E+10   0.109221E+10   0.963687E+11
 0736   0.283611E+02   0.281024E+11   0.121007E+10   0.109370E+10   0.963583E+11
 0737   0.283940E+02   0.281421E+11   0.121134E+10   0.109480E+10   0.963480E+11
 0738   0.284268E+02   0.281819E+11   0.121164E+10   0.109531E+10   0.963378E+11
 0739   0.284596E+02   0.282216E+11   0.121026E+10   0.109575E+10   0.963277E+11
 0740   0.284924E+02   0.282613E+11   0.120977E+10   0.109634E+10   0.963177E+11
 0741   0.285251E+02   0.283009E+11   0.121115E+10   0.109700E+10   0.963078E+11
 0742   0.285578E+02   0.283405E+11   0.121318E+10   0.109816E+10   0.962981E+11
 0743   0.285903E+02   0.283802E+11   0.121669E+10   0.109958E+10   0.962884E+11
 0744   0.286228E+02   0.284198E+11   0.122034E+10   0.110132E+10   0.962788E+11
 0745   0.286553E+02   0.284596E+11   0.122360E+10   0.110323E+10   0.962694E+11
 0746   0.286878E+02   0.284994E+11   0.122679E+10   0.110553E+10   0.962600E+11
 0747   0.287202E+02   0.285393E+11   0.123073E+10   0.110806E+10   0.962507E+11
 0748   0.287527E+02   0.285794E+11   0.123456E+10   0.111035E+10   0.962416E+11
 0749   0.287852E+02   0.286196E+11   0.123683E+10   0.111277E+10   0.962325E+11
 0750   0.288177E+02   0.286599E+11   0.123933E+10   0.111509E+10   0.962236E+11
 0751   0.288503E+02   0.287004E+11   0.124153E+10   0.111783E+10   0.962147E+11
 0752   0.288830E+02   0.287410E+11   0.124484E+10   0.112099E+10   0.962059E+11
 0753   0.289156E+02   0.287819E+11   0.124958E+10   0.112364E+10   0.961972E+11
 0754   0.289484E+02   0.288228E+11   0.125160E+10   0.112568E+10   0.961887E+11
 0755   0.289812E+02   0.288639E+11   0.125127E+10   0.112780E+10   0.961802E+11
 0756   0.290141E+02   0.289051E+11   0.125233E+10   0.112968E+10   0.961718E+11
 0757   0.290469E+02   0.289463E+11   0.125307E+10   0.113159E+10   0.961635E+11
 0758   0.290798E+02   0.289875E+11   0.125459E+10   0.113348E+10   0.961553E+11
 0759   0.291127E+02   0.290289E+11   0.125729E+10   0.113581E+10   0.961471E+11
 0760   0.291456E+02   0.290703E+11   0.126129E+10   0.113747E+10   0.961391E+11
 0761   0.291784E+02   0.291117E+11   0.126207E+10   0.113913E+10   0.961312E+11
 0762   0.292112E+02   0.291532E+11   0.126257E+10   0.114093E+10   0.961233E+11
 0763   0.292441E+02   0.291947E+11   0.126470E+10   0.114341E+10   0.961155E+11
 0764   0.292805E+02   0.292385E+11   0.119936E+10   0.113497E+10   0.961078E+11
 0765   0.293134E+02   0.292802E+11   0.127039E+10   0.113623E+10   0.961002E+11
 0766   0.293462E+02   0.293219E+11   0.126922E+10   0.113765E+10   0.960927E+11
 0767   0.293791E+02   0.293636E+11   0.126985E+10   0.113980E+10   0.960852E+11
 0768   0.294119E+02   0.294054E+11   0.127389E+10   0.114338E+10   0.960779E+11
 0769   0.294447E+02   0.294474E+11   0.128168E+10   0.114770E+10   0.960706E+11
 0770   0.294775E+02   0.294897E+11   0.129034E+10   0.115214E+10   0.960634E+11
 0771   0.295104E+02   0.295324E+11   0.129684E+10   0.115661E+10   0.960563E+11
 0772   0.295433E+02   0.295753E+11   0.130144E+10   0.116042E+10   0.960492E+11
 0773   0.295764E+02   0.296184E+11   0.130240E+10   0.116381E+10   0.960423E+11
 0774   0.296097E+02   0.296617E+11   0.130138E+10   0.116647E+10   0.960354E+11
 0775   0.296432E+02   0.297052E+11   0.129946E+10   0.116906E+10   0.960286E+11
 0776   0.296767E+02   0.297488E+11   0.129979E+10   0.117157E+10   0.960219E+11
 0777   0.297103E+02   0.297925E+11   0.130152E+10   0.117463E+10   0.960152E+11
 0778   0.297476E+02   0.298385E+11   0.123425E+10   0.116666E+10   0.960086E+11
 0779   0.297812E+02   0.298825E+11   0.130892E+10   0.116981E+10   0.960021E+11
 0780   0.298148E+02   0.299266E+11   0.131243E+10   0.117301E+10   0.959957E+11
 0781   0.298485E+02   0.299709E+11   0.131609E+10   0.117586E+10   0.959893E+11
 0782   0.298821E+02   0.300153E+11   0.131768E+10   0.117927E+10   0.959830E+11
 0783   0.299159E+02   0.300599E+11   0.132112E+10   0.118347E+10   0.959768E+11
 0784   0.299496E+02   0.301047E+11   0.132776E+10   0.118787E+10   0.959707E+11
 0785   0.299835E+02   0.301498E+11   0.133318E+10   0.119161E+10   0.959646E+11
 0786   0.300174E+02   0.301952E+11   0.133495E+10   0.119447E+10   0.959586E+11
 0787   0.300553E+02   0.302429E+11   0.126034E+10   0.118638E+10   0.959527E+11
 0788   0.300894E+02   0.302884E+11   0.133302E+10   0.119052E+10   0.959468E+11
 0789   0.301237E+02   0.303342E+11   0.133869E+10   0.119539E+10   0.959410E+11
 0790   0.301579E+02   0.303803E+11   0.134736E+10   0.120122E+10   0.959353E+11
 0791   0.301921E+02   0.304268E+11   0.135766E+10   0.120705E+10   0.959296E+11
 0792   0.302265E+02   0.304737E+11   0.136566E+10   0.121277E+10   0.959240E+11
 0793   0.302648E+02   0.305233E+11   0.129503E+10   0.120667E+10   0.959185E+11
 0794   0.302994E+02   0.305708E+11   0.137030E+10   0.121145E+10   0.959130E+11
 0795   0.303343E+02   0.306186E+11   0.136998E+10   0.121673E+10   0.959076E+11
 0796   0.303694E+02   0.306667E+11   0.137378E+10   0.122255E+10   0.959023E+11
 0797   0.304046E+02   0.307154E+11   0.138056E+10   0.122736E+10   0.958970E+11
 0798   0.304439E+02   0.307667E+11   0.130643E+10   0.121965E+10   0.958918E+11
 0799   0.304795E+02   0.308158E+11   0.137890E+10   0.122338E+10   0.958867E+11
 0800   0.305152E+02   0.308650E+11   0.137901E+10   0.122851E+10   0.958816E+11
 0801   0.305510E+02   0.309147E+11   0.138598E+10   0.123421E+10   0.958766E+11
 0802   0.305869E+02   0.309647E+11   0.139449E+10   0.124074E+10   0.958716E+11
 0803   0.306229E+02   0.310153E+11   0.140480E+10   0.124811E+10   0.958667E+11
 0804   0.306631E+02   0.310690E+11   0.133712E+10   0.124385E+10   0.958619E+11
 0805   0.306994E+02   0.311207E+11   0.142084E+10   0.125000E+10   0.958571E+11
 0806   0.307361E+02   0.311727E+11   0.142187E+10   0.125507E+10   0.958524E+11
 0807   0.307730E+02   0.312251E+11   0.141888E+10   0.125991E+10   0.958477E+11
 0808   0.308142E+02   0.312804E+11   0.133970E+10   0.125409E+10   0.958432E+11
 0809   0.308516E+02   0.313334E+11   0.142143E+10   0.126116E+10   0.958386E+11
 0810   0.308891E+02   0.313871E+11   0.143117E+10   0.126988E+10   0.958342E+11
 0811   0.309267E+02   0.314416E+11   0.144679E+10   0.127839E+10   0.958297E+11
 0812   0.309688E+02   0.314995E+11   0.137629E+10   0.127548E+10   0.958254E+11
 0813   0.310069E+02   0.315553E+11   0.146427E+10   0.128476E+10   0.958211E+11
 0814   0.310496E+02   0.316147E+11   0.139063E+10   0.128070E+10   0.958169E+11
 0815   0.310883E+02   0.316716E+11   0.147241E+10   0.128771E+10   0.958127E+11
 0816   0.311272E+02   0.317289E+11   0.147255E+10   0.129476E+10   0.958086E+11
 0817   0.311707E+02   0.317895E+11   0.139200E+10   0.129104E+10   0.958045E+11
 0818   0.312101E+02   0.318478E+11   0.147847E+10   0.130147E+10   0.958005E+11
 0819   0.312498E+02   0.319070E+11   0.149305E+10   0.131340E+10   0.957966E+11
 0820   0.312941E+02   0.319703E+11   0.142654E+10   0.131252E+10   0.957927E+11
 0821   0.313343E+02   0.320313E+11   0.152224E+10   0.132221E+10   0.957889E+11
 0822   0.313791E+02   0.320959E+11   0.144012E+10   0.132224E+10   0.957851E+11
 0823   0.314241E+02   0.321612E+11   0.145008E+10   0.132404E+10   0.957814E+11
 0824   0.314650E+02   0.322246E+11   0.154890E+10   0.133884E+10   0.957778E+11
 0825   0.315108E+02   0.322922E+11   0.147835E+10   0.134238E+10   0.957742E+11
 0826   0.315568E+02   0.323609E+11   0.149285E+10   0.134441E+10   0.957707E+11
 0827   0.316032E+02   0.324303E+11   0.149723E+10   0.134929E+10   0.957673E+11
 0828   0.316453E+02   0.324978E+11   0.160267E+10   0.136545E+10   0.957639E+11
 0829   0.316924E+02   0.325696E+11   0.152216E+10   0.137004E+10   0.957605E+11
 0830   0.317399E+02   0.326423E+11   0.153084E+10   0.137878E+10   0.957573E+11
 0831   0.317879E+02   0.327167E+11   0.155221E+10   0.138802E+10   0.957541E+11
 0832   0.318410E+02   0.327961E+11   0.149362E+10   0.138753E+10   0.957510E+11
 0833   0.318897E+02   0.328738E+11   0.159420E+10   0.140066E+10   0.957479E+11
 0834   0.319389E+02   0.329534E+11   0.161905E+10   0.141749E+10   0.957449E+11
 0835   0.319934E+02   0.330388E+11   0.156691E+10   0.142264E+10   0.957420E+11
 0836   0.320484E+02   0.331261E+11   0.158885E+10   0.143114E+10   0.957392E+11
 0837   0.321038E+02   0.332157E+11   0.161545E+10   0.143814E+10   0.957364E+11
 0838   0.321598E+02   0.333068E+11   0.162839E+10   0.144694E+10   0.957338E+11
 0839   0.322164E+02   0.333999E+11   0.164360E+10   0.146498E+10   0.957312E+11
 0840   0.322788E+02   0.335005E+11   0.161283E+10   0.147462E+10   0.957287E+11
 0841   0.323364E+02   0.336008E+11   0.174131E+10   0.149455E+10   0.957263E+11
 0842   0.323998E+02   0.337080E+11   0.169061E+10   0.150929E+10   0.957240E+11
 0843   0.324694E+02   0.338231E+11   0.165495E+10   0.151897E+10   0.957219E+11
 0844   0.325342E+02   0.339385E+11   0.178057E+10   0.154155E+10   0.957198E+11
 0845   0.326053E+02   0.340627E+11   0.174587E+10   0.156561E+10   0.957179E+11
 0846   0.326830E+02   0.341983E+11   0.174519E+10   0.158616E+10   0.957161E+11
 0847   0.327617E+02   0.343418E+11   0.182285E+10   0.161349E+10   0.957145E+11
 0848   0.328473E+02   0.344986E+11   0.183197E+10   0.163809E+10   0.957131E+11
 0849   0.329344E+02   0.346651E+11   0.191269E+10   0.167575E+10   0.957117E+11
 0850   0.330347E+02   0.348542E+11   0.188497E+10   0.171997E+10   0.957106E+11
 0851   0.331430E+02   0.350692E+11   0.198552E+10   0.177322E+10   0.957097E+11
 0852   0.332598E+02   0.353160E+11   0.211196E+10   0.185715E+10   0.957089E+11
 0853   0.333978E+02   0.356234E+11   0.222725E+10   0.196373E+10   0.956970E+11
 0854   0.335584E+02   0.360204E+11   0.247259E+10   0.218769E+10   0.670423E+11
 0855   0.337711E+02   0.366750E+11   0.307813E+10   0.572489E+10   0.208471E+11
 0856   0.416051E+02   0.843990E+11   0.609185E+10   0.397766E+10   0.254541E+10
 0857   0.472887E+02   0.113671E+12   0.515028E+10   0.392140E+10   0.145575E+10
 0858   0.603027E+02   0.153849E+12   0.308729E+10   0.361325E+10   0.779520E+09
 0859   0.732064E+02   0.192358E+12   0.298433E+10   0.342871E+10   0.486920E+09
 0860   0.858361E+02   0.229922E+12   0.297425E+10   0.330342E+10   0.319347E+09
 0861   0.984906E+02   0.267304E+12   0.295409E+10   0.320324E+10   0.217787E+09
 0862   0.111172E+03   0.304503E+12   0.293325E+10   0.311945E+10   0.151960E+09
 0863   0.124005E+03   0.341541E+12   0.288629E+10   0.304679E+10   0.107091E+09
 0864   0.137010E+03   0.378368E+12   0.283157E+10   0.298291E+10   0.762877E+08
 0865   0.150107E+03   0.414907E+12   0.279010E+10   0.292707E+10   0.551410E+08
 0866   0.163234E+03   0.451112E+12   0.275789E+10   0.287860E+10   0.406747E+08
 0867   0.176467E+03   0.487076E+12   0.271776E+10   0.283475E+10   0.303301E+08
 0868   0.189797E+03   0.522810E+12   0.268082E+10   0.279457E+10   0.227873E+08
 0869   0.203167E+03   0.558256E+12   0.265115E+10   0.275835E+10   0.174078E+08
 0870   0.216636E+03   0.593483E+12   0.261551E+10   0.272396E+10   0.133376E+08
 0871   0.230056E+03   0.628332E+12   0.259666E+10   0.269376E+10   0.105525E+08
 0872   0.243562E+03   0.662973E+12   0.256497E+10   0.266497E+10   0.828499E+07
 0873   0.257103E+03   0.697367E+12   0.253984E+10   0.263799E+10   0.652680E+07
 0874   0.270626E+03   0.731478E+12   0.252262E+10   0.261322E+10   0.521167E+07
 0875   0.284134E+03   0.765327E+12   0.250581E+10   0.258986E+10   0.420245E+07
 0876   0.297603E+03   0.798872E+12   0.249040E+10   0.256850E+10   0.346417E+07
 0877   0.311107E+03   0.832208E+12   0.246867E+10   0.254772E+10   0.283163E+07
 0878   0.324546E+03   0.865239E+12   0.245778E+10   0.252899E+10   0.237991E+07
 0879   0.338021E+03   0.898080E+12   0.243721E+10   0.251016E+10   0.197660E+07
 0880   0.351473E+03   0.930665E+12   0.242224E+10   0.249233E+10   0.165566E+07
 0881   0.364853E+03   0.962953E+12   0.241318E+10   0.247616E+10   0.142189E+07
 0882   0.378214E+03   0.995008E+12   0.239928E+10   0.246053E+10   0.122408E+07
 0883   0.391566E+03   0.102685E+13   0.238498E+10   0.244505E+10   0.104983E+07
 0884   0.404916E+03   0.105849E+13   0.236975E+10   0.242980E+10   0.898326E+06
 0885   0.418063E+03   0.108972E+13   0.237550E+10   0.241754E+10   0.810440E+06
 0886   0.431274E+03   0.112082E+13   0.235404E+10   0.240423E+10   0.713910E+06
 0887   0.444456E+03   0.115170E+13   0.234239E+10   0.239134E+10   0.631903E+06
 0888   0.457600E+03   0.118235E+13   0.233224E+10   0.237861E+10   0.565832E+06
 0889   0.470677E+03   0.121275E+13   0.232430E+10   0.236677E+10   0.513573E+06
 0890   0.483713E+03   0.124292E+13   0.231469E+10   0.235518E+10   0.472575E+06
 0891   0.496634E+03   0.127280E+13   0.231248E+10   0.234494E+10   0.432185E+06
 0892   0.509526E+03   0.130247E+13   0.230174E+10   0.233481E+10   0.398954E+06
 0893   0.522483E+03   0.133204E+13   0.228189E+10   0.232317E+10   0.390736E+06
 0894   0.535164E+03   0.136115E+13   0.229582E+10   0.231535E+10   0.347243E+06
 0895   0.547930E+03   0.139019E+13   0.227431E+10   0.230561E+10   0.331463E+06
 0896   0.560710E+03   0.141907E+13   0.225972E+10   0.229524E+10   0.335904E+06
 0897   0.573337E+03   0.144764E+13   0.226253E+10   0.228645E+10   0.322438E+06
 0898   0.585942E+03   0.147602E+13   0.225167E+10   0.227751E+10   0.321433E+06
 0899   0.598395E+03   0.150409E+13   0.225442E+10   0.227012E+10   0.295011E+06
 0900   0.610835E+03   0.153200E+13   0.224309E+10   0.226237E+10   0.283493E+06
 0901   0.623259E+03   0.155973E+13   0.223253E+10   0.225411E+10   0.283124E+06
 0902   0.635592E+03   0.158723E+13   0.222916E+10   0.224657E+10   0.274055E+06
 0903   0.647885E+03   0.161453E+13   0.222084E+10   0.223894E+10   0.268009E+06
 0904   0.660041E+03   0.164154E+13   0.222253E+10   0.223271E+10   0.249464E+06
 0905   0.672191E+03   0.166841E+13   0.221093E+10   0.222584E+10   0.240151E+06
 0906   0.684390E+03   0.169517E+13   0.219428E+10   0.221741E+10   0.233068E+06
 0907   0.696343E+03   0.172156E+13   0.220716E+10   0.221200E+10   0.220519E+06
 0908   0.708325E+03   0.174783E+13   0.219260E+10   0.220532E+10   0.206953E+06
 0909   0.720256E+03   0.177391E+13   0.218626E+10   0.219858E+10   0.189895E+06
 0910   0.732055E+03   0.179973E+13   0.218813E+10   0.219309E+10   0.179606E+06
 0911   0.743867E+03   0.182543E+13   0.217551E+10   0.218654E+10   0.160700E+06
 0912   0.755601E+03   0.185091E+13   0.217202E+10   0.218031E+10   0.144277E+06
 0913   0.767193E+03   0.187613E+13   0.217511E+10   0.217549E+10   0.138673E+06
 0914   0.778798E+03   0.190122E+13   0.216254E+10   0.216957E+10   0.125096E+06
 0915   0.790342E+03   0.192613E+13   0.215747E+10   0.216375E+10   0.113144E+06
 0916   0.801809E+03   0.195083E+13   0.215408E+10   0.215832E+10   0.103706E+06
 0917   0.813121E+03   0.197526E+13   0.215929E+10   0.215439E+10   0.102072E+06
 0918   0.824423E+03   0.199955E+13   0.214922E+10   0.214972E+10   0.964591E+05
 0919   0.835728E+03   0.202371E+13   0.213779E+10   0.214414E+10   0.867407E+05
 0920   0.846974E+03   0.204770E+13   0.213293E+10   0.213858E+10   0.781713E+05
 0921   0.858109E+03   0.207146E+13   0.213388E+10   0.213388E+10   0.730033E+05
 0922   0.869191E+03   0.209505E+13   0.212876E+10   0.212903E+10   0.677784E+05
 0923   0.880142E+03   0.211840E+13   0.213195E+10   0.212534E+10   0.655449E+05
 0924   0.891072E+03   0.214161E+13   0.212357E+10   0.212106E+10   0.617999E+05
 0925   0.901982E+03   0.216469E+13   0.211501E+10   0.211616E+10   0.568380E+05
 0926   0.912782E+03   0.218754E+13   0.211648E+10   0.211200E+10   0.537009E+05
 0927   0.923557E+03   0.221026E+13   0.210858E+10   0.210733E+10   0.497901E+05
 0928   0.934239E+03   0.223278E+13   0.210819E+10   0.210316E+10   0.469201E+05
 0929   0.944773E+03   0.225505E+13   0.211409E+10   0.210042E+10   0.460421E+05
 0930   0.955328E+03   0.227723E+13   0.210128E+10   0.209639E+10   0.433604E+05
 0931   0.965853E+03   0.229927E+13   0.209421E+10   0.209187E+10   0.403103E+05
 0932   0.976266E+03   0.232110E+13   0.209641E+10   0.208818E+10   0.383493E+05
 0933   0.986648E+03   0.234279E+13   0.208938E+10   0.208404E+10   0.360925E+05
 0934   0.996907E+03   0.236427E+13   0.209284E+10   0.208094E+10   0.347278E+05
 0935   0.100714E+04   0.238561E+13   0.208546E+10   0.207731E+10   0.330214E+05
 0936   0.101725E+04   0.240673E+13   0.208917E+10   0.207473E+10   0.320506E+05
 0937   0.102734E+04   0.242773E+13   0.208074E+10   0.207146E+10   0.306440E+05
 0938   0.103744E+04   0.244863E+13   0.207057E+10   0.206722E+10   0.287792E+05
 0939   0.104741E+04   0.246931E+13   0.207452E+10   0.206406E+10   0.275597E+05
 0940   0.105737E+04   0.248989E+13   0.206478E+10   0.205996E+10   0.260235E+05
 0941   0.106722E+04   0.251026E+13   0.206824E+10   0.205685E+10   0.249377E+05
 0942   0.107694E+04   0.253042E+13   0.207336E+10   0.205492E+10   0.242857E+05
 0943   0.108666E+04   0.255047E+13   0.206346E+10   0.205203E+10   0.233161E+05
 0944   0.109637E+04   0.257042E+13   0.205484E+10   0.204833E+10   0.221384E+05
 0945   0.110595E+04   0.259015E+13   0.205986E+10   0.204578E+10   0.213370E+05
 0946   0.111553E+04   0.260979E+13   0.205031E+10   0.204227E+10   0.203111E+05
 0947   0.112498E+04   0.262922E+13   0.205617E+10   0.204000E+10   0.196246E+05
 0948   0.113442E+04   0.264855E+13   0.204627E+10   0.203669E+10   0.187235E+05
 0949   0.114374E+04   0.266767E+13   0.205217E+10   0.203462E+10   0.181142E+05
 0950   0.115306E+04   0.268670E+13   0.204315E+10   0.203163E+10   0.173323E+05
 0951   0.116225E+04   0.270553E+13   0.204821E+10   0.202972E+10   0.167798E+05
 0952   0.117143E+04   0.272425E+13   0.204006E+10   0.202703E+10   0.160911E+05
 0953   0.118061E+04   0.274289E+13   0.202988E+10   0.202323E+10   0.152530E+05
 0954   0.118967E+04   0.276134E+13   0.203569E+10   0.202062E+10   0.146352E+05
 0955   0.119861E+04   0.277958E+13   0.204136E+10   0.201916E+10   0.141901E+05
 0956   0.120755E+04   0.279774E+13   0.203109E+10   0.201661E+10   0.136057E+05
 0957   0.121648E+04   0.281580E+13   0.202300E+10   0.201324E+10   0.129473E+05
 0958   0.122529E+04   0.283368E+13   0.202804E+10   0.201091E+10   0.124328E+05
 0959   0.123399E+04   0.285137E+13   0.203375E+10   0.200973E+10   0.120476E+05
 0960   0.124279E+04   0.286906E+13   0.201054E+10   0.200559E+10   0.113874E+05
 0961   0.125136E+04   0.288647E+13   0.203107E+10   0.200469E+10   0.110380E+05
 0962   0.125992E+04   0.290379E+13   0.202216E+10   0.200286E+10   0.106171E+05
 0963   0.126848E+04   0.292101E+13   0.201383E+10   0.200020E+10   0.101373E+05
 0964   0.127691E+04   0.293805E+13   0.202026E+10   0.199876E+10   0.976559E+04
 0965   0.128534E+04   0.295500E+13   0.201148E+10   0.199640E+10   0.933396E+04
 0966   0.129376E+04   0.297187E+13   0.200291E+10   0.199315E+10   0.885699E+04
 0967   0.130205E+04   0.298854E+13   0.201071E+10   0.199130E+10   0.848514E+04
 0968   0.131034E+04   0.300514E+13   0.200200E+10   0.198849E+10   0.806987E+04
 0969   0.131851E+04   0.302154E+13   0.200889E+10   0.198696E+10   0.773497E+04
 0970   0.132666E+04   0.303786E+13   0.200163E+10   0.198470E+10   0.737118E+04
 0971   0.133469E+04   0.305399E+13   0.200914E+10   0.198376E+10   0.707993E+04
 0972   0.134272E+04   0.307005E+13   0.199987E+10   0.198180E+10   0.674652E+04
 0973   0.135073E+04   0.308602E+13   0.199250E+10   0.197907E+10   0.639032E+04
 0974   0.135863E+04   0.310181E+13   0.200014E+10   0.197765E+10   0.609763E+04
 0975   0.136653E+04   0.311753E+13   0.199036E+10   0.197512E+10   0.577239E+04
 0976   0.137430E+04   0.313307E+13   0.199861E+10   0.197400E+10   0.550315E+04
 0977   0.138207E+04   0.314853E+13   0.198978E+10   0.197190E+10   0.520919E+04
 0978   0.138974E+04   0.316383E+13   0.199615E+10   0.197092E+10   0.495597E+04
 0979   0.139740E+04   0.317906E+13   0.198694E+10   0.196893E+10   0.467903E+04
 0980   0.140506E+04   0.319421E+13   0.197819E+10   0.196593E+10   0.438754E+04
 0981   0.141250E+04   0.320910E+13   0.200203E+10   0.196646E+10   0.418577E+04
 0982   0.142005E+04   0.322402E+13   0.197490E+10   0.196353E+10   0.390838E+04
 0983   0.142749E+04   0.323877E+13   0.198323E+10   0.196199E+10   0.366982E+04
 0984   0.143493E+04   0.325345E+13   0.197383E+10   0.195936E+10   0.341894E+04
 0985   0.144225E+04   0.326797E+13   0.198153E+10   0.195804E+10   0.319634E+04
 0986   0.144946E+04   0.328232E+13   0.199019E+10   0.195813E+10   0.300018E+04
 0987   0.145678E+04   0.329670E+13   0.196426E+10   0.195489E+10   0.275941E+04
 0988   0.146399E+04   0.331091E+13   0.197266E+10   0.195303E+10   0.254582E+04
 0989   0.147108E+04   0.332495E+13   0.198151E+10   0.195259E+10   0.235260E+04
 0990   0.147816E+04   0.333893E+13   0.197359E+10   0.195130E+10   0.215418E+04
 0991   0.148523E+04   0.335283E+13   0.196566E+10   0.194913E+10   0.195221E+04
 0992   0.149219E+04   0.336657E+13   0.197488E+10   0.194841E+10   0.176782E+04
 0993   0.149914E+04   0.338024E+13   0.196607E+10   0.194669E+10   0.157938E+04
 0994   0.150597E+04   0.339375E+13   0.197682E+10   0.194662E+10   0.140749E+04
 0995   0.151291E+04   0.340729E+13   0.195009E+10   0.194309E+10   0.121605E+04
 0996   0.151963E+04   0.342057E+13   0.197823E+10   0.194356E+10   0.104792E+04
 0997   0.152646E+04   0.343388E+13   0.195030E+10   0.194044E+10   0.464442E+03
 0998   0.153316E+04   0.344704E+13   0.196081E+10   0.193895E+10   0.254839E+03
 0999   0.153987E+04   0.346014E+13   0.195340E+10   0.193853E+10   0.102325E+03
