 0001  0.4173136480382645E+031
 0002  0.4272348486597692E+031
 0003  0.4373919155708967E+031
 0004  0.4477904562488815E+031
 0005  0.4584362114829260E+031
 0006  0.4693350585435815E+031
 0007  0.4804930144274153E+031
 0008  0.4919162391788079E+031
 0009  0.5036110392908986E+031
 0010  0.5155838711872934E+031
 0011  0.5278413447860910E+031
 0012  0.5403902271496862E+031
 0013  0.5532374462201785E+031
 0014  0.5663900946444194E+031
 0015  0.5798554336895643E+031
 0016  0.5936408972519539E+031
 0017  0.6077540959609954E+031
 0018  0.6222028213811587E+031
 0019  0.6369950503130643E+031
 0020  0.6521389491976443E+031
 0021  0.6676428786246417E+031
 0022  0.6835153979479279E+031
 0023  0.6997652700113281E+031
 0024  0.7164014659861647E+031
 0025  0.7334331703241505E+031
 0026  0.7508697858277643E+031
 0027  0.7687209388414531E+031
 0028  0.7869964845660236E+031
 0029  0.8057065124994519E+031
 0030  0.8248613520072238E+031
 0031  0.8444715780246268E+031
 0032  0.8645480168953748E+031
 0033  0.8851017523479506E+031
 0034  0.9061441316153700E+031
 0035  0.9276867716992352E+031
 0036  0.9497415657832645E+031
 0037  0.9723206897995257E+031
 0038  0.9954366091500840E+031
 0039  0.1019102085589194E+032
 0040  0.1043330184268630E+032
 0041  0.1068134280950478E+032
 0042  0.1093528069391944E+032
 0043  0.1119525568905061E+032
 0044  0.1146141132096481E+032
 0045  0.1173389452791388E+032
 0046  0.1201285574145283E+032
 0047  0.1229844896949284E+032
 0048  0.1259083188132286E+032
 0049  0.1289016589465638E+032
 0050  0.1319661626474759E+032
 0051  0.1351035217562211E+032
 0052  0.1383154683348148E+032
 0053  0.1416037756232476E+032
 0054  0.1449702590184767E+032
 0055  0.1484167770766205E+032
 0056  0.1519452325390701E+032
 0057  0.1555575733829164E+032
 0058  0.1592557938963833E+032
 0059  0.1630419357798623E+032
 0060  0.1669180892730314E+032
 0061  0.1708863943088779E+032
 0062  0.1749490416950682E+032
 0063  0.1791082743234715E+032
 0064  0.1833663884083868E+032
 0065  0.1877257347542139E+032
 0066  0.1921887200533322E+032
 0067  0.1967578082147275E+032
 0068  0.2014355217242773E+032
 0069  0.2062244430373484E+032
 0070  0.2111272160045159E+032
 0071  0.2161465473311800E+032
 0072  0.2212852080718496E+032
 0073  0.2265460351599947E+032
 0074  0.2319319329742553E+032
 0075  0.2374458749418614E+032
 0076  0.2430909051802029E+032
 0077  0.2488701401774147E+032
 0078  0.2547867705129214E+032
 0079  0.2608440626188653E+032
 0080  0.2670453605834430E+032
 0081  0.2733940879971009E+032
 0082  0.2798937498425839E+032
 0083  0.2865479344300036E+032
 0084  0.2933603153778175E+032
 0085  0.3003346536409793E+032
 0086  0.3074747995872578E+032
 0087  0.3147846951229077E+032
 0088  0.3222683758689643E+032
 0089  0.3299299733892009E+032
 0090  0.3377737174709763E+032
 0091  0.3458039384605297E+032
 0092  0.3540250696535803E+032
 0093  0.3624416497428989E+032
 0094  0.3710583253239411E+032
 0095  0.3798798534602241E+032
 0096  0.3889111043094859E+032
 0097  0.3981570638124196E+032
 0098  0.4076228364453598E+032
 0099  0.4173136480382587E+032
 0100  0.4173136480381780E+032
 0101  0.4141193724105885E+032
 0102  0.4109495469700504E+032
 0103  0.4078039845657039E+032
 0104  0.4046824994791595E+032
 0105  0.4015849074135571E+032
 0106  0.3985110254827281E+032
 0107  0.3954606722003870E+032
 0108  0.3924336674694265E+032
 0109  0.3894298325712184E+032
 0110  0.3864489901551680E+032
 0111  0.3834909642281594E+032
 0112  0.3805555801442190E+032
 0113  0.3776426645941342E+032
 0114  0.3747520455953301E+032
 0115  0.3718835524816032E+032
 0116  0.3690370158930962E+032
 0117  0.3662122677663201E+032
 0118  0.3634091413241810E+032
 0119  0.3606274710661862E+032
 0120  0.3578670927586213E+032
 0121  0.3551278434248943E+032
 0122  0.3524095613358918E+032
 0123  0.3497120860004496E+032
 0124  0.3470352581558012E+032
 0125  0.3443789197583484E+032
 0126  0.3417429139741152E+032
 0127  0.3391270851696396E+032
 0128  0.3365312789027507E+032
 0129  0.3339553419133790E+032
 0130  0.3313991221146339E+032
 0131  0.3288624685837175E+032
 0132  0.3263452315530138E+032
 0133  0.3238472624013828E+032
 0134  0.3213684136452036E+032
 0135  0.3189085389297841E+032
 0136  0.3164674930206800E+032
 0137  0.3140451317951171E+032
 0138  0.3116413122335054E+032
 0139  0.3092558924109773E+032
 0140  0.3068887314890051E+032
 0141  0.3045396897071007E+032
 0142  0.3022086283745370E+032
 0143  0.2998954098622203E+032
 0144  0.2975998975944695E+032
 0145  0.2953219560410154E+032
 0146  0.2930614507090564E+032
 0147  0.2908182481351425E+032
 0148  0.2885922158774620E+032
 0149  0.2863832225079671E+032
 0150  0.2841911376046145E+032
 0151  0.2820158317436299E+032
 0152  0.2798571764918980E+032
 0153  0.2777150443993997E+032
 0154  0.2755893089916838E+032
 0155  0.2734798447623146E+032
 0156  0.2713865271656324E+032
 0157  0.2693092326091666E+032
 0158  0.2672478384465918E+032
 0159  0.2652022229702798E+032
 0160  0.2631722654042780E+032
 0161  0.2611578458970005E+032
 0162  0.2591588455143329E+032
 0163  0.2571751462324850E+032
 0164  0.2552066309310493E+032
 0165  0.2532531833861881E+032
 0166  0.2513146882635885E+032
 0167  0.2493910311117644E+032
 0168  0.2474820983553576E+032
 0169  0.2455877772882667E+032
 0170  0.2437079560671561E+032
 0171  0.2418425237047227E+032
 0172  0.2399913700632516E+032
 0173  0.2381543858480091E+032
 0174  0.2363314626009253E+032
 0175  0.2345224926940340E+032
 0176  0.2327273693232117E+032
 0177  0.2309459865018950E+032
 0178  0.2291782390547157E+032
 0179  0.2274240226114255E+032
 0180  0.2256832336005778E+032
 0181  0.2239557692436130E+032
 0182  0.2222415275485869E+032
 0183  0.2205404073042792E+032
 0184  0.2188523080741751E+032
 0185  0.2171771301905163E+032
 0186  0.2155147747484674E+032
 0187  0.2138651436002473E+032
 0188  0.2122281393493185E+032
 0189  0.2106036653446457E+032
 0190  0.2089916256750347E+032
 0191  0.2073919251634028E+032
 0192  0.2058044693611751E+032
 0193  0.2042291645427624E+032
 0194  0.2026659176999576E+032
 0195  0.2011146365364830E+032
 0196  0.1995752294624903E+032
 0197  0.1980476055892803E+032
 0198  0.1965316747237922E+032
 0199  0.1950273473633231E+032
 0200  0.1935345346903166E+032
 0201  0.1920531485670136E+032
 0202  0.1905831015302869E+032
 0203  0.1891243067865108E+032
 0204  0.1876766782063960E+032
 0205  0.1862401303199516E+032
 0206  0.1848145783113541E+032
 0207  0.1833999380140248E+032
 0208  0.1819961259056374E+032
 0209  0.1806030591031378E+032
 0210  0.1792206553579359E+032
 0211  0.1778488330509368E+032
 0212  0.1764875111879060E+032
 0213  0.1751366093944312E+032
 0214  0.1737960479113911E+032
 0215  0.1724657475902055E+032
 0216  0.1711456298880280E+032
 0217  0.1698356168632833E+032
 0218  0.1685356311709641E+032
 0219  0.1672455960580883E+032
 0220  0.1659654353592372E+032
 0221  0.1646950734918513E+032
 0222  0.1634344354520458E+032
 0223  0.1621834468099407E+032
 0224  0.1609420337054531E+032
 0225  0.1597101228438118E+032
 0226  0.1584876414912574E+032
 0227  0.1572745174708108E+032
 0228  0.1560706791578693E+032
 0229  0.1548760554762170E+032
 0230  0.1536905758935406E+032
 0231  0.1525141704175088E+032
 0232  0.1513467695914609E+032
 0233  0.1501883044904405E+032
 0234  0.1490387067170333E+032
 0235  0.1478979083974017E+032
 0236  0.1467658421771793E+032
 0237  0.1456424412176329E+032
 0238  0.1445276391915918E+032
 0239  0.1434213702795167E+032
 0240  0.1423235691658564E+032
 0241  0.1412341710348166E+032
 0242  0.1401531115668320E+032
 0243  0.1390803269346461E+032
 0244  0.1380157537995301E+032
 0245  0.1369593293076276E+032
 0246  0.1359109910861160E+032
 0247  0.1348706772397009E+032
 0248  0.1338383263467428E+032
 0249  0.1328138774558328E+032
 0250  0.1317972700820570E+032
 0251  0.1307884442034803E+032
 0252  0.1297873402576528E+032
 0253  0.1287938991379783E+032
 0254  0.1278080621902901E+032
 0255  0.1268297712094268E+032
 0256  0.1258589684356696E+032
 0257  0.1248955965514914E+032
 0258  0.1239395986781092E+032
 0259  0.1229909183720025E+032
 0260  0.1220494996218006E+032
 0261  0.1211152868448118E+032
 0262  0.1201882248837840E+032
 0263  0.1192682590037343E+032
 0264  0.1183553348885474E+032
 0265  0.1174493986379210E+032
 0266  0.1165503967641026E+032
 0267  0.1156582761887765E+032
 0268  0.1147729842398939E+032
 0269  0.1138944686485822E+032
 0270  0.1130226775460329E+032
 0271  0.1121575594605035E+032
 0272  0.1112990633141817E+032
 0273  0.1104471384202802E+032
 0274  0.1096017344799581E+032
 0275  0.1087628015793928E+032
 0276  0.1079302901867820E+032
 0277  0.1071041511495196E+032
 0278  0.1062843356911629E+032
 0279  0.1054707954086892E+032
 0280  0.1046634822695554E+032
 0281  0.1038623486088390E+032
 0282  0.1030673471264941E+032
 0283  0.1022784308845268E+032
 0284  0.1014955533041821E+032
 0285  0.1007186681633378E+032
 0286  0.9994772959357707E+031
 0287  0.9918269207759331E+031
 0288  0.9842351044650457E+031
 0289  0.9767013987717847E+031
 0290  0.9692253588956902E+031
 0291  0.9618065434407640E+031
 0292  0.9544445143897599E+031
 0293  0.9471388370780121E+031
 0294  0.9398890801686474E+031
 0295  0.9326948156251457E+031
 0296  0.9255556186888580E+031
 0297  0.9184710678511057E+031
 0298  0.9114407448302377E+031
 0299  0.9044642345459197E+031
 0300  0.8975411250956153E+031
 0301  0.8906710077289905E+031
 0302  0.8838534768246251E+031
 0303  0.8770881298662625E+031
 0304  0.8703745674182520E+031
 0305  0.8637123931021453E+031
 0306  0.8571012135745597E+031
 0307  0.8505406385013530E+031
 0308  0.8440302805376778E+031
 0309  0.8375697553023867E+031
 0310  0.8311586813573952E+031
 0311  0.8247966801838159E+031
 0312  0.8184833761600532E+031
 0313  0.8122183965402436E+031
 0314  0.8060013714305055E+031
 0315  0.7998319337694548E+031
 0316  0.7937097193050314E+031
 0317  0.7876343665727087E+031
 0318  0.7816055168754329E+031
 0319  0.7756228142614869E+031
 0320  0.7696859055032764E+031
 0321  0.7637944400783071E+031
 0322  0.7579480701450881E+031
 0323  0.7521464505267608E+031
 0324  0.7463892386870027E+031
 0325  0.7406760947123877E+031
 0326  0.7350066812902502E+031
 0327  0.7293806636912755E+031
 0328  0.7237977097469032E+031
 0329  0.7182574898320327E+031
 0330  0.7127596768442713E+031
 0331  0.7073039461851408E+031
 0332  0.7018899757402481E+031
 0333  0.6965174458617601E+031
 0334  0.6911860393476514E+031
 0335  0.6858954414244106E+031
 0336  0.6806453397275556E+031
 0337  0.6754354242838790E+031
 0338  0.6702653874926550E+031
 0339  0.6651349241074238E+031
 0340  0.6600437312190432E+031
 0341  0.6549915082358585E+031
 0342  0.6499779568676771E+031
 0343  0.6450027811073213E+031
 0344  0.6400656872136807E+031
 0345  0.6351663836937267E+031
 0346  0.6303045812856796E+031
 0347  0.6254799929418299E+031
 0348  0.6206923338120523E+031
 0349  0.6159413212259344E+031
 0350  0.6112266746773283E+031
 0351  0.6065481158064800E+031
 0352  0.6019053683851569E+031
 0353  0.5972981582987772E+031
 0354  0.5927262135314223E+031
 0355  0.5881892641491190E+031
 0356  0.5836870422835838E+031
 0357  0.5792192821178110E+031
 0358  0.5747857198687792E+031
 0359  0.5703860937728088E+031
 0360  0.5660201440697674E+031
 0361  0.5616876129878507E+031
 0362  0.5573882447289411E+031
 0363  0.5531217854513133E+031
 0364  0.5488879832578748E+031
 0365  0.5446865881789870E+031
 0366  0.5405173521581697E+031
 0367  0.5363800290381498E+031
 0368  0.5322743745456437E+031
 0369  0.5282001462765991E+031
 0370  0.5241571036833981E+031
 0371  0.5201450080587159E+031
 0372  0.5161636225230697E+031
 0373  0.5122127120100608E+031
 0374  0.5082920432520790E+031
 0375  0.5044013847673890E+031
 0376  0.5005405068461811E+031
 0377  0.4967091815367351E+031
 0378  0.4929071826325085E+031
 0379  0.4891342856574937E+031
 0380  0.4853902678557269E+031
 0381  0.4816749081739939E+031
 0382  0.4779879872527222E+031
 0383  0.4743292874111084E+031
 0384  0.4706985926340902E+031
 0385  0.4670956885608167E+031
 0386  0.4635203624701222E+031
 0387  0.4599724032704957E+031
 0388  0.4564516014848619E+031
 0389  0.4529577492403207E+031
 0390  0.4494906402551187E+031
 0391  0.4460500698260829E+031
 0392  0.4426358348175522E+031
 0393  0.4392477336476580E+031
 0394  0.4358855662785240E+031
 0395  0.4325491342033536E+031
 0396  0.4292382404338634E+031
 0397  0.4259526894905981E+031
 0398  0.4226922873904794E+031
 0399  0.4194568416340083E+031
 0400  0.4162461611962724E+031
 0401  0.4130600565146096E+031
 0402  0.4098983394765027E+031
 0403  0.4067608234094331E+031
 0404  0.4036473230708511E+031
 0405  0.4005576546348013E+031
 0406  0.3974916356832765E+031
 0407  0.3944490851936499E+031
 0408  0.3914298235302595E+031
 0409  0.3884336724311494E+031
 0410  0.3854604549994226E+031
 0411  0.3825099956925190E+031
 0412  0.3795821203105708E+031
 0413  0.3766766559883324E+031
 0414  0.3737934311824978E+031
 0415  0.3709322756642068E+031
 0416  0.3680930205062476E+031
 0417  0.3652754980753323E+031
 0418  0.3624795420205675E+031
 0419  0.3597049872653840E+031
 0420  0.3569516699958920E+031
 0421  0.3542194276522349E+031
 0422  0.3515080989191343E+031
 0423  0.3488175237162065E+031
 0424  0.3461475431877006E+031
 0425  0.3434979996945442E+031
 0426  0.3408687368038511E+031
 0427  0.3382595992803900E+031
 0428  0.3356704330765540E+031
 0429  0.3331010853249821E+031
 0430  0.3305514043274909E+031
 0431  0.3280212395475806E+031
 0432  0.3255104416000591E+031
 0433  0.3230188622449309E+031
 0434  0.3205463543749462E+031
 0435  0.3180927720105273E+031
 0436  0.3156579702881251E+031
 0437  0.3132418054542227E+031
 0438  0.3108441348543838E+031
 0439  0.3084648169273719E+031
 0440  0.3061037111948899E+031
 0441  0.3037606782533939E+031
 0442  0.3014355797676374E+031
 0443  0.2991282784600637E+031
 0444  0.2968386381046961E+031
 0445  0.2945665235175683E+031
 0446  0.2923118005504986E+031
 0447  0.2900743360805983E+031
 0448  0.2878539980056603E+031
 0449  0.2856506552335521E+031
 0450  0.2834641776755285E+031
 0451  0.2812944362393145E+031
 0452  0.2791413028201125E+031
 0453  0.2770046502940302E+031
 0454  0.2748843525098956E+031
 0455  0.2727802842826845E+031
 0456  0.2706923213849895E+031
 0457  0.2686203405406788E+031
 0458  0.2665642194170562E+031
 0459  0.2645238366180588E+031
 0460  0.2624990716764175E+031
 0461  0.2604898050470849E+031
 0462  0.2584959181002029E+031
 0463  0.2565172931143000E+031
 0464  0.2545538132679908E+031
 0465  0.2526053626350178E+031
 0466  0.2506718261762971E+031
 0467  0.2487530897324233E+031
 0468  0.2468490400195202E+031
 0469  0.2449595646189787E+031
 0470  0.2430845519737682E+031
 0471  0.2412238913809423E+031
 0472  0.2393774729840296E+031
 0473  0.2375451877678453E+031
 0474  0.2357269275519202E+031
 0475  0.2339225849838129E+031
 0476  0.2321320535320776E+031
 0477  0.2303552274819982E+031
 0478  0.2285920019263645E+031
 0479  0.2268422727625905E+031
 0480  0.2251059366838366E+031
 0481  0.2233828911747436E+031
 0482  0.2216730345039391E+031
 0483  0.2199762657194258E+031
 0484  0.2182924846408563E+031
 0485  0.2166215918564211E+031
 0486  0.2149634887136246E+031
 0487  0.2133180773162878E+031
 0488  0.2116852605164776E+031
 0489  0.2100649419103567E+031
 0490  0.2084570258326490E+031
 0491  0.2068614173493769E+031
 0492  0.2052780222534793E+031
 0493  0.2037067470591633E+031
 0494  0.2021474989962541E+031
 0495  0.2006001860045459E+031
 0496  0.1990647167284989E+031
 0497  0.1975410005118196E+031
 0498  0.1960289473920433E+031
 0499  0.1945284680956907E+031
 0500  0.1930394740322735E+031
 0501  0.1915618772894516E+031
 0502  0.1900955906278453E+031
 0503  0.1886405274758472E+031
 0504  0.1871966019245488E+031
 0505  0.1857637287226684E+031
 0506  0.1843418232707859E+031
 0507  0.1829308016185761E+031
 0508  0.1815305804566227E+031
 0509  0.1801410771142282E+031
 0510  0.1787622095527264E+031
 0511  0.1773938963624853E+031
 0512  0.1760360567558739E+031
 0513  0.1746886105643800E+031
 0514  0.1733514782329610E+031
 0515  0.1720245808154324E+031
 0516  0.1707078399696248E+031
 0517  0.1694011779534647E+031
 0518  0.1681045176201321E+031
 0519  0.1668177824124108E+031
 0520  0.1655408963600371E+031
 0521  0.1642737840740503E+031
 0522  0.1630163707418351E+031
 0523  0.1617685821243546E+031
 0524  0.1605303445500401E+031
 0525  0.1593015849122541E+031
 0526  0.1580822306624888E+031
 0527  0.1568722098090972E+031
 0528  0.1556714509102605E+031
 0529  0.1544798830717979E+031
 0530  0.1532974359417474E+031
 0531  0.1521240397069073E+031
 0532  0.1509596250876478E+031
 0533  0.1498041233367585E+031
 0534  0.1486574662301093E+031
 0535  0.1475195860687259E+031
 0536  0.1463904156696818E+031
 0537  0.1452698883660979E+031
 0538  0.1441579379996489E+031
 0539  0.1430544989195257E+031
 0540  0.1419595059772469E+031
 0541  0.1408728945227391E+031
 0542  0.1397946004011087E+031
 0543  0.1387245599481455E+031
 0544  0.1376627099874406E+031
 0545  0.1366089878255434E+031
 0546  0.1355633312496568E+031
 0547  0.1345256785223330E+031
 0548  0.1334959683793984E+031
 0549  0.1324741400249964E+031
 0550  0.1314601331293962E+031
 0551  0.1304538878238053E+031
 0552  0.1294553446985244E+031
 0553  0.1284644447975289E+031
 0554  0.1274811296174311E+031
 0555  0.1265053411013699E+031
 0556  0.1255370216377423E+031
 0557  0.1245761140554769E+031
 0558  0.1236225616210357E+031
 0559  0.1226763080361087E+031
 0560  0.1217372974316187E+031
 0561  0.1208054743676057E+031
 0562  0.1198807838279237E+031
 0563  0.1189631712172431E+031
 0564  0.1180525823587448E+031
 0565  0.1171489634898542E+031
 0566  0.1162522612597054E+031
 0567  0.1153624227255662E+031
 0568  0.1144793953505332E+031
 0569  0.1136031269989193E+031
 0570  0.1127335659349863E+031
 0571  0.1118706608184477E+031
 0572  0.1110143607022787E+031
 0573  0.1101646150292573E+031
 0574  0.1093213736291971E+031
 0575  0.1084845867160652E+031
 0576  0.1076542048846388E+031
 0577  0.1068301791081991E+031
 0578  0.1060124607348421E+031
 0579  0.1052010014855186E+031
 0580  0.1043957534505755E+031
 0581  0.1035966690869887E+031
 0582  0.1028037012154808E+031
 0583  0.1020168030185614E+031
 0584  0.1012359280362607E+031
 0585  0.1004610301649771E+031
 0586  0.9969206365321141E+030
 0587  0.9892898310064402E+030
 0588  0.9817174345340841E+030
 0589  0.9742030000339919E+030
 0590  0.9667460838423689E+030
 0591  0.9593462456907743E+030
 0592  0.9520030486830627E+030
 0593  0.9447160592688668E+030
 0594  0.9374848472124689E+030
 0595  0.9303089855708949E+030
 0596  0.9231880506766206E+030
 0597  0.9161216220949139E+030
 0598  0.9091092826157642E+030
 0599  0.9021506182181416E+030
 0600  0.8952452180584679E+030
 0601  0.8883926744291114E+030
 0602  0.8815925827433990E+030
 0603  0.8748445415206280E+030
 0604  0.8681481523399496E+030
 0605  0.8615030198438271E+030
 0606  0.8549087516896139E+030
 0607  0.8483649585437881E+030
 0608  0.8418712540519775E+030
 0609  0.8354272548193589E+030
 0610  0.8290325803772242E+030
 0611  0.8226868531806740E+030
 0612  0.8163896985671130E+030
 0613  0.8101407447424142E+030
 0614  0.8039396227601670E+030
 0615  0.7977859665009243E+030
 0616  0.7916794126376147E+030
 0617  0.7856196006378488E+030
 0618  0.7796061727166488E+030
 0619  0.7736387738341433E+030
 0620  0.7677170516667439E+030
 0621  0.7618406565910043E+030
 0622  0.7560092416501857E+030
 0623  0.7502224625565624E+030
 0624  0.7444799776429997E+030
 0625  0.7387814478710234E+030
 0626  0.7331265367870097E+030
 0627  0.7275149105233376E+030
 0628  0.7219462377557309E+030
 0629  0.7164201897032584E+030
 0630  0.7109364400995105E+030
 0631  0.7054946651822232E+030
 0632  0.7000945436540787E+030
 0633  0.6947357566884700E+030
 0634  0.6894179878937602E+030
 0635  0.6841409233017535E+030
 0636  0.6789042513469425E+030
 0637  0.6737076628469085E+030
 0638  0.6685508509930984E+030
 0639  0.6634335113127776E+030
 0640  0.6583553416805603E+030
 0641  0.6533160422642210E+030
 0642  0.6483153155442950E+030
 0643  0.6433528662633498E+030
 0644  0.6384284014409724E+030
 0645  0.6335416303207357E+030
 0646  0.6286922643874920E+030
 0647  0.6238800173224090E+030
 0648  0.6191046050075815E+030
 0649  0.6143657454960556E+030
 0650  0.6096631589956876E+030
 0651  0.6049965678633795E+030
 0652  0.6003656965739502E+030
 0653  0.5957702717132178E+030
 0654  0.5912100219641646E+030
 0655  0.5866846780838786E+030
 0656  0.5821939728851071E+030
 0657  0.5777376412327975E+030
 0658  0.5733154200210390E+030
 0659  0.5689270481557690E+030
 0660  0.5645722665351732E+030
 0661  0.5602508180519913E+030
 0662  0.5559624475623885E+030
 0663  0.5517069018721204E+030
 0664  0.5474839297296152E+030
 0665  0.5432932818040681E+030
 0666  0.5391347106773714E+030
 0667  0.5350079708118324E+030
 0668  0.5309128185709256E+030
 0669  0.5268490121628003E+030
 0670  0.5228163116564208E+030
 0671  0.5188144789608144E+030
 0672  0.5148432777950949E+030
 0673  0.5109024736965336E+030
 0674  0.5069918339963473E+030
 0675  0.5031111278012523E+030
 0676  0.4992601259923108E+030
 0677  0.4954386011995670E+030
 0678  0.4916463277962826E+030
 0679  0.4878830818781837E+030
 0680  0.4841486412588497E+030
 0681  0.4804427854558780E+030
 0682  0.4767652956655194E+030
 0683  0.4731159547649846E+030
 0684  0.4694945472916912E+030
 0685  0.4659008594340402E+030
 0686  0.4623346790164284E+030
 0687  0.4587957954842601E+030
 0688  0.4552839998947241E+030
 0689  0.4517990849144873E+030
 0690  0.4483408447804959E+030
 0691  0.4449090753184220E+030
 0692  0.4415035739115343E+030
 0693  0.4381241394914756E+030
 0694  0.4347705725348030E+030
 0695  0.4314426750422362E+030
 0696  0.4281402505259748E+030
 0697  0.4248631040120044E+030
 0698  0.4216110420078147E+030
 0699  0.4183838725104701E+030
 0700  0.4151814049823980E+030
 0701  0.4120034503433189E+030
 0702  0.4088498209690928E+030
 0703  0.4057203306559793E+030
 0704  0.4026147946402368E+030
 0705  0.3995330295658409E+030
 0706  0.3964748534775668E+030
 0707  0.3934400858232952E+030
 0708  0.3904285474205776E+030
 0709  0.3874400604647065E+030
 0710  0.3844744485137279E+030
 0711  0.3815315364711470E+030
 0712  0.3786111505836225E+030
 0713  0.3757131184294377E+030
 0714  0.3728372689023592E+030
 0715  0.3699834322070251E+030
 0716  0.3671514398577928E+030
 0717  0.3643411246360801E+030
 0718  0.3615523206295650E+030
 0719  0.3587848631745393E+030
 0720  0.3560385888812734E+030
 0721  0.3533133356040397E+030
 0722  0.3506089424399602E+030
 0723  0.3479252497186297E+030
 0724  0.3452620989917402E+030
 0725  0.3426193330215509E+030
 0726  0.3399967957762771E+030
 0727  0.3373943324174078E+030
 0728  0.3348117892904824E+030
 0729  0.3322490139227849E+030
 0730  0.3297058549991323E+030
 0731  0.3271821623710984E+030
 0732  0.3246777870385667E+030
 0733  0.3221925811312838E+030
 0734  0.3197263979307647E+030
 0735  0.3172790918195648E+030
 0736  0.3148505183112552E+030
 0737  0.3124405340192943E+030
 0738  0.3100489966524157E+030
 0739  0.3076757650111699E+030
 0740  0.3053206989798536E+030
 0741  0.3029836595080628E+030
 0742  0.3006645086153047E+030
 0743  0.2983631093771627E+030
 0744  0.2960793259149200E+030
 0745  0.2938130233886420E+030
 0746  0.2915640679925647E+030
 0747  0.2893323269516360E+030
 0748  0.2871176684926924E+030
 0749  0.2849199618629062E+030
 0750  0.2827390773067266E+030
 0751  0.2805748860635742E+030
 0752  0.2784272603516997E+030
 0753  0.2762960733727962E+030
 0754  0.2741811993050811E+030
 0755  0.2720825132767791E+030
 0756  0.2699998913799574E+030
 0757  0.2679332106566904E+030
 0758  0.2658823490817660E+030
 0759  0.2638471855753680E+030
 0760  0.2618275999765582E+030
 0761  0.2598234730421242E+030
 0762  0.2578346864523438E+030
 0763  0.2558611227798558E+030
 0764  0.2539026655115658E+030
 0765  0.2519591990071412E+030
 0766  0.2500306085266808E+030
 0767  0.2481167802053510E+030
 0768  0.2462176010441623E+030
 0769  0.2443329589157337E+030
 0770  0.2424627425458462E+030
 0771  0.2406068415157485E+030
 0772  0.2387651462529338E+030
 0773  0.2369375480126928E+030
 0774  0.2351239389023252E+030
 0775  0.2333242118350230E+030
 0776  0.2315382605575403E+030
 0777  0.2297659796202175E+030
 0778  0.2280072643908165E+030
 0779  0.2262620110291559E+030
 0780  0.2245301164894177E+030
 0781  0.2228114785247581E+030
 0782  0.2211059956630967E+030
 0783  0.2194135672048107E+030
 0784  0.2177340932365695E+030
 0785  0.2160674745875240E+030
 0786  0.2144136128662001E+030
 0787  0.2127724104259109E+030
 0788  0.2111437703647570E+030
 0789  0.2095275965302377E+030
 0790  0.2079237934938873E+030
 0791  0.2063322665720271E+030
 0792  0.2047529217946370E+030
 0793  0.2031856659180373E+030
 0794  0.2016304064064424E+030
 0795  0.2000870514354189E+030
 0796  0.1985555098838157E+030
 0797  0.1970356913268463E+030
 0798  0.1955275060349358E+030
 0799  0.1940308649610390E+030
 0800  0.1925456797360283E+030
 0801  0.1910718626825291E+030
 0802  0.1896093267768733E+030
 0803  0.1881579856721579E+030
 0804  0.1867177536751861E+030
 0805  0.1852885457591498E+030
 0806  0.1838702775359596E+030
 0807  0.1824628652723853E+030
 0808  0.1810662258716094E+030
 0809  0.1796802768743802E+030
 0810  0.1783049364497880E+030
 0811  0.1769401233998771E+030
 0812  0.1755857571423518E+030
 0813  0.1742417577151882E+030
 0814  0.1729080457616464E+030
 0815  0.1715845425429520E+030
 0816  0.1702711699163914E+030
 0817  0.1689678503364641E+030
 0818  0.1676745068560361E+030
 0819  0.1663910631113515E+030
 0820  0.1651174433312561E+030
 0821  0.1638535723141388E+030
 0822  0.1625993754383083E+030
 0823  0.1613547786608396E+030
 0824  0.1601197084956690E+030
 0825  0.1588940920182055E+030
 0826  0.1576778568734012E+030
 0827  0.1564709312492345E+030
 0828  0.1552732438870858E+030
 0829  0.1540847240736677E+030
 0830  0.1529053016421773E+030
 0831  0.1517349069480854E+030
 0832  0.1505734708991119E+030
 0833  0.1494209249171800E+030
 0834  0.1482772009545566E+030
 0835  0.1471422314880880E+030
 0836  0.1460159495007529E+030
 0837  0.1448982885047211E+030
 0838  0.1437891825010010E+030
 0839  0.1426885660151805E+030
 0840  0.1415963740605330E+030
 0841  0.1405125421553117E+030
 0842  0.1394370063054557E+030
 0843  0.1383697030126600E+030
 0844  0.1373105692605411E+030
 0845  0.1362595425146366E+030
 0846  0.1352165607258641E+030
 0847  0.1341815623109213E+030
 0848  0.1331544861626628E+030
 0849  0.1321352716408760E+030
 0850  0.1311238585711289E+030
 0851  0.1301201872378522E+030
 0852  0.1291241983831864E+030
 0853  0.1281358332000644E+030
 0854  0.1271550333368228E+030
 0855  0.1261817408845204E+030
 0856  0.1252158983803965E+030
 0857  0.1242574487928829E+030
 0858  0.1233063355435099E+030
 0859  0.1223625024711650E+030
 0860  0.1214258938551519E+030
 0861  0.1204964543886732E+030
 0862  0.1195741292053473E+030
 0863  0.1186588638446212E+030
 0864  0.1177506042690639E+030
 0865  0.1168492968539904E+030
 0866  0.1159548883840028E+030
 0867  0.1150673260541433E+030
 0868  0.1141865574618236E+030
 0869  0.1133125306010605E+030
 0870  0.1124451938693934E+030
 0871  0.1115844960632723E+030
 0872  0.1107303863584585E+030
 0873  0.1098828143319302E+030
 0874  0.1090417299399763E+030
 0875  0.1082070835262678E+030
 0876  0.1073788258080220E+030
 0877  0.1065569078852262E+030
 0878  0.1057412812337201E+030
 0879  0.1049318976936666E+030
 0880  0.1041287094810810E+030
 0881  0.1033316691716903E+030
 0882  0.1025407297101560E+030
 0883  0.1017558443962397E+030
 0884  0.1009769668894145E+030
 0885  0.1002040512031002E+030
 0886  0.9943705170696971E+029
 0887  0.9867592310850158E+029
 0888  0.9792062048065064E+029
 0889  0.9717109921918972E+029
 0890  0.9642731507729733E+029
 0891  0.9568922413788750E+029
 0892  0.9495678282168029E+029
 0893  0.9422994789181343E+029
 0894  0.9350867642847807E+029
 0895  0.9279292584505966E+029
 0896  0.9208265388929092E+029
 0897  0.9137781862249918E+029
 0898  0.9067837842652398E+029
 0899  0.8998429201178747E+029
 0900  0.8929551839538893E+029
 0901  0.8861201690802227E+029
 0902  0.8793374720319946E+029
 0903  0.8726066922496864E+029
 0904  0.8659274324250186E+029
 0905  0.8592992981435444E+029
 0906  0.8527218981267635E+029
 0907  0.8461948439669503E+029
 0908  0.8397177503462088E+029
 0909  0.8332902348520050E+029
 0910  0.8269119179541088E+029
 0911  0.8205824231083569E+029
 0912  0.8143013765837144E+029
 0913  0.8080684075775668E+029
 0914  0.8018831480543116E+029
 0915  0.7957452327914744E+029
 0916  0.7896542994834725E+029
 0917  0.7836099884764425E+029
 0918  0.7776119428604741E+029
 0919  0.7716598085849027E+029
 0920  0.7657532341470198E+029
 0921  0.7598918708918332E+029
 0922  0.7540753726661904E+029
 0923  0.7483033961415965E+029
 0924  0.7425756004798672E+029
 0925  0.7368916475291251E+029
 0926  0.7312512016854494E+029
 0927  0.7256539299505220E+029
 0928  0.7200995018163351E+029
 0929  0.7145875893920129E+029
 0930  0.7091178671962854E+029
 0931  0.7036900123073682E+029
 0932  0.6983037042707294E+029
 0933  0.6929586250760301E+029
 0934  0.6876544591110086E+029
 0935  0.6823908932191257E+029
 0936  0.6771676166765068E+029
 0937  0.6719843210074741E+029
 0938  0.6668407002727771E+029
 0939  0.6617364507352454E+029
 0940  0.6566712710327269E+029
 0941  0.6516448621319710E+029
 0942  0.6466569272594532E+029
 0943  0.6417071718898459E+029
 0944  0.6367953038267231E+029
 0945  0.6319210330642093E+029
 0946  0.6270840717869802E+029
 0947  0.6222841344394376E+029
 0948  0.6175209376104172E+029
 0949  0.6127942000793056E+029
 0950  0.6081036427814526E+029
 0951  0.6034489887851127E+029
 0952  0.5988299632337993E+029
 0953  0.5942462934615766E+029
 0954  0.5896977087970629E+029
 0955  0.5851839407594275E+029
 0956  0.5807047227586307E+029
 0957  0.5762597903721256E+029
 0958  0.5718488812065070E+029
 0959  0.5674717347591607E+029
 0960  0.5631280926719070E+029
 0961  0.5588176984312401E+029
 0962  0.5545402975873841E+029
 0963  0.5502956375467665E+029
 0964  0.5460834677680152E+029
 0965  0.5419035395083155E+029
 0966  0.5377556059848193E+029
 0967  0.5336394223169991E+029
 0968  0.5295547454344141E+029
 0969  0.5255013342611776E+029
 0970  0.5214789493816100E+029
 0971  0.5174873533399983E+029
 0972  0.5135263104907160E+029
 0973  0.5095955869636360E+029
 0974  0.5056949506756595E+029
 0975  0.5018241713191865E+029
 0976  0.4979830203390582E+029
 0977  0.4941712710017313E+029
 0978  0.4903886982223405E+029
 0979  0.4866350786799904E+029
 0980  0.4829101907485802E+029
 0981  0.4792138144968036E+029
 0982  0.4755457317112075E+029
 0983  0.4719057258154872E+029
 0984  0.4682935819050742E+029
 0985  0.4647090866664319E+029
 0986  0.4611520285499932E+029
 0987  0.4576221974588725E+029
 0988  0.4541193850140369E+029
 0989  0.4506433844505438E+029
 0990  0.4471939904791902E+029
 0991  0.4437709994709799E+029
 0992  0.4403742093303023E+029
 0993  0.4370034194834032E+029
 0994  0.4336584309360311E+029
 0995  0.4303390461927321E+029
 0996  0.4270450692799089E+029
 0997  0.4237763056881745E+029
 0998  0.4205325624415274E+029
 0999  0.4173136480397056E+029
 1000  0.4173136480397056E+029
