 0001  0.9869713168813342E+000
 0002  0.9869713168813342E+000
 0003  0.9870431970826358E+000
 0004  0.9870431970826358E+000
 0005  0.9870431970826358E+000
 0006  0.9870431970826358E+000
 0007  0.9870431970826358E+000
 0008  0.9871146204029559E+000
 0009  0.9871146204029559E+000
 0010  0.9871146204029559E+000
 0011  0.9871146204029559E+000
 0012  0.9871927159977908E+000
 0013  0.9871927159977908E+000
 0014  0.9871927159977908E+000
 0015  0.9871927159977908E+000
 0016  0.9871927159977908E+000
 0017  0.9872779578325617E+000
 0018  0.9872779578325617E+000
 0019  0.9872779578325617E+000
 0020  0.9872779578325617E+000
 0021  0.9873625350163772E+000
 0022  0.9873625350163772E+000
 0023  0.9873625350163772E+000
 0024  0.9873625350163772E+000
 0025  0.9874542076632046E+000
 0026  0.9874542076632046E+000
 0027  0.9874542076632046E+000
 0028  0.9875445920265190E+000
 0029  0.9875445920265190E+000
 0030  0.9875445920265190E+000
 0031  0.9876418852962805E+000
 0032  0.9876418852962805E+000
 0033  0.9876418852962805E+000
 0034  0.9876418852962805E+000
 0035  0.9877470321446379E+000
 0036  0.9877470321446379E+000
 0037  0.9877470321446379E+000
 0038  0.9878509622172359E+000
 0039  0.9878509622172359E+000
 0040  0.9879607214011438E+000
 0041  0.9879607214011438E+000
 0042  0.9879607214011438E+000
 0043  0.9880774394038084E+000
 0044  0.9880774394038084E+000
 0045  0.9880774394038084E+000
 0046  0.9882009991694184E+000
 0047  0.9882009991694184E+000
 0048  0.9883216896437540E+000
 0049  0.9883216896437540E+000
 0050  0.9883216896437540E+000
 0051  0.9884494179607253E+000
 0052  0.9884494179607253E+000
 0053  0.9885806308577033E+000
 0054  0.9885806308577033E+000
 0055  0.9885806308577033E+000
 0056  0.9887163093609880E+000
 0057  0.9887163093609880E+000
 0058  0.9888517704414843E+000
 0059  0.9888517704414843E+000
 0060  0.9889842395114459E+000
 0061  0.9889842395114459E+000
 0062  0.9891090041807260E+000
 0063  0.9891090041807260E+000
 0064  0.9892094805403091E+000
 0065  0.9892094805403091E+000
 0066  0.9892751934438657E+000
 0067  0.9892751934438657E+000
 0068  0.9892946054428809E+000
 0069  0.9892946054428809E+000
 0070  0.9892551319749201E+000
 0071  0.9892551319749201E+000
 0072  0.9891414702832412E+000
 0073  0.9891414702832412E+000
 0074  0.9889180459559732E+000
 0075  0.9889180459559732E+000
 0076  0.9885762484155969E+000
 0077  0.9881200095200889E+000
 0078  0.9881200095200889E+000
 0079  0.9875273603450421E+000
 0080  0.9875273603450421E+000
 0081  0.9865823963468611E+000
 0082  0.9854934592864113E+000
 0083  0.9854934592864113E+000
 0084  0.9842161252751561E+000
 0085  0.9827899218717233E+000
 0086  0.9812133245838950E+000
 0087  0.9812133245838950E+000
 0088  0.9793951881267023E+000
 0089  0.9771128530470368E+000
 0090  0.9746777994105519E+000
 0091  0.9720691877612055E+000
 0092  0.9692889507637508E+000
 0093  0.9663385545764744E+000
 0094  0.9628801869925546E+000
 0095  0.9592629628586322E+000
 0096  0.9554868411108627E+000
 0097  0.9515512995004357E+000
 0098  0.9474387319601567E+000
 0099  0.9427975984653963E+000
 0100  0.9380085684557339E+000
 0101  0.9330598350854444E+000
 0102  0.9279577021493364E+000
 0103  0.9172320499140015E+000
 0104  0.9116341127431231E+000
 0105  0.9059201990140408E+000
 0106  0.9000956841803803E+000
 0107  0.8941549427190973E+000
 0108  0.8877623526915919E+000
 0109  0.8750436245432515E+000
 0110  0.8687195349738436E+000
 0111  0.8619989036443518E+000
 0112  0.8552277893307232E+000
 0113  0.8484105329649314E+000
 0114  0.8346572349572005E+000
 0115  0.8277392534962495E+000
 0116  0.8207939569694397E+000
 0117  0.8138251792923785E+000
 0118  0.8065536250092538E+000
 0119  0.7923340284956278E+000
 0120  0.7853748148279207E+000
 0121  0.7781591707248573E+000
 0122  0.7709580908546165E+000
 0123  0.7637738466155914E+000
 0124  0.7495325243328603E+000
 0125  0.7424838098173143E+000
 0126  0.7354602969489341E+000
 0127  0.7284605348864670E+000
 0128  0.7212783904945679E+000
 0129  0.7073306546405007E+000
 0130  0.7003641443746900E+000
 0131  0.6934440774386724E+000
 0132  0.6865686034374194E+000
 0133  0.6730512338961903E+000
 0134  0.6664114016645231E+000
 0135  0.6598174247065800E+000
 0136  0.6531097755812241E+000
 0137  0.6401173767736112E+000
 0138  0.6336756782885686E+000
 0139  0.6272894001485347E+000
 0140  0.6209569759537280E+000
 0141  0.6084246765262623E+000
 0142  0.6023597470990717E+000
 0143  0.5962221357548659E+000
 0144  0.5901441253029860E+000
 0145  0.5782644193523443E+000
 0146  0.5724609070009126E+000
 0147  0.5667123883958514E+000
 0148  0.5609120634842859E+000
 0149  0.5496925153947769E+000
 0150  0.5441661260891085E+000
 0151  0.5386961336438247E+000
 0152  0.5331897638664473E+000
 0153  0.5225416145357562E+000
 0154  0.5173064316737783E+000
 0155  0.5121275042679838E+000
 0156  0.5019503227425386E+000
 0157  0.4970288104237660E+000
 0158  0.4920846893536992E+000
 0159  0.4871952268068179E+000
 0160  0.4775980775670515E+000
 0161  0.4729570174381011E+000
 0162  0.4683011638799767E+000
 0163  0.4592307705710893E+000
 0164  0.4548125862220649E+000
 0165  0.4503860223963058E+000
 0166  0.4417652165857213E+000
 0167  0.4375674438271691E+000
 0168  0.4333655682008682E+000
 0169  0.4251835681980651E+000
 0170  0.4212002992465532E+000
 0171  0.4172167915960403E+000
 0172  0.4094608028786217E+000
 0173  0.4056849929061737E+000
 0174  0.4019114035495774E+000
 0175  0.3945639463155800E+000
 0176  0.3909871332516021E+000
 0177  0.3874146370119012E+000
 0178  0.3804582802476343E+000
 0179  0.3770715822342607E+000
 0180  0.3736908354267442E+000
 0181  0.3670776512872701E+000
 0182  0.3638445617279442E+000
 0183  0.3575478895297720E+000
 0184  0.3544558172655452E+000
 0185  0.3513989114106948E+000
 0186  0.3453966324957642E+000
 0187  0.3424749120541908E+000
 0188  0.3367607617520161E+000
 0189  0.3339675350109972E+000
 0190  0.3311849654786568E+000
 0191  0.3257456700551411E+000
 0192  0.3230880166359162E+000
 0193  0.3178924113850968E+000
 0194  0.3153535231861667E+000
 0195  0.3128262690402329E+000
 0196  0.3078869712677970E+000
 0197  0.3054739378726818E+000
 0198  0.3007431353892955E+000
 0199  0.2984252769964043E+000
 0200  0.2939079730400992E+000
 0201  0.2916944498368373E+000
 0202  0.2873558909531714E+000
 0203  0.2852306084952608E+000
 0204  0.2810660527522073E+000
 0205  0.2790264409965062E+000
 0206  0.2750397537200510E+000
 0207  0.2730917553319385E+000
 0208  0.2692743982308646E+000
 0209  0.2674047855611945E+000
 0210  0.2637345461502674E+000
 0211  0.2619340686184309E+000
 0212  0.2584085752814045E+000
 0213  0.2566831599437831E+000
 0214  0.2533049822101318E+000
 0215  0.2516517850455101E+000
 0216  0.2484043512977543E+000
 0217  0.2468155487529192E+000
 0218  0.2437009236769602E+000
 0219  0.2421748533429975E+000
 0220  0.2391839467345152E+000
 0221  0.2362945747805394E+000
 0222  0.2348771573716277E+000
 0223  0.2320995604786190E+000
 0224  0.2307390315336008E+000
 0225  0.2280699122585459E+000
 0226  0.2254855471754111E+000
 0227  0.2242197824669256E+000
 0228  0.2217345117302456E+000
 0229  0.2193284400535872E+000
 0230  0.2181488965957777E+000
 0231  0.2158335741208125E+000
 0232  0.2146976805801192E+000
 0233  0.2124685852193953E+000
 0234  0.2103091696014097E+000
 0235  0.2082139171831943E+000
 0236  0.2071862137001450E+000
 0237  0.2051669977726210E+000
 0238  0.2032084466564572E+000
 0239  0.2022467532156722E+000
 0240  0.2003568658386807E+000
 0241  0.1985222703788672E+000
 0242  0.1967414396953091E+000
 0243  0.1958660865918397E+000
 0244  0.1941459903468356E+000
 0245  0.1924755026852463E+000
 0246  0.1908520487867955E+000
 0247  0.1892734516255596E+000
 0248  0.1884973383285179E+000
 0249  0.1869708041751399E+000
 0250  0.1854859467952882E+000
 0251  0.1840413784702204E+000
 0252  0.1826355527496587E+000
 0253  0.1812671924310288E+000
 0254  0.1799346306362608E+000
 0255  0.1786366753624805E+000
 0256  0.1773722260667134E+000
 0257  0.1761400155583669E+000
 0258  0.1755333395023029E+000
 0259  0.1743382843595044E+000
 0260  0.1731732053036643E+000
 0261  0.1720399914465608E+000
 0262  0.1709409677231879E+000
 0263  0.1698747316225111E+000
 0264  0.1683395912259337E+000
 0265  0.1673568479252874E+000
 0266  0.1664021675979175E+000
 0267  0.1654744601879776E+000
 0268  0.1645726890102203E+000
 0269  0.1636958676149033E+000
 0270  0.1628430568666552E+000
 0271  0.1620133622207170E+000
 0272  0.1608144508806869E+000
 0273  0.1600442220473962E+000
 0274  0.1592940569290204E+000
 0275  0.1585632444486370E+000
 0276  0.1575053813097768E+000
 0277  0.1568246089297616E+000
 0278  0.1561607474919497E+000
 0279  0.1551985744093816E+000
 0280  0.1545786092281787E+000
 0281  0.1539734948216165E+000
 0282  0.1530954335061906E+000
 0283  0.1525290103040265E+000
 0284  0.1517064118253257E+000
 0285  0.1511753352923202E+000
 0286  0.1504034647087751E+000
 0287  0.1499047545779454E+000
 0288  0.1491793864638256E+000
 0289  0.1484817942260253E+000
 0290  0.1480305358942775E+000
 0291  0.1473734262307282E+000
 0292  0.1467405871534478E+000
 0293  0.1461307980508703E+000
 0294  0.1457357398912578E+000
 0295  0.1451596236848013E+000
 0296  0.1446037937292669E+000
 0297  0.1440672809325779E+000
 0298  0.1435491755202636E+000
 0299  0.1430486226261739E+000
 0300  0.1425648182668213E+000
 0301  0.1420970056612653E+000
 0302  0.1416444718626784E+000
 0303  0.1410647568839665E+000
 0304  0.1406468453523193E+000
 0305  0.1402420426363733E+000
 0306  0.1397226709749052E+000
 0307  0.1393476975475656E+000
 0308  0.1388661095081235E+000
 0309  0.1385180718383665E+000
 0310  0.1380706548090466E+000
 0311  0.1376419499561264E+000
 0312  0.1372309251855071E+000
 0313  0.1368366212528692E+000
 0314  0.1364581454967615E+000
 0315  0.1360946662038062E+000
 0316  0.1357454075332428E+000
 0317  0.1353282418933608E+000
 0318  0.1350091845110086E+000
 0319  0.1346276158823277E+000
 0320  0.1343354321081713E+000
 0321  0.1339856007985496E+000
 0322  0.1336522845635936E+000
 0323  0.1333344926945359E+000
 0324  0.1329726847945263E+000
 0325  0.1326864526659688E+000
 0326  0.1323600973066403E+000
 0327  0.1320514903952196E+000
 0328  0.1317594360533796E+000
 0329  0.1314384082420544E+000
 0330  0.1311789693730412E+000
 0331  0.1308933234137332E+000
 0332  0.1305881053450550E+000
 0333  0.1303382043807995E+000
 0334  0.1300386864998742E+000
 0335  0.1297915118009704E+000
 0336  0.1295330409948640E+000
 0337  0.1292683430829790E+000
 0338  0.1290021574870267E+000
 0339  0.1287596292232023E+000
 0340  0.1285004411382816E+000
 0341  0.1282678534399443E+000
 0342  0.1280287205142316E+000
 0343  0.1277909957156833E+000
 0344  0.1275614599754735E+000
 0345  0.1273361360455189E+000
 0346  0.1271087474201625E+000
 0347  0.1268896073351344E+000
 0348  0.1266693986721389E+000
 0349  0.1264565721674780E+000
 0350  0.1263271060883062E+000
 0351  0.1263271060883062E+000
 0352  0.1263271060883062E+000
 0353  0.1263271060883062E+000
 0354  0.1263271060883062E+000
 0355  0.1263271060883062E+000
 0356  0.1263271060883062E+000
 0357  0.1263271060883062E+000
 0358  0.1263271060883062E+000
 0359  0.1263271060883062E+000
 0360  0.1263271060883062E+000
 0361  0.1263271060883062E+000
 0362  0.1263271060883062E+000
 0363  0.1263271060883062E+000
 0364  0.1263271060883062E+000
 0365  0.1263271060883062E+000
 0366  0.1263271060883062E+000
 0367  0.1263271060883062E+000
 0368  0.1263271060883062E+000
 0369  0.1263271060883062E+000
 0370  0.1263271060883062E+000
 0371  0.1263271060883062E+000
 0372  0.1263271060883062E+000
 0373  0.1263271060883062E+000
 0374  0.1263271060883062E+000
 0375  0.1263271060883062E+000
 0376  0.1263271060883062E+000
 0377  0.1263271060883062E+000
 0378  0.1263271060883062E+000
 0379  0.1263271060883062E+000
 0380  0.1263271060883062E+000
 0381  0.1263271060883062E+000
 0382  0.1263271060883062E+000
 0383  0.1263271060883062E+000
 0384  0.1263271060883062E+000
 0385  0.1263271060883062E+000
 0386  0.1263271060883062E+000
 0387  0.1263271060883062E+000
 0388  0.1263271060883062E+000
 0389  0.1263271060883062E+000
 0390  0.1263271060883062E+000
 0391  0.1263271060883062E+000
 0392  0.1263271060883062E+000
 0393  0.1263271060883062E+000
 0394  0.1263271060883062E+000
 0395  0.1263271060883062E+000
 0396  0.1263271060883062E+000
 0397  0.1263271060883062E+000
 0398  0.1263271060883062E+000
 0399  0.1263271060883062E+000
 0400  0.1263271060883062E+000
 0401  0.1263271060883062E+000
 0402  0.1263271060883062E+000
 0403  0.1263271060883062E+000
 0404  0.1263271060883062E+000
 0405  0.1263271060883062E+000
 0406  0.1263271060883062E+000
 0407  0.1263271060883062E+000
 0408  0.1263271060883062E+000
 0409  0.1263271060883062E+000
 0410  0.1263271060883062E+000
 0411  0.1263271060883062E+000
 0412  0.1263271060883062E+000
 0413  0.1263271060883062E+000
 0414  0.1263271060883062E+000
 0415  0.1263271060883062E+000
 0416  0.1263271060883062E+000
 0417  0.1263271060883062E+000
 0418  0.1263271060883062E+000
 0419  0.1263271060883062E+000
 0420  0.1263271060883062E+000
 0421  0.1263271060883062E+000
 0422  0.1263271060883062E+000
 0423  0.1263271060883062E+000
 0424  0.1263271060883062E+000
 0425  0.1263271060883062E+000
 0426  0.1263271060883062E+000
 0427  0.1263271060883062E+000
 0428  0.1263271060883062E+000
 0429  0.1263271060883062E+000
 0430  0.1263271060883062E+000
 0431  0.1263271060883062E+000
 0432  0.1263271060883062E+000
 0433  0.1263271060883062E+000
 0434  0.1263271060883062E+000
 0435  0.1263271060883062E+000
 0436  0.1263271060883062E+000
 0437  0.1263271060883062E+000
 0438  0.1263271060883062E+000
 0439  0.1263271060883062E+000
 0440  0.1263271060883062E+000
 0441  0.1263271060883062E+000
 0442  0.1263271060883062E+000
 0443  0.1263271060883062E+000
 0444  0.1263271060883062E+000
 0445  0.1263271060883062E+000
 0446  0.1263271060883062E+000
 0447  0.1263271060883062E+000
 0448  0.1263271060883062E+000
 0449  0.1263271060883062E+000
 0450  0.1263271060883062E+000
 0451  0.1263271060883062E+000
 0452  0.1263271060883062E+000
 0453  0.1263271060883062E+000
 0454  0.1263271060883062E+000
 0455  0.1263271060883062E+000
 0456  0.1263271060883062E+000
 0457  0.1263271060883062E+000
 0458  0.1263271060883062E+000
 0459  0.1263271060883062E+000
 0460  0.1263271060883062E+000
 0461  0.1263271060883062E+000
 0462  0.1263271060883062E+000
 0463  0.1263271060883062E+000
 0464  0.1263271060883062E+000
 0465  0.1263271060883062E+000
 0466  0.1263271060883062E+000
 0467  0.1263271060883062E+000
 0468  0.1263271060883062E+000
 0469  0.1263271060883062E+000
 0470  0.1263271060883062E+000
 0471  0.1263271060883062E+000
 0472  0.1263271060883062E+000
 0473  0.1263271060883062E+000
 0474  0.1263271060883062E+000
 0475  0.1263271060883062E+000
 0476  0.1263271060883062E+000
 0477  0.1263271060883062E+000
 0478  0.1263271060883062E+000
 0479  0.1263271060883062E+000
 0480  0.1263271060883062E+000
 0481  0.1263271060883062E+000
 0482  0.1263271060883062E+000
 0483  0.1263271060883062E+000
 0484  0.1263271060883062E+000
 0485  0.1263271060883062E+000
 0486  0.1263271060883062E+000
 0487  0.1263271060883062E+000
 0488  0.1263271060883062E+000
 0489  0.1263271060883062E+000
 0490  0.1263271060883062E+000
 0491  0.1263271060883062E+000
 0492  0.1263271060883062E+000
 0493  0.1263271060883062E+000
 0494  0.1263271060883062E+000
 0495  0.1263271060883062E+000
 0496  0.1263271060883062E+000
 0497  0.1263271060883062E+000
 0498  0.1263271060883062E+000
 0499  0.1263271060883062E+000
 0500  0.1263271060883062E+000
 0501  0.1263271060883062E+000
 0502  0.1263271060883062E+000
 0503  0.1263271060883062E+000
 0504  0.1263271060883062E+000
 0505  0.1263271060883062E+000
 0506  0.1263271060883062E+000
 0507  0.1263271060883062E+000
 0508  0.1263271060883062E+000
 0509  0.1263271060883062E+000
 0510  0.1263271060883062E+000
 0511  0.1263271060883062E+000
 0512  0.1263271060883062E+000
 0513  0.1263271060883062E+000
 0514  0.1263271060883062E+000
 0515  0.1263271060883062E+000
 0516  0.1263271060883062E+000
 0517  0.1263271060883062E+000
 0518  0.1263271060883062E+000
 0519  0.1263271060883062E+000
 0520  0.1263271060883062E+000
 0521  0.1263271060883062E+000
 0522  0.1263271060883062E+000
 0523  0.1263271060883062E+000
 0524  0.1263271060883062E+000
 0525  0.1263271060883062E+000
 0526  0.1263271060883062E+000
 0527  0.1263271060883062E+000
 0528  0.1263271060883062E+000
 0529  0.1263271060883062E+000
 0530  0.1263271060883062E+000
 0531  0.1263271060883062E+000
 0532  0.1263271060883062E+000
 0533  0.1263271060883062E+000
 0534  0.1263271060883062E+000
 0535  0.1263271060883062E+000
 0536  0.1263271060883062E+000
 0537  0.1263271060883062E+000
 0538  0.1263271060883062E+000
 0539  0.1263271060883062E+000
 0540  0.1263271060883062E+000
 0541  0.1263271060883062E+000
 0542  0.1263271060883062E+000
 0543  0.1263271060883062E+000
 0544  0.1263271060883062E+000
 0545  0.1263271060883062E+000
 0546  0.1263271060883062E+000
 0547  0.1263271060883062E+000
 0548  0.1263271060883062E+000
 0549  0.1263271060883062E+000
 0550  0.1263271060883062E+000
 0551  0.1263271060883062E+000
 0552  0.1263271060883062E+000
 0553  0.1263271060883062E+000
 0554  0.1263271060883062E+000
 0555  0.1263271060883062E+000
 0556  0.1263271060883062E+000
 0557  0.1263271060883062E+000
 0558  0.1263271060883062E+000
 0559  0.1263271060883062E+000
 0560  0.1263271060883062E+000
 0561  0.1263271060883062E+000
 0562  0.1263271060883062E+000
 0563  0.1263271060883062E+000
 0564  0.1263271060883062E+000
 0565  0.1263271060883062E+000
 0566  0.1263271060883062E+000
 0567  0.1263271060883062E+000
 0568  0.1263271060883062E+000
 0569  0.1263271060883062E+000
 0570  0.1263271060883062E+000
 0571  0.1263271060883062E+000
 0572  0.1263271060883062E+000
 0573  0.1263271060883062E+000
 0574  0.1263271060883062E+000
 0575  0.1263271060883062E+000
 0576  0.1263271060883062E+000
 0577  0.1263271060883062E+000
 0578  0.1263271060883062E+000
 0579  0.1263271060883062E+000
 0580  0.1263271060883062E+000
 0581  0.1263271060883062E+000
 0582  0.1263271060883062E+000
 0583  0.1263271060883062E+000
 0584  0.1263271060883062E+000
 0585  0.1263271060883062E+000
 0586  0.1263271060883062E+000
 0587  0.1263271060883062E+000
 0588  0.1263271060883062E+000
 0589  0.1263271060883062E+000
 0590  0.1263271060883062E+000
 0591  0.1263271060883062E+000
 0592  0.1263271060883062E+000
 0593  0.1263271060883062E+000
 0594  0.1263271060883062E+000
 0595  0.1263271060883062E+000
 0596  0.1263271060883062E+000
 0597  0.1263271060883062E+000
 0598  0.1263271060883062E+000
 0599  0.1263271060883062E+000
 0600  0.1263271060883062E+000
 0601  0.1263271060883062E+000
 0602  0.1263271060883062E+000
 0603  0.1263271060883062E+000
 0604  0.1263271060883062E+000
 0605  0.1263271060883062E+000
 0606  0.1263271060883062E+000
 0607  0.1263271060883062E+000
 0608  0.1263271060883062E+000
 0609  0.1263271060883062E+000
 0610  0.1263271060883062E+000
 0611  0.1263271060883062E+000
 0612  0.1263271060883062E+000
 0613  0.1263271060883062E+000
 0614  0.1263271060883062E+000
 0615  0.1263271060883062E+000
 0616  0.1263271060883062E+000
 0617  0.1263271060883062E+000
 0618  0.1263271060883062E+000
 0619  0.1263271060883062E+000
 0620  0.1263271060883062E+000
 0621  0.1263271060883062E+000
 0622  0.1263271060883062E+000
 0623  0.1263271060883062E+000
 0624  0.1263271060883062E+000
 0625  0.1263271060883062E+000
 0626  0.1263271060883062E+000
 0627  0.1263271060883062E+000
 0628  0.1263271060883062E+000
 0629  0.1263271060883062E+000
 0630  0.1263271060883062E+000
 0631  0.1263271060883062E+000
 0632  0.1263271060883062E+000
 0633  0.1263271060883062E+000
 0634  0.1263271060883062E+000
 0635  0.1263271060883062E+000
 0636  0.1263271060883062E+000
 0637  0.1263271060883062E+000
 0638  0.1263271060883062E+000
 0639  0.1263271060883062E+000
 0640  0.1263271060883062E+000
 0641  0.1263271060883062E+000
 0642  0.1263271060883062E+000
 0643  0.1263271060883062E+000
 0644  0.1263271060883062E+000
 0645  0.1263271060883062E+000
 0646  0.1263271060883062E+000
 0647  0.1263271060883062E+000
 0648  0.1263271060883062E+000
 0649  0.1263271060883062E+000
 0650  0.1263271060883062E+000
 0651  0.1263271060883062E+000
 0652  0.1263271060883062E+000
 0653  0.1263271060883062E+000
 0654  0.1263271060883062E+000
 0655  0.1263271060883062E+000
 0656  0.1263271060883062E+000
 0657  0.1263271060883062E+000
 0658  0.1263271060883062E+000
 0659  0.1263271060883062E+000
 0660  0.1263271060883062E+000
 0661  0.1263271060883062E+000
 0662  0.1263271060883062E+000
 0663  0.1263271060883062E+000
 0664  0.1263271060883062E+000
 0665  0.1263271060883062E+000
 0666  0.1263271060883062E+000
 0667  0.1263271060883062E+000
 0668  0.1263271060883062E+000
 0669  0.1263271060883062E+000
 0670  0.1263271060883062E+000
 0671  0.1263271060883062E+000
 0672  0.1263271060883062E+000
 0673  0.1263271060883062E+000
 0674  0.1263271060883062E+000
 0675  0.1263271060883062E+000
 0676  0.1263271060883062E+000
 0677  0.1263271060883062E+000
 0678  0.1263271060883062E+000
 0679  0.1263271060883062E+000
 0680  0.1263271060883062E+000
 0681  0.1263271060883062E+000
 0682  0.1263271060883062E+000
 0683  0.1263271060883062E+000
 0684  0.1263271060883062E+000
 0685  0.1263271060883062E+000
 0686  0.1263271060883062E+000
 0687  0.1263271060883062E+000
 0688  0.1263271060883062E+000
 0689  0.1263271060883062E+000
 0690  0.1263271060883062E+000
 0691  0.1263271060883062E+000
 0692  0.1263271060883062E+000
 0693  0.1263271060883062E+000
 0694  0.1263271060883062E+000
 0695  0.1263271060883062E+000
 0696  0.1263271060883062E+000
 0697  0.1263271060883062E+000
 0698  0.1263271060883062E+000
 0699  0.1263271060883062E+000
 0700  0.1263271060883062E+000
 0701  0.1263271060883062E+000
 0702  0.1263271060883062E+000
 0703  0.1263271060883062E+000
 0704  0.1263271060883062E+000
 0705  0.1263271060883062E+000
 0706  0.1263271060883062E+000
 0707  0.1263271060883062E+000
 0708  0.1263271060883062E+000
 0709  0.1263271060883062E+000
 0710  0.1263271060883062E+000
 0711  0.1263271060883062E+000
 0712  0.1263271060883062E+000
 0713  0.1263271060883062E+000
 0714  0.1263271060883062E+000
 0715  0.1263271060883062E+000
 0716  0.1263271060883062E+000
 0717  0.1263271060883062E+000
 0718  0.1263271060883062E+000
 0719  0.1263271060883062E+000
 0720  0.1263271060883062E+000
 0721  0.1263271060883062E+000
 0722  0.1263271060883062E+000
 0723  0.1263271060883062E+000
 0724  0.1263271060883062E+000
 0725  0.1263271060883062E+000
 0726  0.1263271060883062E+000
 0727  0.1263271060883062E+000
 0728  0.1263271060883062E+000
 0729  0.1263271060883062E+000
 0730  0.1263271060883062E+000
 0731  0.1263271060883062E+000
 0732  0.1263271060883062E+000
 0733  0.1263271060883062E+000
 0734  0.1263271060883062E+000
 0735  0.1263271060883062E+000
 0736  0.1263271060883062E+000
 0737  0.1263271060883062E+000
 0738  0.1263271060883062E+000
 0739  0.1263271060883062E+000
 0740  0.1263271060883062E+000
 0741  0.1263271060883062E+000
 0742  0.1263271060883062E+000
 0743  0.1263271060883062E+000
 0744  0.1263271060883062E+000
 0745  0.1263271060883062E+000
 0746  0.1263271060883062E+000
 0747  0.1263271060883062E+000
 0748  0.1263271060883062E+000
 0749  0.1263271060883062E+000
 0750  0.1263271060883062E+000
 0751  0.1263271060883062E+000
 0752  0.1263271060883062E+000
 0753  0.1263271060883062E+000
 0754  0.1263271060883062E+000
 0755  0.1263271060883062E+000
 0756  0.1263271060883062E+000
 0757  0.1263271060883062E+000
 0758  0.1263271060883062E+000
 0759  0.1263271060883062E+000
 0760  0.1263271060883062E+000
 0761  0.1263271060883062E+000
 0762  0.1263271060883062E+000
 0763  0.1263271060883062E+000
 0764  0.1263271060883062E+000
 0765  0.1263271060883062E+000
 0766  0.1263271060883062E+000
 0767  0.1263271060883062E+000
 0768  0.1263271060883062E+000
 0769  0.1263271060883062E+000
 0770  0.1263271060883062E+000
 0771  0.1263271060883062E+000
 0772  0.1263271060883062E+000
 0773  0.1263271060883062E+000
 0774  0.1263271060883062E+000
 0775  0.1263271060883062E+000
 0776  0.1263271060883062E+000
 0777  0.1263271060883062E+000
 0778  0.1263271060883062E+000
 0779  0.1263271060883062E+000
 0780  0.1263271060883062E+000
 0781  0.1263271060883062E+000
 0782  0.1263271060883062E+000
 0783  0.1263271060883062E+000
 0784  0.1263271060883062E+000
 0785  0.1263271060883062E+000
 0786  0.1263271060883062E+000
 0787  0.1263271060883062E+000
 0788  0.1263271060883062E+000
 0789  0.1263271060883062E+000
 0790  0.1263271060883062E+000
 0791  0.1263271060883062E+000
 0792  0.1263271060883062E+000
 0793  0.1263271060883062E+000
 0794  0.1263271060883062E+000
 0795  0.1263271060883062E+000
 0796  0.1263271060883062E+000
 0797  0.1263271060883062E+000
 0798  0.1263271060883062E+000
 0799  0.1263271060883062E+000
 0800  0.1263271060883062E+000
 0801  0.1263271060883062E+000
 0802  0.1263271060883062E+000
 0803  0.1263271060883062E+000
 0804  0.1263271060883062E+000
 0805  0.1263271060883062E+000
 0806  0.1263271060883062E+000
 0807  0.1263271060883062E+000
 0808  0.1263271060883062E+000
 0809  0.1263271060883062E+000
 0810  0.1263271060883062E+000
 0811  0.1263271060883062E+000
 0812  0.1263271060883062E+000
 0813  0.1263271060883062E+000
 0814  0.1263271060883062E+000
 0815  0.1263271060883062E+000
 0816  0.1263271060883062E+000
 0817  0.1263271060883062E+000
 0818  0.1263271060883062E+000
 0819  0.1263271060883062E+000
 0820  0.1263271060883062E+000
 0821  0.1263271060883062E+000
 0822  0.1263271060883062E+000
 0823  0.1263271060883062E+000
 0824  0.1263271060883062E+000
 0825  0.1263271060883062E+000
 0826  0.1263271060883062E+000
 0827  0.1263271060883062E+000
 0828  0.1263271060883062E+000
 0829  0.1263271060883062E+000
 0830  0.1263271060883062E+000
 0831  0.1263271060883062E+000
 0832  0.1263271060883062E+000
 0833  0.1263271060883062E+000
 0834  0.1263271060883062E+000
 0835  0.1263271060883062E+000
 0836  0.1263271060883062E+000
 0837  0.1263271060883062E+000
 0838  0.1263271060883062E+000
 0839  0.1263271060883062E+000
 0840  0.1263271060883062E+000
 0841  0.1263271060883062E+000
 0842  0.1263271060883062E+000
 0843  0.1263271060883062E+000
 0844  0.1263271060883062E+000
 0845  0.1263271060883062E+000
 0846  0.1263271060883062E+000
 0847  0.1263271060883062E+000
 0848  0.1263271060883062E+000
 0849  0.1263271060883062E+000
 0850  0.1263271060883062E+000
 0851  0.1263271060883062E+000
 0852  0.1263271060883062E+000
 0853  0.1263271060883062E+000
 0854  0.1263271060883062E+000
 0855  0.1263271060883062E+000
 0856  0.1263271060883062E+000
 0857  0.1263271060883062E+000
 0858  0.1263271060883062E+000
 0859  0.1263271060883062E+000
 0860  0.1263271060883062E+000
 0861  0.1263271060883062E+000
 0862  0.1263271060883062E+000
 0863  0.1263271060883062E+000
 0864  0.1263271060883062E+000
 0865  0.1263271060883062E+000
 0866  0.1263271060883062E+000
 0867  0.1263271060883062E+000
 0868  0.1263271060883062E+000
 0869  0.1263271060883062E+000
 0870  0.1263271060883062E+000
 0871  0.1263271060883062E+000
 0872  0.1263271060883062E+000
 0873  0.1263271060883062E+000
 0874  0.1263271060883062E+000
 0875  0.1263271060883062E+000
 0876  0.1263271060883062E+000
 0877  0.1263271060883062E+000
 0878  0.1263271060883062E+000
 0879  0.1263271060883062E+000
 0880  0.1263271060883062E+000
 0881  0.1263271060883062E+000
 0882  0.1263271060883062E+000
 0883  0.1263271060883062E+000
 0884  0.1263271060883062E+000
 0885  0.1263271060883062E+000
 0886  0.1263271060883062E+000
 0887  0.1263271060883062E+000
 0888  0.1263271060883062E+000
 0889  0.1263271060883062E+000
 0890  0.1263271060883062E+000
 0891  0.1263271060883062E+000
 0892  0.1263271060883062E+000
 0893  0.1263271060883062E+000
 0894  0.1263271060883062E+000
 0895  0.1263271060883062E+000
 0896  0.1263271060883062E+000
 0897  0.1263271060883062E+000
 0898  0.1263271060883062E+000
 0899  0.1263271060883062E+000
 0900  0.1263271060883062E+000
 0901  0.1263271060883062E+000
 0902  0.1263271060883062E+000
 0903  0.1263271060883062E+000
 0904  0.1263271060883062E+000
 0905  0.1263271060883062E+000
 0906  0.1263271060883062E+000
 0907  0.1263271060883062E+000
 0908  0.1263271060883062E+000
 0909  0.1263271060883062E+000
 0910  0.1263271060883062E+000
 0911  0.1263271060883062E+000
 0912  0.1263271060883062E+000
 0913  0.1263271060883062E+000
 0914  0.1263271060883062E+000
 0915  0.1263271060883062E+000
 0916  0.1263271060883062E+000
 0917  0.1263271060883062E+000
 0918  0.1263271060883062E+000
 0919  0.1263271060883062E+000
 0920  0.1263271060883062E+000
 0921  0.1263271060883062E+000
 0922  0.1263271060883062E+000
 0923  0.1263271060883062E+000
 0924  0.1263271060883062E+000
 0925  0.1263271060883062E+000
 0926  0.1263271060883062E+000
 0927  0.1263271060883062E+000
 0928  0.1263271060883062E+000
 0929  0.1263271060883062E+000
 0930  0.1263271060883062E+000
 0931  0.1263271060883062E+000
 0932  0.1263271060883062E+000
 0933  0.1263271060883062E+000
 0934  0.1263271060883062E+000
 0935  0.1263271060883062E+000
 0936  0.1263271060883062E+000
 0937  0.1263271060883062E+000
 0938  0.1263271060883062E+000
 0939  0.1263271060883062E+000
 0940  0.1263271060883062E+000
 0941  0.1263271060883062E+000
 0942  0.1263271060883062E+000
 0943  0.1263271060883062E+000
 0944  0.1263271060883062E+000
 0945  0.1263271060883062E+000
 0946  0.1263271060883062E+000
 0947  0.1263271060883062E+000
 0948  0.1263271060883062E+000
 0949  0.1263271060883062E+000
 0950  0.1263271060883062E+000
 0951  0.1263271060883062E+000
 0952  0.1263271060883062E+000
 0953  0.1263271060883062E+000
 0954  0.1263271060883062E+000
 0955  0.1263271060883062E+000
 0956  0.1263271060883062E+000
 0957  0.1263271060883062E+000
 0958  0.1263271060883062E+000
 0959  0.1263271060883062E+000
 0960  0.1263271060883062E+000
 0961  0.1263271060883062E+000
 0962  0.1263271060883062E+000
 0963  0.1263271060883062E+000
 0964  0.1263271060883062E+000
 0965  0.1263271060883062E+000
 0966  0.1263271060883062E+000
 0967  0.1263271060883062E+000
 0968  0.1263271060883062E+000
 0969  0.1263271060883062E+000
 0970  0.1263271060883062E+000
 0971  0.1263271060883062E+000
 0972  0.1263271060883062E+000
 0973  0.1263271060883062E+000
 0974  0.1263271060883062E+000
 0975  0.1263271060883062E+000
 0976  0.1263271060883062E+000
 0977  0.1263271060883062E+000
 0978  0.1263271060883062E+000
 0979  0.1263271060883062E+000
 0980  0.1263271060883062E+000
 0981  0.1263271060883062E+000
 0982  0.1263271060883062E+000
 0983  0.1263271060883062E+000
 0984  0.1263271060883062E+000
 0985  0.1263271060883062E+000
 0986  0.1263271060883062E+000
 0987  0.1263271060883062E+000
 0988  0.1263271060883062E+000
 0989  0.1263271060883062E+000
 0990  0.1263271060883062E+000
 0991  0.1263271060883062E+000
 0992  0.1263271060883062E+000
 0993  0.1263271060883062E+000
 0994  0.1263271060883062E+000
 0995  0.1263271060883062E+000
 0996  0.1263271060883062E+000
 0997  0.1263271060883062E+000
 0998  0.1263271060883062E+000
 0999  0.1263271060883062E+000
 1000  0.1263271060883062E+000
