 0001  0.3125000000000000E-001
 0002  0.3125000000000000E-001
 0003  0.3125000000000000E-001
 0004  0.3125000000000000E-001
 0005  0.3125000000000000E-001
 0006  0.3125000000000000E-001
 0007  0.3125000000000000E-001
 0008  0.3125000000000000E-001
 0009  0.3125000000000000E-001
 0010  0.3125000000000000E-001
 0011  0.3125000000000000E-001
 0012  0.3124992397295957E-001
 0013  0.3124992397295956E-001
 0014  0.3124992397295956E-001
 0015  0.3124992397295956E-001
 0016  0.3124992397295956E-001
 0017  0.3124963020578180E-001
 0018  0.3124963020578181E-001
 0019  0.3124963020578181E-001
 0020  0.3124963020578182E-001
 0021  0.3124933872917695E-001
 0022  0.3124933872917695E-001
 0023  0.3124933872917694E-001
 0024  0.3124933872917693E-001
 0025  0.3124860973036026E-001
 0026  0.3124860973036026E-001
 0027  0.3124860973036026E-001
 0028  0.3124789097622606E-001
 0029  0.3124789097622605E-001
 0030  0.3124789097622604E-001
 0031  0.3124604808888132E-001
 0032  0.3124604808888132E-001
 0033  0.3124604808888132E-001
 0034  0.3124604808888132E-001
 0035  0.3124267346443629E-001
 0036  0.3124267346443629E-001
 0037  0.3124267346443630E-001
 0038  0.3123933789167265E-001
 0039  0.3123933789167265E-001
 0040  0.3123403427029100E-001
 0041  0.3123403427029100E-001
 0042  0.3123403427029100E-001
 0043  0.3122627499915768E-001
 0044  0.3122627499915767E-001
 0045  0.3122627499915768E-001
 0046  0.3121558265605892E-001
 0047  0.3121558265605892E-001
 0048  0.3120513860937449E-001
 0049  0.3120513860937448E-001
 0050  0.3120513860937447E-001
 0051  0.3119098726320629E-001
 0052  0.3119098726320629E-001
 0053  0.3117207283337160E-001
 0054  0.3117207283337160E-001
 0055  0.3117207283337161E-001
 0056  0.3114754082973331E-001
 0057  0.3114754082973331E-001
 0058  0.3111726042635869E-001
 0059  0.3111726042635870E-001
 0060  0.3108075909129076E-001
 0061  0.3108075909129076E-001
 0062  0.3103756358231610E-001
 0063  0.3103756358231610E-001
 0064  0.3098630848549537E-001
 0065  0.3098630848549537E-001
 0066  0.3092656049489927E-001
 0067  0.3092656049489927E-001
 0068  0.3085787356101932E-001
 0069  0.3085787356101931E-001
 0070  0.3077978430435184E-001
 0071  0.3077978430435184E-001
 0072  0.3069177515272823E-001
 0073  0.3069177515272823E-001
 0074  0.3059235221761668E-001
 0075  0.3059235221761667E-001
 0076  0.3048348485023386E-001
 0077  0.3036922499601295E-001
 0078  0.3036922499601295E-001
 0079  0.3024603599217603E-001
 0080  0.3024603599217603E-001
 0081  0.3009851804604785E-001
 0082  0.2994681718731286E-001
 0083  0.2994681718731286E-001
 0084  0.2978549168978249E-001
 0085  0.2962019840445364E-001
 0086  0.2945096268434413E-001
 0087  0.2945096268434413E-001
 0088  0.2927030244471557E-001
 0089  0.2906991251014232E-001
 0090  0.2886678002643001E-001
 0091  0.2866020635514938E-001
 0092  0.2845020417033581E-001
 0093  0.2823677205712525E-001
 0094  0.2800504888173782E-001
 0095  0.2777083935746332E-001
 0096  0.2753403558849065E-001
 0097  0.2729451953521618E-001
 0098  0.2705170505593493E-001
 0099  0.2679169899625992E-001
 0100  0.2652953627784854E-001
 0101  0.2626492014681557E-001
 0102  0.2599809025141869E-001
 0103  0.2545944288847502E-001
 0104  0.2518846319353159E-001
 0105  0.2491651846744576E-001
 0106  0.2464377935204467E-001
 0107  0.2437013252853324E-001
 0108  0.2408424124683477E-001
 0109  0.2352705934760387E-001
 0110  0.2325546949325942E-001
 0111  0.2297374230942538E-001
 0112  0.2269308434040624E-001
 0113  0.2241358719691940E-001
 0114  0.2186150902774421E-001
 0115  0.2158926083045720E-001
 0116  0.2131848963126152E-001
 0117  0.2104926723633202E-001
 0118  0.2077320454170210E-001
 0119  0.2023982290591512E-001
 0120  0.1998191994727249E-001
 0121  0.1971847797992731E-001
 0122  0.1945741642566558E-001
 0123  0.1919875628907171E-001
 0124  0.1869282699875736E-001
 0125  0.1844559968656397E-001
 0126  0.1820075547896681E-001
 0127  0.1795823309420885E-001
 0128  0.1771223439461695E-001
 0129  0.1723840973305863E-001
 0130  0.1700488767043590E-001
 0131  0.1677407673843261E-001
 0132  0.1654591071777837E-001
 0133  0.1610169852612717E-001
 0134  0.1588556888904386E-001
 0135  0.1567193488482255E-001
 0136  0.1545657188393383E-001
 0137  0.1504213742433666E-001
 0138  0.1483887292038353E-001
 0139  0.1463819012940222E-001
 0140  0.1444003496646411E-001
 0141  0.1405180006609513E-001
 0142  0.1386504474085172E-001
 0143  0.1367751087446144E-001
 0144  0.1349249519077563E-001
 0145  0.1313356286363065E-001
 0146  0.1295950041682766E-001
 0147  0.1278771410169652E-001
 0148  0.1261560079246092E-001
 0149  0.1228438816551670E-001
 0150  0.1212264185327150E-001
 0151  0.1196308077369023E-001
 0152  0.1180349996428551E-001
 0153  0.1149637716876287E-001
 0154  0.1134657804928153E-001
 0155  0.1119884389866658E-001
 0156  0.1091069471558423E-001
 0157  0.1077197742174681E-001
 0158  0.1063343744214790E-001
 0159  0.1049682214017967E-001
 0160  0.1023053730691056E-001
 0161  0.1010230512803712E-001
 0162  0.9974364721920512E-002
 0163  0.9726425809215988E-002
 0164  0.9606291352788031E-002
 0165  0.9486537703028345E-002
 0166  0.9254461162240853E-002
 0167  0.9142011115825514E-002
 0168  0.9029988347744274E-002
 0169  0.8812861938066227E-002
 0170  0.8707643999710846E-002
 0171  0.8602888139128686E-002
 0172  0.8399807832187994E-002
 0173  0.8301372598440255E-002
 0174  0.8203409184969698E-002
 0175  0.8013443056485542E-002
 0176  0.7921341447307734E-002
 0177  0.7829714287578124E-002
 0178  0.7651979283258064E-002
 0179  0.7565779726066878E-002
 0180  0.7480050032653860E-002
 0181  0.7313094459821645E-002
 0182  0.7231828353960070E-002
 0183  0.7074088264074327E-002
 0184  0.6997011641292503E-002
 0185  0.6920933595205870E-002
 0186  0.6772249164782045E-002
 0187  0.6700095647475553E-002
 0188  0.6559501795018848E-002
 0189  0.6491025448533271E-002
 0190  0.6423001110950093E-002
 0191  0.6290477325020587E-002
 0192  0.6225941258871350E-002
 0193  0.6100178129202028E-002
 0194  0.6038916157718940E-002
 0195  0.5978083322744144E-002
 0196  0.5859540202554817E-002
 0197  0.5801795665103086E-002
 0198  0.5688962295453843E-002
 0199  0.5633858674063812E-002
 0200  0.5526689937803410E-002
 0201  0.5474338413595378E-002
 0202  0.5372028939172062E-002
 0203  0.5322055315357920E-002
 0204  0.5224397398041689E-002
 0205  0.5176696607875276E-002
 0206  0.5083658285753917E-002
 0207  0.5038293685955627E-002
 0208  0.4949612664164312E-002
 0209  0.4906282579365137E-002
 0210  0.4821439924016564E-002
 0211  0.4779922147285581E-002
 0212  0.4698787361469692E-002
 0213  0.4659155429998293E-002
 0214  0.4581701433631624E-002
 0215  0.4543864493374588E-002
 0216  0.4469704246957499E-002
 0217  0.4433479386779934E-002
 0218  0.4362590354145223E-002
 0219  0.4327916103918778E-002
 0220  0.4260067508294677E-002
 0221  0.4194651547911016E-002
 0222  0.4162614445150497E-002
 0223  0.4099919951598923E-002
 0224  0.4069251832514940E-002
 0225  0.4009172865926499E-002
 0226  0.3951110532863338E-002
 0227  0.3922705326403204E-002
 0228  0.3867009878002994E-002
 0229  0.3813175629433656E-002
 0230  0.3786813421172024E-002
 0231  0.3735127949284051E-002
 0232  0.3709799882691542E-002
 0233  0.3660148580142449E-002
 0234  0.3612114362825884E-002
 0235  0.3565575932137438E-002
 0236  0.3542769674289359E-002
 0237  0.3498006294151594E-002
 0238  0.3454641302002651E-002
 0239  0.3433367588621899E-002
 0240  0.3391600071485232E-002
 0241  0.3351101761924552E-002
 0242  0.3311832691484434E-002
 0243  0.3292547349147763E-002
 0244  0.3254679766168513E-002
 0245  0.3217940569244256E-002
 0246  0.3182271659609019E-002
 0247  0.3147623110778519E-002
 0248  0.3130600418186046E-002
 0249  0.3097141647263831E-002
 0250  0.3064626043151863E-002
 0251  0.3033020276910599E-002
 0252  0.3002288364175050E-002
 0253  0.2972399854843165E-002
 0254  0.2943317156462219E-002
 0255  0.2915012110361549E-002
 0256  0.2887458608670562E-002
 0257  0.2860627618927211E-002
 0258  0.2847424582380760E-002
 0259  0.2821430589879211E-002
 0260  0.2796106257123642E-002
 0261  0.2771483905900558E-002
 0262  0.2747604434298840E-002
 0263  0.2724437368706568E-002
 0264  0.2691082000005132E-002
 0265  0.2669729057170055E-002
 0266  0.2648985863659919E-002
 0267  0.2628828734856202E-002
 0268  0.2609235145771137E-002
 0269  0.2590183662928712E-002
 0270  0.2571653880894590E-002
 0271  0.2553626363094540E-002
 0272  0.2527576543888296E-002
 0273  0.2510841092996533E-002
 0274  0.2494541584387299E-002
 0275  0.2478662567856209E-002
 0276  0.2455677429095597E-002
 0277  0.2440885678590044E-002
 0278  0.2426461367253936E-002
 0279  0.2405555371948734E-002
 0280  0.2392084833848653E-002
 0281  0.2378936971814381E-002
 0282  0.2359858548118544E-002
 0283  0.2347551364494589E-002
 0284  0.2329678031468177E-002
 0285  0.2318138856545421E-002
 0286  0.2301367733877211E-002
 0287  0.2290531812728854E-002
 0288  0.2274771090813993E-002
 0289  0.2259613880211646E-002
 0290  0.2249808986751337E-002
 0291  0.2235531377254625E-002
 0292  0.2221781116497740E-002
 0293  0.2208531683161266E-002
 0294  0.2199947901116456E-002
 0295  0.2187430108917078E-002
 0296  0.2175353094239146E-002
 0297  0.2163695800752185E-002
 0298  0.2152438460972403E-002
 0299  0.2141562500458198E-002
 0300  0.2131050450341125E-002
 0301  0.2120885867364680E-002
 0302  0.2111053260695367E-002
 0303  0.2098457274751802E-002
 0304  0.2089376937048644E-002
 0305  0.2080581426311110E-002
 0306  0.2069296573603190E-002
 0307  0.2061149190503869E-002
 0308  0.2050685296352170E-002
 0309  0.2043123170554029E-002
 0310  0.2033401740507931E-002
 0311  0.2024086886657990E-002
 0312  0.2015156183772433E-002
 0313  0.2006588789491836E-002
 0314  0.1998365308162255E-002
 0315  0.1990467668403119E-002
 0316  0.1982879012828184E-002
 0317  0.1973814881782662E-002
 0318  0.1966882436614123E-002
 0319  0.1958591753675321E-002
 0320  0.1952243215432628E-002
 0321  0.1944642117616594E-002
 0322  0.1937399857601856E-002
 0323  0.1930494909372768E-002
 0324  0.1922633585463361E-002
 0325  0.1916414363948835E-002
 0326  0.1909323349105929E-002
 0327  0.1902617970668102E-002
 0328  0.1896272244717139E-002
 0329  0.1889296986275599E-002
 0330  0.1883659925879880E-002
 0331  0.1877453440589005E-002
 0332  0.1870821694569029E-002
 0333  0.1865391872762382E-002
 0334  0.1858883979821002E-002
 0335  0.1853513394020519E-002
 0336  0.1847897367593586E-002
 0337  0.1842146039268765E-002
 0338  0.1836362386701343E-002
 0339  0.1831092758152445E-002
 0340  0.1825461146767051E-002
 0341  0.1820407505777094E-002
 0342  0.1815211650776739E-002
 0343  0.1810046391414958E-002
 0344  0.1805059063049464E-002
 0345  0.1800163248453180E-002
 0346  0.1795222572372846E-002
 0347  0.1790461119707233E-002
 0348  0.1785676449092172E-002
 0349  0.1781052177235213E-002
 0350  0.1778239151915337E-002
 0351  0.1778239151915337E-002
 0352  0.1778239151915337E-002
 0353  0.1778239151915337E-002
 0354  0.1778239151915337E-002
 0355  0.1778239151915337E-002
 0356  0.1778239151915337E-002
 0357  0.1778239151915337E-002
 0358  0.1778239151915337E-002
 0359  0.1778239151915337E-002
 0360  0.1778239151915337E-002
 0361  0.1778239151915337E-002
 0362  0.1778239151915337E-002
 0363  0.1778239151915337E-002
 0364  0.1778239151915337E-002
 0365  0.1778239151915337E-002
 0366  0.1778239151915337E-002
 0367  0.1778239151915337E-002
 0368  0.1778239151915337E-002
 0369  0.1778239151915337E-002
 0370  0.1778239151915337E-002
 0371  0.1778239151915337E-002
 0372  0.1778239151915337E-002
 0373  0.1778239151915337E-002
 0374  0.1778239151915337E-002
 0375  0.1778239151915337E-002
 0376  0.1778239151915337E-002
 0377  0.1778239151915337E-002
 0378  0.1778239151915337E-002
 0379  0.1778239151915337E-002
 0380  0.1778239151915337E-002
 0381  0.1778239151915337E-002
 0382  0.1778239151915337E-002
 0383  0.1778239151915337E-002
 0384  0.1778239151915337E-002
 0385  0.1778239151915337E-002
 0386  0.1778239151915337E-002
 0387  0.1778239151915337E-002
 0388  0.1778239151915337E-002
 0389  0.1778239151915337E-002
 0390  0.1778239151915337E-002
 0391  0.1778239151915337E-002
 0392  0.1778239151915337E-002
 0393  0.1778239151915337E-002
 0394  0.1778239151915337E-002
 0395  0.1778239151915337E-002
 0396  0.1778239151915337E-002
 0397  0.1778239151915337E-002
 0398  0.1778239151915337E-002
 0399  0.1778239151915337E-002
 0400  0.1778239151915337E-002
 0401  0.1778239151915337E-002
 0402  0.1778239151915337E-002
 0403  0.1778239151915337E-002
 0404  0.1778239151915337E-002
 0405  0.1778239151915337E-002
 0406  0.1778239151915337E-002
 0407  0.1778239151915337E-002
 0408  0.1778239151915337E-002
 0409  0.1778239151915337E-002
 0410  0.1778239151915337E-002
 0411  0.1778239151915337E-002
 0412  0.1778239151915337E-002
 0413  0.1778239151915337E-002
 0414  0.1778239151915337E-002
 0415  0.1778239151915337E-002
 0416  0.1778239151915337E-002
 0417  0.1778239151915337E-002
 0418  0.1778239151915337E-002
 0419  0.1778239151915337E-002
 0420  0.1778239151915337E-002
 0421  0.1778239151915337E-002
 0422  0.1778239151915337E-002
 0423  0.1778239151915337E-002
 0424  0.1778239151915337E-002
 0425  0.1778239151915337E-002
 0426  0.1778239151915337E-002
 0427  0.1778239151915337E-002
 0428  0.1778239151915337E-002
 0429  0.1778239151915337E-002
 0430  0.1778239151915337E-002
 0431  0.1778239151915337E-002
 0432  0.1778239151915337E-002
 0433  0.1778239151915337E-002
 0434  0.1778239151915337E-002
 0435  0.1778239151915337E-002
 0436  0.1778239151915337E-002
 0437  0.1778239151915337E-002
 0438  0.1778239151915337E-002
 0439  0.1778239151915337E-002
 0440  0.1778239151915337E-002
 0441  0.1778239151915337E-002
 0442  0.1778239151915337E-002
 0443  0.1778239151915337E-002
 0444  0.1778239151915337E-002
 0445  0.1778239151915337E-002
 0446  0.1778239151915337E-002
 0447  0.1778239151915337E-002
 0448  0.1778239151915337E-002
 0449  0.1778239151915337E-002
 0450  0.1778239151915337E-002
 0451  0.1778239151915337E-002
 0452  0.1778239151915337E-002
 0453  0.1778239151915337E-002
 0454  0.1778239151915337E-002
 0455  0.1778239151915337E-002
 0456  0.1778239151915337E-002
 0457  0.1778239151915337E-002
 0458  0.1778239151915337E-002
 0459  0.1778239151915337E-002
 0460  0.1778239151915337E-002
 0461  0.1778239151915337E-002
 0462  0.1778239151915337E-002
 0463  0.1778239151915337E-002
 0464  0.1778239151915337E-002
 0465  0.1778239151915337E-002
 0466  0.1778239151915337E-002
 0467  0.1778239151915337E-002
 0468  0.1778239151915337E-002
 0469  0.1778239151915337E-002
 0470  0.1778239151915337E-002
 0471  0.1778239151915337E-002
 0472  0.1778239151915337E-002
 0473  0.1778239151915337E-002
 0474  0.1778239151915337E-002
 0475  0.1778239151915337E-002
 0476  0.1778239151915337E-002
 0477  0.1778239151915337E-002
 0478  0.1778239151915337E-002
 0479  0.1778239151915337E-002
 0480  0.1778239151915337E-002
 0481  0.1778239151915337E-002
 0482  0.1778239151915337E-002
 0483  0.1778239151915337E-002
 0484  0.1778239151915337E-002
 0485  0.1778239151915337E-002
 0486  0.1778239151915337E-002
 0487  0.1778239151915337E-002
 0488  0.1778239151915337E-002
 0489  0.1778239151915337E-002
 0490  0.1778239151915337E-002
 0491  0.1778239151915337E-002
 0492  0.1778239151915337E-002
 0493  0.1778239151915337E-002
 0494  0.1778239151915337E-002
 0495  0.1778239151915337E-002
 0496  0.1778239151915337E-002
 0497  0.1778239151915337E-002
 0498  0.1778239151915337E-002
 0499  0.1778239151915337E-002
 0500  0.1778239151915337E-002
 0501  0.1778239151915337E-002
 0502  0.1778239151915337E-002
 0503  0.1778239151915337E-002
 0504  0.1778239151915337E-002
 0505  0.1778239151915337E-002
 0506  0.1778239151915337E-002
 0507  0.1778239151915337E-002
 0508  0.1778239151915337E-002
 0509  0.1778239151915337E-002
 0510  0.1778239151915337E-002
 0511  0.1778239151915337E-002
 0512  0.1778239151915337E-002
 0513  0.1778239151915337E-002
 0514  0.1778239151915337E-002
 0515  0.1778239151915337E-002
 0516  0.1778239151915337E-002
 0517  0.1778239151915337E-002
 0518  0.1778239151915337E-002
 0519  0.1778239151915337E-002
 0520  0.1778239151915337E-002
 0521  0.1778239151915337E-002
 0522  0.1778239151915337E-002
 0523  0.1778239151915337E-002
 0524  0.1778239151915337E-002
 0525  0.1778239151915337E-002
 0526  0.1778239151915337E-002
 0527  0.1778239151915337E-002
 0528  0.1778239151915337E-002
 0529  0.1778239151915337E-002
 0530  0.1778239151915337E-002
 0531  0.1778239151915337E-002
 0532  0.1778239151915337E-002
 0533  0.1778239151915337E-002
 0534  0.1778239151915337E-002
 0535  0.1778239151915337E-002
 0536  0.1778239151915337E-002
 0537  0.1778239151915337E-002
 0538  0.1778239151915337E-002
 0539  0.1778239151915337E-002
 0540  0.1778239151915337E-002
 0541  0.1778239151915337E-002
 0542  0.1778239151915337E-002
 0543  0.1778239151915337E-002
 0544  0.1778239151915337E-002
 0545  0.1778239151915337E-002
 0546  0.1778239151915337E-002
 0547  0.1778239151915337E-002
 0548  0.1778239151915337E-002
 0549  0.1778239151915337E-002
 0550  0.1778239151915337E-002
 0551  0.1778239151915337E-002
 0552  0.1778239151915337E-002
 0553  0.1778239151915337E-002
 0554  0.1778239151915337E-002
 0555  0.1778239151915337E-002
 0556  0.1778239151915337E-002
 0557  0.1778239151915337E-002
 0558  0.1778239151915337E-002
 0559  0.1778239151915337E-002
 0560  0.1778239151915337E-002
 0561  0.1778239151915337E-002
 0562  0.1778239151915337E-002
 0563  0.1778239151915337E-002
 0564  0.1778239151915337E-002
 0565  0.1778239151915337E-002
 0566  0.1778239151915337E-002
 0567  0.1778239151915337E-002
 0568  0.1778239151915337E-002
 0569  0.1778239151915337E-002
 0570  0.1778239151915337E-002
 0571  0.1778239151915337E-002
 0572  0.1778239151915337E-002
 0573  0.1778239151915337E-002
 0574  0.1778239151915337E-002
 0575  0.1778239151915337E-002
 0576  0.1778239151915337E-002
 0577  0.1778239151915337E-002
 0578  0.1778239151915337E-002
 0579  0.1778239151915337E-002
 0580  0.1778239151915337E-002
 0581  0.1778239151915337E-002
 0582  0.1778239151915337E-002
 0583  0.1778239151915337E-002
 0584  0.1778239151915337E-002
 0585  0.1778239151915337E-002
 0586  0.1778239151915337E-002
 0587  0.1778239151915337E-002
 0588  0.1778239151915337E-002
 0589  0.1778239151915337E-002
 0590  0.1778239151915337E-002
 0591  0.1778239151915337E-002
 0592  0.1778239151915337E-002
 0593  0.1778239151915337E-002
 0594  0.1778239151915337E-002
 0595  0.1778239151915337E-002
 0596  0.1778239151915337E-002
 0597  0.1778239151915337E-002
 0598  0.1778239151915337E-002
 0599  0.1778239151915337E-002
 0600  0.1778239151915337E-002
 0601  0.1778239151915337E-002
 0602  0.1778239151915337E-002
 0603  0.1778239151915337E-002
 0604  0.1778239151915337E-002
 0605  0.1778239151915337E-002
 0606  0.1778239151915337E-002
 0607  0.1778239151915337E-002
 0608  0.1778239151915337E-002
 0609  0.1778239151915337E-002
 0610  0.1778239151915337E-002
 0611  0.1778239151915337E-002
 0612  0.1778239151915337E-002
 0613  0.1778239151915337E-002
 0614  0.1778239151915337E-002
 0615  0.1778239151915337E-002
 0616  0.1778239151915337E-002
 0617  0.1778239151915337E-002
 0618  0.1778239151915337E-002
 0619  0.1778239151915337E-002
 0620  0.1778239151915337E-002
 0621  0.1778239151915337E-002
 0622  0.1778239151915337E-002
 0623  0.1778239151915337E-002
 0624  0.1778239151915337E-002
 0625  0.1778239151915337E-002
 0626  0.1778239151915337E-002
 0627  0.1778239151915337E-002
 0628  0.1778239151915337E-002
 0629  0.1778239151915337E-002
 0630  0.1778239151915337E-002
 0631  0.1778239151915337E-002
 0632  0.1778239151915337E-002
 0633  0.1778239151915337E-002
 0634  0.1778239151915337E-002
 0635  0.1778239151915337E-002
 0636  0.1778239151915337E-002
 0637  0.1778239151915337E-002
 0638  0.1778239151915337E-002
 0639  0.1778239151915337E-002
 0640  0.1778239151915337E-002
 0641  0.1778239151915337E-002
 0642  0.1778239151915337E-002
 0643  0.1778239151915337E-002
 0644  0.1778239151915337E-002
 0645  0.1778239151915337E-002
 0646  0.1778239151915337E-002
 0647  0.1778239151915337E-002
 0648  0.1778239151915337E-002
 0649  0.1778239151915337E-002
 0650  0.1778239151915337E-002
 0651  0.1778239151915337E-002
 0652  0.1778239151915337E-002
 0653  0.1778239151915337E-002
 0654  0.1778239151915337E-002
 0655  0.1778239151915337E-002
 0656  0.1778239151915337E-002
 0657  0.1778239151915337E-002
 0658  0.1778239151915337E-002
 0659  0.1778239151915337E-002
 0660  0.1778239151915337E-002
 0661  0.1778239151915337E-002
 0662  0.1778239151915337E-002
 0663  0.1778239151915337E-002
 0664  0.1778239151915337E-002
 0665  0.1778239151915337E-002
 0666  0.1778239151915337E-002
 0667  0.1778239151915337E-002
 0668  0.1778239151915337E-002
 0669  0.1778239151915337E-002
 0670  0.1778239151915337E-002
 0671  0.1778239151915337E-002
 0672  0.1778239151915337E-002
 0673  0.1778239151915337E-002
 0674  0.1778239151915337E-002
 0675  0.1778239151915337E-002
 0676  0.1778239151915337E-002
 0677  0.1778239151915337E-002
 0678  0.1778239151915337E-002
 0679  0.1778239151915337E-002
 0680  0.1778239151915337E-002
 0681  0.1778239151915337E-002
 0682  0.1778239151915337E-002
 0683  0.1778239151915337E-002
 0684  0.1778239151915337E-002
 0685  0.1778239151915337E-002
 0686  0.1778239151915337E-002
 0687  0.1778239151915337E-002
 0688  0.1778239151915337E-002
 0689  0.1778239151915337E-002
 0690  0.1778239151915337E-002
 0691  0.1778239151915337E-002
 0692  0.1778239151915337E-002
 0693  0.1778239151915337E-002
 0694  0.1778239151915337E-002
 0695  0.1778239151915337E-002
 0696  0.1778239151915337E-002
 0697  0.1778239151915337E-002
 0698  0.1778239151915337E-002
 0699  0.1778239151915337E-002
 0700  0.1778239151915337E-002
 0701  0.1778239151915337E-002
 0702  0.1778239151915337E-002
 0703  0.1778239151915337E-002
 0704  0.1778239151915337E-002
 0705  0.1778239151915337E-002
 0706  0.1778239151915337E-002
 0707  0.1778239151915337E-002
 0708  0.1778239151915337E-002
 0709  0.1778239151915337E-002
 0710  0.1778239151915337E-002
 0711  0.1778239151915337E-002
 0712  0.1778239151915337E-002
 0713  0.1778239151915337E-002
 0714  0.1778239151915337E-002
 0715  0.1778239151915337E-002
 0716  0.1778239151915337E-002
 0717  0.1778239151915337E-002
 0718  0.1778239151915337E-002
 0719  0.1778239151915337E-002
 0720  0.1778239151915337E-002
 0721  0.1778239151915337E-002
 0722  0.1778239151915337E-002
 0723  0.1778239151915337E-002
 0724  0.1778239151915337E-002
 0725  0.1778239151915337E-002
 0726  0.1778239151915337E-002
 0727  0.1778239151915337E-002
 0728  0.1778239151915337E-002
 0729  0.1778239151915337E-002
 0730  0.1778239151915337E-002
 0731  0.1778239151915337E-002
 0732  0.1778239151915337E-002
 0733  0.1778239151915337E-002
 0734  0.1778239151915337E-002
 0735  0.1778239151915337E-002
 0736  0.1778239151915337E-002
 0737  0.1778239151915337E-002
 0738  0.1778239151915337E-002
 0739  0.1778239151915337E-002
 0740  0.1778239151915337E-002
 0741  0.1778239151915337E-002
 0742  0.1778239151915337E-002
 0743  0.1778239151915337E-002
 0744  0.1778239151915337E-002
 0745  0.1778239151915337E-002
 0746  0.1778239151915337E-002
 0747  0.1778239151915337E-002
 0748  0.1778239151915337E-002
 0749  0.1778239151915337E-002
 0750  0.1778239151915337E-002
 0751  0.1778239151915337E-002
 0752  0.1778239151915337E-002
 0753  0.1778239151915337E-002
 0754  0.1778239151915337E-002
 0755  0.1778239151915337E-002
 0756  0.1778239151915337E-002
 0757  0.1778239151915337E-002
 0758  0.1778239151915337E-002
 0759  0.1778239151915337E-002
 0760  0.1778239151915337E-002
 0761  0.1778239151915337E-002
 0762  0.1778239151915337E-002
 0763  0.1778239151915337E-002
 0764  0.1778239151915337E-002
 0765  0.1778239151915337E-002
 0766  0.1778239151915337E-002
 0767  0.1778239151915337E-002
 0768  0.1778239151915337E-002
 0769  0.1778239151915337E-002
 0770  0.1778239151915337E-002
 0771  0.1778239151915337E-002
 0772  0.1778239151915337E-002
 0773  0.1778239151915337E-002
 0774  0.1778239151915337E-002
 0775  0.1778239151915337E-002
 0776  0.1778239151915337E-002
 0777  0.1778239151915337E-002
 0778  0.1778239151915337E-002
 0779  0.1778239151915337E-002
 0780  0.1778239151915337E-002
 0781  0.1778239151915337E-002
 0782  0.1778239151915337E-002
 0783  0.1778239151915337E-002
 0784  0.1778239151915337E-002
 0785  0.1778239151915337E-002
 0786  0.1778239151915337E-002
 0787  0.1778239151915337E-002
 0788  0.1778239151915337E-002
 0789  0.1778239151915337E-002
 0790  0.1778239151915337E-002
 0791  0.1778239151915337E-002
 0792  0.1778239151915337E-002
 0793  0.1778239151915337E-002
 0794  0.1778239151915337E-002
 0795  0.1778239151915337E-002
 0796  0.1778239151915337E-002
 0797  0.1778239151915337E-002
 0798  0.1778239151915337E-002
 0799  0.1778239151915337E-002
 0800  0.1778239151915337E-002
 0801  0.1778239151915337E-002
 0802  0.1778239151915337E-002
 0803  0.1778239151915337E-002
 0804  0.1778239151915337E-002
 0805  0.1778239151915337E-002
 0806  0.1778239151915337E-002
 0807  0.1778239151915337E-002
 0808  0.1778239151915337E-002
 0809  0.1778239151915337E-002
 0810  0.1778239151915337E-002
 0811  0.1778239151915337E-002
 0812  0.1778239151915337E-002
 0813  0.1778239151915337E-002
 0814  0.1778239151915337E-002
 0815  0.1778239151915337E-002
 0816  0.1778239151915337E-002
 0817  0.1778239151915337E-002
 0818  0.1778239151915337E-002
 0819  0.1778239151915337E-002
 0820  0.1778239151915337E-002
 0821  0.1778239151915337E-002
 0822  0.1778239151915337E-002
 0823  0.1778239151915337E-002
 0824  0.1778239151915337E-002
 0825  0.1778239151915337E-002
 0826  0.1778239151915337E-002
 0827  0.1778239151915337E-002
 0828  0.1778239151915337E-002
 0829  0.1778239151915337E-002
 0830  0.1778239151915337E-002
 0831  0.1778239151915337E-002
 0832  0.1778239151915337E-002
 0833  0.1778239151915337E-002
 0834  0.1778239151915337E-002
 0835  0.1778239151915337E-002
 0836  0.1778239151915337E-002
 0837  0.1778239151915337E-002
 0838  0.1778239151915337E-002
 0839  0.1778239151915337E-002
 0840  0.1778239151915337E-002
 0841  0.1778239151915337E-002
 0842  0.1778239151915337E-002
 0843  0.1778239151915337E-002
 0844  0.1778239151915337E-002
 0845  0.1778239151915337E-002
 0846  0.1778239151915337E-002
 0847  0.1778239151915337E-002
 0848  0.1778239151915337E-002
 0849  0.1778239151915337E-002
 0850  0.1778239151915337E-002
 0851  0.1778239151915337E-002
 0852  0.1778239151915337E-002
 0853  0.1778239151915337E-002
 0854  0.1778239151915337E-002
 0855  0.1778239151915337E-002
 0856  0.1778239151915337E-002
 0857  0.1778239151915337E-002
 0858  0.1778239151915337E-002
 0859  0.1778239151915337E-002
 0860  0.1778239151915337E-002
 0861  0.1778239151915337E-002
 0862  0.1778239151915337E-002
 0863  0.1778239151915337E-002
 0864  0.1778239151915337E-002
 0865  0.1778239151915337E-002
 0866  0.1778239151915337E-002
 0867  0.1778239151915337E-002
 0868  0.1778239151915337E-002
 0869  0.1778239151915337E-002
 0870  0.1778239151915337E-002
 0871  0.1778239151915337E-002
 0872  0.1778239151915337E-002
 0873  0.1778239151915337E-002
 0874  0.1778239151915337E-002
 0875  0.1778239151915337E-002
 0876  0.1778239151915337E-002
 0877  0.1778239151915337E-002
 0878  0.1778239151915337E-002
 0879  0.1778239151915337E-002
 0880  0.1778239151915337E-002
 0881  0.1778239151915337E-002
 0882  0.1778239151915337E-002
 0883  0.1778239151915337E-002
 0884  0.1778239151915337E-002
 0885  0.1778239151915337E-002
 0886  0.1778239151915337E-002
 0887  0.1778239151915337E-002
 0888  0.1778239151915337E-002
 0889  0.1778239151915337E-002
 0890  0.1778239151915337E-002
 0891  0.1778239151915337E-002
 0892  0.1778239151915337E-002
 0893  0.1778239151915337E-002
 0894  0.1778239151915337E-002
 0895  0.1778239151915337E-002
 0896  0.1778239151915337E-002
 0897  0.1778239151915337E-002
 0898  0.1778239151915337E-002
 0899  0.1778239151915337E-002
 0900  0.1778239151915337E-002
 0901  0.1778239151915337E-002
 0902  0.1778239151915337E-002
 0903  0.1778239151915337E-002
 0904  0.1778239151915337E-002
 0905  0.1778239151915337E-002
 0906  0.1778239151915337E-002
 0907  0.1778239151915337E-002
 0908  0.1778239151915337E-002
 0909  0.1778239151915337E-002
 0910  0.1778239151915337E-002
 0911  0.1778239151915337E-002
 0912  0.1778239151915337E-002
 0913  0.1778239151915337E-002
 0914  0.1778239151915337E-002
 0915  0.1778239151915337E-002
 0916  0.1778239151915337E-002
 0917  0.1778239151915337E-002
 0918  0.1778239151915337E-002
 0919  0.1778239151915337E-002
 0920  0.1778239151915337E-002
 0921  0.1778239151915337E-002
 0922  0.1778239151915337E-002
 0923  0.1778239151915337E-002
 0924  0.1778239151915337E-002
 0925  0.1778239151915337E-002
 0926  0.1778239151915337E-002
 0927  0.1778239151915337E-002
 0928  0.1778239151915337E-002
 0929  0.1778239151915337E-002
 0930  0.1778239151915337E-002
 0931  0.1778239151915337E-002
 0932  0.1778239151915337E-002
 0933  0.1778239151915337E-002
 0934  0.1778239151915337E-002
 0935  0.1778239151915337E-002
 0936  0.1778239151915337E-002
 0937  0.1778239151915337E-002
 0938  0.1778239151915337E-002
 0939  0.1778239151915337E-002
 0940  0.1778239151915337E-002
 0941  0.1778239151915337E-002
 0942  0.1778239151915337E-002
 0943  0.1778239151915337E-002
 0944  0.1778239151915337E-002
 0945  0.1778239151915337E-002
 0946  0.1778239151915337E-002
 0947  0.1778239151915337E-002
 0948  0.1778239151915337E-002
 0949  0.1778239151915337E-002
 0950  0.1778239151915337E-002
 0951  0.1778239151915337E-002
 0952  0.1778239151915337E-002
 0953  0.1778239151915337E-002
 0954  0.1778239151915337E-002
 0955  0.1778239151915337E-002
 0956  0.1778239151915337E-002
 0957  0.1778239151915337E-002
 0958  0.1778239151915337E-002
 0959  0.1778239151915337E-002
 0960  0.1778239151915337E-002
 0961  0.1778239151915337E-002
 0962  0.1778239151915337E-002
 0963  0.1778239151915337E-002
 0964  0.1778239151915337E-002
 0965  0.1778239151915337E-002
 0966  0.1778239151915337E-002
 0967  0.1778239151915337E-002
 0968  0.1778239151915337E-002
 0969  0.1778239151915337E-002
 0970  0.1778239151915337E-002
 0971  0.1778239151915337E-002
 0972  0.1778239151915337E-002
 0973  0.1778239151915337E-002
 0974  0.1778239151915337E-002
 0975  0.1778239151915337E-002
 0976  0.1778239151915337E-002
 0977  0.1778239151915337E-002
 0978  0.1778239151915337E-002
 0979  0.1778239151915337E-002
 0980  0.1778239151915337E-002
 0981  0.1778239151915337E-002
 0982  0.1778239151915337E-002
 0983  0.1778239151915337E-002
 0984  0.1778239151915337E-002
 0985  0.1778239151915337E-002
 0986  0.1778239151915337E-002
 0987  0.1778239151915337E-002
 0988  0.1778239151915337E-002
 0989  0.1778239151915337E-002
 0990  0.1778239151915337E-002
 0991  0.1778239151915337E-002
 0992  0.1778239151915337E-002
 0993  0.1778239151915337E-002
 0994  0.1778239151915337E-002
 0995  0.1778239151915337E-002
 0996  0.1778239151915337E-002
 0997  0.1778239151915337E-002
 0998  0.1778239151915337E-002
 0999  0.1778239151915337E-002
 1000  0.1778239151915337E-002
