 0001  0.1118719197809805E+009
 0002  0.1099676813498317E+009
 0003  0.1084049305895773E+009
 0004  0.1068025207700885E+009
 0005  0.1052127208750902E+009
 0006  0.1033789944475150E+009
 0007  0.1014142580171658E+009
 0008  0.9942514750126347E+008
 0009  0.9743708819674237E+008
 0010  0.9540629597860557E+008
 0011  0.9350544508059889E+008
 0012  0.9162992130268504E+008
 0013  0.8982719799162093E+008
 0014  0.8798161679723997E+008
 0015  0.8558117803720772E+008
 0016  0.8272214998606427E+008
 0017  0.8028812759493889E+008
 0018  0.7792056612005916E+008
 0019  0.7565580385970795E+008
 0020  0.7356684671550015E+008
 0021  0.7154263454101443E+008
 0022  0.6861771222818668E+008
 0023  0.6647749832773750E+008
 0024  0.6391341101239064E+008
 0025  0.6143528385712581E+008
 0026  0.5941685911392505E+008
 0027  0.5718666295284033E+008
 0028  0.5492576464060763E+008
 0029  0.5322117055214697E+008
 0030  0.5083525694792230E+008
 0031  0.4867101125807340E+008
 0032  0.4627490812805447E+008
 0033  0.4435080750833734E+008
 0034  0.4187266344101555E+008
 0035  0.4005447384758788E+008
 0036  0.3780938011568750E+008
 0037  0.3594043707698597E+008
 0038  0.3424213917158470E+008
 0039  0.3213865357036762E+008
 0040  0.3013771065465047E+008
 0041  0.2838929015225530E+008
 0042  0.2696248718461806E+008
 0043  0.2525981451406005E+008
 0044  0.2378136046801094E+008
 0045  0.2227680711103998E+008
 0046  0.2086627264523735E+008
 0047  0.1970567106320886E+008
 0048  0.1872718998222269E+008
 0049  0.1767032048887240E+008
 0050  0.1664454609700877E+008
 0051  0.1575443126697174E+008
 0052  0.1055836891294365E+008
 0053  0.9819232512112126E+007
 0054  0.9047469354406828E+007
 0055  0.8311004164404456E+007
 0056  0.7627644527992235E+007
 0057  0.7078215169876006E+007
 0058  0.6391143040858353E+007
 0059  0.5807231565616641E+007
 0060  0.5333641840769433E+007
 0061  0.4848042845366584E+007
 0062  0.4448234015749016E+007
 0063  0.4024296196885454E+007
 0064  0.3678407270870700E+007
 0065  0.3384770781346012E+007
 0066  0.3098872358720294E+007
 0067  0.2863695113126960E+007
 0068  0.2634799474691092E+007
 0069  0.2422796471183802E+007
 0070  0.2222095060549963E+007
 0071  0.2029418916159039E+007
 0072  0.1855061022870634E+007
 0073  0.1710575304709679E+007
 0074  0.1557788917115311E+007
 0075  0.1422797854680960E+007
 0076  0.1295865448512309E+007
 0077  0.1176504104728713E+007
 0078  0.1065618983936773E+007
 0079  0.9758371472783259E+006
 0080  0.8865137088041782E+006
 0081  0.8047551519721815E+006
 0082  0.7305237647394136E+006
 0083  0.6724541668896900E+006
 0084  0.6163611018369537E+006
 0085  0.5682781867334711E+006
 0086  0.5229630107337095E+006
 0087  0.4805048944330835E+006
 0088  0.4412209410047164E+006
 0089  0.4037143198430890E+006
 0090  0.3719520503613453E+006
 0091  0.3435035285525423E+006
 0092  0.3146953703313359E+006
 0093  0.2894063512304072E+006
 0094  0.2655858677759204E+006
 0095  0.2440962856148481E+006
 0096  0.2248620406970023E+006
 0097  0.2069289686820726E+006
 0098  0.1916104206312078E+006
 0099  0.1754270144606151E+006
 0100  0.1617878988882798E+006
 0101  0.1481223332887998E+006
 0102  0.1369987505466191E+006
 0103  0.1267741199094922E+006
 0104  0.1175743489547339E+006
 0105  0.1095649461106613E+006
 0106  0.1013863831249671E+006
 0107  0.9498465549665948E+005
 0108  0.8835902251974960E+005
 0109  0.8267408594363755E+005
 0110  0.7683329486936746E+005
 0111  0.7214570579807095E+005
 0112  0.6752501383870530E+005
 0113  0.6323415075693930E+005
 0114  0.5921536748248488E+005
 0115  0.5551174697925292E+005
 0116  0.5221071109954552E+005
 0117  0.4904257338693627E+005
 0118  0.4615440585220276E+005
 0119  0.4322816647184053E+005
 0120  0.4062382129144220E+005
 0121  0.3837655616677320E+005
 0122  0.3617244669787689E+005
 0123  0.3388753809684609E+005
 0124  0.3188494827379940E+005
 0125  0.3026014891447943E+005
 0126  0.2838005108421655E+005
 0127  0.2668996485460997E+005
 0128  0.2511016630018038E+005
 0129  0.2369836764615856E+005
 0130  0.2223866849936152E+005
 0131  0.2109861064502359E+005
 0132  0.1970472531500517E+005
 0133  0.1851480060176016E+005
 0134  0.1744130759241201E+005
 0135  0.1656565335659479E+005
 0136  0.1558862891081035E+005
 0137  0.1441136832944563E+005
 0138  0.1359409551054100E+005
 0139  0.1265456740385577E+005
 0140  0.1190841176745392E+005
 0141  0.1116465378385229E+005
 0142  0.1040393306592429E+005
 0143  0.9679483286757379E+004
 0144  0.9049511551099653E+004
 0145  0.8431116707867932E+004
 0146  0.7721980968073424E+004
 0147  0.6912354719539705E+004
 0148  0.6279060592254533E+004
 0149  0.5735216196634748E+004
 0150  0.5185427656162756E+004
 0151  0.4693566087111845E+004
 0152  0.4195118151122210E+004
 0153  0.3729744201740878E+004
 0154  0.3255356627968029E+004
 0155  0.2767372602961004E+004
 0156  0.2350577599017403E+004
 0157  0.2042520793704149E+004
 0158  0.1794942620290821E+004
 0159  0.1627215967628182E+004
 0160  0.1430425344658683E+004
 0161  0.1257540976134362E+004
 0162  0.9241819151746543E+003
 0163  0.8220949832173811E+003
 0164  0.7533813962601253E+003
 0165  0.6930904394334802E+003
 0166  0.6408476077430533E+003
 0167  0.5921015275966201E+003
 0168  0.5486240856744088E+003
 0169  0.5102004296160261E+003
 0170  0.4758509943754402E+003
 0171  0.4443961286629646E+003
 0172  0.4151919842302555E+003
 0173  0.3909948111237217E+003
 0174  0.3652983860302291E+003
 0175  0.3437689317345051E+003
 0176  0.3253756571690939E+003
 0177  0.3059766865994255E+003
 0178  0.2891530827454008E+003
 0179  0.2750826863547385E+003
 0180  0.2600008794294532E+003
 0181  0.2458618543726146E+003
 0182  0.2332133805617969E+003
 0183  0.2226823549076821E+003
 0184  0.2120465150617993E+003
 0185  0.2021442179787840E+003
 0186  0.1921509008482321E+003
 0187  0.1841656801314702E+003
 0188  0.1758291881302486E+003
 0189  0.1675768321004716E+003
 0190  0.1615822647499822E+003
 0191  0.1535772745748315E+003
 0192  0.1479561840486487E+003
 0193  0.1417555622569587E+003
 0194  0.1358620082643152E+003
 0195  0.1306560234843852E+003
 0196  0.1255782273323113E+003
 0197  0.1207098133049519E+003
 0198  0.1162376570814960E+003
 0199  0.1116690338407585E+003
 0200  0.1082149761811400E+003
 0201  0.1035624940019362E+003
 0202  0.9988148111826243E+002
 0203  0.9638022759481372E+002
 0204  0.9350800664539916E+002
 0205  0.9000198213895492E+002
 0206  0.8720433492607910E+002
 0207  0.8408848633182906E+002
 0208  0.8140346398937544E+002
 0209  0.7877042976304620E+002
 0210  0.7627770879988364E+002
 0211  0.7386113406402424E+002
 0212  0.7171960465897494E+002
 0213  0.6964104083290160E+002
 0214  0.6707175287696666E+002
 0215  0.6536536047650277E+002
 0216  0.6333502020541111E+002
 0217  0.6145537848640145E+002
 0218  0.5964274354789813E+002
 0219  0.5802519986119217E+002
 0220  0.5673020873420410E+002
 0221  0.5542226669117381E+002
 0222  0.5395044064744887E+002
 0223  0.5215158533508582E+002
 0224  0.5094749395837884E+002
 0225  0.4979803994219797E+002
 0226  0.4845483561153198E+002
 0227  0.4691429943792816E+002
 0228  0.4574601264945166E+002
 0229  0.4474176417851669E+002
 0230  0.4374520260310960E+002
 0231  0.4258600675208825E+002
 0232  0.4137467850050403E+002
 0233  0.4013732875568545E+002
 0234  0.3880271967233434E+002
 0235  0.3789878110493970E+002
 0236  0.3715508484125132E+002
 0237  0.3641708110849413E+002
 0238  0.3536067645673642E+002
 0239  0.3421680596165623E+002
 0240  0.3337832769044905E+002
 0241  0.3258608977954564E+002
 0242  0.3199078258419677E+002
 0243  0.3140003209403597E+002
 0244  0.3081380343032787E+002
 0245  0.3009155564562739E+002
 0246  0.2910057665996634E+002
 0247  0.2821883530327136E+002
 0248  0.2760797331981304E+002
 0249  0.2700178710374166E+002
 0250  0.2644522916049933E+002
 0251  0.2590449312220078E+002
 0252  0.2536789608092818E+002
 0253  0.2471116976027097E+002
 0254  0.2390161182578773E+002
 0255  0.2336979546405811E+002
 0256  0.2295815459592235E+002
 0257  0.2254966458182325E+002
 0258  0.2210606911336006E+002
 0259  0.2163064570091951E+002
 0260  0.2115886135810037E+002
 0261  0.2067657601912778E+002
 0262  0.2007896114165206E+002
 0263  0.1950581931655362E+002
 0264  0.1912919258315057E+002
 0265  0.1875544869242681E+002
 0266  0.1837489567480060E+002
 0267  0.1798685745888348E+002
 0268  0.1760178943342510E+002
 0269  0.1723241864057010E+002
 0270  0.1686940652689655E+002
 0271  0.1651009075007601E+002
 0272  0.1618664857801692E+002
 0273  0.1586568215400021E+002
 0274  0.1554717252771910E+002
 0275  0.1523175265657281E+002
 0276  0.1491884540441824E+002
 0277  0.1460833326206652E+002
 0278  0.1430355419718245E+002
 0279  0.1400305775399805E+002
 0280  0.1370486142361650E+002
 0281  0.1342290495487867E+002
 0282  0.1315213434977211E+002
 0283  0.1288343632472293E+002
 0284  0.1263581683037840E+002
 0285  0.1240837257590247E+002
 0286  0.1218266926529966E+002
 0287  0.1195869357273073E+002
 0288  0.1166753347579187E+002
 0289  0.1132711274365590E+002
 0290  0.1099059851227315E+002
 0291  0.1077106454668380E+002
 0292  0.1055321097664111E+002
 0293  0.1034818218848462E+002
 0294  0.1016141819782201E+002
 0295  0.9976083768992085E+001
 0296  0.9773272296811305E+001
 0297  0.9533104228034794E+001
 0298  0.9332816341429686E+001
 0299  0.9204711304664389E+001
 0300  0.9077586832035060E+001
 0301  0.8951435417934983E+001
 0302  0.8826249614208214E+001
 0303  0.8665234354297544E+001
 0304  0.8407308073830869E+001
 0305  0.8152245819140349E+001
 0306  0.8000190350249486E+001
 0307  0.7849298771110647E+001
 0308  0.7729178769493290E+001
 0309  0.7622296383656802E+001
 0310  0.7516232115803535E+001
 0311  0.7410979703750732E+001
 0312  0.7306532933248733E+001
 0313  0.7122456797663065E+001
 0314  0.6904997298307129E+001
 0315  0.6753312281080666E+001
 0316  0.6655913665659338E+001
 0317  0.6559260575875325E+001
 0318  0.6463347305194951E+001
 0319  0.6356234285565050E+001
 0320  0.6239386256122555E+001
 0321  0.6123432625447876E+001
 0322  0.6008366547476400E+001
 0323  0.5895664034701287E+001
 0324  0.5784867870072140E+001
 0325  0.5674919780961179E+001
 0326  0.5565813275879421E+001
 0327  0.5458132343259848E+001
 0328  0.5351318922840183E+001
 0329  0.5245323092516516E+001
 0330  0.5150440857142995E+001
 0331  0.5058761018311021E+001
 0332  0.4967782931449301E+001
 0333  0.4857646631256288E+001
 0334  0.4735324271603870E+001
 0335  0.4666278617239379E+001
 0336  0.4606112859405369E+001
 0337  0.4546407632912169E+001
 0338  0.4487159412679679E+001
 0339  0.4396365312437090E+001
 0340  0.4292005701590523E+001
 0341  0.4198964303831967E+001
 0342  0.4139988509743251E+001
 0343  0.4081464138565253E+001
 0344  0.4023387734937229E+001
 0345  0.3965755869947043E+001
 0346  0.3890691466766687E+001
 0347  0.3814577208873934E+001
 0348  0.3739045558140198E+001
 0349  0.3668861283667014E+001
 0350  0.3605640918598756E+001
 0351  0.3542904465984011E+001
 0352  0.3480648221774875E+001
 0353  0.3425459620650958E+001
 0354  0.3371968021330637E+001
 0355  0.3318885866831479E+001
 0356  0.3266210023108821E+001
 0357  0.3207713871428493E+001
 0358  0.3130215793463510E+001
 0359  0.3053310914936892E+001
 0360  0.2995128946790968E+001
 0361  0.2943441770105780E+001
 0362  0.2892909773959765E+001
 0363  0.2845647622004231E+001
 0364  0.2798747232336660E+001
 0365  0.2754985644676661E+001
 0366  0.2716930347438812E+001
 0367  0.2679166339759888E+001
 0368  0.2641691392000035E+001
 0369  0.2604503291585912E+001
 0370  0.2558469456555563E+001
 0371  0.2500213401799155E+001
 0372  0.2442403260797908E+001
 0373  0.2393586445902721E+001
 0374  0.2352866411902715E+001
 0375  0.2312458064359108E+001
 0376  0.2274188560219850E+001
 0377  0.2237624652330247E+001
 0378  0.2201340618344525E+001
 0379  0.2165338189344582E+001
 0380  0.2129632603723036E+001
 0381  0.2094200322083889E+001
 0382  0.2059039252455674E+001
 0383  0.2026168665065856E+001
 0384  0.1995597373556923E+001
 0385  0.1965260086212077E+001
 0386  0.1935155011875429E+001
 0387  0.1905280373101284E+001
 0388  0.1860238856027148E+001
 0389  0.1808048422018531E+001
 0390  0.1769242815696755E+001
 0391  0.1739083005006229E+001
 0392  0.1713179755119312E+001
 0393  0.1691320484277791E+001
 0394  0.1669628532517304E+001
 0395  0.1648102619114652E+001
 0396  0.1626412423020241E+001
 0397  0.1596304167562355E+001
 0398  0.1566426372016464E+001
 0399  0.1536777272355704E+001
 0400  0.1504950641364583E+001
 0401  0.1467977764182972E+001
 0402  0.1437547967478378E+001
 0403  0.1418604703890693E+001
 0404  0.1399806439167710E+001
 0405  0.1381152063433565E+001
 0406  0.1356556818336234E+001
 0407  0.1328106426602642E+001
 0408  0.1300261762790325E+001
 0409  0.1283718178818440E+001
 0410  0.1267301225660872E+001
 0411  0.1251009934037730E+001
 0412  0.1234843342088374E+001
 0413  0.1218800495314591E+001
 0414  0.1198551147642716E+001
 0415  0.1173228168660455E+001
 0416  0.1148099021284128E+001
 0417  0.1123162221853740E+001
 0418  0.1099863005630109E+001
 0419  0.1077225020547780E+001
 0420  0.1055201465185106E+001
 0421  0.1037389541069863E+001
 0422  0.1019713956121462E+001
 0423  0.1003748446401574E+001
 0424  0.9909586156417360E+000
 0425  0.9782666830572104E+000
 0426  0.9656718992985448E+000
 0427  0.9531735207520854E+000
 0428  0.9407708094960815E+000
 0429  0.9269035363606515E+000
 0430  0.9097125494940721E+000
 0431  0.8926531489070610E+000
 0432  0.8757243273887604E+000
 0433  0.8589250854378543E+000
 0434  0.8412056657085144E+000
 0435  0.8182782063991468E+000
 0436  0.7955262424871109E+000
 0437  0.7815865424634790E+000
 0438  0.7697929260358365E+000
 0439  0.7580895823843073E+000
 0440  0.7464839575995660E+000
 0441  0.7349775698458458E+000
 0442  0.7235592563119283E+000
 0443  0.7122283428446068E+000
 0444  0.7009841604508980E+000
 0445  0.6843864903411508E+000
 0446  0.6673734797787445E+000
 0447  0.6535266197617690E+000
 0448  0.6439065670482030E+000
 0449  0.6343601498365303E+000
 0450  0.6248868044929258E+000
 0451  0.6135951916350220E+000
 0452  0.6005353234403311E+000
 0453  0.5875754203890559E+000
 0454  0.5780210436766703E+000
 0455  0.5700313204984694E+000
 0456  0.5621027536666753E+000
 0457  0.5542348750676109E+000
 0458  0.5464272201707147E+000
 0459  0.5375822237651009E+000
 0460  0.5261563324731118E+000
 0461  0.5148178992507327E+000
 0462  0.5035662546609978E+000
 0463  0.4921544854782123E+000
 0464  0.4802879382407061E+000
 0465  0.4685122220191580E+000
 0466  0.4545861762098071E+000
 0467  0.4441513343833148E+000
 0468  0.4372347624458612E+000
 0469  0.4291523695052998E+000
 0470  0.4192738422277481E+000
 0471  0.4103289661318426E+000
 0472  0.4046283034779377E+000
 0473  0.3942671891470230E+000
 0474  0.3861432122586557E+000
 0475  0.3792226088708011E+000
 0476  0.3724037062344738E+000
 0477  0.3626673092236729E+000
 0478  0.3566018966503950E+000
 0479  0.3488449737036080E+000
 0480  0.3410379680041916E+000
 0481  0.3349620054663073E+000
 0482  0.3280933604847801E+000
 0483  0.3202418998451342E+000
 0484  0.3120330477716403E+000
 0485  0.3054214278059945E+000
 0486  0.2992871995540882E+000
 0487  0.2939022789541849E+000
 0488  0.2876428502171766E+000
 0489  0.2805662693064178E+000
 0490  0.2738815283978618E+000
 0491  0.2679204481281941E+000
 0492  0.2590738778496011E+000
 0493  0.2535439326592598E+000
 0494  0.2488045652490986E+000
 0495  0.2441566706910523E+000
 0496  0.2384540537571254E+000
 0497  0.2323570363445006E+000
 0498  0.2244029556438475E+000
 0499  0.2189321621529763E+000
 0500  0.2150210961203318E+000
 0501  0.2096270573454241E+000
 0502  0.2026974030150537E+000
 0503  0.1988982263359358E+000
 0504  0.1951281299841209E+000
 0505  0.1911161943699468E+000
 0506  0.1870835735059822E+000
 0507  0.1830818198389170E+000
 0508  0.1788710440351448E+000
 0509  0.1743366319529486E+000
 0510  0.1698369279663712E+000
 0511  0.1657690530353892E+000
 0512  0.1627001891658717E+000
 0513  0.1596548155347148E+000
 0514  0.1566327523387953E+000
 0515  0.1536338211512754E+000
 0516  0.1506578449110613E+000
 0517  0.1465291698492460E+000
 0518  0.1418288195085652E+000
 0519  0.1371644474173470E+000
 0520  0.1336099434474218E+000
 0521  0.1307650337911078E+000
 0522  0.1279419001433675E+000
 0523  0.1249820345162845E+000
 0524  0.1214156408842512E+000
 0525  0.1180410648436714E+000
 0526  0.1160100133477163E+000
 0527  0.1139945082838602E+000
 0528  0.1119944306538601E+000
 0529  0.1098401485745458E+000
 0530  0.1075648748340292E+000
 0531  0.1053070168945277E+000
 0532  0.1030664414489537E+000
 0533  0.1005353736373509E+000
 0534  0.9798647083948274E-001
 0535  0.9575145299287698E-001
 0536  0.9398173919535953E-001
 0537  0.9222557145289718E-001
 0538  0.9046480554946559E-001
 0539  0.8868246001902064E-001
 0540  0.8691375723166700E-001
 0541  0.8517766357951984E-001
 0542  0.8352685789027374E-001
 0543  0.8188868808869647E-001
 0544  0.8026318269146505E-001
 0545  0.7873297312191596E-001
 0546  0.7721447635197563E-001
 0547  0.7570760272746928E-001
 0548  0.7402141052020081E-001
 0549  0.7227166867932638E-001
 0550  0.7082037517285084E-001
 0551  0.6969543090475930E-001
 0552  0.6857909738322386E-001
 0553  0.6746526215398808E-001
 0554  0.6621912721547502E-001
 0555  0.6498253066249607E-001
 0556  0.6375539948465728E-001
 0557  0.6242471677830039E-001
 0558  0.6099831520317214E-001
 0559  0.5964195715027689E-001
 0560  0.5877098922303011E-001
 0561  0.5790668801189826E-001
 0562  0.5704900248732903E-001
 0563  0.5619788201036902E-001
 0564  0.5518170764377064E-001
 0565  0.5412840393028870E-001
 0566  0.5308316259961330E-001
 0567  0.5204592193923178E-001
 0568  0.5086066830684548E-001
 0569  0.4964834462142102E-001
 0570  0.4856049038399047E-001
 0571  0.4768225181760687E-001
 0572  0.4681073561954516E-001
 0573  0.4606764472853213E-001
 0574  0.4534869146071716E-001
 0575  0.4463524133163559E-001
 0576  0.4391803615190060E-001
 0577  0.4318410731741582E-001
 0578  0.4245579625028642E-001
 0579  0.4173305995000688E-001
 0580  0.4098679183640973E-001
 0581  0.3992246282168434E-001
 0582  0.3886628058156549E-001
 0583  0.3827069127018742E-001
 0584  0.3771636805011926E-001
 0585  0.3716628782847684E-001
 0586  0.3660773496753091E-001
 0587  0.3601507123790790E-001
 0588  0.3542694397939188E-001
 0589  0.3484331846812797E-001
 0590  0.3426416024604650E-001
 0591  0.3357995328926083E-001
 0592  0.3285277555998323E-001
 0593  0.3213116392256241E-001
 0594  0.3154644342231619E-001
 0595  0.3106640334656204E-001
 0596  0.3059003767810654E-001
 0597  0.3011731829165343E-001
 0598  0.2963322959724070E-001
 0599  0.2906116354504349E-001
 0600  0.2849347630158398E-001
 0601  0.2793013434980982E-001
 0602  0.2740182507111040E-001
 0603  0.2692287720695230E-001
 0604  0.2644759538989497E-001
 0605  0.2597595155863514E-001
 0606  0.2551844604138706E-001
 0607  0.2507282919980609E-001
 0608  0.2463062327714173E-001
 0609  0.2419180216493757E-001
 0610  0.2364862640915047E-001
 0611  0.2303535413932718E-001
 0612  0.2254239123148533E-001
 0613  0.2214279660989196E-001
 0614  0.2179697468568451E-001
 0615  0.2150396150300176E-001
 0616  0.2121319115343044E-001
 0617  0.2092464646948404E-001
 0618  0.2060807784642942E-001
 0619  0.2021644271190713E-001
 0620  0.1982780530001225E-001
 0621  0.1944214266504707E-001
 0622  0.1906831663516772E-001
 0623  0.1870203659675838E-001
 0624  0.1833856020353382E-001
 0625  0.1802862223113661E-001
 0626  0.1776190922194555E-001
 0627  0.1749723773444660E-001
 0628  0.1723459214206409E-001
 0629  0.1697395693783533E-001
 0630  0.1665155179765287E-001
 0631  0.1631142729773548E-001
 0632  0.1597390623867229E-001
 0633  0.1564021493070032E-001
 0634  0.1531759013658841E-001
 0635  0.1499743483400042E-001
 0636  0.1470306321560977E-001
 0637  0.1444291046241233E-001
 0638  0.1418474901623935E-001
 0639  0.1396228908919952E-001
 0640  0.1375905074856462E-001
 0641  0.1355736807063349E-001
 0642  0.1335722914777903E-001
 0643  0.1314309150464479E-001
 0644  0.1280470646232774E-001
 0645  0.1246891154640310E-001
 0646  0.1225014677992418E-001
 0647  0.1206625076516318E-001
 0648  0.1188376235966898E-001
 0649  0.1169754295236924E-001
 0650  0.1149120346652110E-001
 0651  0.1128644338070855E-001
 0652  0.1108325060560981E-001
 0653  0.1086212970402673E-001
 0654  0.1062385466981733E-001
 0655  0.1038740348234199E-001
 0656  0.1024020471172721E-001
 0657  0.1009484469339503E-001
 0658  0.9950597315317554E-002
 0659  0.9807454060928304E-002
 0660  0.9651241194725355E-002
 0661  0.9480270238153050E-002
 0662  0.9310607957589860E-002
 0663  0.9142244335937889E-002
 0664  0.8975169432773164E-002
 0665  0.8771619123559849E-002
 0666  0.8559263672900219E-002
 0667  0.8350254846666695E-002
 0668  0.8200492059434468E-002
 0669  0.8051875612905997E-002
 0670  0.7912106426125224E-002
 0671  0.7801581433637926E-002
 0672  0.7691902441014913E-002
 0673  0.7583062972655582E-002
 0674  0.7475056602525067E-002
 0675  0.7367876953776472E-002
 0676  0.7188022769084164E-002
 0677  0.6987274597133219E-002
 0678  0.6802930504820690E-002
 0679  0.6707736580252672E-002
 0680  0.6613271305788889E-002
 0681  0.6519529104067379E-002
 0682  0.6426504440417020E-002
 0683  0.6334191822532152E-002
 0684  0.6197299495093179E-002
 0685  0.6045248484879107E-002
 0686  0.5894361330288284E-002
 0687  0.5767578380514561E-002
 0688  0.5661162869516966E-002
 0689  0.5555561902866975E-002
 0690  0.5451644239631813E-002
 0691  0.5350928733153605E-002
 0692  0.5250984141044639E-002
 0693  0.5151804562436082E-002
 0694  0.5056249969497449E-002
 0695  0.4961722251767782E-002
 0696  0.4867918084744289E-002
 0697  0.4776235582485443E-002
 0698  0.4686912830742931E-002
 0699  0.4598273788940084E-002
 0700  0.4510313223702891E-002
 0701  0.4425711181438451E-002
 0702  0.4342005423034234E-002
 0703  0.4258940379989211E-002
 0704  0.4180646869431710E-002
 0705  0.4113911900325132E-002
 0706  0.4047687745773288E-002
 0707  0.3981970495809740E-002
 0708  0.3916756270395524E-002
 0709  0.3852041219192211E-002
 0710  0.3762514842448121E-002
 0711  0.3657700517741336E-002
 0712  0.3553688481299636E-002
 0713  0.3474412529435039E-002
 0714  0.3406634167655167E-002
 0715  0.3339374606950333E-002
 0716  0.3273987048748716E-002
 0717  0.3209697314965993E-002
 0718  0.3145899678987130E-002
 0719  0.3083793950778037E-002
 0720  0.3022867182533066E-002
 0721  0.2962406770688498E-002
 0722  0.2903323500133825E-002
 0723  0.2845629335160897E-002
 0724  0.2788376783027514E-002
 0725  0.2732058927217680E-002
 0726  0.2677455080714814E-002
 0727  0.2623269192591471E-002
 0728  0.2569498063637132E-002
 0729  0.2517834397839687E-002
 0730  0.2466597001773037E-002
 0731  0.2415751796008459E-002
 0732  0.2371716582932123E-002
 0733  0.2332277582969784E-002
 0734  0.2293140463947638E-002
 0735  0.2254302915155123E-002
 0736  0.2215762643569352E-002
 0737  0.2177517373718328E-002
 0738  0.2111609720038088E-002
 0739  0.2037460987792991E-002
 0740  0.1976459437305613E-002
 0741  0.1939206648190098E-002
 0742  0.1902239005934489E-002
 0743  0.1865554327917458E-002
 0744  0.1826381471180053E-002
 0745  0.1786006023523740E-002
 0746  0.1745939624730598E-002
 0747  0.1706179909223872E-002
 0748  0.1651058695199147E-002
 0749  0.1593430197345049E-002
 0750  0.1557280819021918E-002
 0751  0.1522796400427891E-002
 0752  0.1496473834054808E-002
 0753  0.1470352750505668E-002
 0754  0.1444431607555096E-002
 0755  0.1412603269580642E-002
 0756  0.1369922481041259E-002
 0757  0.1328656745626209E-002
 0758  0.1298098918936016E-002
 0759  0.1267774993345199E-002
 0760  0.1243079716913328E-002
 0761  0.1219960067993647E-002
 0762  0.1197017385562809E-002
 0763  0.1174250315052951E-002
 0764  0.1140180956950333E-002
 0765  0.1100750707858342E-002
 0766  0.1069017079155541E-002
 0767  0.1043361643673687E-002
 0768  0.1020635305884489E-002
 0769  0.1001987947358111E-002
 0770  0.9834833227276541E-003
 0771  0.9651203394543593E-003
 0772  0.9468979133620209E-003
 0773  0.9153857930444822E-003
 0774  0.8825833656675024E-003
 0775  0.8564626620299965E-003
 0776  0.8351722622672793E-003
 0777  0.8149526017415785E-003
 0778  0.7980638461488528E-003
 0779  0.7813043634438126E-003
 0780  0.7646731641232108E-003
 0781  0.7470735296307458E-003
 0782  0.7284071393429666E-003
 0783  0.7098836286275168E-003
 0784  0.6915019038301741E-003
 0785  0.6691663082955752E-003
 0786  0.6444957430040037E-003
 0787  0.6247211608156475E-003
 0788  0.6084085076434754E-003
 0789  0.5943900717010689E-003
 0790  0.5824688295315272E-003
 0791  0.5706388370336385E-003
 0792  0.5588993957479174E-003
 0793  0.5443761802307147E-003
 0794  0.5229041019303932E-003
 0795  0.5015963789936982E-003
 0796  0.4863990835276401E-003
 0797  0.4724802860875800E-003
 0798  0.4589173455236805E-003
 0799  0.4459481196363521E-003
 0800  0.4330781650822087E-003
 0801  0.4208488373627191E-003
 0802  0.4088585171522641E-003
 0803  0.3967887213054858E-003
 0804  0.3840765242713855E-003
 0805  0.3720664705428900E-003
 0806  0.3640556410156134E-003
 0807  0.3561061293907355E-003
 0808  0.3482174663178683E-003
 0809  0.3403891860393029E-003
 0810  0.3272124982258017E-003
 0811  0.3136934541504614E-003
 0812  0.3045181667258976E-003
 0813  0.2966963427064346E-003
 0814  0.2889119838247240E-003
 0815  0.2808904758219632E-003
 0816  0.2729303674585940E-003
 0817  0.2651729243666730E-003
 0818  0.2577806962914617E-003
 0819  0.2504450511104683E-003
 0820  0.2433976285454338E-003
 0821  0.2366333168884991E-003
 0822  0.2299207818173157E-003
 0823  0.2233181156717184E-003
 0824  0.2168007456565935E-003
 0825  0.2103450060137228E-003
 0826  0.2046772216927680E-003
 0827  0.1990528207248284E-003
 0828  0.1940055245768852E-003
 0829  0.1899788863463769E-003
 0830  0.1859830695194304E-003
 0831  0.1820178381774317E-003
 0832  0.1780829582075957E-003
 0833  0.1741781972890701E-003
 0834  0.1676107232944031E-003
 0835  0.1606332741848520E-003
 0836  0.1547514803435158E-003
 0837  0.1506583128016769E-003
 0838  0.1465964759038216E-003
 0839  0.1427866698281830E-003
 0840  0.1390464862952735E-003
 0841  0.1353969148639731E-003
 0842  0.1319455719511411E-003
 0843  0.1285206469151760E-003
 0844  0.1254091307988688E-003
 0845  0.1224856202688947E-003
 0846  0.1195844873881255E-003
 0847  0.1161802986801815E-003
 0848  0.1119814647333204E-003
 0849  0.1088553694037149E-003
 0850  0.1061680185343135E-003
 0851  0.1041525265181998E-003
 0852  0.1021524618360614E-003
 0853  0.1001677064012805E-003
 0854  0.9793374643309269E-004
 0855  0.9557116780355516E-004
 0856  0.9322667323945383E-004
 0857  0.9075779772002822E-004
 0858  0.8740119667714537E-004
 0859  0.8466871877130312E-004
 0860  0.8247642662349502E-004
 0861  0.8070480548684014E-004
 0862  0.7898472627986604E-004
 0863  0.7727781320611176E-004
 0864  0.7555362353885475E-004
 0865  0.7382334569295236E-004
 0866  0.7210631204449672E-004
 0867  0.7026344127158005E-004
 0868  0.6794718322220351E-004
 0869  0.6601896863225668E-004
 0870  0.6448511064993521E-004
 0871  0.6318714687337746E-004
 0872  0.6197706164015738E-004
 0873  0.6077623885447254E-004
 0874  0.5942313742001894E-004
 0875  0.5804114932494238E-004
 0876  0.5666973948655200E-004
 0877  0.5487897691894320E-004
 0878  0.5323763752387110E-004
 0879  0.5226638699277288E-004
 0880  0.5130257077855903E-004
 0881  0.5030708100844213E-004
 0882  0.4910966520741330E-004
 0883  0.4792141487730738E-004
 0884  0.4674225986216736E-004
 0885  0.4506538864682575E-004
 0886  0.4366585893824007E-004
 0887  0.4281491448539847E-004
 0888  0.4197048348144857E-004
 0889  0.4111097299321805E-004
 0890  0.3960283656156924E-004
 0891  0.3827666038537651E-004
 0892  0.3728429573756697E-004
 0893  0.3645053534332113E-004
 0894  0.3570991733641030E-004
 0895  0.3497496829830121E-004
 0896  0.3416023918211393E-004
 0897  0.3285264417267115E-004
 0898  0.3170860163870137E-004
 0899  0.3083867980317537E-004
 0900  0.2998490299750087E-004
 0901  0.2914505727424233E-004
 0902  0.2846181735204830E-004
 0903  0.2783888446167760E-004
 0904  0.2722071973395063E-004
 0905  0.2660728667156033E-004
 0906  0.2553052541773871E-004
 0907  0.2448605312876200E-004
 0908  0.2376492529956820E-004
 0909  0.2305505081582641E-004
 0910  0.2238513481511632E-004
 0911  0.2172016263610913E-004
 0912  0.2105940735175833E-004
 0913  0.2040755974671623E-004
 0914  0.1977880691518920E-004
 0915  0.1915793542376272E-004
 0916  0.1855985034734499E-004
 0917  0.1796411697809265E-004
 0918  0.1734841302969467E-004
 0919  0.1673742191090506E-004
 0920  0.1620688380070828E-004
 0921  0.1568134771049557E-004
 0922  0.1517366337282018E-004
 0923  0.1467177005801749E-004
 0924  0.1418459529946846E-004
 0925  0.1370459805894531E-004
 0926  0.1323775463873207E-004
 0927  0.1277979805386020E-004
 0928  0.1229913447681033E-004
 0929  0.1179854809997708E-004
 0930  0.1137359533903341E-004
 0931  0.1096106761243321E-004
 0932  0.1055912984745376E-004
 0933  0.1016701848642055E-004
 0934  0.9782166059186042E-005
 0935  0.9409651411691972E-005
 0936  0.9034494184484198E-005
 0937  0.8659031759944688E-005
 0938  0.8303977169130110E-005
 0939  0.7960175558608155E-005
 0940  0.7629421834010577E-005
 0941  0.7312726049936835E-005
 0942  0.7003254315768032E-005
 0943  0.6703076959765116E-005
 0944  0.6412092696796425E-005
 0945  0.6127127041422997E-005
 0946  0.5850736564379822E-005
 0947  0.5583799124303074E-005
 0948  0.5323159750518501E-005
 0949  0.5068404411431027E-005
 0950  0.4821855509247443E-005
 0951  0.4582178559310383E-005
 0952  0.4348542759250360E-005
 0953  0.4118406264165858E-005
 0954  0.3892170022310107E-005
 0955  0.3607440628388845E-005
 0956  0.3422835134782601E-005
 0957  0.3270082164388560E-005
 0958  0.3083832902435444E-005
 0959  0.2867415361961971E-005
 0960  0.2688017476749223E-005
 0961  0.2552541280552889E-005
 0962  0.2390568085293499E-005
 0963  0.2192740794822860E-005
 0964  0.2033760491271571E-005
 0965  0.1900864537961926E-005
 0966  0.1790995451479277E-005
 0967  0.1625277508214080E-005
 0968  0.1513656106985417E-005
 0969  0.1406653705020947E-005
 0970  0.1298533351364700E-005
 0971  0.1197681867205624E-005
 0972  0.1086528149173944E-005
 0973  0.1007484783816309E-005
 0974  0.9408405813263019E-006
 0975  0.8665087736108740E-006
 0976  0.8048100683407413E-006
 0977  0.7565129472368991E-006
 0978  0.6885631511570526E-006
 0979  0.6474932486383452E-006
 0980  0.6013895501767321E-006
 0981  0.5431525378315558E-006
 0982  0.5046983251892843E-006
 0983  0.4597402008532332E-006
 0984  0.4195678289454668E-006
 0985  0.3814163501011755E-006
 0986  0.3437313508883431E-006
 0987  0.3127525412182314E-006
 0988  0.2765022969602228E-006
 0989  0.2475652042077512E-006
 0990  0.2141263176804174E-006
 0991  0.1866043567613558E-006
 0992  0.1601533463502365E-006
 0993  0.1350341877378972E-006
 0994  0.1125268391439110E-006
 0995  0.8866472325324916E-007
 0996  0.6748108647064539E-007
 0997  0.4756119750258918E-007
 0998  0.2881924522030691E-007
 0999  0.1075235219434557E-007
 1000  0.0000000000000000E+000
