 0073   0.100110E+00   0.299522E+09   0.299193E+10   0.154456E+10   0.871530E+14
 0074   0.105166E+00   0.310453E+09   0.216207E+10   0.154021E+10   0.825637E+14
 0075   0.110440E+00   0.321836E+09   0.215818E+10   0.153686E+10   0.781926E+14
 0076   0.116474E+00   0.334140E+09   0.203916E+10   0.152049E+10   0.740307E+14
 0077   0.122163E+00   0.346420E+09   0.215857E+10   0.152123E+10   0.700696E+14
 0078   0.128691E+00   0.359771E+09   0.204523E+10   0.151012E+10   0.663014E+14
 0079   0.135234E+00   0.373502E+09   0.209865E+10   0.150444E+10   0.627206E+14
 0080   0.142425E+00   0.388138E+09   0.203531E+10   0.149204E+10   0.593191E+14
 0081   0.149593E+00   0.403111E+09   0.208864E+10   0.148712E+10   0.560907E+14
 0082   0.157568E+00   0.419130E+09   0.200869E+10   0.147308E+10   0.530266E+14
 0083   0.165726E+00   0.435623E+09   0.202188E+10   0.146112E+10   0.501203E+14
 0084   0.174030E+00   0.452546E+09   0.203792E+10   0.145080E+10   0.473639E+14
 0085   0.182671E+00   0.470012E+09   0.202107E+10   0.144222E+10   0.447482E+14
 0086   0.192251E+00   0.488533E+09   0.193343E+10   0.142650E+10   0.422643E+14
 0087   0.201834E+00   0.507367E+09   0.196526E+10   0.141509E+10   0.399067E+14
 0088   0.211663E+00   0.526710E+09   0.196792E+10   0.140667E+10   0.376678E+14
 0089   0.222293E+00   0.547048E+09   0.191330E+10   0.139439E+10   0.355401E+14
 0090   0.232968E+00   0.567787E+09   0.194286E+10   0.138591E+10   0.335193E+14
 0091   0.244301E+00   0.589396E+09   0.190673E+10   0.137554E+10   0.315987E+14
 0092   0.256660E+00   0.612146E+09   0.184078E+10   0.136026E+10   0.297724E+14
 0093   0.268954E+00   0.635176E+09   0.187321E+10   0.135155E+10   0.280371E+14
 0094   0.281987E+00   0.659162E+09   0.184040E+10   0.134034E+10   0.263865E+14
 0095   0.295539E+00   0.683912E+09   0.182629E+10   0.132959E+10   0.248166E+14
 0096   0.309604E+00   0.709411E+09   0.181299E+10   0.132107E+10   0.233230E+14
 0097   0.324406E+00   0.735917E+09   0.179076E+10   0.131103E+10   0.219017E+14
 0098   0.339789E+00   0.763293E+09   0.177956E+10   0.130297E+10   0.205491E+14
 0099   0.356540E+00   0.792169E+09   0.172387E+10   0.128895E+10   0.192614E+14
 0100   0.373197E+00   0.821413E+09   0.175561E+10   0.128005E+10   0.180367E+14
 0101   0.391435E+00   0.851786E+09   0.166538E+10   0.126294E+10   0.168962E+14
 0102   0.408564E+00   0.881104E+09   0.171159E+10   0.125648E+10   0.158423E+14
 0103   0.426360E+00   0.910762E+09   0.166658E+10   0.124804E+10   0.148647E+14
 0104   0.444892E+00   0.940811E+09   0.162150E+10   0.123730E+10   0.139559E+14
 0105   0.463014E+00   0.970499E+09   0.163817E+10   0.123213E+10   0.131103E+14
 0106   0.481845E+00   0.100069E+10   0.160337E+10   0.122396E+10   0.123214E+14
 0107   0.501367E+00   0.103130E+10   0.156766E+10   0.121415E+10   0.115843E+14
 0108   0.520449E+00   0.106158E+10   0.158711E+10   0.120857E+10   0.108952E+14
 0109   0.540261E+00   0.109234E+10   0.155275E+10   0.120054E+10   0.102495E+14
 0110   0.560679E+00   0.112346E+10   0.152400E+10   0.119165E+10   0.964374E+13
 0111   0.580614E+00   0.115427E+10   0.154525E+10   0.118607E+10   0.907511E+13
 0112   0.601097E+00   0.118539E+10   0.151940E+10   0.118010E+10   0.854033E+13
 0113   0.620988E+00   0.121617E+10   0.154745E+10   0.117783E+10   0.803714E+13
 0114   0.642787E+00   0.124815E+10   0.146725E+10   0.116880E+10   0.756253E+13
 0115   0.663978E+00   0.127978E+10   0.149265E+10   0.116415E+10   0.711506E+13
 0116   0.685716E+00   0.131183E+10   0.147413E+10   0.115757E+10   0.669251E+13
 0117   0.706761E+00   0.134342E+10   0.150097E+10   0.115657E+10   0.629338E+13
 0118   0.729741E+00   0.137633E+10   0.143234E+10   0.114826E+10   0.591554E+13
 0119   0.752114E+00   0.140892E+10   0.145644E+10   0.114357E+10   0.555807E+13
 0120   0.774773E+00   0.144173E+10   0.144840E+10   0.113931E+10   0.521943E+13
 0121   0.796775E+00   0.147424E+10   0.147746E+10   0.113992E+10   0.489855E+13
 0122   0.820691E+00   0.150807E+10   0.141430E+10   0.113362E+10   0.459395E+13
 0123   0.843819E+00   0.154153E+10   0.144680E+10   0.113140E+10   0.430500E+13
 0124   0.867376E+00   0.157528E+10   0.143277E+10   0.112960E+10   0.403057E+13
 0125   0.891512E+00   0.160954E+10   0.141949E+10   0.112656E+10   0.376978E+13
 0126   0.916442E+00   0.164434E+10   0.139607E+10   0.112335E+10   0.352178E+13
 0127   0.941809E+00   0.167966E+10   0.139204E+10   0.111979E+10   0.328589E+13
 0128   0.968086E+00   0.171570E+10   0.137171E+10   0.111229E+10   0.306141E+13
 0129   0.992965E+00   0.175088E+10   0.141415E+10   0.111283E+10   0.284785E+13
 0130   0.101841E+01   0.178660E+10   0.140368E+10   0.111376E+10   0.264441E+13
 0131   0.104677E+01   0.182434E+10   0.133062E+10   0.110680E+10   0.245039E+13
 0132   0.107363E+01   0.186151E+10   0.138426E+10   0.110517E+10   0.226566E+13
 0133   0.110090E+01   0.189912E+10   0.137892E+10   0.110416E+10   0.208958E+13
 0134   0.112900E+01   0.193746E+10   0.136434E+10   0.110248E+10   0.192168E+13
 0135   0.115753E+01   0.197631E+10   0.136187E+10   0.110088E+10   0.176157E+13
 0136   0.118669E+01   0.201584E+10   0.135555E+10   0.109957E+10   0.160884E+13
 0137   0.121678E+01   0.205626E+10   0.134348E+10   0.109789E+10   0.146311E+13
 0138   0.124713E+01   0.209728E+10   0.135133E+10   0.109530E+10   0.132413E+13
 0139   0.127586E+01   0.213761E+10   0.140369E+10   0.110055E+10   0.126500E+13
 0140   0.130794E+01   0.218026E+10   0.132967E+10   0.110020E+10   0.113828E+13
 0141   0.134027E+01   0.222381E+10   0.134690E+10   0.109914E+10   0.108701E+13
 0142   0.137407E+01   0.226868E+10   0.132755E+10   0.109605E+10   0.103754E+13
 0143   0.140808E+01   0.231405E+10   0.133393E+10   0.109449E+10   0.989894E+12
 0144   0.143985E+01   0.235864E+10   0.140382E+10   0.110108E+10   0.944120E+12
 0145   0.147598E+01   0.240627E+10   0.131814E+10   0.110123E+10   0.899672E+12
 0146   0.151179E+01   0.245465E+10   0.135121E+10   0.110595E+10   0.856895E+12
 0147   0.154899E+01   0.250512E+10   0.135649E+10   0.111274E+10   0.815727E+12
 0148   0.158712E+01   0.255768E+10   0.137843E+10   0.112098E+10   0.776117E+12
 0149   0.162840E+01   0.261385E+10   0.136067E+10   0.112554E+10   0.737918E+12
 0150   0.167188E+01   0.267303E+10   0.136135E+10   0.112862E+10   0.701190E+12
 0151   0.171525E+01   0.273377E+10   0.140032E+10   0.113684E+10   0.665993E+12
 0152   0.176014E+01   0.279745E+10   0.141872E+10   0.114821E+10   0.612745E+12
 0153   0.180966E+01   0.286629E+10   0.138997E+10   0.115672E+10   0.581545E+12
 0154   0.186354E+01   0.294081E+10   0.138308E+10   0.116455E+10   0.551710E+12
 0155   0.191580E+01   0.301798E+10   0.147678E+10   0.118544E+10   0.523723E+12
 0156   0.197633E+01   0.310525E+10   0.144164E+10   0.119954E+10   0.496990E+12
 0157   0.204336E+01   0.320210E+10   0.144489E+10   0.120774E+10   0.471610E+12
 0158   0.211186E+01   0.330494E+10   0.150133E+10   0.121674E+10   0.447758E+12
 0159   0.218715E+01   0.341616E+10   0.147723E+10   0.121880E+10   0.425158E+12
 0160   0.226446E+01   0.353183E+10   0.149617E+10   0.122191E+10   0.403971E+12
 0161   0.234861E+01   0.365458E+10   0.145878E+10   0.121649E+10   0.384011E+12
 0162   0.242182E+01   0.377240E+10   0.160928E+10   0.127462E+10   0.365927E+12
 0163   0.252984E+01   0.393124E+10   0.147050E+10   0.125542E+10   0.348406E+12
 0164   0.262739E+01   0.408406E+10   0.156659E+10   0.124984E+10   0.332430E+12
 0165   0.273342E+01   0.424163E+10   0.148596E+10   0.124188E+10   0.317480E+12
 0166   0.283659E+01   0.439771E+10   0.151295E+10   0.123703E+10   0.303632E+12
 0167   0.294439E+01   0.455643E+10   0.147238E+10   0.122872E+10   0.290660E+12
 0168   0.305432E+01   0.471608E+10   0.145229E+10   0.121926E+10   0.278528E+12
 0169   0.316298E+01   0.487407E+10   0.145389E+10   0.121227E+10   0.267199E+12
 0170   0.327397E+01   0.503299E+10   0.143192E+10   0.120388E+10   0.256559E+12
 0171   0.338847E+01   0.519309E+10   0.139826E+10   0.119464E+10   0.246536E+12
 0172   0.349935E+01   0.535093E+10   0.142353E+10   0.118856E+10   0.237148E+12
 0173   0.361361E+01   0.551001E+10   0.139219E+10   0.118008E+10   0.228279E+12
 0174   0.372372E+01   0.566589E+10   0.141564E+10   0.117688E+10   0.219951E+12
 0175   0.383830E+01   0.582390E+10   0.137911E+10   0.117026E+10   0.212050E+12
 0176   0.395387E+01   0.598201E+10   0.136810E+10   0.116289E+10   0.204572E+12
 0177   0.406663E+01   0.613759E+10   0.137976E+10   0.115992E+10   0.197510E+12
 0178   0.418677E+01   0.629728E+10   0.132921E+10   0.115144E+10   0.190767E+12
 0179   0.430307E+01   0.645442E+10   0.135109E+10   0.114558E+10   0.184393E+12
 0180   0.442014E+01   0.661105E+10   0.133796E+10   0.113963E+10   0.178336E+12
 0181   0.453260E+01   0.676428E+10   0.136262E+10   0.113952E+10   0.172598E+12
 0182   0.465469E+01   0.692290E+10   0.129912E+10   0.113125E+10   0.167085E+12
 0183   0.477025E+01   0.707730E+10   0.133609E+10   0.112833E+10   0.161865E+12
 0184   0.489016E+01   0.723345E+10   0.130215E+10   0.112230E+10   0.156866E+12
 0185   0.501018E+01   0.738879E+10   0.129434E+10   0.111824E+10   0.152093E+12
 0186   0.513264E+01   0.754567E+10   0.128106E+10   0.111125E+10   0.147522E+12
 0187   0.525059E+01   0.769918E+10   0.130151E+10   0.110946E+10   0.143169E+12
 0188   0.536826E+01   0.785233E+10   0.130155E+10   0.110712E+10   0.139004E+12
 0189   0.548801E+01   0.800609E+10   0.128402E+10   0.110327E+10   0.135007E+12
 0190   0.561148E+01   0.816110E+10   0.125545E+10   0.109875E+10   0.131164E+12
 0191   0.573546E+01   0.831633E+10   0.125205E+10   0.109264E+10   0.127476E+12
 0192   0.585196E+01   0.846680E+10   0.129157E+10   0.109280E+10   0.123959E+12
 0193   0.598091E+01   0.862361E+10   0.121605E+10   0.108486E+10   0.120544E+12
 0194   0.610172E+01   0.877569E+10   0.125881E+10   0.108214E+10   0.117286E+12
 0195   0.622345E+01   0.892765E+10   0.124836E+10   0.107952E+10   0.114149E+12
 0196   0.634826E+01   0.908094E+10   0.122821E+10   0.107542E+10   0.111123E+12
 0197   0.647474E+01   0.923488E+10   0.121709E+10   0.107035E+10   0.108204E+12
 0198   0.659149E+01   0.938317E+10   0.127020E+10   0.107122E+10   0.105416E+12
 0199   0.672013E+01   0.953709E+10   0.119652E+10   0.106532E+10   0.102702E+12
 0200   0.684194E+01   0.968719E+10   0.123226E+10   0.106357E+10   0.100098E+12
 0201   0.696439E+01   0.983698E+10   0.122315E+10   0.106291E+10   0.975838E+11
 0202   0.708664E+01   0.998670E+10   0.122481E+10   0.106085E+10   0.951566E+11
 0203   0.721080E+01   0.101367E+11   0.120830E+10   0.105911E+10   0.928083E+11
 0204   0.733828E+01   0.102884E+11   0.118991E+10   0.105424E+10   0.905334E+11
 0205   0.746705E+01   0.104401E+11   0.117799E+10   0.104937E+10   0.883322E+11
 0206   0.759562E+01   0.105914E+11   0.117676E+10   0.104379E+10   0.862040E+11
 0207   0.771450E+01   0.107369E+11   0.122374E+10   0.104633E+10   0.841605E+11
 0208   0.784712E+01   0.108896E+11   0.115160E+10   0.103969E+10   0.821609E+11
 0209   0.797059E+01   0.110374E+11   0.119667E+10   0.103877E+10   0.802387E+11
 0210   0.809443E+01   0.111848E+11   0.119039E+10   0.103755E+10   0.783767E+11
 0211   0.821855E+01   0.113318E+11   0.118454E+10   0.103698E+10   0.765720E+11
 0212   0.834448E+01   0.114796E+11   0.117394E+10   0.103433E+10   0.748203E+11
 0213   0.847275E+01   0.116280E+11   0.115686E+10   0.103017E+10   0.731191E+11
 0214   0.860205E+01   0.117763E+11   0.114654E+10   0.102551E+10   0.714680E+11
 0215   0.871959E+01   0.119179E+11   0.120523E+10   0.102972E+10   0.698798E+11
 0216   0.884908E+01   0.120656E+11   0.114066E+10   0.102636E+10   0.683242E+11
 0217   0.898038E+01   0.122145E+11   0.113344E+10   0.102186E+10   0.668117E+11
 0218   0.910191E+01   0.123582E+11   0.118301E+10   0.102206E+10   0.653535E+11
 0219   0.923698E+01   0.125079E+11   0.110827E+10   0.101422E+10   0.639233E+11
 0220   0.936001E+01   0.126509E+11   0.116221E+10   0.101626E+10   0.625456E+11
 0221   0.948309E+01   0.127943E+11   0.116488E+10   0.101657E+10   0.612059E+11
 0222   0.960694E+01   0.129376E+11   0.115694E+10   0.101640E+10   0.599026E+11
 0223   0.974506E+01   0.130876E+11   0.108616E+10   0.100686E+10   0.586223E+11
 0224   0.985968E+01   0.132253E+11   0.120116E+10   0.101415E+10   0.573976E+11
 0225   0.998822E+01   0.133701E+11   0.112651E+10   0.101240E+10   0.561936E+11
 0226   0.101174E+02   0.135153E+11   0.112413E+10   0.101056E+10   0.550212E+11
 0227   0.102469E+02   0.136608E+11   0.112290E+10   0.100762E+10   0.538797E+11
 0228   0.103773E+02   0.138062E+11   0.111603E+10   0.100314E+10   0.527680E+11
 0229   0.105089E+02   0.139514E+11   0.110334E+10   0.997773E+09   0.516847E+11
 0230   0.106287E+02   0.140899E+11   0.115611E+10   0.100205E+10   0.506383E+11
 0231   0.107630E+02   0.142359E+11   0.108615E+10   0.996983E+09   0.496077E+11
 0232   0.108849E+02   0.143757E+11   0.114802E+10   0.998883E+09   0.486123E+11
 0233   0.110210E+02   0.145223E+11   0.107657E+10   0.990141E+09   0.476321E+11
 0234   0.111442E+02   0.146612E+11   0.112744E+10   0.990630E+09   0.466856E+11
 0235   0.112682E+02   0.147999E+11   0.111948E+10   0.991130E+09   0.457618E+11
 0236   0.113931E+02   0.149390E+11   0.111293E+10   0.991501E+09   0.448599E+11
 0237   0.115193E+02   0.150787E+11   0.110702E+10   0.991187E+09   0.439791E+11
 0238   0.116468E+02   0.152192E+11   0.110181E+10   0.990171E+09   0.431186E+11
 0239   0.117754E+02   0.153602E+11   0.109688E+10   0.988045E+09   0.422782E+11
 0240   0.119049E+02   0.155015E+11   0.109028E+10   0.984165E+09   0.414575E+11
 0241   0.120350E+02   0.156421E+11   0.108133E+10   0.981113E+09   0.406560E+11
 0242   0.121508E+02   0.157755E+11   0.115224E+10   0.988021E+09   0.398811E+11
 0243   0.122814E+02   0.159163E+11   0.107837E+10   0.985854E+09   0.391163E+11
 0244   0.124127E+02   0.160579E+11   0.107769E+10   0.983073E+09   0.383689E+11
 0245   0.125453E+02   0.162003E+11   0.107436E+10   0.978887E+09   0.376381E+11
 0246   0.126642E+02   0.163357E+11   0.113815E+10   0.983267E+09   0.369310E+11
 0247   0.127993E+02   0.164786E+11   0.105797E+10   0.976850E+09   0.362322E+11
 0248   0.129204E+02   0.166140E+11   0.111843E+10   0.980131E+09   0.355560E+11
 0249   0.130571E+02   0.167569E+11   0.104538E+10   0.974440E+09   0.348877E+11
 0250   0.131787E+02   0.168926E+11   0.111622E+10   0.977854E+09   0.342413E+11
 0251   0.133003E+02   0.170284E+11   0.111606E+10   0.981385E+09   0.336088E+11
 0252   0.134375E+02   0.171717E+11   0.104448E+10   0.975109E+09   0.329842E+11
 0253   0.135597E+02   0.173076E+11   0.111255E+10   0.977657E+09   0.323792E+11
 0254   0.136976E+02   0.174508E+11   0.103885E+10   0.970532E+09   0.317815E+11
 0255   0.138201E+02   0.175862E+11   0.110453E+10   0.973269E+09   0.312026E+11
 0256   0.139425E+02   0.177214E+11   0.110453E+10   0.976600E+09   0.306361E+11
 0257   0.140799E+02   0.178638E+11   0.103651E+10   0.971068E+09   0.300765E+11
 0258   0.142021E+02   0.179992E+11   0.110842E+10   0.974534E+09   0.295342E+11
 0259   0.143395E+02   0.181419E+11   0.103874E+10   0.968388E+09   0.289983E+11
 0260   0.144618E+02   0.182772E+11   0.110493E+10   0.972037E+09   0.284789E+11
 0261   0.145840E+02   0.184123E+11   0.110627E+10   0.974780E+09   0.279703E+11
 0262   0.147216E+02   0.185543E+11   0.103225E+10   0.968083E+09   0.274678E+11
 0263   0.148440E+02   0.186887E+11   0.109839E+10   0.971781E+09   0.269803E+11
 0264   0.149814E+02   0.188305E+11   0.103178E+10   0.966326E+09   0.264985E+11
 0265   0.151036E+02   0.189651E+11   0.110161E+10   0.970614E+09   0.260309E+11
 0266   0.152258E+02   0.191000E+11   0.110351E+10   0.974337E+09   0.255729E+11
 0267   0.153632E+02   0.192419E+11   0.103257E+10   0.968132E+09   0.251204E+11
 0268   0.154853E+02   0.193762E+11   0.109963E+10   0.972003E+09   0.246811E+11
 0269   0.156227E+02   0.195176E+11   0.102956E+10   0.966327E+09   0.242469E+11
 0270   0.157448E+02   0.196517E+11   0.109838E+10   0.969784E+09   0.238252E+11
 0271   0.158822E+02   0.197929E+11   0.102745E+10   0.963843E+09   0.234083E+11
 0272   0.160043E+02   0.199265E+11   0.109452E+10   0.968244E+09   0.230034E+11
 0273   0.161414E+02   0.200676E+11   0.102885E+10   0.963471E+09   0.226031E+11
 0274   0.162631E+02   0.202014E+11   0.109908E+10   0.968277E+09   0.222142E+11
 0275   0.163999E+02   0.203426E+11   0.103224E+10   0.963072E+09   0.218297E+11
 0276   0.165217E+02   0.204764E+11   0.109864E+10   0.967365E+09   0.214562E+11
 0277   0.166588E+02   0.206174E+11   0.102877E+10   0.962446E+09   0.210866E+11
 0278   0.167810E+02   0.207514E+11   0.109607E+10   0.967321E+09   0.207275E+11
 0279   0.169185E+02   0.208929E+11   0.102925E+10   0.962883E+09   0.203722E+11
 0280   0.170409E+02   0.210273E+11   0.109850E+10   0.967791E+09   0.200270E+11
 0281   0.171783E+02   0.211690E+11   0.103145E+10   0.962844E+09   0.196854E+11
 0282   0.173004E+02   0.213032E+11   0.109822E+10   0.967481E+09   0.193535E+11
 0283   0.174379E+02   0.214446E+11   0.102888E+10   0.962782E+09   0.190251E+11
 0284   0.175601E+02   0.215787E+11   0.109673E+10   0.967429E+09   0.187059E+11
 0285   0.176978E+02   0.217201E+11   0.102713E+10   0.962453E+09   0.183899E+11
 0286   0.178203E+02   0.218541E+11   0.109435E+10   0.967459E+09   0.180827E+11
 0287   0.179579E+02   0.219955E+11   0.102727E+10   0.962975E+09   0.177787E+11
 0288   0.180800E+02   0.221294E+11   0.109676E+10   0.967700E+09   0.174832E+11
 0289   0.182174E+02   0.222704E+11   0.102661E+10   0.963014E+09   0.171908E+11
 0290   0.183394E+02   0.224041E+11   0.109516E+10   0.968229E+09   0.169065E+11
 0291   0.184766E+02   0.225449E+11   0.102642E+10   0.964093E+09   0.166252E+11
 0292   0.185986E+02   0.226787E+11   0.109677E+10   0.969623E+09   0.163514E+11
 0293   0.187360E+02   0.228199E+11   0.102785E+10   0.966617E+09   0.160804E+11
 0294   0.188732E+02   0.229617E+11   0.103296E+10   0.963875E+09   0.158145E+11
 0295   0.189954E+02   0.230967E+11   0.110489E+10   0.969381E+09   0.155557E+11
 0296   0.191332E+02   0.232390E+11   0.103287E+10   0.964797E+09   0.152996E+11
 0297   0.192559E+02   0.233737E+11   0.109803E+10   0.969436E+09   0.150503E+11
 0298   0.193940E+02   0.235153E+11   0.102515E+10   0.964484E+09   0.148035E+11
 0299   0.195321E+02   0.236566E+11   0.102356E+10   0.959215E+09   0.145612E+11
 0300   0.196546E+02   0.237900E+11   0.108869E+10   0.964784E+09   0.143254E+11
 0301   0.197918E+02   0.239307E+11   0.102547E+10   0.961990E+09   0.140920E+11
 0302   0.199135E+02   0.240646E+11   0.110037E+10   0.969174E+09   0.138647E+11
 0303   0.200503E+02   0.242064E+11   0.103589E+10   0.967193E+09   0.136396E+11
 0304   0.201876E+02   0.243490E+11   0.103901E+10   0.964010E+09   0.134185E+11
 0305   0.203101E+02   0.244844E+11   0.110486E+10   0.969057E+09   0.132033E+11
 0306   0.204484E+02   0.246268E+11   0.102952E+10   0.964372E+09   0.129901E+11
 0307   0.205715E+02   0.247614E+11   0.109426E+10   0.969849E+09   0.127825E+11
 0308   0.207097E+02   0.249032E+11   0.102565E+10   0.966296E+09   0.125769E+11
 0309   0.208474E+02   0.250449E+11   0.102947E+10   0.963580E+09   0.123749E+11
 0310   0.209697E+02   0.251797E+11   0.110200E+10   0.969592E+09   0.121782E+11
 0311   0.211071E+02   0.253217E+11   0.103336E+10   0.966225E+09   0.119834E+11
 0312   0.212448E+02   0.254639E+11   0.103242E+10   0.962763E+09   0.117919E+11
 0313   0.213674E+02   0.255987E+11   0.109953E+10   0.968043E+09   0.116055E+11
 0314   0.215053E+02   0.257405E+11   0.102839E+10   0.963453E+09   0.114207E+11
 0315   0.216278E+02   0.258745E+11   0.109394E+10   0.969312E+09   0.112408E+11
 0316   0.217652E+02   0.260156E+11   0.102748E+10   0.966774E+09   0.110624E+11
 0317   0.219021E+02   0.261571E+11   0.103314E+10   0.964756E+09   0.108872E+11
 0318   0.220239E+02   0.262918E+11   0.110575E+10   0.972233E+09   0.107164E+11
 0319   0.221610E+02   0.264343E+11   0.103933E+10   0.969864E+09   0.105472E+11
 0320   0.222983E+02   0.265770E+11   0.103932E+10   0.966982E+09   0.103809E+11
 0321   0.224207E+02   0.267124E+11   0.110654E+10   0.973888E+09   0.102189E+11
 0322   0.225585E+02   0.268553E+11   0.103695E+10   0.971411E+09   0.100582E+11
 0323   0.226964E+02   0.269985E+11   0.103792E+10   0.967396E+09   0.990034E+10
 0324   0.228192E+02   0.271338E+11   0.110221E+10   0.971900E+09   0.974650E+10
 0325   0.229574E+02   0.272756E+11   0.102671E+10   0.967990E+09   0.959396E+10
 0326   0.230950E+02   0.274171E+11   0.102813E+10   0.965820E+09   0.944401E+10
 0327   0.232169E+02   0.275516E+11   0.110319E+10   0.973797E+09   0.929792E+10
 0328   0.233537E+02   0.276939E+11   0.104063E+10   0.972265E+09   0.915304E+10
 0329   0.234903E+02   0.278367E+11   0.104456E+10   0.970470E+09   0.901062E+10
 0330   0.236271E+02   0.279797E+11   0.104501E+10   0.967184E+09   0.887060E+10
 0331   0.237492E+02   0.281149E+11   0.110836E+10   0.973026E+09   0.873417E+10
 0332   0.238868E+02   0.282572E+11   0.103361E+10   0.969883E+09   0.859878E+10
 0333   0.240091E+02   0.283921E+11   0.110348E+10   0.976273E+09   0.846681E+10
 0334   0.241465E+02   0.285342E+11   0.103403E+10   0.973948E+09   0.833590E+10
 0335   0.242835E+02   0.286764E+11   0.103806E+10   0.971670E+09   0.820718E+10
 0336   0.244201E+02   0.288187E+11   0.104124E+10   0.969762E+09   0.808060E+10
 0337   0.245416E+02   0.289538E+11   0.111218E+10   0.976846E+09   0.795723E+10
 0338   0.246784E+02   0.290963E+11   0.104182E+10   0.974589E+09   0.783480E+10
 0339   0.248153E+02   0.292389E+11   0.104152E+10   0.972631E+09   0.771437E+10
 0340   0.249371E+02   0.293744E+11   0.111316E+10   0.979574E+09   0.759697E+10
 0341   0.250740E+02   0.295171E+11   0.104176E+10   0.977787E+09   0.748048E+10
 0342   0.252109E+02   0.296599E+11   0.104389E+10   0.976010E+09   0.736589E+10
 0343   0.253475E+02   0.298029E+11   0.104649E+10   0.973811E+09   0.725318E+10
 0344   0.254691E+02   0.299386E+11   0.111590E+10   0.981122E+09   0.714329E+10
 0345   0.256060E+02   0.300816E+11   0.104497E+10   0.979798E+09   0.703421E+10
 0346   0.257429E+02   0.302252E+11   0.104803E+10   0.979211E+09   0.692688E+10
 0347   0.258800E+02   0.303695E+11   0.105260E+10   0.978505E+09   0.682129E+10
 0348   0.260174E+02   0.305144E+11   0.105531E+10   0.977092E+09   0.671740E+10
 0349   0.261397E+02   0.306521E+11   0.112526E+10   0.984369E+09   0.661615E+10
 0350   0.262775E+02   0.307971E+11   0.105177E+10   0.981646E+09   0.651562E+10
 0351   0.264155E+02   0.309417E+11   0.104775E+10   0.979078E+09   0.641670E+10
 0352   0.265536E+02   0.310861E+11   0.104684E+10   0.976826E+09   0.631936E+10
 0353   0.266761E+02   0.312231E+11   0.111753E+10   0.984435E+09   0.622447E+10
 0354   0.268137E+02   0.313675E+11   0.104989E+10   0.982728E+09   0.613026E+10
 0355   0.269509E+02   0.315119E+11   0.105265E+10   0.980868E+09   0.603756E+10
 0356   0.270879E+02   0.316563E+11   0.105353E+10   0.978917E+09   0.594636E+10
 0357   0.272097E+02   0.317931E+11   0.112342E+10   0.986490E+09   0.585743E+10
 0358   0.273467E+02   0.319373E+11   0.105259E+10   0.984958E+09   0.576912E+10
 0359   0.274837E+02   0.320817E+11   0.105408E+10   0.983983E+09   0.568220E+10
 0360   0.276207E+02   0.322266E+11   0.105724E+10   0.983014E+09   0.559664E+10
 0361   0.277426E+02   0.323644E+11   0.113058E+10   0.991143E+09   0.551320E+10
 0362   0.278798E+02   0.325097E+11   0.105926E+10   0.989815E+09   0.543035E+10
 0363   0.280169E+02   0.326550E+11   0.105962E+10   0.988696E+09   0.534880E+10
 0364   0.281541E+02   0.328005E+11   0.106053E+10   0.987657E+09   0.526854E+10
 0365   0.282913E+02   0.329462E+11   0.106185E+10   0.986240E+09   0.518953E+10
 0366   0.284134E+02   0.330846E+11   0.113317E+10   0.994150E+09   0.511245E+10
 0367   0.285508E+02   0.332303E+11   0.106066E+10   0.992944E+09   0.503590E+10
 0368   0.286881E+02   0.333762E+11   0.106200E+10   0.991364E+09   0.496055E+10
 0369   0.288254E+02   0.335220E+11   0.106190E+10   0.989447E+09   0.488636E+10
 0370   0.289626E+02   0.336675E+11   0.106116E+10   0.988020E+09   0.481333E+10
 0371   0.290844E+02   0.338057E+11   0.113434E+10   0.996593E+09   0.474209E+10
 0372   0.292213E+02   0.339514E+11   0.106485E+10   0.996224E+09   0.467132E+10
 0373   0.293582E+02   0.340976E+11   0.106800E+10   0.995870E+09   0.460165E+10
 0374   0.294952E+02   0.342443E+11   0.107054E+10   0.995505E+09   0.453304E+10
 0375   0.296325E+02   0.343915E+11   0.107197E+10   0.995305E+09   0.446550E+10
 0376   0.297700E+02   0.345391E+11   0.107364E+10   0.995537E+09   0.439898E+10
 0377   0.299078E+02   0.346875E+11   0.107671E+10   0.995618E+09   0.433348E+10
 0378   0.300305E+02   0.348288E+11   0.115138E+10   0.100418E+10   0.426959E+10
 0379   0.301688E+02   0.349777E+11   0.107615E+10   0.100264E+10   0.420609E+10
 0380   0.303074E+02   0.351263E+11   0.107280E+10   0.100116E+10   0.414357E+10
 0381   0.304460E+02   0.352748E+11   0.107137E+10   0.999403E+09   0.408200E+10
 0382   0.305844E+02   0.354230E+11   0.107063E+10   0.997141E+09   0.402138E+10
 0383   0.307226E+02   0.355707E+11   0.106938E+10   0.995598E+09   0.396168E+10
 0384   0.308450E+02   0.357107E+11   0.114305E+10   0.100459E+10   0.390345E+10
 0385   0.309823E+02   0.358584E+11   0.107588E+10   0.100489E+10   0.384557E+10
 0386   0.311194E+02   0.360066E+11   0.108152E+10   0.100554E+10   0.378856E+10
 0387   0.312565E+02   0.361556E+11   0.108604E+10   0.100600E+10   0.373242E+10
 0388   0.313940E+02   0.363051E+11   0.108788E+10   0.100641E+10   0.367712E+10
 0389   0.315319E+02   0.364552E+11   0.108855E+10   0.100687E+10   0.362266E+10
 0390   0.316703E+02   0.366060E+11   0.108941E+10   0.100637E+10   0.356902E+10
 0391   0.318090E+02   0.367568E+11   0.108752E+10   0.100525E+10   0.351618E+10
 0392   0.319479E+02   0.369075E+11   0.108492E+10   0.100428E+10   0.346414E+10
 0393   0.320714E+02   0.370505E+11   0.115766E+10   0.101331E+10   0.341339E+10
 0394   0.322102E+02   0.372013E+11   0.108609E+10   0.101338E+10   0.336290E+10
 0395   0.323490E+02   0.373525E+11   0.108950E+10   0.101296E+10   0.331316E+10
 0396   0.324877E+02   0.375038E+11   0.109096E+10   0.101229E+10   0.326417E+10
 0397   0.326264E+02   0.376551E+11   0.109056E+10   0.101139E+10   0.321592E+10
 0398   0.327651E+02   0.378062E+11   0.109009E+10   0.101045E+10   0.316840E+10
 0399   0.329036E+02   0.379572E+11   0.108968E+10   0.100922E+10   0.312159E+10
 0400   0.330267E+02   0.381003E+11   0.116215E+10   0.101792E+10   0.307593E+10
 0401   0.331650E+02   0.382509E+11   0.108906E+10   0.101793E+10   0.303051E+10
 0402   0.333032E+02   0.384019E+11   0.109319E+10   0.101917E+10   0.298576E+10
 0403   0.334412E+02   0.385538E+11   0.110040E+10   0.102099E+10   0.294167E+10
 0404   0.335794E+02   0.387068E+11   0.110691E+10   0.102219E+10   0.289823E+10
 0405   0.337179E+02   0.388604E+11   0.110897E+10   0.102318E+10   0.285543E+10
 0406   0.338569E+02   0.390146E+11   0.110907E+10   0.102376E+10   0.281327E+10
 0407   0.339965E+02   0.391692E+11   0.110790E+10   0.102418E+10   0.277173E+10
 0408   0.341366E+02   0.393243E+11   0.110658E+10   0.102348E+10   0.273079E+10
 0409   0.342771E+02   0.394793E+11   0.110360E+10   0.102271E+10   0.269044E+10
 0410   0.344176E+02   0.396342E+11   0.110252E+10   0.102205E+10   0.265070E+10
 0411   0.345578E+02   0.397890E+11   0.110363E+10   0.102134E+10   0.261154E+10
 0412   0.346824E+02   0.399357E+11   0.117868E+10   0.103035E+10   0.257335E+10
 0413   0.348221E+02   0.400901E+11   0.110453E+10   0.103042E+10   0.253534E+10
 0414   0.349615E+02   0.402445E+11   0.110808E+10   0.103116E+10   0.249789E+10
 0415   0.351007E+02   0.403994E+11   0.111247E+10   0.103211E+10   0.246099E+10
 0416   0.352400E+02   0.405548E+11   0.111575E+10   0.103287E+10   0.242464E+10
 0417   0.353794E+02   0.407106E+11   0.111730E+10   0.103328E+10   0.238881E+10
 0418   0.355191E+02   0.408667E+11   0.111724E+10   0.103350E+10   0.235351E+10
 0419   0.356590E+02   0.410229E+11   0.111666E+10   0.103415E+10   0.231872E+10
 0420   0.357991E+02   0.411796E+11   0.111838E+10   0.103547E+10   0.228443E+10
 0421   0.359393E+02   0.413370E+11   0.112283E+10   0.103685E+10   0.225064E+10
 0422   0.360796E+02   0.414950E+11   0.112645E+10   0.103834E+10   0.221733E+10
 0423   0.362203E+02   0.416539E+11   0.112906E+10   0.103979E+10   0.218450E+10
 0424   0.363614E+02   0.418135E+11   0.113092E+10   0.104045E+10   0.215215E+10
 0425   0.365031E+02   0.419734E+11   0.112926E+10   0.104007E+10   0.212026E+10
 0426   0.366451E+02   0.421332E+11   0.112499E+10   0.103890E+10   0.208883E+10
 0427   0.367871E+02   0.422925E+11   0.112107E+10   0.103845E+10   0.205785E+10
 0428   0.369290E+02   0.424516E+11   0.112218E+10   0.103891E+10   0.202732E+10
 0429   0.370704E+02   0.426110E+11   0.112687E+10   0.103939E+10   0.199723E+10
 0430   0.371960E+02   0.427625E+11   0.120620E+10   0.105015E+10   0.196789E+10
 0431   0.373372E+02   0.429226E+11   0.113335E+10   0.105180E+10   0.193866E+10
 0432   0.374784E+02   0.430832E+11   0.113832E+10   0.105369E+10   0.190986E+10
 0433   0.376198E+02   0.432447E+11   0.114164E+10   0.105611E+10   0.188146E+10
 0434   0.377774E+02   0.434154E+11   0.108309E+10   0.104873E+10   0.185317E+10
 0435   0.379197E+02   0.435788E+11   0.114869E+10   0.105061E+10   0.182560E+10
 0436   0.380625E+02   0.437430E+11   0.114914E+10   0.105156E+10   0.179842E+10
 0437   0.382059E+02   0.439074E+11   0.114680E+10   0.105189E+10   0.177163E+10
 0438   0.383497E+02   0.440719E+11   0.114412E+10   0.105263E+10   0.174522E+10
 0439   0.384936E+02   0.442367E+11   0.114485E+10   0.105316E+10   0.171918E+10
 0440   0.386376E+02   0.444017E+11   0.114591E+10   0.105371E+10   0.169351E+10
 0441   0.387815E+02   0.445668E+11   0.114706E+10   0.105420E+10   0.166822E+10
 0442   0.389253E+02   0.447319E+11   0.114865E+10   0.105423E+10   0.164329E+10
 0443   0.390531E+02   0.448885E+11   0.122581E+10   0.106457E+10   0.161899E+10
 0444   0.391967E+02   0.450534E+11   0.114861E+10   0.106548E+10   0.159477E+10
 0445   0.393401E+02   0.452186E+11   0.115148E+10   0.106638E+10   0.157090E+10
 0446   0.394836E+02   0.453841E+11   0.115316E+10   0.106737E+10   0.154737E+10
 0447   0.396271E+02   0.455499E+11   0.115503E+10   0.106947E+10   0.152418E+10
 0448   0.397707E+02   0.457165E+11   0.116082E+10   0.107259E+10   0.150131E+10
 0449   0.399143E+02   0.458843E+11   0.116838E+10   0.107587E+10   0.147876E+10
 0450   0.400744E+02   0.460619E+11   0.110915E+10   0.106898E+10   0.145628E+10
 0451   0.402192E+02   0.462321E+11   0.117541E+10   0.107143E+10   0.143438E+10
 0452   0.403647E+02   0.464032E+11   0.117563E+10   0.107372E+10   0.141278E+10
 0453   0.405110E+02   0.465751E+11   0.117546E+10   0.107637E+10   0.139148E+10
 0454   0.406580E+02   0.467482E+11   0.117717E+10   0.107859E+10   0.137048E+10
 0455   0.408056E+02   0.469221E+11   0.117878E+10   0.108004E+10   0.134977E+10
 0456   0.409535E+02   0.470964E+11   0.117790E+10   0.108093E+10   0.132936E+10
 0457   0.411018E+02   0.472708E+11   0.117649E+10   0.108219E+10   0.130924E+10
 0458   0.412501E+02   0.474455E+11   0.117755E+10   0.108460E+10   0.128940E+10
 0459   0.413986E+02   0.476211E+11   0.118284E+10   0.108765E+10   0.126984E+10
 0460   0.415472E+02   0.477979E+11   0.118932E+10   0.109030E+10   0.125057E+10
 0461   0.416963E+02   0.479756E+11   0.119252E+10   0.109195E+10   0.123158E+10
 0462   0.418457E+02   0.481537E+11   0.119130E+10   0.109396E+10   0.121285E+10
 0463   0.419957E+02   0.483323E+11   0.119163E+10   0.109616E+10   0.119440E+10
 0464   0.421459E+02   0.485117E+11   0.119348E+10   0.109874E+10   0.117621E+10
 0465   0.422966E+02   0.486920E+11   0.119655E+10   0.110116E+10   0.115829E+10
 0466   0.424642E+02   0.488820E+11   0.113423E+10   0.109439E+10   0.114041E+10
 0467   0.426154E+02   0.490642E+11   0.120505E+10   0.109711E+10   0.112301E+10
 0468   0.427671E+02   0.492473E+11   0.120670E+10   0.109878E+10   0.110586E+10
 0469   0.429194E+02   0.494307E+11   0.120400E+10   0.110051E+10   0.108895E+10
 0470   0.430723E+02   0.496147E+11   0.120336E+10   0.110217E+10   0.107228E+10
 0471   0.432253E+02   0.497990E+11   0.120429E+10   0.110426E+10   0.105585E+10
 0472   0.433786E+02   0.499839E+11   0.120667E+10   0.110605E+10   0.103966E+10
 0473   0.435319E+02   0.501693E+11   0.120920E+10   0.111002E+10   0.102370E+10
 0474   0.436853E+02   0.503562E+11   0.121847E+10   0.111305E+10   0.100798E+10
 0475   0.438391E+02   0.505441E+11   0.122200E+10   0.111584E+10   0.992476E+09
 0476   0.439936E+02   0.507329E+11   0.122169E+10   0.111882E+10   0.977199E+09
 0477   0.441487E+02   0.509228E+11   0.122399E+10   0.112365E+10   0.962143E+09
 0478   0.443218E+02   0.511242E+11   0.116376E+10   0.111774E+10   0.947117E+09
 0479   0.444785E+02   0.513178E+11   0.123553E+10   0.112140E+10   0.932497E+09
 0480   0.446361E+02   0.515127E+11   0.123685E+10   0.112551E+10   0.918090E+09
 0481   0.447944E+02   0.517091E+11   0.124086E+10   0.112959E+10   0.903892E+09
 0482   0.449535E+02   0.519070E+11   0.124372E+10   0.113279E+10   0.889900E+09
 0483   0.451138E+02   0.521062E+11   0.124214E+10   0.113666E+10   0.876112E+09
 0484   0.452929E+02   0.523169E+11   0.117669E+10   0.112949E+10   0.862348E+09
 0485   0.454547E+02   0.525186E+11   0.124669E+10   0.113242E+10   0.848974E+09
 0486   0.456173E+02   0.527213E+11   0.124671E+10   0.113654E+10   0.835795E+09
 0487   0.457805E+02   0.529257E+11   0.125251E+10   0.114065E+10   0.822812E+09
 0488   0.459440E+02   0.531315E+11   0.125832E+10   0.114477E+10   0.810024E+09
 0489   0.461084E+02   0.533389E+11   0.126159E+10   0.114951E+10   0.797428E+09
 0490   0.462736E+02   0.535482E+11   0.126755E+10   0.115326E+10   0.785022E+09
 0491   0.464579E+02   0.537691E+11   0.119821E+10   0.114684E+10   0.772644E+09
 0492   0.466249E+02   0.539811E+11   0.126947E+10   0.115168E+10   0.760622E+09
 0493   0.467927E+02   0.541950E+11   0.127513E+10   0.115664E+10   0.748779E+09
 0494   0.469612E+02   0.544109E+11   0.128044E+10   0.115973E+10   0.737116E+09
 0495   0.471307E+02   0.546275E+11   0.127818E+10   0.116407E+10   0.725629E+09
 0496   0.473199E+02   0.548566E+11   0.121105E+10   0.115758E+10   0.714163E+09
 0497   0.474910E+02   0.550764E+11   0.128465E+10   0.116167E+10   0.703034E+09
 0498   0.476632E+02   0.552978E+11   0.128612E+10   0.116635E+10   0.692078E+09
 0499   0.478362E+02   0.555213E+11   0.129137E+10   0.117098E+10   0.681287E+09
 0500   0.480100E+02   0.557466E+11   0.129653E+10   0.117471E+10   0.670663E+09
 0501   0.481848E+02   0.559732E+11   0.129617E+10   0.117986E+10   0.660203E+09
 0502   0.483802E+02   0.562135E+11   0.122995E+10   0.117466E+10   0.649771E+09
 0503   0.485570E+02   0.564448E+11   0.130790E+10   0.117866E+10   0.639642E+09
 0504   0.487352E+02   0.566776E+11   0.130666E+10   0.118229E+10   0.629667E+09
 0505   0.489146E+02   0.569118E+11   0.130547E+10   0.118506E+10   0.619844E+09
 0506   0.490948E+02   0.571468E+11   0.130394E+10   0.118804E+10   0.610173E+09
 0507   0.492761E+02   0.573830E+11   0.130335E+10   0.119311E+10   0.600651E+09
 0508   0.494781E+02   0.576336E+11   0.124040E+10   0.118784E+10   0.591152E+09
 0509   0.496605E+02   0.578749E+11   0.132241E+10   0.119333E+10   0.581935E+09
 0510   0.498441E+02   0.581186E+11   0.132775E+10   0.119918E+10   0.572862E+09
 0511   0.500288E+02   0.583650E+11   0.133394E+10   0.120485E+10   0.563931E+09
 0512   0.502354E+02   0.586261E+11   0.126377E+10   0.119838E+10   0.555018E+09
 0513   0.504230E+02   0.588764E+11   0.133453E+10   0.120253E+10   0.546368E+09
 0514   0.506120E+02   0.591283E+11   0.133296E+10   0.120659E+10   0.537851E+09
 0515   0.508018E+02   0.593818E+11   0.133489E+10   0.121114E+10   0.529466E+09
 0516   0.509926E+02   0.596371E+11   0.133810E+10   0.121532E+10   0.521212E+09
 0517   0.511844E+02   0.598942E+11   0.134031E+10   0.121937E+10   0.513087E+09
 0518   0.513983E+02   0.601655E+11   0.126884E+10   0.121211E+10   0.504988E+09
 0519   0.515914E+02   0.604253E+11   0.134478E+10   0.121690E+10   0.497132E+09
 0520   0.517854E+02   0.606871E+11   0.134963E+10   0.122155E+10   0.489399E+09
 0521   0.519802E+02   0.609508E+11   0.135369E+10   0.122530E+10   0.481788E+09
 0522   0.521760E+02   0.612158E+11   0.135395E+10   0.122917E+10   0.474297E+09
 0523   0.523942E+02   0.614953E+11   0.128069E+10   0.122197E+10   0.466823E+09
 0524   0.525913E+02   0.617629E+11   0.135786E+10   0.122571E+10   0.459576E+09
 0525   0.527891E+02   0.620318E+11   0.135902E+10   0.122978E+10   0.452441E+09
 0526   0.529877E+02   0.623022E+11   0.136237E+10   0.123412E+10   0.445419E+09
 0527   0.531868E+02   0.625745E+11   0.136721E+10   0.123916E+10   0.438506E+09
 0528   0.534089E+02   0.628625E+11   0.129707E+10   0.123261E+10   0.431605E+09
 0529   0.536098E+02   0.631388E+11   0.137504E+10   0.123745E+10   0.424916E+09
 0530   0.538117E+02   0.634171E+11   0.137851E+10   0.124128E+10   0.418332E+09
 0531   0.540145E+02   0.636966E+11   0.137801E+10   0.124501E+10   0.411851E+09
 0532   0.542184E+02   0.639775E+11   0.137752E+10   0.124944E+10   0.405472E+09
 0533   0.544459E+02   0.642745E+11   0.130523E+10   0.124268E+10   0.399102E+09
 0534   0.546517E+02   0.645594E+11   0.138476E+10   0.124692E+10   0.392929E+09
 0535   0.548585E+02   0.648461E+11   0.138652E+10   0.125043E+10   0.386854E+09
 0536   0.550660E+02   0.651340E+11   0.138677E+10   0.125316E+10   0.380876E+09
 0537   0.552743E+02   0.654224E+11   0.138486E+10   0.125606E+10   0.374993E+09
 0538   0.554833E+02   0.657117E+11   0.138443E+10   0.125910E+10   0.369202E+09
 0539   0.556927E+02   0.660019E+11   0.138631E+10   0.126217E+10   0.363504E+09
 0540   0.559257E+02   0.663077E+11   0.131200E+10   0.125397E+10   0.357817E+09
 0541   0.561359E+02   0.666001E+11   0.139089E+10   0.125799E+10   0.352305E+09
 0542   0.563466E+02   0.668941E+11   0.139568E+10   0.126204E+10   0.346882E+09
 0543   0.565578E+02   0.671896E+11   0.139939E+10   0.126547E+10   0.341547E+09
 0544   0.567696E+02   0.674862E+11   0.139993E+10   0.126851E+10   0.336297E+09
 0545   0.569820E+02   0.677834E+11   0.139957E+10   0.127141E+10   0.331130E+09
 0546   0.572185E+02   0.680962E+11   0.132246E+10   0.126276E+10   0.325974E+09
 0547   0.574319E+02   0.683948E+11   0.139958E+10   0.126597E+10   0.320977E+09
 0548   0.576457E+02   0.686946E+11   0.140170E+10   0.126930E+10   0.316060E+09
 0549   0.578598E+02   0.689953E+11   0.140463E+10   0.127275E+10   0.311223E+09
 0550   0.580742E+02   0.692972E+11   0.140786E+10   0.127653E+10   0.306464E+09
 0551   0.582889E+02   0.696003E+11   0.141162E+10   0.127997E+10   0.301781E+09
 0552   0.585279E+02   0.699195E+11   0.133572E+10   0.127106E+10   0.297108E+09
 0553   0.587436E+02   0.702238E+11   0.141131E+10   0.127361E+10   0.292579E+09
 0554   0.589596E+02   0.705285E+11   0.141023E+10   0.127588E+10   0.288122E+09
 0555   0.591759E+02   0.708334E+11   0.140940E+10   0.127857E+10   0.283737E+09
 0556   0.593924E+02   0.711389E+11   0.141119E+10   0.128186E+10   0.279422E+09
 0557   0.596089E+02   0.714453E+11   0.141577E+10   0.128583E+10   0.275177E+09
 0558   0.598253E+02   0.717532E+11   0.142203E+10   0.128995E+10   0.271001E+09
 0559   0.600660E+02   0.720777E+11   0.134861E+10   0.128172E+10   0.266839E+09
 0560   0.602832E+02   0.723876E+11   0.142690E+10   0.128528E+10   0.262802E+09
 0561   0.605009E+02   0.726984E+11   0.142765E+10   0.128893E+10   0.258828E+09
 0562   0.607191E+02   0.730103E+11   0.142908E+10   0.129254E+10   0.254917E+09
 0563   0.609380E+02   0.733234E+11   0.143056E+10   0.129565E+10   0.251067E+09
 0564   0.611572E+02   0.736372E+11   0.143101E+10   0.129807E+10   0.247279E+09
 0565   0.614010E+02   0.739667E+11   0.135163E+10   0.128947E+10   0.243505E+09
 0566   0.616206E+02   0.742812E+11   0.143234E+10   0.129324E+10   0.239842E+09
 0567   0.618403E+02   0.745968E+11   0.143676E+10   0.129670E+10   0.236237E+09
 0568   0.620602E+02   0.749132E+11   0.143842E+10   0.129979E+10   0.232689E+09
 0569   0.622804E+02   0.752301E+11   0.143943E+10   0.130260E+10   0.229197E+09
 0570   0.625008E+02   0.755473E+11   0.143945E+10   0.130499E+10   0.225760E+09
 0571   0.627215E+02   0.758647E+11   0.143802E+10   0.130748E+10   0.222378E+09
 0572   0.629668E+02   0.761980E+11   0.135903E+10   0.129860E+10   0.219012E+09
 0573   0.631874E+02   0.765161E+11   0.144138E+10   0.130258E+10   0.215739E+09
 0574   0.634080E+02   0.768353E+11   0.144753E+10   0.130690E+10   0.212517E+09
 0575   0.636286E+02   0.771560E+11   0.145311E+10   0.131097E+10   0.209347E+09
 0576   0.638496E+02   0.774777E+11   0.145617E+10   0.131440E+10   0.206226E+09
 0577   0.640956E+02   0.778161E+11   0.137548E+10   0.130577E+10   0.203119E+09
 0578   0.643178E+02   0.781392E+11   0.145407E+10   0.130985E+10   0.200098E+09
 0579   0.645404E+02   0.784635E+11   0.145707E+10   0.131317E+10   0.197123E+09
 0580   0.647633E+02   0.787885E+11   0.145769E+10   0.131647E+10   0.194194E+09
 0581   0.649865E+02   0.791142E+11   0.145894E+10   0.131964E+10   0.191311E+09
 0582   0.652098E+02   0.794403E+11   0.146071E+10   0.132267E+10   0.188473E+09
 0583   0.654581E+02   0.797832E+11   0.138093E+10   0.131372E+10   0.185648E+09
 0584   0.656820E+02   0.801103E+11   0.146138E+10   0.131693E+10   0.182898E+09
 0585   0.659060E+02   0.804381E+11   0.146317E+10   0.132099E+10   0.180192E+09
 0586   0.661302E+02   0.807672E+11   0.146770E+10   0.132410E+10   0.177527E+09
 0587   0.663546E+02   0.810967E+11   0.146850E+10   0.132626E+10   0.174903E+09
 0588   0.665791E+02   0.814258E+11   0.146555E+10   0.132967E+10   0.172320E+09
 0589   0.668036E+02   0.817556E+11   0.146917E+10   0.133398E+10   0.169777E+09
 0590   0.670530E+02   0.821032E+11   0.139376E+10   0.132637E+10   0.167246E+09
 0591   0.672779E+02   0.824358E+11   0.147865E+10   0.133007E+10   0.164782E+09
 0592   0.675034E+02   0.827693E+11   0.147953E+10   0.133371E+10   0.162356E+09
 0593   0.677291E+02   0.831035E+11   0.148067E+10   0.133718E+10   0.159968E+09
 0594   0.679553E+02   0.834385E+11   0.148063E+10   0.134032E+10   0.157616E+09
 0595   0.682071E+02   0.837906E+11   0.139834E+10   0.133119E+10   0.155272E+09
 0596   0.684340E+02   0.841264E+11   0.147997E+10   0.133425E+10   0.152992E+09
 0597   0.686608E+02   0.844624E+11   0.148148E+10   0.133720E+10   0.150747E+09
 0598   0.688877E+02   0.847987E+11   0.148241E+10   0.134052E+10   0.148536E+09
 0599   0.691145E+02   0.851356E+11   0.148505E+10   0.134429E+10   0.146359E+09
 0600   0.693414E+02   0.854734E+11   0.148899E+10   0.134881E+10   0.144216E+09
 0601   0.695936E+02   0.858296E+11   0.141221E+10   0.134104E+10   0.142079E+09
 0602   0.698210E+02   0.861701E+11   0.149752E+10   0.134561E+10   0.140001E+09
 0603   0.700489E+02   0.865119E+11   0.150039E+10   0.135029E+10   0.137956E+09
 0604   0.702771E+02   0.868552E+11   0.150383E+10   0.135484E+10   0.135941E+09
 0605   0.705060E+02   0.871998E+11   0.150585E+10   0.135876E+10   0.133957E+09
 0606   0.707609E+02   0.875623E+11   0.142183E+10   0.134961E+10   0.131977E+09
 0607   0.709910E+02   0.879079E+11   0.150218E+10   0.135297E+10   0.130052E+09
 0608   0.712213E+02   0.882541E+11   0.150267E+10   0.135638E+10   0.128156E+09
 0609   0.714517E+02   0.886007E+11   0.150446E+10   0.135970E+10   0.126289E+09
 0610   0.716822E+02   0.889478E+11   0.150610E+10   0.136324E+10   0.124451E+09
 0611   0.719380E+02   0.893127E+11   0.142651E+10   0.135475E+10   0.122616E+09
 0612   0.721682E+02   0.896608E+11   0.151242E+10   0.135919E+10   0.120833E+09
 0613   0.723986E+02   0.900102E+11   0.151632E+10   0.136363E+10   0.119077E+09
 0614   0.726292E+02   0.903607E+11   0.151969E+10   0.136804E+10   0.117347E+09
 0615   0.728602E+02   0.907124E+11   0.152242E+10   0.137200E+10   0.115643E+09
 0616   0.731173E+02   0.910823E+11   0.143913E+10   0.136333E+10   0.113941E+09
 0617   0.733492E+02   0.914353E+11   0.152232E+10   0.136784E+10   0.112287E+09
 0618   0.735813E+02   0.917896E+11   0.152599E+10   0.137283E+10   0.110658E+09
 0619   0.738136E+02   0.921454E+11   0.153159E+10   0.137750E+10   0.109054E+09
 0620   0.740462E+02   0.925024E+11   0.153494E+10   0.138194E+10   0.107474E+09
 0621   0.743051E+02   0.928782E+11   0.145150E+10   0.137340E+10   0.105894E+09
 0622   0.745387E+02   0.932368E+11   0.153538E+10   0.137720E+10   0.104361E+09
 0623   0.747727E+02   0.935960E+11   0.153500E+10   0.138091E+10   0.102849E+09
 0624   0.750071E+02   0.939560E+11   0.153567E+10   0.138467E+10   0.101361E+09
 0625   0.752416E+02   0.943166E+11   0.153779E+10   0.138852E+10   0.998935E+08
 0626   0.755021E+02   0.946959E+11   0.145586E+10   0.137999E+10   0.984267E+08
 0627   0.757367E+02   0.950578E+11   0.154319E+10   0.138489E+10   0.970030E+08
 0628   0.759714E+02   0.954213E+11   0.154839E+10   0.138976E+10   0.956004E+08
 0629   0.762063E+02   0.957861E+11   0.155282E+10   0.139462E+10   0.942187E+08
 0630   0.764417E+02   0.961523E+11   0.155566E+10   0.139931E+10   0.928573E+08
 0631   0.767038E+02   0.965378E+11   0.147084E+10   0.139136E+10   0.914950E+08
 0632   0.769404E+02   0.969063E+11   0.155786E+10   0.139553E+10   0.901735E+08
 0633   0.771775E+02   0.972757E+11   0.155788E+10   0.139927E+10   0.888714E+08
 0634   0.774150E+02   0.976456E+11   0.155759E+10   0.140260E+10   0.875885E+08
 0635   0.776789E+02   0.980341E+11   0.147184E+10   0.139308E+10   0.863042E+08
 0636   0.779166E+02   0.984041E+11   0.155685E+10   0.139696E+10   0.850584E+08
 0637   0.781543E+02   0.987749E+11   0.155986E+10   0.140197E+10   0.838309E+08
 0638   0.783919E+02   0.991472E+11   0.156693E+10   0.140798E+10   0.826215E+08
 0639   0.786297E+02   0.995220E+11   0.157593E+10   0.141329E+10   0.814301E+08
 0640   0.788944E+02   0.999169E+11   0.149217E+10   0.140452E+10   0.802363E+08
 0641   0.791335E+02   0.100294E+12   0.157527E+10   0.140931E+10   0.790791E+08
 0642   0.793731E+02   0.100671E+12   0.157725E+10   0.141434E+10   0.779390E+08
 0643   0.796131E+02   0.101051E+12   0.158034E+10   0.141910E+10   0.768154E+08
 0644   0.798538E+02   0.101432E+12   0.158222E+10   0.142414E+10   0.757082E+08
 0645   0.801215E+02   0.101833E+12   0.149835E+10   0.141645E+10   0.745974E+08
 0646   0.803628E+02   0.102216E+12   0.158939E+10   0.142091E+10   0.735221E+08
 0647   0.806048E+02   0.102601E+12   0.158954E+10   0.142592E+10   0.724625E+08
 0648   0.808473E+02   0.102987E+12   0.159219E+10   0.143034E+10   0.714181E+08
 0649   0.811172E+02   0.103393E+12   0.150529E+10   0.142042E+10   0.703695E+08
 0650   0.813606E+02   0.103780E+12   0.158819E+10   0.142398E+10   0.693546E+08
 0651   0.816042E+02   0.104167E+12   0.158865E+10   0.142886E+10   0.683545E+08
 0652   0.818475E+02   0.104555E+12   0.159592E+10   0.143434E+10   0.673692E+08
 0653   0.820910E+02   0.104945E+12   0.160287E+10   0.143905E+10   0.663982E+08
 0654   0.823616E+02   0.105356E+12   0.151648E+10   0.143055E+10   0.654227E+08
 0655   0.826058E+02   0.105748E+12   0.160511E+10   0.143519E+10   0.644795E+08
 0656   0.828503E+02   0.106141E+12   0.160682E+10   0.143948E+10   0.635498E+08
 0657   0.830954E+02   0.106534E+12   0.160661E+10   0.144399E+10   0.626331E+08
 0658   0.833681E+02   0.106949E+12   0.152048E+10   0.143579E+10   0.617113E+08
 0659   0.836136E+02   0.107345E+12   0.161280E+10   0.144125E+10   0.608202E+08
 0660   0.838594E+02   0.107743E+12   0.161801E+10   0.144777E+10   0.599419E+08
 0661   0.841056E+02   0.108143E+12   0.162645E+10   0.145416E+10   0.590765E+08
 0662   0.843796E+02   0.108566E+12   0.154203E+10   0.144640E+10   0.582060E+08
 0663   0.846274E+02   0.108970E+12   0.163016E+10   0.145115E+10   0.573649E+08
 0664   0.848761E+02   0.109375E+12   0.162859E+10   0.145546E+10   0.565357E+08
 0665   0.851254E+02   0.109780E+12   0.162712E+10   0.145898E+10   0.557184E+08
 0666   0.853752E+02   0.110186E+12   0.162454E+10   0.146228E+10   0.549125E+08
 0667   0.856528E+02   0.110612E+12   0.153426E+10   0.145305E+10   0.541011E+08
 0668   0.859025E+02   0.111018E+12   0.162723E+10   0.145730E+10   0.533179E+08
 0669   0.861518E+02   0.111425E+12   0.163138E+10   0.146233E+10   0.525459E+08
 0670   0.864011E+02   0.111833E+12   0.163714E+10   0.146844E+10   0.517848E+08
 0671   0.866504E+02   0.112244E+12   0.164615E+10   0.147505E+10   0.510344E+08
 0672   0.869279E+02   0.112677E+12   0.156079E+10   0.146852E+10   0.502781E+08
 0673   0.871786E+02   0.113092E+12   0.165643E+10   0.147410E+10   0.495486E+08
 0674   0.874303E+02   0.113509E+12   0.165670E+10   0.147902E+10   0.488293E+08
 0675   0.877109E+02   0.113948E+12   0.156296E+10   0.147057E+10   0.481040E+08
 0676   0.879643E+02   0.114367E+12   0.165353E+10   0.147583E+10   0.474045E+08
 0677   0.882182E+02   0.114787E+12   0.165622E+10   0.148052E+10   0.467149E+08
 0678   0.884724E+02   0.115208E+12   0.165815E+10   0.148648E+10   0.460351E+08
 0679   0.887550E+02   0.115653E+12   0.157360E+10   0.147880E+10   0.453492E+08
 0680   0.890097E+02   0.116078E+12   0.166921E+10   0.148411E+10   0.446882E+08
 0681   0.892652E+02   0.116505E+12   0.166976E+10   0.148834E+10   0.440363E+08
 0682   0.895212E+02   0.116932E+12   0.166797E+10   0.149350E+10   0.433934E+08
 0683   0.897777E+02   0.117361E+12   0.167115E+10   0.150019E+10   0.427596E+08
 0684   0.900629E+02   0.117813E+12   0.158625E+10   0.149412E+10   0.421192E+08
 0685   0.903204E+02   0.118248E+12   0.168782E+10   0.150015E+10   0.415030E+08
 0686   0.905784E+02   0.118684E+12   0.169066E+10   0.150583E+10   0.408959E+08
 0687   0.908660E+02   0.119143E+12   0.159737E+10   0.149763E+10   0.402824E+08
 0688   0.911257E+02   0.119582E+12   0.168958E+10   0.150223E+10   0.396918E+08
 0689   0.913863E+02   0.120022E+12   0.168658E+10   0.150675E+10   0.391092E+08
 0690   0.916476E+02   0.120462E+12   0.168654E+10   0.151187E+10   0.385345E+08
 0691   0.919377E+02   0.120926E+12   0.159884E+10   0.150438E+10   0.379535E+08
 0692   0.921991E+02   0.121370E+12   0.169876E+10   0.151134E+10   0.373947E+08
 0693   0.924610E+02   0.121817E+12   0.170674E+10   0.151803E+10   0.368439E+08
 0694   0.927234E+02   0.122267E+12   0.171270E+10   0.152427E+10   0.363011E+08
 0695   0.930158E+02   0.122740E+12   0.161916E+10   0.151669E+10   0.357516E+08
 0696   0.932800E+02   0.123193E+12   0.171461E+10   0.152283E+10   0.352235E+08
 0697   0.935452E+02   0.123648E+12   0.171636E+10   0.152871E+10   0.347028E+08
 0698   0.938112E+02   0.124105E+12   0.171842E+10   0.153426E+10   0.341893E+08
 0699   0.941074E+02   0.124586E+12   0.162430E+10   0.152585E+10   0.336688E+08
 0700   0.943746E+02   0.125046E+12   0.172060E+10   0.153111E+10   0.331692E+08
 0701   0.946424E+02   0.125507E+12   0.172257E+10   0.153630E+10   0.326768E+08
 0702   0.949105E+02   0.125970E+12   0.172466E+10   0.154160E+10   0.321913E+08
 0703   0.952088E+02   0.126456E+12   0.163143E+10   0.153330E+10   0.316989E+08
 0704   0.954777E+02   0.126922E+12   0.173005E+10   0.153975E+10   0.312265E+08
 0705   0.957469E+02   0.127389E+12   0.173716E+10   0.154705E+10   0.307609E+08
 0706   0.960464E+02   0.127883E+12   0.164972E+10   0.154086E+10   0.302888E+08
 0707   0.963170E+02   0.128357E+12   0.175186E+10   0.154785E+10   0.298358E+08
 0708   0.965887E+02   0.128834E+12   0.175488E+10   0.155443E+10   0.293894E+08
 0709   0.968615E+02   0.129313E+12   0.175599E+10   0.156054E+10   0.289493E+08
 0710   0.971659E+02   0.129818E+12   0.165821E+10   0.155291E+10   0.285023E+08
 0711   0.974410E+02   0.130301E+12   0.175682E+10   0.155878E+10   0.280742E+08
 0712   0.977168E+02   0.130786E+12   0.175867E+10   0.156498E+10   0.276522E+08
 0713   0.980239E+02   0.131298E+12   0.166564E+10   0.155645E+10   0.272240E+08
 0714   0.983010E+02   0.131786E+12   0.176353E+10   0.156188E+10   0.268136E+08
 0715   0.985785E+02   0.132276E+12   0.176451E+10   0.156771E+10   0.264090E+08
 0716   0.988566E+02   0.132768E+12   0.176824E+10   0.157488E+10   0.260103E+08
 0717   0.991659E+02   0.133287E+12   0.167874E+10   0.156891E+10   0.256053E+08
 0718   0.994452E+02   0.133786E+12   0.178555E+10   0.157710E+10   0.252175E+08
 0719   0.997256E+02   0.134289E+12   0.179281E+10   0.158452E+10   0.248354E+08
 0720   0.100038E+03   0.134819E+12   0.169659E+10   0.157727E+10   0.244473E+08
 0721   0.100321E+03   0.135327E+12   0.179547E+10   0.158438E+10   0.240757E+08
 0722   0.100606E+03   0.135838E+12   0.179722E+10   0.159127E+10   0.237093E+08
 0723   0.100891E+03   0.136352E+12   0.179916E+10   0.159791E+10   0.233481E+08
 0724   0.101209E+03   0.136893E+12   0.170146E+10   0.159027E+10   0.229805E+08
 0725   0.101497E+03   0.137412E+12   0.180442E+10   0.159705E+10   0.226291E+08
 0726   0.101785E+03   0.137933E+12   0.180859E+10   0.160359E+10   0.222828E+08
 0727   0.102106E+03   0.138483E+12   0.171127E+10   0.159537E+10   0.219307E+08
 0728   0.102397E+03   0.139009E+12   0.181152E+10   0.160149E+10   0.215939E+08
 0729   0.102688E+03   0.139537E+12   0.181345E+10   0.160744E+10   0.212620E+08
 0730   0.102979E+03   0.140066E+12   0.181564E+10   0.161350E+10   0.209349E+08
 0731   0.103304E+03   0.140624E+12   0.171797E+10   0.160517E+10   0.206019E+08
 0732   0.103597E+03   0.141158E+12   0.182113E+10   0.161209E+10   0.202836E+08
 0733   0.103890E+03   0.141694E+12   0.182755E+10   0.162038E+10   0.199700E+08
 0734   0.104185E+03   0.142235E+12   0.183857E+10   0.162991E+10   0.196609E+08
 0735   0.104513E+03   0.142808E+12   0.174659E+10   0.162409E+10   0.193457E+08
 0736   0.104810E+03   0.143358E+12   0.185431E+10   0.163104E+10   0.190452E+08
 0737   0.105141E+03   0.143939E+12   0.174950E+10   0.162268E+10   0.187394E+08
 0738   0.105442E+03   0.144494E+12   0.184792E+10   0.162934E+10   0.184472E+08
 0739   0.105743E+03   0.145051E+12   0.184854E+10   0.163652E+10   0.181594E+08
 0740   0.106046E+03   0.145612E+12   0.185300E+10   0.164363E+10   0.178757E+08
 0741   0.106383E+03   0.146204E+12   0.175591E+10   0.163500E+10   0.175866E+08
 0742   0.106687E+03   0.146769E+12   0.185892E+10   0.164187E+10   0.173107E+08
 0743   0.106992E+03   0.147338E+12   0.186411E+10   0.165228E+10   0.170388E+08
 0744   0.107298E+03   0.147913E+12   0.188199E+10   0.166495E+10   0.167710E+08
 0745   0.107639E+03   0.148526E+12   0.179474E+10   0.166151E+10   0.164977E+08
 0746   0.107949E+03   0.149117E+12   0.190986E+10   0.166959E+10   0.162378E+08
 0747   0.108295E+03   0.149740E+12   0.179883E+10   0.166275E+10   0.159729E+08
 0748   0.108609E+03   0.150337E+12   0.190212E+10   0.167094E+10   0.157207E+08
 0749   0.108960E+03   0.150968E+12   0.179544E+10   0.166416E+10   0.154637E+08
 0750   0.109278E+03   0.151573E+12   0.190110E+10   0.167271E+10   0.152183E+08
 0751   0.109597E+03   0.152182E+12   0.190925E+10   0.168085E+10   0.149765E+08
 0752   0.109918E+03   0.152795E+12   0.191329E+10   0.169144E+10   0.147381E+08
 0753   0.110276E+03   0.153445E+12   0.181688E+10   0.168748E+10   0.144945E+08
 0754   0.110600E+03   0.154073E+12   0.193716E+10   0.169716E+10   0.142630E+08
 0755   0.110962E+03   0.154737E+12   0.183271E+10   0.169102E+10   0.140269E+08
 0756   0.111291E+03   0.155375E+12   0.194021E+10   0.169940E+10   0.138021E+08
 0757   0.111622E+03   0.156017E+12   0.194100E+10   0.170687E+10   0.135809E+08
 0758   0.111991E+03   0.156693E+12   0.182985E+10   0.169824E+10   0.133549E+08
 0759   0.112326E+03   0.157341E+12   0.193349E+10   0.170531E+10   0.131394E+08
 0760   0.112662E+03   0.157992E+12   0.193806E+10   0.171545E+10   0.129272E+08
 0761   0.113037E+03   0.158683E+12   0.184515E+10   0.171136E+10   0.127104E+08
 0762   0.113375E+03   0.159349E+12   0.196879E+10   0.172140E+10   0.125043E+08
 0763   0.113716E+03   0.160022E+12   0.197567E+10   0.173023E+10   0.123016E+08
 0764   0.114096E+03   0.160732E+12   0.186648E+10   0.172333E+10   0.120947E+08
 0765   0.114441E+03   0.161413E+12   0.197633E+10   0.173205E+10   0.118982E+08
 0766   0.114787E+03   0.162098E+12   0.197634E+10   0.173914E+10   0.117047E+08
 0767   0.115175E+03   0.162821E+12   0.186274E+10   0.173006E+10   0.115065E+08
 0768   0.115526E+03   0.163512E+12   0.197192E+10   0.173892E+10   0.113182E+08
 0769   0.115878E+03   0.164209E+12   0.198158E+10   0.175017E+10   0.111326E+08
 0770   0.116270E+03   0.164950E+12   0.188835E+10   0.174710E+10   0.109426E+08
 0771   0.116625E+03   0.165666E+12   0.201558E+10   0.175766E+10   0.107625E+08
 0772   0.117022E+03   0.166424E+12   0.190964E+10   0.175108E+10   0.105786E+08
 0773   0.117382E+03   0.167151E+12   0.201929E+10   0.176046E+10   0.104041E+08
 0774   0.117744E+03   0.167882E+12   0.202068E+10   0.177018E+10   0.102326E+08
 0775   0.118150E+03   0.168656E+12   0.190918E+10   0.176145E+10   0.100568E+08
 0776   0.118517E+03   0.169397E+12   0.201586E+10   0.176944E+10   0.988985E+07
 0777   0.118886E+03   0.170142E+12   0.201958E+10   0.177982E+10   0.972546E+07
 0778   0.119298E+03   0.170933E+12   0.191833E+10   0.177473E+10   0.955678E+07
 0779   0.119671E+03   0.171695E+12   0.204257E+10   0.178538E+10   0.939696E+07
 0780   0.120046E+03   0.172464E+12   0.205218E+10   0.179565E+10   0.923972E+07
 0781   0.120465E+03   0.173278E+12   0.194260E+10   0.179026E+10   0.907826E+07
 0782   0.120845E+03   0.174061E+12   0.206325E+10   0.180176E+10   0.892558E+07
 0783   0.121270E+03   0.174893E+12   0.195511E+10   0.179667E+10   0.876896E+07
 0784   0.121655E+03   0.175693E+12   0.207417E+10   0.180645E+10   0.862069E+07
 0785   0.122043E+03   0.176499E+12   0.207766E+10   0.181648E+10   0.847491E+07
 0786   0.122478E+03   0.177351E+12   0.196325E+10   0.181079E+10   0.832523E+07
 0787   0.122872E+03   0.178172E+12   0.208328E+10   0.181975E+10   0.818364E+07
 0788   0.123312E+03   0.179040E+12   0.196911E+10   0.181284E+10   0.803829E+07
 0789   0.123711E+03   0.179873E+12   0.208717E+10   0.182428E+10   0.790042E+07
 0790   0.124113E+03   0.180716E+12   0.209981E+10   0.183649E+10   0.776455E+07
 0791   0.124562E+03   0.181611E+12   0.199535E+10   0.183338E+10   0.762492E+07
 0792   0.124969E+03   0.182477E+12   0.212598E+10   0.184549E+10   0.749304E+07
 0793   0.125424E+03   0.183395E+12   0.201573E+10   0.183957E+10   0.735820E+07
 0794   0.125838E+03   0.184277E+12   0.213180E+10   0.185211E+10   0.723085E+07
 0795   0.126254E+03   0.185169E+12   0.214259E+10   0.186477E+10   0.710587E+07
 0796   0.126721E+03   0.186115E+12   0.202797E+10   0.185946E+10   0.697717E+07
 0797   0.127144E+03   0.187026E+12   0.215134E+10   0.187308E+10   0.685582E+07
 0798   0.127619E+03   0.187994E+12   0.204197E+10   0.187118E+10   0.673106E+07
 0799   0.128049E+03   0.188931E+12   0.217744E+10   0.188490E+10   0.661346E+07
 0800   0.128531E+03   0.189926E+12   0.206446E+10   0.188215E+10   0.649266E+07
 0801   0.128967E+03   0.190885E+12   0.219541E+10   0.189611E+10   0.637887E+07
 0802   0.129457E+03   0.191902E+12   0.207756E+10   0.189333E+10   0.626193E+07
 0803   0.129902E+03   0.192883E+12   0.220702E+10   0.190592E+10   0.615191E+07
 0804   0.130400E+03   0.193921E+12   0.208224E+10   0.190142E+10   0.603865E+07
 0805   0.130852E+03   0.194919E+12   0.221036E+10   0.191418E+10   0.593211E+07
 0806   0.131358E+03   0.195976E+12   0.208804E+10   0.190911E+10   0.582209E+07
 0807   0.131817E+03   0.196993E+12   0.221451E+10   0.192394E+10   0.571853E+07
 0808   0.132329E+03   0.198072E+12   0.210744E+10   0.192372E+10   0.561190E+07
 0809   0.132843E+03   0.199166E+12   0.213003E+10   0.192031E+10   0.550784E+07
 0810   0.133306E+03   0.200213E+12   0.226196E+10   0.193534E+10   0.540976E+07
 0811   0.133821E+03   0.201318E+12   0.214217E+10   0.193395E+10   0.530948E+07
 0812   0.134338E+03   0.202430E+12   0.214966E+10   0.193334E+10   0.521108E+07
 0813   0.134805E+03   0.203496E+12   0.228845E+10   0.195330E+10   0.511844E+07
 0814   0.135324E+03   0.204627E+12   0.217831E+10   0.195755E+10   0.502319E+07
 0815   0.135844E+03   0.205770E+12   0.219775E+10   0.196123E+10   0.492977E+07
 0816   0.136365E+03   0.206922E+12   0.220993E+10   0.196524E+10   0.483815E+07
 0817   0.136887E+03   0.208080E+12   0.221936E+10   0.197045E+10   0.474825E+07
 0818   0.137462E+03   0.209299E+12   0.211861E+10   0.196028E+10   0.465649E+07
 0819   0.137986E+03   0.210473E+12   0.224084E+10   0.196781E+10   0.456964E+07
 0820   0.138511E+03   0.211656E+12   0.225404E+10   0.197616E+10   0.448434E+07
 0821   0.139037E+03   0.212848E+12   0.226741E+10   0.198538E+10   0.440066E+07
 0822   0.139616E+03   0.214102E+12   0.216535E+10   0.197969E+10   0.431524E+07
 0823   0.140143E+03   0.215311E+12   0.229349E+10   0.199082E+10   0.423431E+07
 0824   0.140671E+03   0.216529E+12   0.230732E+10   0.200230E+10   0.415510E+07
 0825   0.141252E+03   0.217807E+12   0.219858E+10   0.199922E+10   0.407387E+07
 0826   0.141834E+03   0.219094E+12   0.221087E+10   0.199563E+10   0.399440E+07
 0827   0.142365E+03   0.220333E+12   0.233634E+10   0.200863E+10   0.391901E+07
 0828   0.142949E+03   0.221632E+12   0.222360E+10   0.200627E+10   0.384209E+07
 0829   0.143534E+03   0.222937E+12   0.223064E+10   0.200385E+10   0.376659E+07
 0830   0.144066E+03   0.224192E+12   0.235584E+10   0.201805E+10   0.369489E+07
 0831   0.144653E+03   0.225507E+12   0.224113E+10   0.201778E+10   0.362161E+07
 0832   0.145241E+03   0.226830E+12   0.225132E+10   0.202095E+10   0.354960E+07
 0833   0.145830E+03   0.228168E+12   0.227130E+10   0.202398E+10   0.347889E+07
 0834   0.146420E+03   0.229517E+12   0.228595E+10   0.202613E+10   0.340953E+07
 0835   0.147011E+03   0.230872E+12   0.229279E+10   0.202705E+10   0.334139E+07
 0836   0.147603E+03   0.232230E+12   0.229294E+10   0.203210E+10   0.327437E+07
 0837   0.148197E+03   0.233599E+12   0.230731E+10   0.203996E+10   0.320848E+07
 0838   0.148791E+03   0.234984E+12   0.232900E+10   0.204884E+10   0.314375E+07
 0839   0.149387E+03   0.236383E+12   0.234948E+10   0.205617E+10   0.308026E+07
 0840   0.149984E+03   0.237792E+12   0.235896E+10   0.206364E+10   0.301807E+07
 0841   0.150637E+03   0.239263E+12   0.225485E+10   0.205663E+10   0.295473E+07
 0842   0.151236E+03   0.240685E+12   0.237068E+10   0.206488E+10   0.289475E+07
 0843   0.151837E+03   0.242113E+12   0.237655E+10   0.207357E+10   0.283608E+07
 0844   0.152494E+03   0.243605E+12   0.227055E+10   0.206792E+10   0.277608E+07
 0845   0.153097E+03   0.245047E+12   0.238968E+10   0.207911E+10   0.271954E+07
 0846   0.153757E+03   0.246557E+12   0.228996E+10   0.207684E+10   0.266184E+07
 0847   0.154363E+03   0.248022E+12   0.241854E+10   0.208792E+10   0.260753E+07
 0848   0.155025E+03   0.249551E+12   0.230967E+10   0.208259E+10   0.255202E+07
 0849   0.155689E+03   0.251083E+12   0.230852E+10   0.207840E+10   0.249784E+07
 0850   0.156298E+03   0.252561E+12   0.242360E+10   0.209146E+10   0.244652E+07
 0851   0.156964E+03   0.254107E+12   0.232013E+10   0.208920E+10   0.239429E+07
 0852   0.157632E+03   0.255662E+12   0.232798E+10   0.208668E+10   0.234320E+07
 0853   0.158246E+03   0.257163E+12   0.244643E+10   0.209900E+10   0.229483E+07
 0854   0.158917E+03   0.258730E+12   0.233446E+10   0.209560E+10   0.224557E+07
 0855   0.159590E+03   0.260301E+12   0.233485E+10   0.209298E+10   0.219740E+07
 0856   0.160209E+03   0.261818E+12   0.245255E+10   0.210858E+10   0.215194E+07
 0857   0.160885E+03   0.263408E+12   0.235192E+10   0.210901E+10   0.210548E+07
 0858   0.161563E+03   0.265010E+12   0.236324E+10   0.210590E+10   0.206003E+07
 0859   0.162186E+03   0.266552E+12   0.247632E+10   0.211954E+10   0.201756E+07
 0860   0.162867E+03   0.268161E+12   0.236149E+10   0.212131E+10   0.197386E+07
 0861   0.163549E+03   0.269783E+12   0.237523E+10   0.212347E+10   0.193115E+07
 0862   0.164234E+03   0.271417E+12   0.238816E+10   0.212503E+10   0.188939E+07
 0863   0.164920E+03   0.273061E+12   0.239580E+10   0.212651E+10   0.184854E+07
 0864   0.165608E+03   0.274712E+12   0.240069E+10   0.212679E+10   0.180853E+07
 0865   0.166297E+03   0.276367E+12   0.240002E+10   0.212736E+10   0.176935E+07
 0866   0.166988E+03   0.278026E+12   0.240090E+10   0.213053E+10   0.173097E+07
 0867   0.167681E+03   0.279696E+12   0.241135E+10   0.213375E+10   0.169332E+07
 0868   0.168375E+03   0.281377E+12   0.242010E+10   0.213371E+10   0.165640E+07
 0869   0.169072E+03   0.283058E+12   0.241549E+10   0.213533E+10   0.162024E+07
 0870   0.169769E+03   0.284745E+12   0.241757E+10   0.213882E+10   0.158480E+07
 0871   0.170469E+03   0.286443E+12   0.242651E+10   0.214188E+10   0.155007E+07
 0872   0.171170E+03   0.288149E+12   0.243264E+10   0.214440E+10   0.151603E+07
 0873   0.171873E+03   0.289862E+12   0.243553E+10   0.214683E+10   0.148266E+07
 0874   0.172578E+03   0.291580E+12   0.243739E+10   0.214844E+10   0.144998E+07
 0875   0.173285E+03   0.293303E+12   0.243651E+10   0.215175E+10   0.141797E+07
 0876   0.173994E+03   0.295034E+12   0.244262E+10   0.215661E+10   0.138657E+07
 0877   0.174705E+03   0.296778E+12   0.245334E+10   0.215722E+10   0.135578E+07
 0878   0.175418E+03   0.298522E+12   0.244716E+10   0.215803E+10   0.132565E+07
 0879   0.176132E+03   0.300268E+12   0.244339E+10   0.216317E+10   0.129615E+07
 0880   0.176849E+03   0.302028E+12   0.245676E+10   0.216760E+10   0.126726E+07
 0881   0.177567E+03   0.303799E+12   0.246608E+10   0.217072E+10   0.123895E+07
 0882   0.178287E+03   0.305576E+12   0.246863E+10   0.217279E+10   0.121126E+07
 0883   0.179009E+03   0.307357E+12   0.246694E+10   0.217770E+10   0.118420E+07
 0884   0.179732E+03   0.309148E+12   0.247633E+10   0.218482E+10   0.115770E+07
 0885   0.180457E+03   0.310956E+12   0.249219E+10   0.218733E+10   0.113176E+07
 0886   0.181184E+03   0.312764E+12   0.248840E+10   0.219161E+10   0.110643E+07
 0887   0.181913E+03   0.314579E+12   0.249163E+10   0.219995E+10   0.108171E+07
 0888   0.182704E+03   0.316480E+12   0.240206E+10   0.219399E+10   0.105592E+07
 0889   0.183435E+03   0.318328E+12   0.252646E+10   0.220433E+10   0.103229E+07
 0890   0.184169E+03   0.320195E+12   0.254449E+10   0.220898E+10   0.100922E+07
 0891   0.184965E+03   0.322127E+12   0.242786E+10   0.220188E+10   0.985200E+06
 0892   0.185701E+03   0.323998E+12   0.254066E+10   0.221282E+10   0.963190E+06
 0893   0.186439E+03   0.325885E+12   0.255716E+10   0.222294E+10   0.941683E+06
 0894   0.187240E+03   0.327851E+12   0.245600E+10   0.221810E+10   0.919238E+06
 0895   0.187980E+03   0.329758E+12   0.257459E+10   0.223000E+10   0.898717E+06
 0896   0.188784E+03   0.331746E+12   0.247481E+10   0.222976E+10   0.877301E+06
 0897   0.189588E+03   0.333753E+12   0.249337E+10   0.222524E+10   0.856425E+06
 0898   0.190332E+03   0.335691E+12   0.260494E+10   0.223970E+10   0.837277E+06
 0899   0.191140E+03   0.337713E+12   0.250533E+10   0.224333E+10   0.817366E+06
 0900   0.191948E+03   0.339758E+12   0.252970E+10   0.224555E+10   0.797938E+06
 0901   0.192758E+03   0.341818E+12   0.254329E+10   0.224655E+10   0.778972E+06
 0902   0.193569E+03   0.343884E+12   0.254787E+10   0.224882E+10   0.760456E+06
 0903   0.194381E+03   0.345959E+12   0.255470E+10   0.225148E+10   0.742366E+06
 0904   0.195195E+03   0.348042E+12   0.256126E+10   0.225605E+10   0.724693E+06
 0905   0.196009E+03   0.350140E+12   0.257373E+10   0.226560E+10   0.707412E+06
 0906   0.196826E+03   0.352262E+12   0.260096E+10   0.227048E+10   0.690531E+06
 0907   0.197643E+03   0.354393E+12   0.260548E+10   0.227890E+10   0.674080E+06
 0908   0.198462E+03   0.356540E+12   0.262103E+10   0.229261E+10   0.658045E+06
 0909   0.199346E+03   0.358789E+12   0.254506E+10   0.229122E+10   0.641428E+06
 0910   0.200232E+03   0.361061E+12   0.256482E+10   0.228947E+10   0.625260E+06
 0911   0.201056E+03   0.363272E+12   0.268342E+10   0.230340E+10   0.610403E+06
 0912   0.201945E+03   0.365575E+12   0.258878E+10   0.230478E+10   0.595036E+06
 0913   0.202837E+03   0.367896E+12   0.260360E+10   0.230763E+10   0.580059E+06
 0914   0.203730E+03   0.370236E+12   0.261974E+10   0.231157E+10   0.565459E+06
 0915   0.204626E+03   0.372597E+12   0.263549E+10   0.231700E+10   0.551225E+06
 0916   0.205523E+03   0.374977E+12   0.265221E+10   0.232361E+10   0.537352E+06
 0917   0.206423E+03   0.377377E+12   0.266888E+10   0.233206E+10   0.523844E+06
 0918   0.207324E+03   0.379800E+12   0.268804E+10   0.234269E+10   0.510696E+06
 0919   0.208228E+03   0.382249E+12   0.271086E+10   0.235519E+10   0.497863E+06
 0920   0.209198E+03   0.384802E+12   0.263155E+10   0.235425E+10   0.484724E+06
 0921   0.210170E+03   0.387377E+12   0.264826E+10   0.235501E+10   0.471931E+06
 0922   0.211079E+03   0.389895E+12   0.276881E+10   0.237057E+10   0.460098E+06
 0923   0.212056E+03   0.392514E+12   0.268179E+10   0.237462E+10   0.447976E+06
 0924   0.213035E+03   0.395158E+12   0.270069E+10   0.238008E+10   0.436172E+06
 0925   0.214016E+03   0.397827E+12   0.271951E+10   0.238732E+10   0.424676E+06
 0926   0.215000E+03   0.400523E+12   0.273971E+10   0.239625E+10   0.413473E+06
 0927   0.215987E+03   0.403247E+12   0.276108E+10   0.240770E+10   0.402532E+06
 0928   0.217042E+03   0.406082E+12   0.268752E+10   0.240855E+10   0.391524E+06
 0929   0.218100E+03   0.408953E+12   0.271347E+10   0.241098E+10   0.380792E+06
 0930   0.219094E+03   0.411775E+12   0.283730E+10   0.242882E+10   0.370726E+06
 0931   0.220158E+03   0.414714E+12   0.276373E+10   0.243518E+10   0.360584E+06
 0932   0.221225E+03   0.417687E+12   0.278758E+10   0.244338E+10   0.350709E+06
 0933   0.222294E+03   0.420694E+12   0.281130E+10   0.245360E+10   0.341082E+06
 0934   0.223433E+03   0.423818E+12   0.274151E+10   0.245389E+10   0.331511E+06
 0935   0.224509E+03   0.426895E+12   0.286172E+10   0.246858E+10   0.322391E+06
 0936   0.225655E+03   0.430095E+12   0.279233E+10   0.247406E+10   0.313341E+06
 0937   0.226804E+03   0.433338E+12   0.282201E+10   0.248269E+10   0.304536E+06
 0938   0.227956E+03   0.436628E+12   0.285497E+10   0.249328E+10   0.295968E+06
 0939   0.229112E+03   0.439963E+12   0.288653E+10   0.250643E+10   0.287617E+06
 0940   0.230338E+03   0.443430E+12   0.282647E+10   0.251050E+10   0.279395E+06
 0941   0.231568E+03   0.446944E+12   0.285778E+10   0.251705E+10   0.271390E+06
 0942   0.232801E+03   0.450506E+12   0.288862E+10   0.252664E+10   0.263603E+06
 0943   0.234038E+03   0.454119E+12   0.292137E+10   0.253909E+10   0.256021E+06
 0944   0.235347E+03   0.457873E+12   0.286809E+10   0.254308E+10   0.248569E+06
 0945   0.236590E+03   0.461592E+12   0.299023E+10   0.256162E+10   0.241385E+06
 0946   0.237907E+03   0.465459E+12   0.293686E+10   0.257198E+10   0.234332E+06
 0947   0.239228E+03   0.469387E+12   0.297376E+10   0.258549E+10   0.227468E+06
 0948   0.240623E+03   0.473469E+12   0.292625E+10   0.259190E+10   0.220752E+06
 0949   0.242022E+03   0.477619E+12   0.296589E+10   0.260174E+10   0.214220E+06
 0950   0.243426E+03   0.481839E+12   0.300666E+10   0.261545E+10   0.207870E+06
 0951   0.244904E+03   0.486227E+12   0.296838E+10   0.262278E+10   0.201670E+06
 0952   0.246316E+03   0.490600E+12   0.309701E+10   0.264467E+10   0.195681E+06
 0953   0.247874E+03   0.495246E+12   0.298242E+10   0.265121E+10   0.189809E+06
 0954   0.249365E+03   0.499890E+12   0.311451E+10   0.267497E+10   0.184149E+06
 0955   0.250932E+03   0.504744E+12   0.309826E+10   0.269757E+10   0.178631E+06
 0956   0.252574E+03   0.509835E+12   0.309901E+10   0.270850E+10   0.173254E+06
 0957   0.254294E+03   0.515118E+12   0.307297E+10   0.271079E+10   0.168015E+06
 0958   0.255946E+03   0.520375E+12   0.318099E+10   0.273209E+10   0.162950E+06
 0959   0.257748E+03   0.525944E+12   0.309040E+10   0.274621E+10   0.158001E+06
 0960   0.259556E+03   0.531677E+12   0.317150E+10   0.276216E+10   0.153194E+06
 0961   0.261370E+03   0.537550E+12   0.323765E+10   0.277770E+10   0.148521E+06
 0962   0.263263E+03   0.543627E+12   0.321004E+10   0.279582E+10   0.143971E+06
 0963   0.265163E+03   0.549861E+12   0.328139E+10   0.282957E+10   0.139552E+06
 0964   0.267217E+03   0.556543E+12   0.325371E+10   0.284865E+10   0.135246E+06
 0965   0.269352E+03   0.563540E+12   0.327619E+10   0.286055E+10   0.131064E+06
 0966   0.271497E+03   0.570698E+12   0.333809E+10   0.287625E+10   0.127011E+06
 0967   0.273724E+03   0.578113E+12   0.332891E+10   0.290805E+10   0.123079E+06
 0968   0.276110E+03   0.586062E+12   0.333128E+10   0.292002E+10   0.119257E+06
 0969   0.278507E+03   0.594224E+12   0.340563E+10   0.293834E+10   0.115551E+06
 0970   0.280990E+03   0.602710E+12   0.341764E+10   0.295998E+10   0.111945E+06
 0971   0.283561E+03   0.611569E+12   0.344603E+10   0.298284E+10   0.108432E+06
 0972   0.286221E+03   0.620831E+12   0.348162E+10   0.301445E+10   0.105009E+06
 0973   0.289049E+03   0.630711E+12   0.349357E+10   0.302706E+10   0.101654E+06
 0974   0.291893E+03   0.640835E+12   0.355901E+10   0.304177E+10   0.983558E+05
 0975   0.294832E+03   0.651276E+12   0.355267E+10   0.306328E+10   0.950835E+05
 0976   0.297946E+03   0.662255E+12   0.352647E+10   0.307304E+10   0.918131E+05
 0977   0.301157E+03   0.673604E+12   0.353389E+10   0.307547E+10   0.885080E+05
 0978   0.304310E+03   0.685011E+12   0.361817E+10   0.310743E+10   0.852245E+05
 0979   0.307720E+03   0.697208E+12   0.357694E+10   0.310761E+10   0.819009E+05
 0980   0.311070E+03   0.709452E+12   0.365434E+10   0.312613E+10   0.785378E+05
 0981   0.314601E+03   0.722230E+12   0.361938E+10   0.315645E+10   0.751432E+05
 0982   0.318315E+03   0.735806E+12   0.365547E+10   0.316424E+10   0.716846E+05
 0983   0.322052E+03   0.749671E+12   0.371026E+10   0.319045E+10   0.681789E+05
 0984   0.325976E+03   0.764271E+12   0.372055E+10   0.321219E+10   0.645908E+05
 0985   0.330090E+03   0.779615E+12   0.372922E+10   0.323323E+10   0.608962E+05
 0986   0.334316E+03   0.795629E+12   0.378947E+10   0.326267E+10   0.571228E+05
 0987   0.338824E+03   0.812697E+12   0.378604E+10   0.327879E+10   0.531578E+05
 0988   0.343368E+03   0.830320E+12   0.387814E+10   0.332356E+10   0.490591E+05
 0989   0.348373E+03   0.849590E+12   0.385091E+10   0.334588E+10   0.446645E+05
 0990   0.353416E+03   0.869673E+12   0.398230E+10   0.340386E+10   0.400784E+05
 0991   0.359015E+03   0.891992E+12   0.398595E+10   0.344258E+10   0.351719E+05
 0992   0.364829E+03   0.915884E+12   0.410934E+10   0.349809E+10   0.298320E+05
 0993   0.371220E+03   0.942296E+12   0.413250E+10   0.355882E+10   0.239973E+05
 0994   0.378153E+03   0.971633E+12   0.423159E+10   0.362510E+10   0.177063E+05
 0995   0.385610E+03   0.100428E+13   0.437806E+10   0.373754E+10   0.115161E+05
 0996   0.394263E+03   0.104317E+13   0.449475E+10   0.386167E+10   0.628479E+04
 0997   0.404090E+03   0.108991E+13   0.475577E+10   0.404429E+10   0.323807E+04
 0998   0.415818E+03   0.114989E+13   0.511403E+10   0.434631E+10   0.339303E+04
 0999   0.430608E+03   0.123644E+13   0.585265E+10   0.509955E+10   0.395121E+03
