 0001  0.2372805394118840E+000
 0002  0.2372147637290206E+000
 0003  0.2372147637290206E+000
 0004  0.2372147637290206E+000
 0005  0.2371386584295345E+000
 0006  0.2371386584295345E+000
 0007  0.2370527193389058E+000
 0008  0.2370527193389058E+000
 0009  0.2369687759163785E+000
 0010  0.2369687759163785E+000
 0011  0.2369687759163785E+000
 0012  0.2368731662212120E+000
 0013  0.2368731662212120E+000
 0014  0.2367797767638609E+000
 0015  0.2367797767638609E+000
 0016  0.2366748051614381E+000
 0017  0.2366748051614381E+000
 0018  0.2365575313382623E+000
 0019  0.2365575313382623E+000
 0020  0.2364429808348976E+000
 0021  0.2364429808348976E+000
 0022  0.2363141494260903E+000
 0023  0.2363141494260903E+000
 0024  0.2361721506433131E+000
 0025  0.2361721506433131E+000
 0026  0.2360158954146701E+000
 0027  0.2358675778016334E+000
 0028  0.2358675778016334E+000
 0029  0.2357027308346095E+000
 0030  0.2357027308346095E+000
 0031  0.2355204780026109E+000
 0032  0.2355204780026109E+000
 0033  0.2353424574258129E+000
 0034  0.2351529260483552E+000
 0035  0.2351529260483552E+000
 0036  0.2349355312594885E+000
 0037  0.2349355312594885E+000
 0038  0.2347231847884761E+000
 0039  0.2344700082910856E+000
 0040  0.2344700082910856E+000
 0041  0.2341439729758708E+000
 0042  0.2337336270377454E+000
 0043  0.2337336270377454E+000
 0044  0.2333328101078204E+000
 0045  0.2333328101078204E+000
 0046  0.2328303230771695E+000
 0047  0.2322239669557257E+000
 0048  0.2322239669557257E+000
 0049  0.2314567235152772E+000
 0050  0.2307435858609986E+000
 0051  0.2298596390393998E+000
 0052  0.2298596390393998E+000
 0053  0.2287309376223633E+000
 0054  0.2274456745500941E+000
 0055  0.2274456745500941E+000
 0056  0.2261902577153952E+000
 0057  0.2247157940259935E+000
 0058  0.2247157940259935E+000
 0059  0.2229009570115522E+000
 0060  0.2208361396773882E+000
 0061  0.2185189859943996E+000
 0062  0.2185189859943996E+000
 0063  0.2162556409991432E+000
 0064  0.2137515430349546E+000
 0065  0.2109960250698500E+000
 0066  0.2109960250698500E+000
 0067  0.2077722616787871E+000
 0068  0.2043025583649782E+000
 0069  0.2011608037928789E+000
 0070  0.2011608037928789E+000
 0071  0.1974262443358177E+000
 0072  0.1934085907768103E+000
 0073  0.1892175904672470E+000
 0074  0.1848595109064758E+000
 0075  0.1848595109064758E+000
 0076  0.1806026341894862E+000
 0077  0.1760966522914767E+000
 0078  0.1713880313199594E+000
 0079  0.1665250495344557E+000
 0080  0.1665250495344557E+000
 0081  0.1610644650287781E+000
 0082  0.1555925365689561E+000
 0083  0.1507872849263724E+000
 0084  0.1458383100617189E+000
 0085  0.1458383100617189E+000
 0086  0.1402388953530454E+000
 0087  0.1346807854723469E+000
 0088  0.1291974538037612E+000
 0089  0.1238078976559452E+000
 0090  0.1185223651599964E+000
 0091  0.1185223651599964E+000
 0092  0.1126735594371632E+000
 0093  0.1070535387828753E+000
 0094  0.1017518532009990E+000
 0095  0.9674133890712305E-001
 0096  0.9196702855385021E-001
 0097  0.8739002632187955E-001
 0098  0.8298253222461514E-001
 0099  0.7872443927754125E-001
 0100  0.7460097704378113E-001
 0101  0.7058490817950892E-001
 0102  0.6669887600645037E-001
 0103  0.6295940568712083E-001
 0104  0.5937802273230106E-001
 0105  0.5596218057028177E-001
 0106  0.5271603037129498E-001
 0107  0.4941558807262481E-001
 0108  0.4636503943208380E-001
 0109  0.4354356454163420E-001
 0110  0.4093235746559571E-001
 0111  0.3851471430823403E-001
 0112  0.3627569697086030E-001
 0113  0.3252763526405220E-001
 0114  0.3094710050917037E-001
 0115  0.2945727495168985E-001
 0116  0.2805146878002987E-001
 0117  0.2672805069970052E-001
 0118  0.2548482786830771E-001
 0119  0.2431918283580083E-001
 0120  0.2322818730381710E-001
 0121  0.2220869620030512E-001
 0122  0.2125742506259641E-001
 0123  0.2032988593458912E-001
 0124  0.1947715711168990E-001
 0125  0.1869299599087593E-001
 0126  0.1797172786427015E-001
 0127  0.1730818657301019E-001
 0128  0.1669766234645327E-001
 0129  0.1613585586203692E-001
 0130  0.1519605314636005E-001
 0131  0.1480141629446062E-001
 0132  0.1443286163538496E-001
 0133  0.1408896130238570E-001
 0134  0.1376832582330746E-001
 0135  0.1346960954300368E-001
 0136  0.1319151467866315E-001
 0137  0.1292410612883963E-001
 0138  0.1267745301889586E-001
 0139  0.1244991189369656E-001
 0140  0.1223997509341120E-001
 0141  0.1204613082790286E-001
 0142  0.1186715747051055E-001
 0143  0.1170192367417674E-001
 0144  0.1154938320637769E-001
 0145  0.1129203786455409E-001
 0146  0.1118317700605683E-001
 0147  0.1108152623237768E-001
 0148  0.1098664815162286E-001
 0149  0.1089578575691277E-001
 0150  0.1081151934360863E-001
 0151  0.1073333019032530E-001
 0152  0.1066078087620566E-001
 0153  0.1059346538944930E-001
 0154  0.1053100687858238E-001
 0155  0.1047305556413351E-001
 0156  0.1041928679932746E-001
 0157  0.1036939926921250E-001
 0158  0.1028422509990360E-001
 0159  0.1024779035322674E-001
 0160  0.1021290871918231E-001
 0161  0.1018037396798686E-001
 0162  0.1015002817342060E-001
 0163  0.1012172403943997E-001
 0164  0.1009532418435038E-001
 0165  0.1007070047319857E-001
 0166  0.1004773339515284E-001
 0167  0.1002631144752287E-001
 0168  0.1000633064292725E-001
 0169  0.9987689287441912E-002
 0170  0.9955208171429497E-002
 0171  0.9941063775172128E-002
 0172  0.9927805835695278E-002
 0173  0.9915378714344216E-002
 0174  0.9903730273645672E-002
 0175  0.9892811656045627E-002
 0176  0.9882577076724021E-002
 0177  0.9872981820570231E-002
 0178  0.9863986198187810E-002
 0179  0.9855417855759581E-002
 0180  0.9847406517730407E-002
 0181  0.9833473182203315E-002
 0182  0.9827406528947846E-002
 0183  0.9821692434423466E-002
 0184  0.9816310526683823E-002
 0185  0.9811241598795999E-002
 0186  0.9806467543347063E-002
 0187  0.9801971290532695E-002
 0188  0.9797676892580239E-002
 0189  0.9793641213838047E-002
 0190  0.9786549735456097E-002
 0191  0.9783431032767883E-002
 0192  0.9780482061127178E-002
 0193  0.9777693620083473E-002
 0194  0.9775057003096048E-002
 0195  0.9772532431810881E-002
 0196  0.9770149415066645E-002
 0197  0.9767899889680250E-002
 0198  0.9765776258371033E-002
 0199  0.9763771363163129E-002
 0200  0.9760216858501109E-002
 0201  0.9758639825414601E-002
 0202  0.9757125960579845E-002
 0203  0.9755691388900020E-002
 0204  0.9754331896631219E-002
 0205  0.9753043497242590E-002
 0206  0.9751822418984635E-002
 0207  0.9750665008276045E-002
 0208  0.9748586603463486E-002
 0209  0.9747653483737335E-002
 0210  0.9746766150121008E-002
 0211  0.9745922274477481E-002
 0212  0.9745119705720413E-002
 0213  0.9744356400150299E-002
 0214  0.9743630416176177E-002
 0215  0.9742933313076870E-002
 0216  0.9741680951233839E-002
 0217  0.9741118110329032E-002
 0218  0.9740581181660832E-002
 0219  0.9740068960422014E-002
 0220  0.9739580298337771E-002
 0221  0.9739109943796542E-002
 0222  0.9738661626808490E-002
 0223  0.9737851080301950E-002
 0224  0.9737484496060064E-002
 0225  0.9737133814033490E-002
 0226  0.9736795586333518E-002
 0227  0.9736472302322418E-002
 0228  0.9736163277462035E-002
 0229  0.9735867871591138E-002
 0230  0.9735330713816531E-002
 0231  0.9735084528527531E-002
 0232  0.9734848616397500E-002
 0233  0.9734622541522648E-002
 0234  0.9734405886769637E-002
 0235  0.9734198246471173E-002
 0236  0.9733999239711381E-002
 0237  0.9733633012297826E-002
 0238  0.9733465768454007E-002
 0239  0.9733305123191982E-002
 0240  0.9733150812322353E-002
 0241  0.9733001580932770E-002
 0242  0.9732858312203937E-002
 0243  0.9732595482556001E-002
 0244  0.9732474892627756E-002
 0245  0.9732358076941902E-002
 0246  0.9732245693205101E-002
 0247  0.9732137567427267E-002
 0248  0.9732033535028604E-002
 0249  0.9731841311496115E-002
 0250  0.9731752508271461E-002
 0251  0.9731666906046214E-002
 0252  0.9731584385671661E-002
 0253  0.9731504381709881E-002
 0254  0.9731427289783344E-002
 0255  0.9731284790962625E-002
 0256  0.9731218921692895E-002
 0257  0.9731154963818930E-002
 0258  0.9731093222515671E-002
 0259  0.9731033619182929E-002
 0260  0.9730922774584937E-002
 0261  0.9730871235160986E-002
 0262  0.9730821399339210E-002
 0263  0.9730773209580712E-002
 0264  0.9730726379949678E-002
 0265  0.9730639264079494E-002
 0266  0.9730598739037413E-002
 0267  0.9730559307546391E-002
 0268  0.9730521131804445E-002
 0269  0.9730484170830731E-002
 0270  0.9730415049071961E-002
 0271  0.9730382729709046E-002
 0272  0.9730351394823804E-002
 0273  0.9730320882116970E-002
 0274  0.9730263806992016E-002
 0275  0.9730237111224302E-002
 0276  0.9730211086267294E-002
 0277  0.9730185826690803E-002
 0278  0.9730161309197134E-002
 0279  0.9730115146640251E-002
 0280  0.9730093505234681E-002
 0281  0.9730072473907628E-002
 0282  0.9730051956047368E-002
 0283  0.9730013391788205E-002
 0284  0.9729995200424807E-002
 0285  0.9729977505232400E-002
 0286  0.9729960292208304E-002
 0287  0.9729927751492673E-002
 0288  0.9729912427892869E-002
 0289  0.9729897454185366E-002
 0290  0.9729882875361079E-002
 0291  0.9729855314078547E-002
 0292  0.9729842287090772E-002
 0293  0.9729829590749198E-002
 0294  0.9729817176297789E-002
 0295  0.9729793667340432E-002
 0296  0.9729782537062179E-002
 0297  0.9729771680478913E-002
 0298  0.9729751052852502E-002
 0299  0.9729741284686247E-002
 0300  0.9729731719995255E-002
 0301  0.9729722383282928E-002
 0302  0.9729704618264773E-002
 0303  0.9729696192147714E-002
 0304  0.9729687936937886E-002
 0305  0.9729672229421605E-002
 0306  0.9729664757192136E-002
 0307  0.9729657432753286E-002
 0308  0.9729650272600919E-002
 0309  0.9729636629833404E-002
 0310  0.9729630130844286E-002
 0311  0.9729623756930624E-002
 0312  0.9729611596549883E-002
 0313  0.9729605796257684E-002
 0314  0.9729600104784115E-002
 0315  0.9729589232920553E-002
 0316  0.9729584040829214E-002
 0317  0.9729578943736140E-002
 0318  0.9729569195892815E-002
 0319  0.9729564535194416E-002
 0320  0.9729559957716266E-002
 0321  0.9729551193827311E-002
 0322  0.9729546998911928E-002
 0323  0.9729542877089015E-002
 0324  0.9729534977120783E-002
 0325  0.9729531184469547E-002
 0326  0.9729523908081673E-002
 0327  0.9729520417944126E-002
 0328  0.9729516985797338E-002
 0329  0.9729510388805094E-002
 0330  0.9729507218906955E-002
 0331  0.9729504106030479E-002
 0332  0.9729498112375555E-002
 0333  0.9729495232250078E-002
 0334  0.9729489682178644E-002
 0335  0.9729487012807750E-002
 0336  0.9729484384992725E-002
 0337  0.9729479321349812E-002
 0338  0.9729476882098262E-002
 0339  0.9729472174740730E-002
 0340  0.9729469906988608E-002
 0341  0.9729465527315384E-002
 0342  0.9729463412886601E-002
 0343  0.9729461332213410E-002
 0344  0.9729457311278193E-002
 0345  0.9729455368784902E-002
 0346  0.9729451612617864E-002
 0347  0.9729449799093227E-002
 0348  0.9729446289898875E-002
 0349  0.9729444592415974E-002
 0350  0.9729441305873974E-002
 0351  0.9729439715169033E-002
 0352  0.9729436633621660E-002
 0353  0.9729435141284808E-002
 0354  0.9729432248703165E-002
 0355  0.9729430847103343E-002
 0356  0.9729428128937160E-002
 0357  0.9729426811137691E-002
 0358  0.9729424254145115E-002
 0359  0.9729423013828987E-002
 0360  0.9729420604936687E-002
 0361  0.9729419435392250E-002
 0362  0.9729417163883050E-002
 0363  0.9729416060978293E-002
 0364  0.9729413916207562E-002
 0365  0.9729411865588100E-002
 0366  0.9729410868633012E-002
 0367  0.9729408928985559E-002
 0368  0.9729407985594431E-002
 0369  0.9729406148816866E-002
 0370  0.9729404388661598E-002
 0371  0.9729403531618306E-002
 0372  0.9729401862213495E-002
 0373  0.9729401048831457E-002
 0374  0.9729399463914479E-002
 0375  0.9729397941675799E-002
 0376  0.9729397199504738E-002
 0377  0.9729395751608394E-002
 0378  0.9729394359609126E-002
 0379  0.9729393680512856E-002
 0380  0.9729392354850026E-002
 0381  0.9729391078874480E-002
 0382  0.9729390455878199E-002
 0383  0.9729389238790374E-002
 0384  0.9729388065869062E-002
 0385  0.9729386935049796E-002
 0386  0.9729386382303430E-002
 0387  0.9729385301285524E-002
 0388  0.9729384258151497E-002
 0389  0.9729383251048163E-002
 0390  0.9729382758249592E-002
 0391  0.9729381793725447E-002
 0392  0.9729380861506423E-002
 0393  0.9729379960149675E-002
 0394  0.9729379088384974E-002
 0395  0.9729378244710365E-002
 0396  0.9729377831355584E-002
 0397  0.9729377021077170E-002
 0398  0.9729376236323596E-002
 0399  0.9729375476026878E-002
 0400  0.9729374739131087E-002
 0401  0.9729374024637772E-002
 0402  0.9729373331619684E-002
 0403  0.9729372659195873E-002
 0404  0.9729372006522522E-002
 0405  0.9729371372939024E-002
 0406  0.9729370758534143E-002
 0407  0.9729370162666435E-002
 0408  0.9729369584575502E-002
 0409  0.9729369023540369E-002
 0410  0.9729368478876356E-002
 0411  0.9729367949933943E-002
 0412  0.9729367436095938E-002
 0413  0.9729366936775499E-002
 0414  0.9729366451414648E-002
 0415  0.9729365979482657E-002
 0416  0.9729365298048295E-002
 0417  0.9729364860587463E-002
 0418  0.9729364434748452E-002
 0419  0.9729364020111297E-002
 0420  0.9729363616275008E-002
 0421  0.9729363031910396E-002
 0422  0.9729362655974075E-002
 0423  0.9729362289463684E-002
 0424  0.9729361758422856E-002
 0425  0.9729361416356436E-002
 0426  0.9729361082557550E-002
 0427  0.9729360598331864E-002
 0428  0.9729360286053423E-002
 0429  0.9729359832664170E-002
 0430  0.9729359540030126E-002
 0431  0.9729359114822823E-002
 0432  0.9729358840163113E-002
 0433  0.9729358440771031E-002
 0434  0.9729358182594624E-002
 0435  0.9729357806901722E-002
 0436  0.9729357445386066E-002
 0437  0.9729357211423413E-002
 0438  0.9729356870584958E-002
 0439  0.9729356542160955E-002
 0440  0.9729356225536149E-002
 0441  0.9729355920134736E-002
 0442  0.9729355625416504E-002
 0443  0.9729355340874867E-002
 0444  0.9729355066033884E-002
 0445  0.9729354800446116E-002
 0446  0.9729354543690687E-002
 0447  0.9729354295371180E-002
 0448  0.9729354055113987E-002
 0449  0.9729353822566525E-002
 0450  0.9729353524460435E-002
 0451  0.9729353309415935E-002
 0452  0.9729353101005870E-002
 0453  0.9729352833445734E-002
 0454  0.9729352577463889E-002
 0455  0.9729352392434099E-002
 0456  0.9729352154527231E-002
 0457  0.9729351926523343E-002
 0458  0.9729351707879448E-002
 0459  0.9729351498090327E-002
 0460  0.9729351296685940E-002
 0461  0.9729351103227799E-002
 0462  0.9729350917307159E-002
 0463  0.9729350738541736E-002
 0464  0.9729350524863406E-002
 0465  0.9729350321639291E-002
 0466  0.9729350165996213E-002
 0467  0.9729349979615564E-002
 0468  0.9729349802003911E-002
 0469  0.9729349599897673E-002
 0470  0.9729349440088006E-002
 0471  0.9729349257962877E-002
 0472  0.9729349113743527E-002
 0473  0.9729348949159819E-002
 0474  0.9729348768365486E-002
 0475  0.9729348622346262E-002
 0476  0.9729348461669481E-002
 0477  0.9729348310783833E-002
 0478  0.9729348168968695E-002
 0479  0.9729348017256296E-002
 0480  0.9729347858905229E-002
 0481  0.9729347728189834E-002
 0482  0.9729347576981597E-002
 0483  0.9729347438231936E-002
 0484  0.9729347310755320E-002
 0485  0.9729347171307209E-002
 0486  0.9729347035278838E-002
 0487  0.9729346904338340E-002
 0488  0.9729346779831708E-002
 0489  0.9729346649258537E-002
 0490  0.9729346530639107E-002
 0491  0.9729346404555913E-002
 0492  0.9729346285015261E-002
 0493  0.9729346165621256E-002
 0494  0.9729346102775446E-002
 0495  0.9729346102775446E-002
 0496  0.9729346102775446E-002
 0497  0.9729346102775446E-002
 0498  0.9729346102775446E-002
 0499  0.9729346102775446E-002
 0500  0.9729346102775446E-002
 0501  0.9729346102775446E-002
 0502  0.9729346102775446E-002
 0503  0.9729346102775446E-002
 0504  0.9729346102775446E-002
 0505  0.9729346102775446E-002
 0506  0.9729346102775446E-002
 0507  0.9729346102775446E-002
 0508  0.9729346102775446E-002
 0509  0.9729346102775446E-002
 0510  0.9729346102775446E-002
 0511  0.9729346102775446E-002
 0512  0.9729346102775446E-002
 0513  0.9729346102775446E-002
 0514  0.9729346102775446E-002
 0515  0.9729346102775446E-002
 0516  0.9729346102775446E-002
 0517  0.9729346102775446E-002
 0518  0.9729346102775446E-002
 0519  0.9729346102775446E-002
 0520  0.9729346102775446E-002
 0521  0.9729346102775446E-002
 0522  0.9729346102775446E-002
 0523  0.9729346102775446E-002
 0524  0.9729346102775446E-002
 0525  0.9729346102775446E-002
 0526  0.9729346102775446E-002
 0527  0.9729346102775446E-002
 0528  0.9729346102775446E-002
 0529  0.9729346102775446E-002
 0530  0.9729346102775446E-002
 0531  0.9729346102775446E-002
 0532  0.9729346102775446E-002
 0533  0.9729346102775446E-002
 0534  0.9729346102775446E-002
 0535  0.9729346102775446E-002
 0536  0.9729346102775446E-002
 0537  0.9729346102775446E-002
 0538  0.9729346102775446E-002
 0539  0.9729346102775446E-002
 0540  0.9729346102775446E-002
 0541  0.9729346102775446E-002
 0542  0.9729346102775446E-002
 0543  0.9729346102775446E-002
 0544  0.9729346102775446E-002
 0545  0.9729346102775446E-002
 0546  0.9729346102775446E-002
 0547  0.9729346102775446E-002
 0548  0.9729346102775446E-002
 0549  0.9729346102775446E-002
 0550  0.9729346102775446E-002
 0551  0.9729346102775446E-002
 0552  0.9729346102775446E-002
 0553  0.9729346102775446E-002
 0554  0.9729346102775446E-002
 0555  0.9729346102775446E-002
 0556  0.9729346102775446E-002
 0557  0.9729346102775446E-002
 0558  0.9729346102775446E-002
 0559  0.9729346102775446E-002
 0560  0.9729346102775446E-002
 0561  0.9729346102775446E-002
 0562  0.9729346102775446E-002
 0563  0.9729346102775446E-002
 0564  0.9729346102775446E-002
 0565  0.9729346102775446E-002
 0566  0.9729346102775446E-002
 0567  0.9729346102775446E-002
 0568  0.9729346102775446E-002
 0569  0.9729346102775446E-002
 0570  0.9729346102775446E-002
 0571  0.9729346102775446E-002
 0572  0.9729346102775446E-002
 0573  0.9729346102775446E-002
 0574  0.9729346102775446E-002
 0575  0.9729346102775446E-002
 0576  0.9729346102775446E-002
 0577  0.9729346102775446E-002
 0578  0.9729346102775446E-002
 0579  0.9729346102775446E-002
 0580  0.9729346102775446E-002
 0581  0.9729346102775446E-002
 0582  0.9729346102775446E-002
 0583  0.9729346102775446E-002
 0584  0.9729346102775446E-002
 0585  0.9729346102775446E-002
 0586  0.9729346102775446E-002
 0587  0.9729346102775446E-002
 0588  0.9729346102775446E-002
 0589  0.9729346102775446E-002
 0590  0.9729346102775446E-002
 0591  0.9729346102775446E-002
 0592  0.9729346102775446E-002
 0593  0.9729346102775446E-002
 0594  0.9729346102775446E-002
 0595  0.9729346102775446E-002
 0596  0.9729346102775446E-002
 0597  0.9729346102775446E-002
 0598  0.9729346102775446E-002
 0599  0.9729346102775446E-002
 0600  0.9729346102775446E-002
 0601  0.9729346102775446E-002
 0602  0.9729346102775446E-002
 0603  0.9729346102775446E-002
 0604  0.9729346102775446E-002
 0605  0.9729346102775446E-002
 0606  0.9729346102775446E-002
 0607  0.9729346102775446E-002
 0608  0.9729346102775446E-002
 0609  0.9729346102775446E-002
 0610  0.9729346102775446E-002
 0611  0.9729346102775446E-002
 0612  0.9729346102775446E-002
 0613  0.9729346102775446E-002
 0614  0.9729346102775446E-002
 0615  0.9729346102775446E-002
 0616  0.9729346102775446E-002
 0617  0.9729346102775446E-002
 0618  0.9729346102775446E-002
 0619  0.9729346102775446E-002
 0620  0.9729346102775446E-002
 0621  0.9729346102775446E-002
 0622  0.9729346102775446E-002
 0623  0.9729346102775446E-002
 0624  0.9729346102775446E-002
 0625  0.9729346102775446E-002
 0626  0.9729346102775446E-002
 0627  0.9729346102775446E-002
 0628  0.9729346102775446E-002
 0629  0.9729346102775446E-002
 0630  0.9729346102775446E-002
 0631  0.9729346102775446E-002
 0632  0.9729346102775446E-002
 0633  0.9729346102775446E-002
 0634  0.9729346102775446E-002
 0635  0.9729346102775446E-002
 0636  0.9729346102775446E-002
 0637  0.9729346102775446E-002
 0638  0.9729346102775446E-002
 0639  0.9729346102775446E-002
 0640  0.9729346102775446E-002
 0641  0.9729346102775446E-002
 0642  0.9729346102775446E-002
 0643  0.9729346102775446E-002
 0644  0.9729346102775446E-002
 0645  0.9729346102775446E-002
 0646  0.9729346102775446E-002
 0647  0.9729346102775446E-002
 0648  0.9729346102775446E-002
 0649  0.9729346102775446E-002
 0650  0.9729346102775446E-002
 0651  0.9729346102775446E-002
 0652  0.9729346102775446E-002
 0653  0.9729346102775446E-002
 0654  0.9729346102775446E-002
 0655  0.9729346102775446E-002
 0656  0.9729346102775446E-002
 0657  0.9729346102775446E-002
 0658  0.9729346102775446E-002
 0659  0.9729346102775446E-002
 0660  0.9729346102775446E-002
 0661  0.9729346102775446E-002
 0662  0.9729346102775446E-002
 0663  0.9729346102775446E-002
 0664  0.9729346102775446E-002
 0665  0.9729346102775446E-002
 0666  0.9729346102775446E-002
 0667  0.9729346102775446E-002
 0668  0.9729346102775446E-002
 0669  0.9729346102775446E-002
 0670  0.9729346102775446E-002
 0671  0.9729346102775446E-002
 0672  0.9729346102775446E-002
 0673  0.9729346102775446E-002
 0674  0.9729346102775446E-002
 0675  0.9729346102775446E-002
 0676  0.9729346102775446E-002
 0677  0.9729346102775446E-002
 0678  0.9729346102775446E-002
 0679  0.9729346102775446E-002
 0680  0.9729346102775446E-002
 0681  0.9729346102775446E-002
 0682  0.9729346102775446E-002
 0683  0.9729346102775446E-002
 0684  0.9729346102775446E-002
 0685  0.9729346102775446E-002
 0686  0.9729346102775446E-002
 0687  0.9729346102775446E-002
 0688  0.9729346102775446E-002
 0689  0.9729346102775446E-002
 0690  0.9729346102775446E-002
 0691  0.9729346102775446E-002
 0692  0.9729346102775446E-002
 0693  0.9729346102775446E-002
 0694  0.9729346102775446E-002
 0695  0.9729346102775446E-002
 0696  0.9729346102775446E-002
 0697  0.9729346102775446E-002
 0698  0.9729346102775446E-002
 0699  0.9729346102775446E-002
 0700  0.9729346102775446E-002
 0701  0.9729346102775446E-002
 0702  0.9729346102775446E-002
 0703  0.9729346102775446E-002
 0704  0.9729346102775446E-002
 0705  0.9729346102775446E-002
 0706  0.9729346102775446E-002
 0707  0.9729346102775446E-002
 0708  0.9729346102775446E-002
 0709  0.9729346102775446E-002
 0710  0.9729346102775446E-002
 0711  0.9729346102775446E-002
 0712  0.9729346102775446E-002
 0713  0.9729346102775446E-002
 0714  0.9729346102775446E-002
 0715  0.9729346102775446E-002
 0716  0.9729346102775446E-002
 0717  0.9729346102775446E-002
 0718  0.9729346102775446E-002
 0719  0.9729346102775446E-002
 0720  0.9729346102775446E-002
 0721  0.9729346102775446E-002
 0722  0.9729346102775446E-002
 0723  0.9729346102775446E-002
 0724  0.9729346102775446E-002
 0725  0.9729346102775446E-002
 0726  0.9729346102775446E-002
 0727  0.9729346102775446E-002
 0728  0.9729346102775446E-002
 0729  0.9729346102775446E-002
 0730  0.9729346102775446E-002
 0731  0.9729346102775446E-002
 0732  0.9729346102775446E-002
 0733  0.9729346102775446E-002
 0734  0.9729346102775446E-002
 0735  0.9729346102775446E-002
 0736  0.9729346102775446E-002
 0737  0.9729346102775446E-002
 0738  0.9729346102775446E-002
 0739  0.9729346102775446E-002
 0740  0.9729346102775446E-002
 0741  0.9729346102775446E-002
 0742  0.9729346102775446E-002
 0743  0.9729346102775446E-002
 0744  0.9729346102775446E-002
 0745  0.9729346102775446E-002
 0746  0.9729346102775446E-002
 0747  0.9729346102775446E-002
 0748  0.9729346102775446E-002
 0749  0.9729346102775446E-002
 0750  0.9729346102775446E-002
 0751  0.9729346102775446E-002
 0752  0.9729346102775446E-002
 0753  0.9729346102775446E-002
 0754  0.9729346102775446E-002
 0755  0.9729346102775446E-002
 0756  0.9729346102775446E-002
 0757  0.9729346102775446E-002
 0758  0.9729346102775446E-002
 0759  0.9729346102775446E-002
 0760  0.9729346102775446E-002
 0761  0.9729346102775446E-002
 0762  0.9729346102775446E-002
 0763  0.9729346102775446E-002
 0764  0.9729346102775446E-002
 0765  0.9729346102775446E-002
 0766  0.9729346102775446E-002
 0767  0.9729346102775446E-002
 0768  0.9729346102775446E-002
 0769  0.9729346102775446E-002
 0770  0.9729346102775446E-002
 0771  0.9729346102775446E-002
 0772  0.9729346102775446E-002
 0773  0.9729346102775446E-002
 0774  0.9729346102775446E-002
 0775  0.9729346102775446E-002
 0776  0.9729346102775446E-002
 0777  0.9729346102775446E-002
 0778  0.9729346102775446E-002
 0779  0.9729346102775446E-002
 0780  0.9729346102775446E-002
 0781  0.9729346102775446E-002
 0782  0.9729346102775446E-002
 0783  0.9729346102775446E-002
 0784  0.9729346102775446E-002
 0785  0.9729346102775446E-002
 0786  0.9729346102775446E-002
 0787  0.9729346102775446E-002
 0788  0.9729346102775446E-002
 0789  0.9729346102775446E-002
 0790  0.9729346102775446E-002
 0791  0.9729346102775446E-002
 0792  0.9729346102775446E-002
 0793  0.9729346102775446E-002
 0794  0.9729346102775446E-002
 0795  0.9729346102775446E-002
 0796  0.9729346102775446E-002
 0797  0.9729346102775446E-002
 0798  0.9729346102775446E-002
 0799  0.9729346102775446E-002
 0800  0.9729346102775446E-002
 0801  0.9729346102775446E-002
 0802  0.9729346102775446E-002
 0803  0.9729346102775446E-002
 0804  0.9729346102775446E-002
 0805  0.9729346102775446E-002
 0806  0.9729346102775446E-002
 0807  0.9729346102775446E-002
 0808  0.9729346102775446E-002
 0809  0.9729346102775446E-002
 0810  0.9729346102775446E-002
 0811  0.9729346102775446E-002
 0812  0.9729346102775446E-002
 0813  0.9729346102775446E-002
 0814  0.9729346102775446E-002
 0815  0.9729346102775446E-002
 0816  0.9729346102775446E-002
 0817  0.9729346102775446E-002
 0818  0.9729346102775446E-002
 0819  0.9729346102775446E-002
 0820  0.9729346102775446E-002
 0821  0.9729346102775446E-002
 0822  0.9729346102775446E-002
 0823  0.9729346102775446E-002
 0824  0.9729346102775446E-002
 0825  0.9729346102775446E-002
 0826  0.9729346102775446E-002
 0827  0.9729346102775446E-002
 0828  0.9729346102775446E-002
 0829  0.9729346102775446E-002
 0830  0.9729346102775446E-002
 0831  0.9729346102775446E-002
 0832  0.9729346102775446E-002
 0833  0.9729346102775446E-002
 0834  0.9729346102775446E-002
 0835  0.9729346102775446E-002
 0836  0.9729346102775446E-002
 0837  0.9729346102775446E-002
 0838  0.9729346102775446E-002
 0839  0.9729346102775446E-002
 0840  0.9729346102775446E-002
 0841  0.9729346102775446E-002
 0842  0.9729346102775446E-002
 0843  0.9729346102775446E-002
 0844  0.9729346102775446E-002
 0845  0.9729346102775446E-002
 0846  0.9729346102775446E-002
 0847  0.9729346102775446E-002
 0848  0.9729346102775446E-002
 0849  0.9729346102775446E-002
 0850  0.9729346102775446E-002
 0851  0.9729346102775446E-002
 0852  0.9729346102775446E-002
 0853  0.9729346102775446E-002
 0854  0.9729346102775446E-002
 0855  0.9729346102775446E-002
 0856  0.9729346102775446E-002
 0857  0.9729346102775446E-002
 0858  0.9729346102775446E-002
 0859  0.9729346102775446E-002
 0860  0.9729346102775446E-002
 0861  0.9729346102775446E-002
 0862  0.9729346102775446E-002
 0863  0.9729346102775446E-002
 0864  0.9729346102775446E-002
 0865  0.9729346102775446E-002
 0866  0.9729346102775446E-002
 0867  0.9729346102775446E-002
 0868  0.9729346102775446E-002
 0869  0.9729346102775446E-002
 0870  0.9729346102775446E-002
 0871  0.9729346102775446E-002
 0872  0.9729346102775446E-002
 0873  0.9729346102775446E-002
 0874  0.9729346102775446E-002
 0875  0.9729346102775446E-002
 0876  0.9729346102775446E-002
 0877  0.9729346102775446E-002
 0878  0.9729346102775446E-002
 0879  0.9729346102775446E-002
 0880  0.9729346102775446E-002
 0881  0.9729346102775446E-002
 0882  0.9729346102775446E-002
 0883  0.9729346102775446E-002
 0884  0.9729346102775446E-002
 0885  0.9729346102775446E-002
 0886  0.9729346102775446E-002
 0887  0.9729346102775446E-002
 0888  0.9729346102775446E-002
 0889  0.9729346102775446E-002
 0890  0.9729346102775446E-002
 0891  0.9729346102775446E-002
 0892  0.9729346102775446E-002
 0893  0.9729346102775446E-002
 0894  0.9729346102775446E-002
 0895  0.9729346102775446E-002
 0896  0.9729346102775446E-002
 0897  0.9729346102775446E-002
 0898  0.9729346102775446E-002
 0899  0.9729346102775446E-002
 0900  0.9729346102775446E-002
 0901  0.9729346102775446E-002
 0902  0.9729346102775446E-002
 0903  0.9729346102775446E-002
 0904  0.9729346102775446E-002
 0905  0.9729346102775446E-002
 0906  0.9729346102775446E-002
 0907  0.9729346102775446E-002
 0908  0.9729346102775446E-002
 0909  0.9729346102775446E-002
 0910  0.9729346102775446E-002
 0911  0.9729346102775446E-002
 0912  0.9729346102775446E-002
 0913  0.9729346102775446E-002
 0914  0.9729346102775446E-002
 0915  0.9729346102775446E-002
 0916  0.9729346102775446E-002
 0917  0.9729346102775446E-002
 0918  0.9729346102775446E-002
 0919  0.9729346102775446E-002
 0920  0.9729346102775446E-002
 0921  0.9729346102775446E-002
 0922  0.9729346102775446E-002
 0923  0.9729346102775446E-002
 0924  0.9729346102775446E-002
 0925  0.9729346102775446E-002
 0926  0.9729346102775446E-002
 0927  0.9729346102775446E-002
 0928  0.9729346102775446E-002
 0929  0.9729346102775446E-002
 0930  0.9729346102775446E-002
 0931  0.9729346102775446E-002
 0932  0.9729346102775446E-002
 0933  0.9729346102775446E-002
 0934  0.9729346102775446E-002
 0935  0.9729346102775446E-002
 0936  0.9729346102775446E-002
 0937  0.9729346102775446E-002
 0938  0.9729346102775446E-002
 0939  0.9729346102775446E-002
 0940  0.9729346102775446E-002
 0941  0.9729346102775446E-002
 0942  0.9729346102775446E-002
 0943  0.9729346102775446E-002
 0944  0.9729346102775446E-002
 0945  0.9729346102775446E-002
 0946  0.9729346102775446E-002
 0947  0.9729346102775446E-002
 0948  0.9729346102775446E-002
 0949  0.9729346102775446E-002
 0950  0.9729346102775446E-002
 0951  0.9729346102775446E-002
 0952  0.9729346102775446E-002
 0953  0.9729346102775446E-002
 0954  0.9729346102775446E-002
 0955  0.9729346102775446E-002
 0956  0.9729346102775446E-002
 0957  0.9729346102775446E-002
 0958  0.9729346102775446E-002
 0959  0.9729346102775446E-002
 0960  0.9729346102775446E-002
 0961  0.9729346102775446E-002
 0962  0.9729346102775446E-002
 0963  0.9729346102775446E-002
 0964  0.9729346102775446E-002
 0965  0.9729346102775446E-002
 0966  0.9729346102775446E-002
 0967  0.9729346102775446E-002
 0968  0.9729346102775446E-002
 0969  0.9729346102775446E-002
 0970  0.9729346102775446E-002
 0971  0.9729346102775446E-002
 0972  0.9729346102775446E-002
 0973  0.9729346102775446E-002
 0974  0.9729346102775446E-002
 0975  0.9729346102775446E-002
 0976  0.9729346102775446E-002
 0977  0.9729346102775446E-002
 0978  0.9729346102775446E-002
 0979  0.9729346102775446E-002
 0980  0.9729346102775446E-002
 0981  0.9729346102775446E-002
 0982  0.9729346102775446E-002
 0983  0.9729346102775446E-002
 0984  0.9729346102775446E-002
 0985  0.9729346102775446E-002
 0986  0.9729346102775446E-002
 0987  0.9729346102775446E-002
 0988  0.9729346102775446E-002
 0989  0.9729346102775446E-002
 0990  0.9729346102775446E-002
 0991  0.9729346102775446E-002
 0992  0.9729346102775446E-002
 0993  0.9729346102775446E-002
 0994  0.9729346102775446E-002
 0995  0.9729346102775446E-002
 0996  0.9729346102775446E-002
 0997  0.9729346102775446E-002
 0998  0.9729346102775446E-002
 0999  0.9729346102775446E-002
 1000  0.9729346102775446E-002
