 0035   0.100466E+00   0.321933E+09   0.320439E+10   0.159330E+10   0.469058E+14
 0036   0.107296E+00   0.341911E+09   0.292510E+10   0.163882E+10   0.419419E+14
 0037   0.117807E+00   0.366933E+09   0.238051E+10   0.169698E+10   0.374934E+14
 0038   0.133020E+00   0.401053E+09   0.224287E+10   0.164791E+10   0.335778E+14
 0039   0.146975E+00   0.434536E+09   0.239932E+10   0.162554E+10   0.301902E+14
 0040   0.163417E+00   0.470694E+09   0.219925E+10   0.159033E+10   0.272236E+14
 0041   0.179381E+00   0.506840E+09   0.226417E+10   0.156868E+10   0.246230E+14
 0042   0.196729E+00   0.544801E+09   0.218815E+10   0.154454E+10   0.223211E+14
 0043   0.214368E+00   0.583752E+09   0.220820E+10   0.152529E+10   0.202770E+14
 0044   0.233445E+00   0.624589E+09   0.214067E+10   0.150221E+10   0.184507E+14
 0045   0.253583E+00   0.666955E+09   0.210380E+10   0.147857E+10   0.168131E+14
 0046   0.274781E+00   0.710721E+09   0.206463E+10   0.145644E+10   0.153386E+14
 0047   0.296358E+00   0.755349E+09   0.206826E+10   0.143902E+10   0.140070E+14
 0048   0.318569E+00   0.801256E+09   0.206688E+10   0.142274E+10   0.127996E+14
 0049   0.343167E+00   0.849592E+09   0.196502E+10   0.140177E+10   0.116993E+14
 0050   0.367753E+00   0.898645E+09   0.199515E+10   0.138704E+10   0.106962E+14
 0051   0.393974E+00   0.949742E+09   0.194878E+10   0.136992E+10   0.977772E+13
 0052   0.421840E+00   0.100280E+10   0.190396E+10   0.135127E+10   0.893473E+13
 0053   0.450330E+00   0.105688E+10   0.189823E+10   0.133747E+10   0.815985E+13
 0054   0.481429E+00   0.111389E+10   0.183326E+10   0.132016E+10   0.744480E+13
 0055   0.512615E+00   0.117178E+10   0.185638E+10   0.130755E+10   0.678537E+13
 0056   0.546832E+00   0.123283E+10   0.178391E+10   0.129085E+10   0.617475E+13
 0057   0.580503E+00   0.129446E+10   0.183059E+10   0.128094E+10   0.561003E+13
 0058   0.617580E+00   0.135935E+10   0.175007E+10   0.126747E+10   0.508550E+13
 0059   0.656993E+00   0.142720E+10   0.172163E+10   0.125279E+10   0.459814E+13
 0060   0.697468E+00   0.149688E+10   0.172149E+10   0.124232E+10   0.414525E+13
 0061   0.740885E+00   0.157001E+10   0.168431E+10   0.123104E+10   0.372363E+13
 0062   0.786607E+00   0.164654E+10   0.167381E+10   0.121971E+10   0.333115E+13
 0063   0.834258E+00   0.172591E+10   0.166557E+10   0.121061E+10   0.296581E+13
 0064   0.882922E+00   0.180796E+10   0.168606E+10   0.123121E+10   0.262585E+13
 0065   0.944049E+00   0.190701E+10   0.162054E+10   0.120750E+10   0.230942E+13
 0066   0.100536E+01   0.200684E+10   0.162819E+10   0.119068E+10   0.201742E+13
 0067   0.106711E+01   0.210754E+10   0.163089E+10   0.118019E+10   0.174755E+13
 0068   0.113655E+01   0.221465E+10   0.154242E+10   0.116391E+10   0.163033E+13
 0069   0.120631E+01   0.232341E+10   0.155898E+10   0.115286E+10   0.139809E+13
 0070   0.128284E+01   0.243822E+10   0.150025E+10   0.113739E+10   0.130424E+13
 0071   0.135973E+01   0.255482E+10   0.151629E+10   0.112714E+10   0.121577E+13
 0072   0.144205E+01   0.267657E+10   0.147911E+10   0.111687E+10   0.113181E+13
 0073   0.153006E+01   0.280415E+10   0.144965E+10   0.110625E+10   0.105200E+13
 0074   0.162363E+01   0.293774E+10   0.142765E+10   0.109467E+10   0.976172E+12
 0075   0.171545E+01   0.307283E+10   0.147122E+10   0.108933E+10   0.904439E+12
 0076   0.181913E+01   0.321737E+10   0.139413E+10   0.108030E+10   0.797205E+12
 0077   0.192797E+01   0.336846E+10   0.138818E+10   0.107238E+10   0.735021E+12
 0078   0.204977E+01   0.353084E+10   0.133312E+10   0.106036E+10   0.675383E+12
 0079   0.216972E+01   0.369636E+10   0.138001E+10   0.105627E+10   0.619199E+12
 0080   0.230444E+01   0.387530E+10   0.132820E+10   0.104733E+10   0.565386E+12
 0081   0.244653E+01   0.406343E+10   0.132398E+10   0.104125E+10   0.514347E+12
 0082   0.259701E+01   0.426284E+10   0.132514E+10   0.103685E+10   0.465950E+12
 0083   0.276578E+01   0.447974E+10   0.128520E+10   0.103036E+10   0.419758E+12
 0084   0.293886E+01   0.470784E+10   0.131790E+10   0.102994E+10   0.376321E+12
 0085   0.313339E+01   0.495897E+10   0.129097E+10   0.102606E+10   0.335031E+12
 0086   0.334182E+01   0.522883E+10   0.129472E+10   0.102796E+10   0.296173E+12
 0087   0.357411E+01   0.552823E+10   0.128893E+10   0.103273E+10   0.259543E+12
 0088   0.383572E+01   0.586669E+10   0.129373E+10   0.104619E+10   0.225199E+12
 0089   0.408075E+01   0.623865E+10   0.151803E+10   0.120702E+10   0.195314E+12
 0090   0.470014E+01   0.711760E+10   0.141906E+10   0.114879E+10   0.167167E+12
 0091   0.524924E+01   0.795844E+10   0.153131E+10   0.112179E+10   0.144804E+12
 0092   0.592306E+01   0.885815E+10   0.133524E+10   0.109338E+10   0.125836E+12
 0093   0.661331E+01   0.977421E+10   0.132714E+10   0.107492E+10   0.109813E+12
 0094   0.737127E+01   0.107465E+11   0.128279E+10   0.105580E+10   0.960046E+11
 0095   0.819402E+01   0.117737E+11   0.124846E+10   0.103666E+10   0.840742E+11
 0096   0.908766E+01   0.128597E+11   0.121532E+10   0.101741E+10   0.737229E+11
 0097   0.100208E+02   0.139884E+11   0.120953E+10   0.100418E+10   0.647338E+11
 0098   0.110428E+02   0.151948E+11   0.118046E+10   0.989608E+09   0.568329E+11
 0099   0.121434E+02   0.164720E+11   0.116042E+10   0.975993E+09   0.498556E+11
 0100   0.133404E+02   0.178330E+11   0.113698E+10   0.960159E+09   0.436462E+11
 0101   0.145894E+02   0.192300E+11   0.111849E+10   0.947370E+09   0.382243E+11
 0102   0.159050E+02   0.206671E+11   0.109236E+10   0.936355E+09   0.334790E+11
 0103   0.172996E+02   0.221556E+11   0.106734E+10   0.926333E+09   0.292999E+11
 0104   0.187220E+02   0.236793E+11   0.107119E+10   0.919784E+09   0.256148E+11
 0105   0.202758E+02   0.252888E+11   0.103590E+10   0.911262E+09   0.223257E+11
 0106   0.218857E+02   0.269562E+11   0.103569E+10   0.905002E+09   0.193919E+11
 0107   0.235275E+02   0.286748E+11   0.104678E+10   0.903409E+09   0.167626E+11
 0108   0.253329E+02   0.305164E+11   0.102007E+10   0.899270E+09   0.143833E+11
 0109   0.272703E+02   0.324715E+11   0.100911E+10   0.897172E+09   0.122368E+11
 0110   0.292648E+02   0.345316E+11   0.103290E+10   0.900632E+09   0.103093E+11
 0111   0.315188E+02   0.368082E+11   0.101004E+10   0.903868E+09   0.856524E+10
 0112   0.339033E+02   0.392863E+11   0.103922E+10   0.912245E+09   0.700533E+10
 0113   0.365867E+02   0.420812E+11   0.104159E+10   0.924991E+09   0.560062E+10
 0114   0.396218E+02   0.453054E+11   0.106230E+10   0.938726E+09   0.434907E+10
 0115   0.430576E+02   0.490503E+11   0.108995E+10   0.959447E+09   0.325257E+10
 0116   0.471387E+02   0.535875E+11   0.111177E+10   0.990029E+09   0.230091E+10
 0117   0.520373E+02   0.593327E+11   0.117284E+10   0.103837E+10   0.149375E+10
 0118   0.582851E+02   0.672337E+11   0.126458E+10   0.112407E+10   0.836427E+09
 0119   0.667956E+02   0.797653E+11   0.147249E+10   0.140187E+10   0.354148E+09
 0120   0.860186E+02   0.116719E+12   0.192238E+10   0.365142E+10   0.291494E+08
 0121   0.263021E+03   0.832191E+12   0.404216E+10   0.197724E+10   0.141385E+08
 0122   0.988131E+03   0.221437E+13   0.190617E+10   0.136110E+10   0.105187E+08
 0123   0.176264E+04   0.332841E+13   0.143837E+10   0.119318E+10   0.912054E+07
 0124   0.262485E+04   0.432346E+13   0.115408E+10   0.109890E+10   0.802621E+07
 0125   0.351126E+04   0.522896E+13   0.102153E+10   0.103956E+10   0.711448E+07
 0126   0.439298E+04   0.608053E+13   0.965805E+09   0.993760E+09   0.636749E+07
 0127   0.522996E+04   0.687866E+13   0.953572E+09   0.959322E+09   0.577758E+07
 0128   0.605808E+04   0.764600E+13   0.926606E+09   0.926614E+09   0.530865E+07
 0129   0.685297E+04   0.837054E+13   0.911498E+09   0.900692E+09   0.493741E+07
 0130   0.761875E+04   0.906288E+13   0.904095E+09   0.878396E+09   0.464170E+07
 0131   0.835549E+04   0.972607E+13   0.900172E+09   0.860196E+09   0.440663E+07
 0132   0.908039E+04   0.103700E+14   0.888283E+09   0.843089E+09   0.421400E+07
 0133   0.979911E+04   0.109961E+14   0.871089E+09   0.824797E+09   0.405317E+07
 0134   0.104918E+05   0.115922E+14   0.860679E+09   0.811385E+09   0.392056E+07
 0135   0.111835E+05   0.121738E+14   0.840832E+09   0.799195E+09   0.380440E+07
 0136   0.118740E+05   0.127438E+14   0.825376E+09   0.784598E+09   0.370173E+07
 0137   0.125348E+05   0.132867E+14   0.821575E+09   0.776018E+09   0.361433E+07
 0138   0.132128E+05   0.138270E+14   0.797004E+09   0.764010E+09   0.353049E+07
 0139   0.138736E+05   0.143493E+14   0.790395E+09   0.753224E+09   0.345554E+07
 0140   0.145193E+05   0.148545E+14   0.782343E+09   0.745055E+09   0.338763E+07
 0141   0.151706E+05   0.153530E+14   0.765306E+09   0.734566E+09   0.332262E+07
 0142   0.157974E+05   0.158318E+14   0.764056E+09   0.728759E+09   0.326541E+07
 0143   0.164336E+05   0.163086E+14   0.749502E+09   0.720233E+09   0.320904E+07
 0144   0.170583E+05   0.167731E+14   0.743575E+09   0.713320E+09   0.315736E+07
 0145   0.176797E+05   0.172297E+14   0.734698E+09   0.706074E+09   0.310845E+07
 0146   0.182919E+05   0.176757E+14   0.728505E+09   0.699537E+09   0.306313E+07
 0147   0.189044E+05   0.181148E+14   0.716841E+09   0.692332E+09   0.301890E+07
 0148   0.195032E+05   0.185420E+14   0.713569E+09   0.686749E+09   0.297864E+07
 0149   0.201006E+05   0.189630E+14   0.704665E+09   0.682205E+09   0.293957E+07
 0150   0.207028E+05   0.193820E+14   0.695662E+09   0.676200E+09   0.290035E+07
 0151   0.212881E+05   0.197903E+14   0.697660E+09   0.670363E+09   0.286500E+07
 0152   0.218753E+05   0.201917E+14   0.683627E+09   0.665848E+09   0.282982E+07
 0153   0.224551E+05   0.205872E+14   0.682002E+09   0.660136E+09   0.279640E+07
 0154   0.230302E+05   0.209741E+14   0.672948E+09   0.655869E+09   0.276413E+07
 0155   0.236042E+05   0.213567E+14   0.666380E+09   0.651086E+09   0.273238E+07
 0156   0.241726E+05   0.217330E+14   0.662139E+09   0.646605E+09   0.270180E+07
 0157   0.247275E+05   0.221011E+14   0.663289E+09   0.643183E+09   0.267335E+07
 0158   0.252932E+05   0.224680E+14   0.648625E+09   0.638552E+09   0.264378E+07
 0159   0.258507E+05   0.228286E+14   0.646819E+09   0.634617E+09   0.261568E+07
 0160   0.263951E+05   0.231820E+14   0.649079E+09   0.632004E+09   0.258942E+07
 0161   0.269484E+05   0.235350E+14   0.637927E+09   0.627675E+09   0.256254E+07
 0162   0.274882E+05   0.238800E+14   0.639283E+09   0.624144E+09   0.253728E+07
 0163   0.280329E+05   0.242221E+14   0.627961E+09   0.620021E+09   0.251185E+07
 0164   0.285624E+05   0.245562E+14   0.630978E+09   0.617951E+09   0.248791E+07
 0165   0.291028E+05   0.248914E+14   0.620242E+09   0.614376E+09   0.246352E+07
 0166   0.296366E+05   0.252223E+14   0.619936E+09   0.610758E+09   0.243995E+07
 0167   0.301549E+05   0.255456E+14   0.623727E+09   0.607990E+09   0.241770E+07
 0168   0.306827E+05   0.258675E+14   0.609993E+09   0.603942E+09   0.239512E+07
 0169   0.311919E+05   0.261806E+14   0.614966E+09   0.601979E+09   0.237371E+07
 0170   0.317061E+05   0.264927E+14   0.606887E+09   0.600149E+09   0.235229E+07
 0171   0.322222E+05   0.268044E+14   0.603871E+09   0.597056E+09   0.233106E+07
 0172   0.327252E+05   0.271099E+14   0.607436E+09   0.595307E+09   0.231061E+07
 0173   0.332365E+05   0.274155E+14   0.597736E+09   0.592009E+09   0.229024E+07
 0174   0.337346E+05   0.277145E+14   0.600268E+09   0.589591E+09   0.227052E+07
 0175   0.342400E+05   0.280122E+14   0.589069E+09   0.586294E+09   0.225089E+07
 0176   0.347318E+05   0.283035E+14   0.592259E+09   0.584270E+09   0.223176E+07
 0177   0.352201E+05   0.285916E+14   0.590020E+09   0.582794E+09   0.221287E+07
 0178   0.357212E+05   0.288815E+14   0.578571E+09   0.579618E+09   0.219412E+07
 0179   0.362007E+05   0.291640E+14   0.589105E+09   0.578052E+09   0.217589E+07
 0180   0.366819E+05   0.294447E+14   0.583294E+09   0.575741E+09   0.215788E+07
 0181   0.371624E+05   0.297224E+14   0.577964E+09   0.573274E+09   0.214011E+07
 0182   0.376411E+05   0.299971E+14   0.573780E+09   0.571033E+09   0.212253E+07
 0183   0.381228E+05   0.302705E+14   0.567610E+09   0.568599E+09   0.210511E+07
 0184   0.385859E+05   0.305379E+14   0.577343E+09   0.567924E+09   0.208787E+07
 0185   0.390607E+05   0.308071E+14   0.567092E+09   0.565794E+09   0.207089E+07
 0186   0.395280E+05   0.310732E+14   0.569307E+09   0.563627E+09   0.205412E+07
 0187   0.399966E+05   0.313372E+14   0.563480E+09   0.561051E+09   0.203754E+07
 0188   0.404487E+05   0.315947E+14   0.569607E+09   0.560091E+09   0.202110E+07
 0189   0.409155E+05   0.318540E+14   0.555379E+09   0.557529E+09   0.200490E+07
 0190   0.413699E+05   0.321085E+14   0.560130E+09   0.556007E+09   0.198878E+07
 0191   0.418157E+05   0.323594E+14   0.562905E+09   0.555167E+09   0.197270E+07
 0192   0.422710E+05   0.326114E+14   0.553371E+09   0.553311E+09   0.195687E+07
 0193   0.427197E+05   0.328605E+14   0.555311E+09   0.551926E+09   0.194116E+07
 0194   0.431583E+05   0.331059E+14   0.559404E+09   0.550933E+09   0.192548E+07
 0195   0.436154E+05   0.333538E+14   0.542264E+09   0.547753E+09   0.191028E+07
 0196   0.440554E+05   0.335954E+14   0.549309E+09   0.546249E+09   0.189501E+07
 0197   0.444782E+05   0.338315E+14   0.558082E+09   0.546342E+09   0.187959E+07
 0198   0.449194E+05   0.340706E+14   0.542120E+09   0.544259E+09   0.186472E+07
 0199   0.453498E+05   0.343058E+14   0.546550E+09   0.542950E+09   0.184978E+07
 0200   0.457880E+05   0.345415E+14   0.537718E+09   0.540611E+09   0.183515E+07
 0201   0.462167E+05   0.347733E+14   0.540786E+09   0.539096E+09   0.182047E+07
 0202   0.466338E+05   0.350010E+14   0.545945E+09   0.538671E+09   0.180569E+07
 0203   0.470544E+05   0.352283E+14   0.540401E+09   0.537741E+09   0.179107E+07
 0204   0.474772E+05   0.354550E+14   0.536150E+09   0.536474E+09   0.177659E+07
 0205   0.479007E+05   0.356807E+14   0.533084E+09   0.535159E+09   0.176220E+07
 0206   0.483066E+05   0.359016E+14   0.543996E+09   0.535448E+09   0.174756E+07
 0207   0.487311E+05   0.361259E+14   0.528401E+09   0.533322E+09   0.173350E+07
 0208   0.491411E+05   0.363455E+14   0.535706E+09   0.532314E+09   0.171925E+07
 0209   0.495568E+05   0.365651E+14   0.528108E+09   0.530591E+09   0.170525E+07
 0210   0.499612E+05   0.367807E+14   0.533257E+09   0.529952E+09   0.169113E+07
 0211   0.503720E+05   0.369967E+14   0.525921E+09   0.528402E+09   0.167727E+07
 0212   0.507686E+05   0.372083E+14   0.533472E+09   0.528123E+09   0.166325E+07
 0213   0.511869E+05   0.374238E+14   0.515060E+09   0.525284E+09   0.164976E+07
 0214   0.515875E+05   0.376339E+14   0.524489E+09   0.524090E+09   0.163607E+07
 0215   0.519695E+05   0.378384E+14   0.535414E+09   0.524666E+09   0.162216E+07
 0216   0.523710E+05   0.380462E+14   0.517552E+09   0.523021E+09   0.160868E+07
 0217   0.527733E+05   0.382531E+14   0.514254E+09   0.521169E+09   0.159527E+07
 0218   0.531584E+05   0.384551E+14   0.524492E+09   0.521029E+09   0.158168E+07
 0219   0.535468E+05   0.386569E+14   0.519689E+09   0.520254E+09   0.156823E+07
 0220   0.539403E+05   0.388590E+14   0.513645E+09   0.518643E+09   0.155494E+07
 0221   0.543199E+05   0.390570E+14   0.521464E+09   0.518453E+09   0.154152E+07
 0222   0.547053E+05   0.392554E+14   0.514795E+09   0.517400E+09   0.152827E+07
 0223   0.550754E+05   0.394495E+14   0.524319E+09   0.517824E+09   0.151489E+07
 0224   0.554704E+05   0.396482E+14   0.503329E+09   0.515210E+09   0.150197E+07
 0225   0.558474E+05   0.398420E+14   0.513821E+09   0.514465E+09   0.148887E+07
 0226   0.562260E+05   0.400351E+14   0.510320E+09   0.513349E+09   0.147588E+07
 0227   0.565841E+05   0.402229E+14   0.524107E+09   0.514329E+09   0.146274E+07
 0228   0.569635E+05   0.404145E+14   0.505121E+09   0.512687E+09   0.144999E+07
 0229   0.573431E+05   0.406052E+14   0.502524E+09   0.510684E+09   0.143734E+07
 0230   0.577024E+05   0.407903E+14   0.515059E+09   0.510865E+09   0.142455E+07
 0231   0.580636E+05   0.409749E+14   0.511070E+09   0.510689E+09   0.141186E+07
 0232   0.584277E+05   0.411593E+14   0.506483E+09   0.510156E+09   0.139928E+07
 0233   0.587957E+05   0.413440E+14   0.501862E+09   0.509081E+09   0.138682E+07
 0234   0.591682E+05   0.415292E+14   0.497195E+09   0.507115E+09   0.137449E+07
 0235   0.595230E+05   0.417096E+14   0.508521E+09   0.507053E+09   0.136212E+07
 0236   0.598817E+05   0.418902E+14   0.503322E+09   0.506115E+09   0.134988E+07
 0237   0.602440E+05   0.420705E+14   0.497794E+09   0.504638E+09   0.133776E+07
 0238   0.605866E+05   0.422456E+14   0.511092E+09   0.505538E+09   0.132558E+07
 0239   0.609316E+05   0.424208E+14   0.507756E+09   0.505859E+09   0.131353E+07
 0240   0.612786E+05   0.425958E+14   0.504357E+09   0.505895E+09   0.130161E+07
 0241   0.616505E+05   0.427758E+14   0.484065E+09   0.502700E+09   0.128990E+07
 0242   0.619771E+05   0.429452E+14   0.518546E+09   0.504609E+09   0.127809E+07
 0243   0.623280E+05   0.431192E+14   0.495739E+09   0.503473E+09   0.126649E+07
 0244   0.626802E+05   0.432927E+14   0.492794E+09   0.502040E+09   0.125502E+07
 0245   0.630104E+05   0.434608E+14   0.509171E+09   0.503017E+09   0.124362E+07
 0246   0.633662E+05   0.436339E+14   0.486264E+09   0.500718E+09   0.123240E+07
 0247   0.637009E+05   0.438015E+14   0.501084E+09   0.500705E+09   0.122126E+07
 0248   0.640385E+05   0.439691E+14   0.496347E+09   0.500190E+09   0.121026E+07
 0249   0.643794E+05   0.441367E+14   0.491540E+09   0.499112E+09   0.119941E+07
 0250   0.647239E+05   0.443044E+14   0.486878E+09   0.497475E+09   0.118872E+07
 0251   0.650469E+05   0.444668E+14   0.502729E+09   0.498429E+09   0.117808E+07
 0252   0.653728E+05   0.446294E+14   0.498917E+09   0.498996E+09   0.116762E+07
 0253   0.657015E+05   0.447923E+14   0.495567E+09   0.499022E+09   0.115731E+07
 0254   0.660329E+05   0.449554E+14   0.492039E+09   0.498557E+09   0.114715E+07
 0255   0.663668E+05   0.451185E+14   0.488502E+09   0.497633E+09   0.113714E+07
 0256   0.667030E+05   0.452815E+14   0.485112E+09   0.496032E+09   0.112729E+07
 0257   0.670152E+05   0.454387E+14   0.503324E+09   0.497221E+09   0.111757E+07
 0258   0.673554E+05   0.456012E+14   0.477604E+09   0.494848E+09   0.110804E+07
 0259   0.676711E+05   0.457578E+14   0.496087E+09   0.495359E+09   0.109862E+07
 0260   0.679882E+05   0.459142E+14   0.493167E+09   0.495584E+09   0.108937E+07
 0261   0.683067E+05   0.460705E+14   0.490554E+09   0.495484E+09   0.108028E+07
 0262   0.686267E+05   0.462266E+14   0.487984E+09   0.495057E+09   0.107135E+07
 0263   0.689483E+05   0.463827E+14   0.485390E+09   0.494289E+09   0.106257E+07
 0264   0.692716E+05   0.465387E+14   0.482756E+09   0.493159E+09   0.105395E+07
 0265   0.695696E+05   0.466890E+14   0.504244E+09   0.495098E+09   0.104546E+07
 0266   0.698968E+05   0.468451E+14   0.477130E+09   0.493233E+09   0.103714E+07
 0267   0.701988E+05   0.469956E+14   0.498047E+09   0.494428E+09   0.102896E+07
 0268   0.705307E+05   0.471520E+14   0.471383E+09   0.491679E+09   0.102097E+07
 0269   0.708372E+05   0.473026E+14   0.491399E+09   0.492032E+09   0.101309E+07
 0270   0.711460E+05   0.474534E+14   0.488189E+09   0.491984E+09   0.100536E+07
 0271   0.714570E+05   0.476042E+14   0.485093E+09   0.491522E+09   0.997779E+06
 0272   0.717700E+05   0.477552E+14   0.482159E+09   0.490774E+09   0.990355E+06
 0273   0.720563E+05   0.479001E+14   0.506286E+09   0.493319E+09   0.983014E+06
 0274   0.723727E+05   0.480511E+14   0.477109E+09   0.491720E+09   0.975857E+06
 0275   0.726906E+05   0.482019E+14   0.474630E+09   0.489838E+09   0.968854E+06
 0276   0.729805E+05   0.483464E+14   0.498168E+09   0.491352E+09   0.961901E+06
 0277   0.732709E+05   0.484904E+14   0.495999E+09   0.492511E+09   0.955100E+06
 0278   0.735906E+05   0.486399E+14   0.467763E+09   0.489765E+09   0.948456E+06
 0279   0.738809E+05   0.487828E+14   0.491865E+09   0.490904E+09   0.941894E+06
 0280   0.741705E+05   0.489251E+14   0.491610E+09   0.491870E+09   0.935469E+06
 0281   0.744877E+05   0.490728E+14   0.465655E+09   0.489256E+09   0.929196E+06
 0282   0.747742E+05   0.492138E+14   0.492130E+09   0.490517E+09   0.923000E+06
 0283   0.750865E+05   0.493599E+14   0.467924E+09   0.488234E+09   0.916984E+06
 0284   0.753671E+05   0.494990E+14   0.495714E+09   0.490037E+09   0.911006E+06
 0285   0.756709E+05   0.496427E+14   0.472894E+09   0.488653E+09   0.905210E+06
 0286   0.759681E+05   0.497847E+14   0.477640E+09   0.488167E+09   0.899515E+06
 0287   0.762574E+05   0.499247E+14   0.484200E+09   0.488380E+09   0.893904E+06
 0288   0.765380E+05   0.500625E+14   0.491089E+09   0.489644E+09   0.888383E+06
 0289   0.768346E+05   0.502033E+14   0.474547E+09   0.488713E+09   0.883010E+06
 0290   0.771235E+05   0.503422E+14   0.480939E+09   0.488382E+09   0.877718E+06
 0291   0.774077E+05   0.504797E+14   0.483814E+09   0.488459E+09   0.872516E+06
 0292   0.776905E+05   0.506165E+14   0.483526E+09   0.488636E+09   0.867410E+06
 0293   0.779751E+05   0.507533E+14   0.480718E+09   0.488226E+09   0.862413E+06
 0294   0.782639E+05   0.508905E+14   0.475219E+09   0.487174E+09   0.857535E+06
 0295   0.785340E+05   0.510235E+14   0.492575E+09   0.488625E+09   0.852693E+06
 0296   0.788099E+05   0.511576E+14   0.485727E+09   0.489087E+09   0.847973E+06
 0297   0.790919E+05   0.512926E+14   0.478710E+09   0.488502E+09   0.843358E+06
 0298   0.793795E+05   0.514284E+14   0.472220E+09   0.486822E+09   0.838856E+06
 0299   0.796450E+05   0.515591E+14   0.492290E+09   0.488189E+09   0.834368E+06
 0300   0.799131E+05   0.516899E+14   0.488022E+09   0.488930E+09   0.829979E+06
 0301   0.802098E+05   0.518262E+14   0.459148E+09   0.485360E+09   0.825755E+06
 0302   0.804804E+05   0.519564E+14   0.481241E+09   0.485257E+09   0.821526E+06
 0303   0.807517E+05   0.520862E+14   0.478498E+09   0.484856E+09   0.817382E+06
 0304   0.810238E+05   0.522156E+14   0.475659E+09   0.484184E+09   0.813330E+06
 0305   0.812699E+05   0.523392E+14   0.502226E+09   0.487266E+09   0.809257E+06
 0306   0.815450E+05   0.524685E+14   0.469976E+09   0.485726E+09   0.805362E+06
 0307   0.818220E+05   0.525977E+14   0.466384E+09   0.483837E+09   0.801570E+06
 0308   0.820730E+05   0.527211E+14   0.491570E+09   0.485684E+09   0.797747E+06
 0309   0.823256E+05   0.528446E+14   0.488995E+09   0.487110E+09   0.794022E+06
 0310   0.826077E+05   0.529738E+14   0.457937E+09   0.484008E+09   0.790465E+06
 0311   0.828628E+05   0.530971E+14   0.483278E+09   0.484751E+09   0.786882E+06
 0312   0.831186E+05   0.532201E+14   0.481084E+09   0.485176E+09   0.783378E+06
 0313   0.833750E+05   0.533429E+14   0.478950E+09   0.485309E+09   0.779949E+06
 0314   0.836317E+05   0.534653E+14   0.476894E+09   0.485259E+09   0.776596E+06
 0315   0.838875E+05   0.535872E+14   0.476194E+09   0.485289E+09   0.773319E+06
 0316   0.841422E+05   0.537085E+14   0.476332E+09   0.485518E+09   0.770109E+06
 0317   0.843957E+05   0.538294E+14   0.477079E+09   0.485417E+09   0.766966E+06
 0318   0.846480E+05   0.539497E+14   0.476545E+09   0.485387E+09   0.763888E+06
 0319   0.848991E+05   0.540693E+14   0.476247E+09   0.485355E+09   0.760878E+06
 0320   0.851492E+05   0.541883E+14   0.475867E+09   0.485534E+09   0.757929E+06
 0321   0.853986E+05   0.543069E+14   0.475798E+09   0.485490E+09   0.755038E+06
 0322   0.856464E+05   0.544249E+14   0.476015E+09   0.485373E+09   0.752202E+06
 0323   0.858930E+05   0.545421E+14   0.475499E+09   0.485255E+09   0.749419E+06
 0324   0.861383E+05   0.546587E+14   0.475188E+09   0.485122E+09   0.746686E+06
 0325   0.863828E+05   0.547747E+14   0.474210E+09   0.484922E+09   0.744006E+06
 0326   0.866260E+05   0.548899E+14   0.473900E+09   0.484696E+09   0.741373E+06
 0327   0.868676E+05   0.550044E+14   0.473746E+09   0.484491E+09   0.738785E+06
 0328   0.871078E+05   0.551181E+14   0.473555E+09   0.484336E+09   0.736242E+06
 0329   0.873465E+05   0.552311E+14   0.473507E+09   0.484204E+09   0.733739E+06
 0330   0.875839E+05   0.553435E+14   0.473422E+09   0.484013E+09   0.731275E+06
 0331   0.878199E+05   0.554552E+14   0.473163E+09   0.483824E+09   0.728847E+06
 0332   0.880546E+05   0.555662E+14   0.472896E+09   0.483639E+09   0.726453E+06
 0333   0.882879E+05   0.556764E+14   0.472561E+09   0.483460E+09   0.724091E+06
 0334   0.885199E+05   0.557860E+14   0.472234E+09   0.483190E+09   0.721759E+06
 0335   0.887506E+05   0.558948E+14   0.471828E+09   0.482870E+09   0.719455E+06
 0336   0.889799E+05   0.560029E+14   0.471272E+09   0.482610E+09   0.717178E+06
 0337   0.892077E+05   0.561102E+14   0.471018E+09   0.482300E+09   0.714924E+06
 0338   0.894343E+05   0.562168E+14   0.470479E+09   0.481947E+09   0.712692E+06
 0339   0.896594E+05   0.563226E+14   0.470079E+09   0.481657E+09   0.710480E+06
 0340   0.898829E+05   0.564277E+14   0.470101E+09   0.481546E+09   0.708286E+06
 0341   0.901051E+05   0.565322E+14   0.470293E+09   0.481470E+09   0.706105E+06
 0342   0.903259E+05   0.566361E+14   0.470582E+09   0.481063E+09   0.703936E+06
 0343   0.905454E+05   0.567392E+14   0.469679E+09   0.480630E+09   0.701777E+06
 0344   0.907635E+05   0.568414E+14   0.468783E+09   0.480343E+09   0.699632E+06
 0345   0.909804E+05   0.569430E+14   0.468240E+09   0.480252E+09   0.697500E+06
 0346   0.911963E+05   0.570441E+14   0.468217E+09   0.480062E+09   0.695381E+06
 0347   0.914106E+05   0.571445E+14   0.468857E+09   0.479930E+09   0.693270E+06
 0348   0.916232E+05   0.572443E+14   0.469362E+09   0.479870E+09   0.691163E+06
 0349   0.918346E+05   0.573435E+14   0.469388E+09   0.479640E+09   0.689061E+06
 0350   0.920451E+05   0.574421E+14   0.468207E+09   0.479246E+09   0.686969E+06
 0351   0.922545E+05   0.575399E+14   0.467015E+09   0.478910E+09   0.684886E+06
 0352   0.924628E+05   0.576371E+14   0.466522E+09   0.478681E+09   0.682812E+06
 0353   0.926698E+05   0.577336E+14   0.466370E+09   0.478384E+09   0.680748E+06
 0354   0.928754E+05   0.578295E+14   0.466405E+09   0.478099E+09   0.678691E+06
 0355   0.930795E+05   0.579247E+14   0.466551E+09   0.477858E+09   0.676642E+06
 0356   0.932822E+05   0.580193E+14   0.466422E+09   0.477618E+09   0.674599E+06
 0357   0.934838E+05   0.581132E+14   0.465910E+09   0.477316E+09   0.672565E+06
 0358   0.936842E+05   0.582065E+14   0.465385E+09   0.476979E+09   0.670536E+06
 0359   0.938833E+05   0.582991E+14   0.464946E+09   0.476646E+09   0.668513E+06
 0360   0.940812E+05   0.583910E+14   0.464621E+09   0.476325E+09   0.666494E+06
 0361   0.942777E+05   0.584823E+14   0.464372E+09   0.476009E+09   0.664477E+06
 0362   0.944730E+05   0.585729E+14   0.464172E+09   0.475698E+09   0.662461E+06
 0363   0.946668E+05   0.586628E+14   0.464006E+09   0.475403E+09   0.660444E+06
 0364   0.948594E+05   0.587522E+14   0.463832E+09   0.475129E+09   0.658427E+06
 0365   0.950507E+05   0.588409E+14   0.463665E+09   0.474891E+09   0.656410E+06
 0366   0.952408E+05   0.589290E+14   0.463583E+09   0.474705E+09   0.654392E+06
 0367   0.954296E+05   0.590165E+14   0.463628E+09   0.474496E+09   0.652371E+06
 0368   0.956172E+05   0.591035E+14   0.463508E+09   0.474146E+09   0.650347E+06
 0369   0.958036E+05   0.591898E+14   0.462887E+09   0.473744E+09   0.648319E+06
 0370   0.959683E+05   0.592715E+14   0.496147E+09   0.477351E+09   0.646434E+06
 0371   0.961525E+05   0.593565E+14   0.461602E+09   0.477063E+09   0.644446E+06
 0372   0.963355E+05   0.594409E+14   0.461378E+09   0.476770E+09   0.642456E+06
 0373   0.965172E+05   0.595248E+14   0.461375E+09   0.476498E+09   0.640462E+06
 0374   0.966975E+05   0.596080E+14   0.461609E+09   0.476267E+09   0.638462E+06
 0375   0.968765E+05   0.596906E+14   0.461703E+09   0.476037E+09   0.636455E+06
 0376   0.970544E+05   0.597727E+14   0.461477E+09   0.475763E+09   0.634438E+06
 0377   0.972311E+05   0.598542E+14   0.461065E+09   0.475479E+09   0.632410E+06
 0378   0.974067E+05   0.599351E+14   0.460717E+09   0.475250E+09   0.630367E+06
 0379   0.975812E+05   0.600155E+14   0.460629E+09   0.474975E+09   0.628308E+06
 0380   0.977545E+05   0.600953E+14   0.460387E+09   0.474549E+09   0.626236E+06
 0381   0.979267E+05   0.601744E+14   0.459715E+09   0.474085E+09   0.624150E+06
 0382   0.980976E+05   0.602529E+14   0.459125E+09   0.473726E+09   0.622055E+06
 0383   0.982673E+05   0.603308E+14   0.458934E+09   0.473477E+09   0.619953E+06
 0384   0.984358E+05   0.604081E+14   0.458998E+09   0.473230E+09   0.617843E+06
 0385   0.986032E+05   0.604850E+14   0.459196E+09   0.473016E+09   0.615729E+06
 0386   0.987693E+05   0.605613E+14   0.459633E+09   0.472825E+09   0.613610E+06
 0387   0.989341E+05   0.606371E+14   0.459849E+09   0.472588E+09   0.611483E+06
 0388   0.990979E+05   0.607124E+14   0.459471E+09   0.472265E+09   0.609343E+06
 0389   0.992607E+05   0.607871E+14   0.458693E+09   0.471869E+09   0.607188E+06
 0390   0.994225E+05   0.608611E+14   0.457949E+09   0.471486E+09   0.605018E+06
 0391   0.995833E+05   0.609347E+14   0.457465E+09   0.471112E+09   0.602835E+06
 0392   0.997429E+05   0.610077E+14   0.457223E+09   0.470740E+09   0.600639E+06
 0393   0.999014E+05   0.610802E+14   0.457177E+09   0.470384E+09   0.598430E+06
 0394   0.100041E+06   0.611489E+14   0.491414E+09   0.473832E+09   0.596476E+06
 0395   0.100197E+06   0.612203E+14   0.457127E+09   0.473610E+09   0.594238E+06
 0396   0.100353E+06   0.612912E+14   0.457299E+09   0.473449E+09   0.591983E+06
 0397   0.100507E+06   0.613617E+14   0.457487E+09   0.473233E+09   0.589708E+06
 0398   0.100660E+06   0.614317E+14   0.457377E+09   0.472882E+09   0.587413E+06
 0399   0.100812E+06   0.615011E+14   0.456794E+09   0.472426E+09   0.585098E+06
 0400   0.100963E+06   0.615700E+14   0.455958E+09   0.471986E+09   0.582766E+06
 0401   0.101113E+06   0.616383E+14   0.455293E+09   0.471629E+09   0.580416E+06
 0402   0.101262E+06   0.617061E+14   0.454945E+09   0.471347E+09   0.578048E+06
 0403   0.101410E+06   0.617735E+14   0.455085E+09   0.471063E+09   0.575664E+06
 0404   0.101557E+06   0.618404E+14   0.455498E+09   0.470807E+09   0.573265E+06
 0405   0.101703E+06   0.619069E+14   0.455975E+09   0.470558E+09   0.570853E+06
 0406   0.101847E+06   0.619729E+14   0.456119E+09   0.470314E+09   0.568428E+06
 0407   0.101991E+06   0.620384E+14   0.455874E+09   0.470038E+09   0.565986E+06
 0408   0.102134E+06   0.621034E+14   0.455280E+09   0.469713E+09   0.563526E+06
 0409   0.102276E+06   0.621680E+14   0.454778E+09   0.469332E+09   0.561047E+06
 0410   0.102417E+06   0.622321E+14   0.454261E+09   0.468903E+09   0.558553E+06
 0411   0.102557E+06   0.622958E+14   0.453868E+09   0.468524E+09   0.556045E+06
 0412   0.102681E+06   0.623562E+14   0.488258E+09   0.471804E+09   0.553927E+06
 0413   0.102819E+06   0.624189E+14   0.453479E+09   0.471544E+09   0.551421E+06
 0414   0.102957E+06   0.624812E+14   0.453719E+09   0.471326E+09   0.548903E+06
 0415   0.103093E+06   0.625431E+14   0.454047E+09   0.471194E+09   0.546375E+06
 0416   0.103228E+06   0.626047E+14   0.454625E+09   0.471141E+09   0.543834E+06
 0417   0.103363E+06   0.626659E+14   0.455085E+09   0.470959E+09   0.541275E+06
 0418   0.103496E+06   0.627267E+14   0.454905E+09   0.470691E+09   0.538700E+06
 0419   0.103629E+06   0.627870E+14   0.454250E+09   0.470239E+09   0.536105E+06
 0420   0.103761E+06   0.628469E+14   0.453182E+09   0.469901E+09   0.533494E+06
 0421   0.103893E+06   0.629063E+14   0.452690E+09   0.469662E+09   0.530870E+06
 0422   0.104023E+06   0.629654E+14   0.452555E+09   0.469539E+09   0.528231E+06
 0423   0.104153E+06   0.630242E+14   0.453160E+09   0.469439E+09   0.525588E+06
 0424   0.104282E+06   0.630827E+14   0.453839E+09   0.469297E+09   0.522944E+06
 0425   0.104410E+06   0.631409E+14   0.454647E+09   0.469232E+09   0.520312E+06
 0426   0.104537E+06   0.631986E+14   0.455037E+09   0.469216E+09   0.517685E+06
 0427   0.104663E+06   0.632561E+14   0.455171E+09   0.469220E+09   0.515059E+06
 0428   0.104789E+06   0.633132E+14   0.454982E+09   0.469136E+09   0.512432E+06
 0429   0.104914E+06   0.633701E+14   0.454466E+09   0.468979E+09   0.509807E+06
 0430   0.105038E+06   0.634266E+14   0.454101E+09   0.468770E+09   0.507187E+06
 0431   0.105162E+06   0.634827E+14   0.453857E+09   0.468565E+09   0.504577E+06
 0432   0.105271E+06   0.635362E+14   0.488589E+09   0.471869E+09   0.502369E+06
 0433   0.105394E+06   0.635917E+14   0.453379E+09   0.471756E+09   0.499736E+06
 0434   0.105515E+06   0.636468E+14   0.453572E+09   0.471636E+09   0.497116E+06
 0435   0.105636E+06   0.637017E+14   0.453799E+09   0.471560E+09   0.494515E+06
 0436   0.105756E+06   0.637563E+14   0.454166E+09   0.471568E+09   0.491930E+06
 0437   0.105876E+06   0.638107E+14   0.454755E+09   0.471660E+09   0.489356E+06
 0438   0.105995E+06   0.638647E+14   0.455433E+09   0.471717E+09   0.486790E+06
 0439   0.106113E+06   0.639186E+14   0.455641E+09   0.471598E+09   0.484232E+06
 0440   0.106230E+06   0.639721E+14   0.455096E+09   0.471351E+09   0.481681E+06
 0441   0.106347E+06   0.640252E+14   0.454316E+09   0.471033E+09   0.479143E+06
 0442   0.106464E+06   0.640780E+14   0.453503E+09   0.470802E+09   0.476620E+06
 0443   0.106579E+06   0.641304E+14   0.453105E+09   0.470685E+09   0.474114E+06
 0444   0.106695E+06   0.641826E+14   0.453142E+09   0.470661E+09   0.471627E+06
 0445   0.106809E+06   0.642346E+14   0.453758E+09   0.470623E+09   0.469155E+06
 0446   0.106923E+06   0.642863E+14   0.454624E+09   0.470561E+09   0.466694E+06
 0447   0.107036E+06   0.643378E+14   0.455331E+09   0.470492E+09   0.464239E+06
 0448   0.107148E+06   0.643889E+14   0.455745E+09   0.470443E+09   0.461786E+06
 0449   0.107260E+06   0.644398E+14   0.455772E+09   0.470387E+09   0.459332E+06
 0450   0.107371E+06   0.644903E+14   0.455449E+09   0.470318E+09   0.456881E+06
 0451   0.107469E+06   0.645386E+14   0.490513E+09   0.473623E+09   0.454427E+06
 0452   0.107579E+06   0.645887E+14   0.454659E+09   0.473666E+09   0.451978E+06
 0453   0.107689E+06   0.646386E+14   0.455185E+09   0.473671E+09   0.449524E+06
 0454   0.107798E+06   0.646883E+14   0.455678E+09   0.473586E+09   0.447061E+06
 0455   0.107906E+06   0.647377E+14   0.455723E+09   0.473394E+09   0.444594E+06
 0456   0.108014E+06   0.647867E+14   0.455413E+09   0.473164E+09   0.442123E+06
 0457   0.108121E+06   0.648355E+14   0.455108E+09   0.473012E+09   0.439647E+06
 0458   0.108228E+06   0.648840E+14   0.454877E+09   0.472894E+09   0.437162E+06
 0459   0.108334E+06   0.649322E+14   0.454584E+09   0.472819E+09   0.434669E+06
 0460   0.108440E+06   0.649802E+14   0.454666E+09   0.472727E+09   0.432168E+06
 0461   0.108545E+06   0.650280E+14   0.454980E+09   0.472549E+09   0.429667E+06
 0462   0.108649E+06   0.650755E+14   0.455337E+09   0.472400E+09   0.427169E+06
 0463   0.108753E+06   0.651228E+14   0.455813E+09   0.472308E+09   0.424676E+06
 0464   0.108856E+06   0.651698E+14   0.456041E+09   0.472288E+09   0.422181E+06
 0465   0.108958E+06   0.652165E+14   0.456401E+09   0.472421E+09   0.419667E+06
 0466   0.109060E+06   0.652631E+14   0.456950E+09   0.472515E+09   0.417122E+06
 0467   0.109161E+06   0.653095E+14   0.457201E+09   0.472404E+09   0.414542E+06
 0468   0.109262E+06   0.653557E+14   0.456999E+09   0.472144E+09   0.411927E+06
 0469   0.109352E+06   0.653996E+14   0.492298E+09   0.474848E+09   0.409536E+06
 0470   0.109452E+06   0.654451E+14   0.454871E+09   0.474328E+09   0.406886E+06
 0471   0.109551E+06   0.654902E+14   0.453828E+09   0.474050E+09   0.404204E+06
 0472   0.109650E+06   0.655350E+14   0.453621E+09   0.473967E+09   0.401473E+06
 0473   0.109748E+06   0.655797E+14   0.454077E+09   0.473910E+09   0.398678E+06
 0474   0.109846E+06   0.656243E+14   0.454854E+09   0.473628E+09   0.395822E+06
 0475   0.109944E+06   0.656685E+14   0.455016E+09   0.473101E+09   0.392912E+06
 0476   0.110040E+06   0.657124E+14   0.454897E+09   0.472486E+09   0.389965E+06
 0477   0.110136E+06   0.657559E+14   0.454689E+09   0.471937E+09   0.386993E+06
 0478   0.110231E+06   0.657990E+14   0.454054E+09   0.471589E+09   0.383987E+06
 0479   0.110315E+06   0.658401E+14   0.489458E+09   0.474541E+09   0.381519E+06
 0480   0.110409E+06   0.658827E+14   0.453436E+09   0.474379E+09   0.378450E+06
 0481   0.110502E+06   0.659252E+14   0.453372E+09   0.474079E+09   0.375301E+06
 0482   0.110595E+06   0.659675E+14   0.453805E+09   0.473661E+09   0.372084E+06
 0483   0.110688E+06   0.660094E+14   0.454358E+09   0.473183E+09   0.368794E+06
 0484   0.110779E+06   0.660510E+14   0.454717E+09   0.472712E+09   0.365408E+06
 0485   0.110870E+06   0.660923E+14   0.454579E+09   0.472226E+09   0.361990E+06
 0486   0.110960E+06   0.661333E+14   0.453891E+09   0.471750E+09   0.358581E+06
 0487   0.111050E+06   0.661739E+14   0.452939E+09   0.471217E+09   0.355188E+06
 0488   0.111130E+06   0.662127E+14   0.487491E+09   0.473678E+09   0.352303E+06
 0489   0.111219E+06   0.662528E+14   0.450957E+09   0.473037E+09   0.348695E+06
 0490   0.111307E+06   0.662926E+14   0.450789E+09   0.472432E+09   0.345146E+06
 0491   0.111395E+06   0.663321E+14   0.451087E+09   0.471968E+09   0.341592E+06
 0492   0.111481E+06   0.663714E+14   0.451902E+09   0.471640E+09   0.337989E+06
 0493   0.111568E+06   0.664105E+14   0.452943E+09   0.471176E+09   0.334362E+06
 0494   0.111644E+06   0.664477E+14   0.488793E+09   0.473517E+09   0.330793E+06
 0495   0.111729E+06   0.664861E+14   0.451902E+09   0.472690E+09   0.327084E+06
 0496   0.111813E+06   0.665242E+14   0.450694E+09   0.471778E+09   0.323385E+06
 0497   0.111897E+06   0.665619E+14   0.449577E+09   0.471018E+09   0.319686E+06
 0498   0.111980E+06   0.665992E+14   0.449296E+09   0.470457E+09   0.315966E+06
 0499   0.112063E+06   0.666363E+14   0.449455E+09   0.470208E+09   0.312211E+06
 0500   0.112136E+06   0.666718E+14   0.485687E+09   0.472859E+09   0.308474E+06
 0501   0.112218E+06   0.667087E+14   0.450659E+09   0.472457E+09   0.304676E+06
 0502   0.112299E+06   0.667453E+14   0.451605E+09   0.472007E+09   0.300844E+06
 0503   0.112379E+06   0.667817E+14   0.452591E+09   0.471521E+09   0.296978E+06
 0504   0.112459E+06   0.668178E+14   0.453328E+09   0.471089E+09   0.293088E+06
 0505   0.112538E+06   0.668535E+14   0.453562E+09   0.470667E+09   0.289183E+06
 0506   0.112616E+06   0.668891E+14   0.453239E+09   0.470290E+09   0.285263E+06
 0507   0.112685E+06   0.669229E+14   0.488312E+09   0.472772E+09   0.281544E+06
 0508   0.112763E+06   0.669580E+14   0.451185E+09   0.472324E+09   0.277621E+06
 0509   0.112841E+06   0.669930E+14   0.450622E+09   0.471825E+09   0.273683E+06
 0510   0.112918E+06   0.670277E+14   0.450525E+09   0.471292E+09   0.269724E+06
 0511   0.112994E+06   0.670621E+14   0.450757E+09   0.470757E+09   0.265728E+06
 0512   0.113070E+06   0.670964E+14   0.451051E+09   0.470193E+09   0.261683E+06
 0513   0.113137E+06   0.671290E+14   0.486901E+09   0.472463E+09   0.258168E+06
 0514   0.113212E+06   0.671628E+14   0.450922E+09   0.471958E+09   0.254197E+06
 0515   0.113286E+06   0.671963E+14   0.450950E+09   0.471468E+09   0.250164E+06
 0516   0.113360E+06   0.672296E+14   0.450924E+09   0.471058E+09   0.246047E+06
 0517   0.113434E+06   0.672627E+14   0.451203E+09   0.470646E+09   0.241887E+06
 0518   0.113507E+06   0.672957E+14   0.451470E+09   0.470261E+09   0.237738E+06
 0519   0.113571E+06   0.673271E+14   0.487518E+09   0.472610E+09   0.234650E+06
 0520   0.113643E+06   0.673597E+14   0.451646E+09   0.472193E+09   0.230533E+06
 0521   0.113715E+06   0.673920E+14   0.451976E+09   0.471854E+09   0.226443E+06
 0522   0.113786E+06   0.674242E+14   0.452531E+09   0.471573E+09   0.222415E+06
 0523   0.113856E+06   0.674562E+14   0.453131E+09   0.471247E+09   0.218377E+06
 0524   0.113927E+06   0.674881E+14   0.453414E+09   0.470962E+09   0.214436E+06
 0525   0.113997E+06   0.675197E+14   0.453514E+09   0.470544E+09   0.210717E+06
 0526   0.114058E+06   0.675499E+14   0.489053E+09   0.472847E+09   0.207363E+06
 0527   0.114127E+06   0.675812E+14   0.452611E+09   0.472364E+09   0.203631E+06
 0528   0.114196E+06   0.676123E+14   0.452371E+09   0.471905E+09   0.200047E+06
 0529   0.114264E+06   0.676432E+14   0.452430E+09   0.471533E+09   0.196537E+06
 0530   0.114332E+06   0.676740E+14   0.452590E+09   0.471189E+09   0.193084E+06
 0531   0.114400E+06   0.677046E+14   0.452706E+09   0.470837E+09   0.189659E+06
 0532   0.114460E+06   0.677337E+14   0.488861E+09   0.473163E+09   0.186244E+06
 0533   0.114527E+06   0.677640E+14   0.452939E+09   0.472860E+09   0.182873E+06
 0534   0.114593E+06   0.677942E+14   0.453632E+09   0.472632E+09   0.179519E+06
 0535   0.114659E+06   0.678242E+14   0.454307E+09   0.472392E+09   0.176176E+06
 0536   0.114725E+06   0.678541E+14   0.455113E+09   0.472036E+09   0.172858E+06
 0537   0.114790E+06   0.678837E+14   0.455276E+09   0.471587E+09   0.169576E+06
 0538   0.114848E+06   0.679120E+14   0.490736E+09   0.473606E+09   0.166405E+06
 0539   0.114912E+06   0.679413E+14   0.453535E+09   0.473116E+09   0.163205E+06
 0540   0.114976E+06   0.679704E+14   0.453112E+09   0.472544E+09   0.160043E+06
 0541   0.115040E+06   0.679993E+14   0.452692E+09   0.472241E+09   0.156909E+06
 0542   0.115104E+06   0.680281E+14   0.453308E+09   0.471955E+09   0.153783E+06
 0543   0.115160E+06   0.680556E+14   0.489682E+09   0.474347E+09   0.150829E+06
 0544   0.115223E+06   0.680842E+14   0.454223E+09   0.474137E+09   0.147775E+06
 0545   0.115286E+06   0.681127E+14   0.454767E+09   0.473759E+09   0.144680E+06
 0546   0.115348E+06   0.681411E+14   0.455146E+09   0.473306E+09   0.141466E+06
 0547   0.115410E+06   0.681693E+14   0.455604E+09   0.472859E+09   0.138023E+06
 0548   0.115471E+06   0.681972E+14   0.455800E+09   0.472428E+09   0.134601E+06
 0549   0.115525E+06   0.682239E+14   0.492049E+09   0.474531E+09   0.132411E+06
 0550   0.115586E+06   0.682515E+14   0.455971E+09   0.474187E+09   0.129096E+06
 0551   0.115646E+06   0.682790E+14   0.455690E+09   0.473902E+09   0.125953E+06
 0552   0.115706E+06   0.683064E+14   0.455846E+09   0.473661E+09   0.122862E+06
 0553   0.115766E+06   0.683337E+14   0.455684E+09   0.473336E+09   0.120092E+06
 0554   0.115826E+06   0.683609E+14   0.455411E+09   0.472942E+09   0.117481E+06
 0555   0.115879E+06   0.683868E+14   0.491290E+09   0.474993E+09   0.114965E+06
 0556   0.115938E+06   0.684137E+14   0.455708E+09   0.474494E+09   0.112446E+06
 0557   0.115996E+06   0.684405E+14   0.455879E+09   0.474065E+09   0.110006E+06
 0558   0.116055E+06   0.684671E+14   0.456238E+09   0.473647E+09   0.107599E+06
 0559   0.116113E+06   0.684935E+14   0.456630E+09   0.473208E+09   0.105215E+06
 0560   0.116164E+06   0.685187E+14   0.492542E+09   0.475142E+09   0.102871E+06
 0561   0.116221E+06   0.685449E+14   0.456182E+09   0.474582E+09   0.100559E+06
 0562   0.116278E+06   0.685709E+14   0.455544E+09   0.473874E+09   0.982939E+05
 0563   0.116335E+06   0.685967E+14   0.454610E+09   0.473214E+09   0.960901E+05
 0564   0.116385E+06   0.686213E+14   0.489536E+09   0.474841E+09   0.938774E+05
 0565   0.116441E+06   0.686468E+14   0.453160E+09   0.474279E+09   0.917541E+05
 0566   0.116497E+06   0.686721E+14   0.453768E+09   0.473836E+09   0.896772E+05
 0567   0.116553E+06   0.686974E+14   0.454664E+09   0.473510E+09   0.875686E+05
 0568   0.116602E+06   0.687215E+14   0.491140E+09   0.475665E+09   0.855428E+05
 0569   0.116657E+06   0.687465E+14   0.456662E+09   0.475397E+09   0.834271E+05
 0570   0.116711E+06   0.687715E+14   0.457602E+09   0.474993E+09   0.809556E+05
 0571   0.116766E+06   0.687964E+14   0.458033E+09   0.474550E+09   0.782335E+05
 0572   0.116814E+06   0.688201E+14   0.494311E+09   0.476318E+09   0.766914E+05
 0573   0.116867E+06   0.688447E+14   0.458187E+09   0.475805E+09   0.742088E+05
 0574   0.116920E+06   0.688691E+14   0.458448E+09   0.475314E+09   0.719501E+05
 0575   0.116973E+06   0.688933E+14   0.458541E+09   0.474801E+09   0.700670E+05
 0576   0.117026E+06   0.689174E+14   0.458228E+09   0.474302E+09   0.683037E+05
 0577   0.117072E+06   0.689404E+14   0.493489E+09   0.476078E+09   0.665635E+05
 0578   0.117125E+06   0.689642E+14   0.457116E+09   0.475580E+09   0.648841E+05
 0579   0.117177E+06   0.689880E+14   0.456527E+09   0.475014E+09   0.632343E+05
 0580   0.117229E+06   0.690116E+14   0.455828E+09   0.474396E+09   0.616073E+05
 0581   0.117274E+06   0.690342E+14   0.490924E+09   0.476065E+09   0.599982E+05
 0582   0.117326E+06   0.690576E+14   0.455789E+09   0.475590E+09   0.584499E+05
 0583   0.117377E+06   0.690809E+14   0.456907E+09   0.475187E+09   0.569771E+05
 0584   0.117422E+06   0.691031E+14   0.493347E+09   0.476922E+09   0.554378E+05
 0585   0.117472E+06   0.691262E+14   0.458197E+09   0.476406E+09   0.540575E+05
 0586   0.117522E+06   0.691491E+14   0.458680E+09   0.475745E+09   0.527242E+05
 0587   0.117572E+06   0.691719E+14   0.458431E+09   0.474833E+09   0.511706E+05
 0588   0.117616E+06   0.691936E+14   0.492394E+09   0.476161E+09   0.498801E+05
 0589   0.117665E+06   0.692160E+14   0.456025E+09   0.475267E+09   0.478613E+05
 0590   0.117714E+06   0.692383E+14   0.455320E+09   0.474332E+09   0.458587E+05
 0591   0.117757E+06   0.692595E+14   0.489589E+09   0.475828E+09   0.447080E+05
 0592   0.117806E+06   0.692815E+14   0.454824E+09   0.475307E+09   0.430117E+05
 0593   0.117854E+06   0.693034E+14   0.455636E+09   0.474888E+09   0.417215E+05
 0594   0.117896E+06   0.693243E+14   0.491466E+09   0.476815E+09   0.405150E+05
 0595   0.117944E+06   0.693461E+14   0.457426E+09   0.476616E+09   0.393515E+05
 0596   0.117991E+06   0.693678E+14   0.458767E+09   0.476185E+09   0.382253E+05
 0597   0.118033E+06   0.693886E+14   0.494468E+09   0.477764E+09   0.370884E+05
 0598   0.118080E+06   0.694102E+14   0.459910E+09   0.477184E+09   0.360095E+05
 0599   0.118127E+06   0.694316E+14   0.460505E+09   0.476351E+09   0.350018E+05
 0600   0.118173E+06   0.694529E+14   0.460114E+09   0.475454E+09   0.340900E+05
 0601   0.118214E+06   0.694730E+14   0.494795E+09   0.476695E+09   0.330225E+05
 0602   0.118259E+06   0.694939E+14   0.458954E+09   0.475764E+09   0.321851E+05
 0603   0.118305E+06   0.695146E+14   0.457820E+09   0.474845E+09   0.311398E+05
 0604   0.118345E+06   0.695343E+14   0.491459E+09   0.476120E+09   0.302280E+05
 0605   0.118389E+06   0.695547E+14   0.455938E+09   0.475479E+09   0.284832E+05
 0606   0.118434E+06   0.695750E+14   0.455893E+09   0.474818E+09   0.270165E+05
 0607   0.118473E+06   0.695944E+14   0.489714E+09   0.476164E+09   0.261408E+05
 0608   0.118518E+06   0.696146E+14   0.454512E+09   0.475438E+09   0.251762E+05
 0609   0.118557E+06   0.696338E+14   0.488726E+09   0.476632E+09   0.243236E+05
 0610   0.118601E+06   0.696539E+14   0.454187E+09   0.475781E+09   0.235351E+05
 0611   0.118645E+06   0.696738E+14   0.455178E+09   0.475062E+09   0.227711E+05
 0612   0.118684E+06   0.696927E+14   0.490849E+09   0.476505E+09   0.219881E+05
 0613   0.118727E+06   0.697124E+14   0.457789E+09   0.476044E+09   0.213106E+05
 0614   0.118765E+06   0.697311E+14   0.494500E+09   0.477496E+09   0.205658E+05
 0615   0.118807E+06   0.697506E+14   0.460970E+09   0.477036E+09   0.200237E+05
 0616   0.118849E+06   0.697700E+14   0.461763E+09   0.476517E+09   0.195615E+05
 0617   0.118891E+06   0.697893E+14   0.461921E+09   0.475753E+09   0.185602E+05
 0618   0.118927E+06   0.698076E+14   0.495521E+09   0.476692E+09   0.178771E+05
 0619   0.118969E+06   0.698266E+14   0.459130E+09   0.475676E+09   0.164248E+05
 0620   0.119010E+06   0.698454E+14   0.457594E+09   0.474594E+09   0.157024E+05
 0621   0.119046E+06   0.698633E+14   0.489968E+09   0.475303E+09   0.150943E+05
 0622   0.119087E+06   0.698818E+14   0.454601E+09   0.474161E+09   0.145479E+05
 0623   0.119123E+06   0.698994E+14   0.487670E+09   0.475075E+09   0.139719E+05
 0624   0.119164E+06   0.699176E+14   0.453599E+09   0.474215E+09   0.134674E+05
 0625   0.119199E+06   0.699350E+14   0.487205E+09   0.475217E+09   0.129254E+05
 0626   0.119239E+06   0.699531E+14   0.453308E+09   0.474373E+09   0.125618E+05
 0627   0.119274E+06   0.699703E+14   0.486730E+09   0.475362E+09   0.120716E+05
 0628   0.119314E+06   0.699882E+14   0.453208E+09   0.474440E+09   0.118634E+05
 0629   0.119349E+06   0.700053E+14   0.486532E+09   0.475298E+09   0.114104E+05
 0630   0.119388E+06   0.700230E+14   0.453239E+09   0.474321E+09   0.101944E+05
 0631   0.119423E+06   0.700398E+14   0.487600E+09   0.475281E+09   0.964397E+04
 0632   0.119457E+06   0.700566E+14   0.488764E+09   0.476370E+09   0.909972E+04
 0633   0.119495E+06   0.700740E+14   0.456228E+09   0.475787E+09   0.854267E+04
 0634   0.119533E+06   0.700913E+14   0.458299E+09   0.475206E+09   0.819581E+04
 0635   0.119566E+06   0.701077E+14   0.493718E+09   0.476376E+09   0.781806E+04
 0636   0.119603E+06   0.701249E+14   0.460234E+09   0.475803E+09   0.752706E+04
 0637   0.119636E+06   0.701412E+14   0.494814E+09   0.476823E+09   0.719168E+04
 0638   0.119673E+06   0.701581E+14   0.459997E+09   0.475887E+09   0.710064E+04
 0639   0.119710E+06   0.701749E+14   0.458987E+09   0.474744E+09   0.705762E+04
 0640   0.119742E+06   0.701908E+14   0.490810E+09   0.475264E+09   0.666030E+04
 0641   0.119779E+06   0.702074E+14   0.455409E+09   0.474026E+09   0.545656E+04
 0642   0.119811E+06   0.702231E+14   0.487097E+09   0.474418E+09   0.511937E+04
 0643   0.119847E+06   0.702393E+14   0.452646E+09   0.473120E+09   0.484938E+04
 0644   0.119878E+06   0.702547E+14   0.484693E+09   0.473651E+09   0.458762E+04
 0645   0.119910E+06   0.702700E+14   0.484170E+09   0.474316E+09   0.433521E+04
 0646   0.119945E+06   0.702859E+14   0.451160E+09   0.473358E+09   0.418213E+04
 0647   0.119976E+06   0.703010E+14   0.484007E+09   0.474053E+09   0.399386E+04
 0648   0.120011E+06   0.703167E+14   0.451030E+09   0.473080E+09   0.411897E+04
 0649   0.120042E+06   0.703317E+14   0.483554E+09   0.473745E+09   0.399557E+04
 0650   0.120073E+06   0.703465E+14   0.483484E+09   0.474322E+09   0.375421E+04
 0651   0.120107E+06   0.703620E+14   0.450496E+09   0.473162E+09   0.268080E+04
 0652   0.120138E+06   0.703767E+14   0.482654E+09   0.473609E+09   0.245979E+04
 0653   0.120168E+06   0.703913E+14   0.483136E+09   0.474060E+09   0.227795E+04
 0654   0.120202E+06   0.704065E+14   0.451140E+09   0.472920E+09   0.215930E+04
 0655   0.120231E+06   0.704209E+14   0.484136E+09   0.473413E+09   0.201773E+04
 0656   0.120261E+06   0.704351E+14   0.484710E+09   0.473921E+09   0.190185E+04
 0657   0.120293E+06   0.704499E+14   0.452597E+09   0.472884E+09   0.207900E+04
 0658   0.120322E+06   0.704639E+14   0.485722E+09   0.473460E+09   0.207576E+04
 0659   0.120354E+06   0.704785E+14   0.453352E+09   0.472543E+09   0.144692E+04
 0660   0.120383E+06   0.704924E+14   0.485956E+09   0.473234E+09   0.109974E+04
 0661   0.120411E+06   0.705061E+14   0.486024E+09   0.473911E+09   0.934353E+03
 0662   0.120443E+06   0.705205E+14   0.453283E+09   0.472989E+09   0.861789E+03
 0663   0.120471E+06   0.705341E+14   0.485680E+09   0.473533E+09   0.777413E+03
 0664   0.120502E+06   0.705483E+14   0.452717E+09   0.472482E+09   0.878203E+03
 0665   0.120530E+06   0.705618E+14   0.484349E+09   0.472805E+09   0.950798E+03
 0666   0.120558E+06   0.705751E+14   0.483393E+09   0.473019E+09   0.106293E+04
 0667   0.120589E+06   0.705890E+14   0.450322E+09   0.471646E+09   0.514944E+03
 0668   0.120616E+06   0.706021E+14   0.481274E+09   0.471730E+09   0.341752E+03
 0669   0.120643E+06   0.706151E+14   0.480129E+09   0.471748E+09   0.314539E+03
 0670   0.120673E+06   0.706286E+14   0.447388E+09   0.470312E+09   0.336845E+03
 0671   0.120700E+06   0.706414E+14   0.478043E+09   0.470342E+09   0.353338E+03
 0672   0.120726E+06   0.706541E+14   0.477192E+09   0.470361E+09   0.409377E+03
 0673   0.120753E+06   0.706666E+14   0.476467E+09   0.470414E+09   0.536640E+03
 0674   0.120779E+06   0.706790E+14   0.475901E+09   0.470555E+09   0.768467E+03
 0675   0.120808E+06   0.706920E+14   0.444517E+09   0.469303E+09   0.505335E+03
 0676   0.120834E+06   0.707043E+14   0.475554E+09   0.469518E+09   0.289478E+03
 0677   0.120859E+06   0.707165E+14   0.475401E+09   0.469771E+09   0.286872E+03
 0678   0.120885E+06   0.707286E+14   0.475387E+09   0.470092E+09   0.300826E+03
 0679   0.120910E+06   0.707407E+14   0.475821E+09   0.470628E+09   0.337624E+03
 0680   0.120936E+06   0.707527E+14   0.477041E+09   0.471667E+09   0.484796E+03
 0681   0.120958E+06   0.707641E+14   0.520682E+09   0.474682E+09   0.490373E+03
 0682   0.120986E+06   0.707768E+14   0.452127E+09   0.474932E+09   0.833024E+03
 0683   0.121013E+06   0.707895E+14   0.456508E+09   0.474278E+09   0.283397E+03
 0684   0.121041E+06   0.708021E+14   0.457729E+09   0.472710E+09   0.384478E+03
 0685   0.121068E+06   0.708146E+14   0.456043E+09   0.470630E+09   0.101170E+04
 0686   0.121092E+06   0.708262E+14   0.483897E+09   0.469716E+09   0.310900E+03
 0687   0.121116E+06   0.708377E+14   0.479444E+09   0.468727E+09   0.284724E+03
 0688   0.121143E+06   0.708496E+14   0.444756E+09   0.466400E+09   0.433090E+03
 0689   0.121167E+06   0.708607E+14   0.471424E+09   0.465441E+09   0.879694E+03
 0690   0.121190E+06   0.708717E+14   0.467985E+09   0.464489E+09   0.415503E+03
 0691   0.121213E+06   0.708824E+14   0.464788E+09   0.463576E+09   0.283468E+03
 0692   0.121236E+06   0.708931E+14   0.462075E+09   0.462678E+09   0.322395E+03
 0693   0.121259E+06   0.709036E+14   0.459820E+09   0.461765E+09   0.604651E+03
 0694   0.121279E+06   0.709134E+14   0.494631E+09   0.462169E+09   0.801013E+03
 0695   0.121301E+06   0.709236E+14   0.455834E+09   0.461195E+09   0.406627E+03
 0696   0.121323E+06   0.709337E+14   0.454049E+09   0.460091E+09   0.284565E+03
 0697   0.121345E+06   0.709436E+14   0.451622E+09   0.458937E+09   0.344144E+03
 0698   0.121367E+06   0.709534E+14   0.449185E+09   0.457924E+09   0.768273E+03
 0699   0.121386E+06   0.709626E+14   0.482286E+09   0.458141E+09   0.955816E+03
 0700   0.121408E+06   0.709722E+14   0.444210E+09   0.456853E+09   0.274435E+03
 0701   0.121429E+06   0.709817E+14   0.441162E+09   0.455479E+09   0.312331E+03
 0702   0.121448E+06   0.709906E+14   0.471983E+09   0.455145E+09   0.404740E+03
 0703   0.121470E+06   0.709999E+14   0.434113E+09   0.453499E+09   0.912110E+03
 0704   0.121488E+06   0.710085E+14   0.465536E+09   0.453061E+09   0.307223E+03
 0705   0.121509E+06   0.710175E+14   0.431874E+09   0.451251E+09   0.294720E+03
 0706   0.121527E+06   0.710259E+14   0.464050E+09   0.450868E+09   0.351184E+03
 0707   0.121545E+06   0.710341E+14   0.463145E+09   0.450657E+09   0.547514E+03
 0708   0.121562E+06   0.710422E+14   0.462699E+09   0.450387E+09   0.868870E+03
 0709   0.121580E+06   0.710501E+14   0.461983E+09   0.450371E+09   0.502672E+03
 0710   0.121599E+06   0.710585E+14   0.428732E+09   0.449358E+09   0.283192E+03
 0711   0.121616E+06   0.710663E+14   0.462491E+09   0.449243E+09   0.307681E+03
 0712   0.121635E+06   0.710744E+14   0.428842E+09   0.448080E+09   0.702077E+03
 0713   0.121651E+06   0.710820E+14   0.461794E+09   0.448189E+09   0.823831E+03
 0714   0.121668E+06   0.710896E+14   0.461997E+09   0.448219E+09   0.295316E+03
 0715   0.121684E+06   0.710970E+14   0.462090E+09   0.448433E+09   0.269423E+03
 0716   0.121702E+06   0.711048E+14   0.429287E+09   0.447398E+09   0.338288E+03
 0717   0.121720E+06   0.711125E+14   0.429309E+09   0.446309E+09   0.824788E+03
 0718   0.121735E+06   0.711196E+14   0.461887E+09   0.446167E+09   0.454702E+03
 0719   0.121751E+06   0.711267E+14   0.460663E+09   0.446288E+09   0.265487E+03
 0720   0.121768E+06   0.711341E+14   0.427482E+09   0.445241E+09   0.305191E+03
 0721   0.121785E+06   0.711415E+14   0.427799E+09   0.443921E+09   0.682708E+03
 0722   0.121800E+06   0.711483E+14   0.459699E+09   0.443752E+09   0.737859E+03
 0723   0.121815E+06   0.711550E+14   0.458984E+09   0.443703E+09   0.284279E+03
 0724   0.121831E+06   0.711620E+14   0.426383E+09   0.442581E+09   0.281146E+03
 0725   0.121845E+06   0.711686E+14   0.459080E+09   0.442495E+09   0.322878E+03
 0726   0.121861E+06   0.711754E+14   0.425927E+09   0.441418E+09   0.727338E+03
 0727   0.121875E+06   0.711818E+14   0.458198E+09   0.441474E+09   0.591917E+03
 0728   0.121889E+06   0.711881E+14   0.458117E+09   0.441670E+09   0.272836E+03
 0729   0.121905E+06   0.711948E+14   0.425420E+09   0.440922E+09   0.277016E+03
 0730   0.121918E+06   0.712009E+14   0.458219E+09   0.441193E+09   0.315312E+03
 0731   0.121932E+06   0.712071E+14   0.458127E+09   0.441469E+09   0.428210E+03
 0732   0.121947E+06   0.712135E+14   0.425125E+09   0.440846E+09   0.610013E+03
 0733   0.121960E+06   0.712195E+14   0.458494E+09   0.441229E+09   0.271737E+03
 0734   0.121973E+06   0.712255E+14   0.458923E+09   0.441633E+09   0.253223E+03
 0735   0.121988E+06   0.712318E+14   0.426079E+09   0.441097E+09   0.310681E+03
 0736   0.122001E+06   0.712377E+14   0.459662E+09   0.441513E+09   0.421767E+03
 0737   0.122015E+06   0.712439E+14   0.426772E+09   0.440996E+09   0.553313E+03
 0738   0.122028E+06   0.712497E+14   0.459982E+09   0.441428E+09   0.261529E+03
 0739   0.122042E+06   0.712558E+14   0.427267E+09   0.440969E+09   0.271470E+03
 0740   0.122054E+06   0.712616E+14   0.461410E+09   0.441451E+09   0.317372E+03
 0741   0.122068E+06   0.712676E+14   0.428686E+09   0.441050E+09   0.674094E+03
 0742   0.122081E+06   0.712732E+14   0.462366E+09   0.441568E+09   0.423084E+03
 0743   0.122094E+06   0.712791E+14   0.429879E+09   0.441214E+09   0.254223E+03
 0744   0.122106E+06   0.712847E+14   0.464573E+09   0.441751E+09   0.275199E+03
 0745   0.122120E+06   0.712905E+14   0.431748E+09   0.441446E+09   0.508188E+03
 0746   0.122132E+06   0.712960E+14   0.466437E+09   0.442052E+09   0.669107E+03
 0747   0.122145E+06   0.713018E+14   0.433580E+09   0.441850E+09   0.242733E+03
 0748   0.122156E+06   0.713072E+14   0.468889E+09   0.442551E+09   0.252811E+03
 0749   0.122169E+06   0.713128E+14   0.435855E+09   0.442466E+09   0.359514E+03
 0750   0.122182E+06   0.713185E+14   0.437086E+09   0.442386E+09   0.621639E+03
 0751   0.122194E+06   0.713238E+14   0.472537E+09   0.443103E+09   0.287536E+03
 0752   0.122206E+06   0.713293E+14   0.438493E+09   0.442980E+09   0.254926E+03
 0753   0.122219E+06   0.713349E+14   0.439026E+09   0.442857E+09   0.392555E+03
 0754   0.122231E+06   0.713404E+14   0.439483E+09   0.442731E+09   0.463890E+03
 0755   0.122242E+06   0.713456E+14   0.474434E+09   0.443449E+09   0.246573E+03
 0756   0.122255E+06   0.713510E+14   0.440046E+09   0.443390E+09   0.264146E+03
 0757   0.122267E+06   0.713564E+14   0.440465E+09   0.443328E+09   0.468993E+03
 0758   0.122278E+06   0.713615E+14   0.475515E+09   0.444102E+09   0.605518E+03
 0759   0.122290E+06   0.713668E+14   0.440984E+09   0.444058E+09   0.235449E+03
 0760   0.122302E+06   0.713722E+14   0.441278E+09   0.444036E+09   0.298514E+03
 0761   0.122314E+06   0.713775E+14   0.441629E+09   0.443988E+09   0.586608E+03
 0762   0.122326E+06   0.713827E+14   0.441903E+09   0.443932E+09   0.234251E+03
 0763   0.122336E+06   0.713877E+14   0.476823E+09   0.444649E+09   0.250242E+03
 0764   0.122348E+06   0.713929E+14   0.442167E+09   0.444595E+09   0.421023E+03
 0765   0.122360E+06   0.713981E+14   0.442395E+09   0.444584E+09   0.278545E+03
 0766   0.122370E+06   0.714030E+14   0.477459E+09   0.445312E+09   0.232627E+03
 0767   0.122382E+06   0.714081E+14   0.442717E+09   0.445291E+09   0.318287E+03
 0768   0.122393E+06   0.714133E+14   0.442959E+09   0.445265E+09   0.480162E+03
 0769   0.122405E+06   0.714184E+14   0.443166E+09   0.445146E+09   0.239201E+03
 0770   0.122416E+06   0.714234E+14   0.443109E+09   0.444991E+09   0.381777E+03
 0771   0.122426E+06   0.714282E+14   0.477509E+09   0.445585E+09   0.546842E+03
 0772   0.122437E+06   0.714332E+14   0.442698E+09   0.445478E+09   0.231779E+03
 0773   0.122447E+06   0.714379E+14   0.477334E+09   0.446115E+09   0.267357E+03
 0774   0.122458E+06   0.714429E+14   0.442593E+09   0.446054E+09   0.526763E+03
 0775   0.122470E+06   0.714478E+14   0.442715E+09   0.446009E+09   0.229807E+03
 0776   0.122479E+06   0.714524E+14   0.477384E+09   0.446640E+09   0.267800E+03
 0777   0.122490E+06   0.714573E+14   0.442592E+09   0.446521E+09   0.522162E+03
 0778   0.122501E+06   0.714622E+14   0.442441E+09   0.446403E+09   0.232452E+03
 0779   0.122512E+06   0.714671E+14   0.442306E+09   0.446241E+09   0.393780E+03
 0780   0.122522E+06   0.714716E+14   0.476303E+09   0.446792E+09   0.415102E+03
 0781   0.122533E+06   0.714764E+14   0.441837E+09   0.446608E+09   0.245357E+03
 0782   0.122542E+06   0.714809E+14   0.475934E+09   0.447135E+09   0.339038E+03
 0783   0.122553E+06   0.714857E+14   0.441571E+09   0.446942E+09   0.244296E+03
 0784   0.122564E+06   0.714904E+14   0.441543E+09   0.446787E+09   0.282587E+03
 0785   0.122573E+06   0.714948E+14   0.475578E+09   0.447300E+09   0.450989E+03
 0786   0.122584E+06   0.714995E+14   0.441346E+09   0.447143E+09   0.225706E+03
 0787   0.122593E+06   0.715039E+14   0.475299E+09   0.447683E+09   0.283883E+03
 0788   0.122602E+06   0.715082E+14   0.475243E+09   0.448216E+09   0.458336E+03
 0789   0.122612E+06   0.715129E+14   0.441027E+09   0.448107E+09   0.228267E+03
 0790   0.122622E+06   0.715172E+14   0.475187E+09   0.448641E+09   0.306963E+03
 0791   0.122632E+06   0.715218E+14   0.441058E+09   0.448481E+09   0.239172E+03
 0792   0.122641E+06   0.715261E+14   0.475061E+09   0.448991E+09   0.242321E+03
 0793   0.122651E+06   0.715306E+14   0.441007E+09   0.448898E+09   0.455521E+03
 0794   0.122660E+06   0.715348E+14   0.475200E+09   0.449437E+09   0.221523E+03
 0795   0.122670E+06   0.715393E+14   0.441273E+09   0.449293E+09   0.386924E+03
 0796   0.122681E+06   0.715438E+14   0.441407E+09   0.449110E+09   0.222374E+03
 0797   0.122689E+06   0.715480E+14   0.475071E+09   0.449527E+09   0.307204E+03
 0798   0.122699E+06   0.715524E+14   0.440982E+09   0.449281E+09   0.224465E+03
 0799   0.122708E+06   0.715566E+14   0.474338E+09   0.449631E+09   0.266114E+03
 0800   0.122718E+06   0.715610E+14   0.440289E+09   0.449350E+09   0.253083E+03
 0801   0.122727E+06   0.715651E+14   0.473545E+09   0.449695E+09   0.244977E+03
 0802   0.122737E+06   0.715694E+14   0.439940E+09   0.449412E+09   0.302093E+03
 0803   0.122745E+06   0.715735E+14   0.473215E+09   0.449740E+09   0.233916E+03
 0804   0.122754E+06   0.715775E+14   0.472929E+09   0.450070E+09   0.381112E+03
 0805   0.122764E+06   0.715818E+14   0.439374E+09   0.449800E+09   0.228323E+03
 0806   0.122772E+06   0.715858E+14   0.472486E+09   0.450137E+09   0.369332E+03
 0807   0.122780E+06   0.715898E+14   0.472188E+09   0.450466E+09   0.221771E+03
 0808   0.122790E+06   0.715940E+14   0.438722E+09   0.450180E+09   0.373007E+03
 0809   0.122798E+06   0.715980E+14   0.471609E+09   0.450493E+09   0.219294E+03
 0810   0.122807E+06   0.716019E+14   0.471290E+09   0.450804E+09   0.294614E+03
 0811   0.122816E+06   0.716060E+14   0.438077E+09   0.450503E+09   0.216997E+03
 0812   0.122824E+06   0.716099E+14   0.470912E+09   0.450799E+09   0.324425E+03
 0813   0.122833E+06   0.716138E+14   0.470737E+09   0.451094E+09   0.223992E+03
 0814   0.122842E+06   0.716179E+14   0.437777E+09   0.450792E+09   0.370887E+03
 0815   0.122850E+06   0.716217E+14   0.470564E+09   0.451065E+09   0.215844E+03
 0816   0.122858E+06   0.716255E+14   0.470408E+09   0.451329E+09   0.333913E+03
 0817   0.122866E+06   0.716293E+14   0.470255E+09   0.451613E+09   0.216974E+03
 0818   0.122874E+06   0.716330E+14   0.470186E+09   0.451910E+09   0.312103E+03
 0819   0.122882E+06   0.716368E+14   0.470151E+09   0.452216E+09   0.218651E+03
 0820   0.122891E+06   0.716408E+14   0.437414E+09   0.451955E+09   0.379503E+03
 0821   0.122899E+06   0.716445E+14   0.470239E+09   0.452253E+09   0.222481E+03
 0822   0.122907E+06   0.716482E+14   0.470193E+09   0.452550E+09   0.374305E+03
 0823   0.122915E+06   0.716518E+14   0.470099E+09   0.452841E+09   0.226998E+03
 0824   0.122923E+06   0.716555E+14   0.469995E+09   0.453102E+09   0.347935E+03
 0825   0.122932E+06   0.716594E+14   0.437221E+09   0.452802E+09   0.312535E+03
 0826   0.122939E+06   0.716630E+14   0.469691E+09   0.453044E+09   0.213376E+03
 0827   0.122947E+06   0.716666E+14   0.469442E+09   0.453275E+09   0.346881E+03
 0828   0.122955E+06   0.716702E+14   0.469190E+09   0.453498E+09   0.217676E+03
 0829   0.122963E+06   0.716740E+14   0.436620E+09   0.453161E+09   0.216556E+03
 0830   0.122971E+06   0.716776E+14   0.468743E+09   0.453345E+09   0.325183E+03
 0831   0.122979E+06   0.716811E+14   0.468330E+09   0.453516E+09   0.214550E+03
 0832   0.122986E+06   0.716847E+14   0.467909E+09   0.453674E+09   0.315805E+03
 0833   0.122994E+06   0.716882E+14   0.467489E+09   0.453822E+09   0.258055E+03
 0834   0.123001E+06   0.716917E+14   0.467114E+09   0.453956E+09   0.213684E+03
 0835   0.123010E+06   0.716954E+14   0.434982E+09   0.453564E+09   0.244748E+03
 0836   0.123017E+06   0.716988E+14   0.466741E+09   0.453697E+09   0.299907E+03
 0837   0.123024E+06   0.717022E+14   0.466573E+09   0.453829E+09   0.212678E+03
 0838   0.123032E+06   0.717057E+14   0.466430E+09   0.453964E+09   0.261006E+03
 0839   0.123039E+06   0.717091E+14   0.466308E+09   0.454097E+09   0.290894E+03
 0840   0.123046E+06   0.717125E+14   0.466198E+09   0.454227E+09   0.212455E+03
 0841   0.123053E+06   0.717158E+14   0.466100E+09   0.454355E+09   0.242224E+03
 0842   0.123061E+06   0.717192E+14   0.466010E+09   0.454479E+09   0.307099E+03
 0843   0.123068E+06   0.717225E+14   0.465907E+09   0.454605E+09   0.225976E+03
 0844   0.123074E+06   0.717256E+14   0.507782E+09   0.455231E+09   0.298300E+03
 0845   0.123081E+06   0.717289E+14   0.465527E+09   0.455369E+09   0.279260E+03
 0846   0.123088E+06   0.717322E+14   0.465489E+09   0.455534E+09   0.215142E+03
 0847   0.123094E+06   0.717353E+14   0.507564E+09   0.456225E+09   0.305003E+03
 0848   0.123101E+06   0.717385E+14   0.465474E+09   0.456455E+09   0.278020E+03
 0849   0.123107E+06   0.717416E+14   0.507940E+09   0.457161E+09   0.209245E+03
 0850   0.123115E+06   0.717450E+14   0.434109E+09   0.456870E+09   0.207834E+03
 0851   0.123122E+06   0.717482E+14   0.466073E+09   0.457043E+09   0.234583E+03
 0852   0.123129E+06   0.717514E+14   0.466147E+09   0.457233E+09   0.305734E+03
 0853   0.123136E+06   0.717546E+14   0.466275E+09   0.457410E+09   0.273303E+03
 0854   0.123142E+06   0.717578E+14   0.466368E+09   0.457535E+09   0.231270E+03
 0855   0.123149E+06   0.717609E+14   0.466318E+09   0.457649E+09   0.208445E+03
 0856   0.123156E+06   0.717641E+14   0.466249E+09   0.457766E+09   0.206689E+03
 0857   0.123163E+06   0.717672E+14   0.466195E+09   0.457870E+09   0.213530E+03
 0858   0.123169E+06   0.717703E+14   0.466108E+09   0.457994E+09   0.234337E+03
 0859   0.123176E+06   0.717734E+14   0.466079E+09   0.458090E+09   0.270228E+03
 0860   0.123183E+06   0.717765E+14   0.465964E+09   0.458166E+09   0.289864E+03
 0861   0.123189E+06   0.717796E+14   0.465768E+09   0.458251E+09   0.284790E+03
 0862   0.123196E+06   0.717827E+14   0.465603E+09   0.458306E+09   0.275359E+03
 0863   0.123202E+06   0.717857E+14   0.465357E+09   0.458365E+09   0.267606E+03
 0864   0.123209E+06   0.717887E+14   0.465116E+09   0.458411E+09   0.263122E+03
 0865   0.123214E+06   0.717916E+14   0.505965E+09   0.458916E+09   0.209158E+03
 0866   0.123221E+06   0.717946E+14   0.464423E+09   0.458946E+09   0.210669E+03
 0867   0.123227E+06   0.717975E+14   0.464147E+09   0.458988E+09   0.214594E+03
 0868   0.123234E+06   0.718005E+14   0.463930E+09   0.459010E+09   0.221732E+03
 0869   0.123240E+06   0.718035E+14   0.463682E+09   0.459038E+09   0.233082E+03
 0870   0.123246E+06   0.718062E+14   0.504172E+09   0.459492E+09   0.204041E+03
 0871   0.123252E+06   0.718092E+14   0.463051E+09   0.459500E+09   0.212768E+03
 0872   0.123258E+06   0.718121E+14   0.462848E+09   0.459520E+09   0.228713E+03
 0873   0.123265E+06   0.718150E+14   0.462706E+09   0.459523E+09   0.246868E+03
 0874   0.123270E+06   0.718177E+14   0.502912E+09   0.459965E+09   0.218156E+03
 0875   0.123276E+06   0.718206E+14   0.462195E+09   0.459983E+09   0.233696E+03
 0876   0.123282E+06   0.718234E+14   0.462135E+09   0.459980E+09   0.242243E+03
 0877   0.123288E+06   0.718261E+14   0.502224E+09   0.460402E+09   0.217397E+03
 0878   0.123294E+06   0.718289E+14   0.461725E+09   0.460409E+09   0.222591E+03
 0879   0.123300E+06   0.718317E+14   0.461707E+09   0.460402E+09   0.222550E+03
 0880   0.123306E+06   0.718346E+14   0.461671E+09   0.460383E+09   0.217756E+03
 0881   0.123311E+06   0.718372E+14   0.501496E+09   0.460795E+09   0.192810E+03
 0882   0.123317E+06   0.718399E+14   0.461370E+09   0.460805E+09   0.188998E+03
 0883   0.123323E+06   0.718427E+14   0.461418E+09   0.460791E+09   0.187517E+03
 0884   0.123329E+06   0.718455E+14   0.461409E+09   0.460759E+09   0.196436E+03
 0885   0.123334E+06   0.718480E+14   0.500926E+09   0.461136E+09   0.181941E+03
 0886   0.123339E+06   0.718506E+14   0.500672E+09   0.461526E+09   0.182167E+03
 0887   0.123344E+06   0.718531E+14   0.500458E+09   0.461952E+09   0.181522E+03
 0888   0.123349E+06   0.718556E+14   0.500380E+09   0.462404E+09   0.172001E+03
 0889   0.123354E+06   0.718581E+14   0.500409E+09   0.462865E+09   0.168156E+03
 0890   0.123359E+06   0.718607E+14   0.500458E+09   0.463328E+09   0.164604E+03
 0891   0.123364E+06   0.718631E+14   0.500526E+09   0.463804E+09   0.161186E+03
 0892   0.123369E+06   0.718656E+14   0.500652E+09   0.464306E+09   0.157927E+03
 0893   0.123374E+06   0.718681E+14   0.500850E+09   0.464820E+09   0.154748E+03
 0894   0.123380E+06   0.718708E+14   0.460962E+09   0.464940E+09   0.151367E+03
 0895   0.123386E+06   0.718734E+14   0.461344E+09   0.465033E+09   0.148088E+03
 0896   0.123392E+06   0.718760E+14   0.461618E+09   0.465099E+09   0.144887E+03
 0897   0.123397E+06   0.718786E+14   0.461794E+09   0.465143E+09   0.141748E+03
 0898   0.123403E+06   0.718812E+14   0.461896E+09   0.465186E+09   0.138663E+03
 0899   0.123408E+06   0.718837E+14   0.501579E+09   0.465597E+09   0.135848E+03
 0900   0.123413E+06   0.718863E+14   0.461746E+09   0.465620E+09   0.132847E+03
 0901   0.123418E+06   0.718887E+14   0.501237E+09   0.466016E+09   0.130107E+03
 0902   0.123424E+06   0.718912E+14   0.461471E+09   0.466030E+09   0.127184E+03
 0903   0.123429E+06   0.718938E+14   0.461444E+09   0.466027E+09   0.124301E+03
 0904   0.123435E+06   0.718963E+14   0.461367E+09   0.466009E+09   0.121459E+03
 0905   0.123440E+06   0.718989E+14   0.461267E+09   0.465974E+09   0.118661E+03
 0906   0.123446E+06   0.719014E+14   0.461153E+09   0.465917E+09   0.115907E+03
 0907   0.123450E+06   0.719037E+14   0.499737E+09   0.466210E+09   0.113391E+03
 0908   0.123456E+06   0.719062E+14   0.460605E+09   0.466132E+09   0.110727E+03
 0909   0.123460E+06   0.719086E+14   0.498996E+09   0.466424E+09   0.108293E+03
 0910   0.123465E+06   0.719109E+14   0.498621E+09   0.466713E+09   0.105897E+03
 0911   0.123470E+06   0.719133E+14   0.459802E+09   0.466628E+09   0.103371E+03
 0912   0.123476E+06   0.719158E+14   0.459725E+09   0.466540E+09   0.100893E+03
 0913   0.123480E+06   0.719181E+14   0.497794E+09   0.466812E+09   0.986238E+02
 0914   0.123485E+06   0.719203E+14   0.497454E+09   0.467082E+09   0.963781E+02
 0915   0.123490E+06   0.719228E+14   0.459066E+09   0.466983E+09   0.940423E+02
 0916   0.123495E+06   0.719250E+14   0.496936E+09   0.467240E+09   0.919189E+02
 0917   0.123499E+06   0.719273E+14   0.496626E+09   0.467493E+09   0.898084E+02
 0918   0.123504E+06   0.719297E+14   0.458509E+09   0.467395E+09   0.866918E+02
 0919   0.123509E+06   0.719319E+14   0.496212E+09   0.467650E+09   0.845916E+02
 0920   0.123513E+06   0.719341E+14   0.495965E+09   0.467903E+09   0.826539E+02
 0921   0.123519E+06   0.719365E+14   0.458145E+09   0.467814E+09   0.806069E+02
 0922   0.123523E+06   0.719386E+14   0.495688E+09   0.468068E+09   0.787557E+02
 0999   0.123526E+06   0.721592E+14   0.751801E+11   0.840010E+09   0.250876E-02
