 0001  0.1479325409536040E+026
 0002  0.1454360990967077E+026
 0003  0.1433450377175386E+026
 0004  0.1411887127624769E+026
 0005  0.1383169529065339E+026
 0006  0.1354106351756353E+026
 0007  0.1315468885078531E+026
 0008  0.1278377621607686E+026
 0009  0.1250948730629469E+026
 0010  0.1227064940762984E+026
 0011  0.1198920131659284E+026
 0012  0.1169196271229582E+026
 0013  0.1139208394288881E+026
 0014  0.1108768304912980E+026
 0015  0.1077635067875403E+026
 0016  0.1039945838675115E+026
 0017  0.1011486154272207E+026
 0018  0.9887829012264689E+025
 0019  0.9621133726246931E+025
 0020  0.9315107695497796E+025
 0021  0.8892266086979184E+025
 0022  0.8570186794170823E+025
 0023  0.8253370448038529E+025
 0024  0.8010287245292532E+025
 0025  0.7745237983141603E+025
 0026  0.7414062198447540E+025
 0027  0.7105279635287688E+025
 0028  0.6800380643667296E+025
 0029  0.6439300260564196E+025
 0030  0.6077638534671206E+025
 0031  0.5754883967743229E+025
 0032  0.5520335260914370E+025
 0033  0.5213742615932128E+025
 0034  0.4927733135877287E+025
 0035  0.4720047974708487E+025
 0036  0.4433155678467430E+025
 0037  0.4180348603780336E+025
 0038  0.3933926263125330E+025
 0039  0.3675485293698923E+025
 0040  0.3408819877502679E+025
 0041  0.3216067786296041E+025
 0042  0.2947815248204621E+025
 0043  0.2756799876939029E+025
 0044  0.2548894175342291E+025
 0045  0.2339210375148743E+025
 0046  0.2166726239462420E+025
 0047  0.1968809862214822E+025
 0048  0.1781254630894865E+025
 0049  0.1632000948946463E+025
 0050  0.1460092755148078E+025
 0051  0.1311761345338604E+025
 0052  0.1172826673285994E+025
 0053  0.1039870938454390E+025
 0054  0.9106071981742924E+024
 0055  0.8022003083483878E+024
 0056  0.6536674232885038E+024
 0057  0.5418957380112650E+024
 0058  0.4668960763573264E+024
 0059  0.4095746306806741E+024
 0060  0.3574563799455921E+024
 0061  0.3113075839563873E+024
 0062  0.2737644146774947E+024
 0063  0.2385651162599010E+024
 0064  0.2087435819243703E+024
 0065  0.1828882447029114E+024
 0066  0.1587720926220323E+024
 0067  0.1403755111336439E+024
 0068  0.1230672101573524E+024
 0069  0.1084846745703905E+024
 0070  0.9334700287318406E+023
 0071  0.8203423065708371E+023
 0072  0.7140716722494453E+023
 0073  0.6153450989524747E+023
 0074  0.5380602681168995E+023
 0075  0.4767557824688951E+023
 0076  0.4239473892606947E+023
 0077  0.3815515705898680E+023
 0078  0.3413381355583757E+023
 0079  0.3062373004945289E+023
 0080  0.2741842902223611E+023
 0081  0.2475607260766007E+023
 0082  0.2268391209058997E+023
 0083  0.2052768636985868E+023
 0084  0.1871791771283664E+023
 0085  0.1697402275323490E+023
 0086  0.1572161441520777E+023
 0087  0.1425906030858725E+023
 0088  0.1309578679003866E+023
 0089  0.1204193157165262E+023
 0090  0.1096249249002884E+023
 0091  0.1006131801842940E+023
 0092  0.9290098779498211E+022
 0093  0.8644130552650139E+022
 0094  0.7976047286976707E+022
 0095  0.7304937024066194E+022
 0096  0.6754165753790010E+022
 0097  0.6310053737592936E+022
 0098  0.5797822771797844E+022
 0099  0.5401445219167818E+022
 0100  0.5053566102761915E+022
 0101  0.4628936405453385E+022
 0102  0.4347703420579137E+022
 0103  0.4062730305111823E+022
 0104  0.3807917410963316E+022
 0105  0.3540632807515986E+022
 0106  0.3348670935244124E+022
 0107  0.3139666525238156E+022
 0108  0.2987230674094506E+022
 0109  0.2804541645245844E+022
 0110  0.2639066718641977E+022
 0111  0.2530658516372958E+022
 0112  0.2379427598745192E+022
 0113  0.2259952763918234E+022
 0114  0.2141363256914705E+022
 0115  0.2051696175640702E+022
 0116  0.1947682236677987E+022
 0117  0.1857589033352660E+022
 0118  0.1786250344450770E+022
 0119  0.1700147366590255E+022
 0120  0.1623124181690223E+022
 0121  0.1552544817082282E+022
 0122  0.1501131797005589E+022
 0123  0.1441630107725234E+022
 0124  0.1381413339042444E+022
 0125  0.1322838971181895E+022
 0126  0.1269215066453491E+022
 0127  0.1219883175755703E+022
 0128  0.1166747156524574E+022
 0129  0.1107783491370288E+022
 0130  0.1065661461469598E+022
 0131  0.1035003589556187E+022
 0132  0.9995045584016837E+021
 0133  0.9643375835153110E+021
 0134  0.9265115307058287E+021
 0135  0.8916019918422758E+021
 0136  0.8607242858669282E+021
 0137  0.8303327800742448E+021
 0138  0.8001542688567145E+021
 0139  0.7703842515179709E+021
 0140  0.7407749090361736E+021
 0141  0.7058018801411026E+021
 0142  0.6847132672469265E+021
 0143  0.6627509690960398E+021
 0144  0.6390349094785099E+021
 0145  0.6199330474607735E+021
 0146  0.5955317079510105E+021
 0147  0.5744198451668189E+021
 0148  0.5537010745412970E+021
 0149  0.5370105355083329E+021
 0150  0.5242184808339117E+021
 0151  0.5027629844179511E+021
 0152  0.4861201032650778E+021
 0153  0.4750529930474935E+021
 0154  0.4598505839175825E+021
 0155  0.4423065187798129E+021
 0156  0.4303739653921579E+021
 0157  0.4199815263497228E+021
 0158  0.4021021583954841E+021
 0159  0.3899151152558266E+021
 0160  0.3791249808889131E+021
 0161  0.3701333361939668E+021
 0162  0.3576866080593487E+021
 0163  0.3463062195751080E+021
 0164  0.3362673710215538E+021
 0165  0.3265761345149273E+021
 0166  0.3166204128983422E+021
 0167  0.3060441804497867E+021
 0168  0.2974832925559186E+021
 0169  0.2892039559378847E+021
 0170  0.2808577637114825E+021
 0171  0.2727894999950092E+021
 0172  0.2647852441214440E+021
 0173  0.2570727030367844E+021
 0174  0.2496280592370868E+021
 0175  0.2425390218123796E+021
 0176  0.2358881970611790E+021
 0177  0.2309077367764648E+021
 0178  0.2243670223994991E+021
 0179  0.2169173006592517E+021
 0180  0.2113310020268021E+021
 0181  0.2063056568715151E+021
 0182  0.2009508926068688E+021
 0183  0.1955909723234313E+021
 0184  0.1902318956920873E+021
 0185  0.1839540862061384E+021
 0186  0.1793297808120220E+021
 0187  0.1738645915727602E+021
 0188  0.1684821263754299E+021
 0189  0.1646107895231578E+021
 0190  0.1603374897032364E+021
 0191  0.1560863384472370E+021
 0192  0.1519527786123459E+021
 0193  0.1480296669600788E+021
 0194  0.1430496701136762E+021
 0195  0.1396467840278511E+021
 0196  0.1362824359067572E+021
 0197  0.1329386828297558E+021
 0198  0.1296367127371485E+021
 0199  0.1264111119855805E+021
 0200  0.1235774545009758E+021
 0201  0.1192364767255454E+021
 0202  0.1162512814310774E+021
 0203  0.1133258061663505E+021
 0204  0.1110176626682291E+021
 0205  0.1090193618767467E+021
 0206  0.1062785308307247E+021
 0207  0.1034966883964617E+021
 0208  0.1001934561858668E+021
 0209  0.9763374582758375E+020
 0210  0.9507948056184150E+020
 0211  0.9259583258902236E+020
 0212  0.9025177560472435E+020
 0213  0.8806710882830968E+020
 0214  0.8573465577960669E+020
 0215  0.8355194721687152E+020
 0216  0.8127121345394681E+020
 0217  0.7917287992059344E+020
 0218  0.7738122896692327E+020
 0219  0.7547139261027012E+020
 0220  0.7365132282360002E+020
 0221  0.7204235793667652E+020
 0222  0.7053472568898653E+020
 0223  0.6905543127143281E+020
 0224  0.6710842351363063E+020
 0225  0.6509130334537075E+020
 0226  0.6293790439001226E+020
 0227  0.6157586776109982E+020
 0228  0.5951776285913799E+020
 0229  0.5800602736922885E+020
 0230  0.5648504751815457E+020
 0231  0.5459792234880913E+020
 0232  0.5324607900968577E+020
 0233  0.5176407044924513E+020
 0234  0.5047933370807483E+020
 0235  0.4902052434840347E+020
 0236  0.4767330166905327E+020
 0237  0.4629787940339727E+020
 0238  0.4517207950834571E+020
 0239  0.4411915448121602E+020
 0240  0.4299132767963891E+020
 0241  0.4125837241071490E+020
 0242  0.4017909981259964E+020
 0243  0.3908029547885555E+020
 0244  0.3829011037016769E+020
 0245  0.3745167817767652E+020
 0246  0.3653779187990706E+020
 0247  0.3569679124380222E+020
 0248  0.3457622563818582E+020
 0249  0.3393197387854948E+020
 0250  0.3307146183269271E+020
 0251  0.3206055326775721E+020
 0252  0.3095512464788287E+020
 0253  0.3012886612657757E+020
 0254  0.2958099209787821E+020
 0255  0.2893981770227315E+020
 0256  0.2822666957223124E+020
 0257  0.2734617057634884E+020
 0258  0.2655294307361480E+020
 0259  0.2582593245575025E+020
 0260  0.2522353849380104E+020
 0261  0.2468366190333546E+020
 0262  0.2414374024972827E+020
 0263  0.2328478328389969E+020
 0264  0.2261937655654035E+020
 0265  0.2190438260143383E+020
 0266  0.2143172628676919E+020
 0267  0.2094543143064083E+020
 0268  0.2049888314618787E+020
 0269  0.1984274577466575E+020
 0270  0.1940961770159156E+020
 0271  0.1895594783148627E+020
 0272  0.1842136823540709E+020
 0273  0.1780648242171632E+020
 0274  0.1732052115477112E+020
 0275  0.1693077749715624E+020
 0276  0.1638764241226583E+020
 0277  0.1593201889971430E+020
 0278  0.1543839346263121E+020
 0279  0.1504589237473028E+020
 0280  0.1466469385339818E+020
 0281  0.1428045427482946E+020
 0282  0.1385837589637255E+020
 0283  0.1332896990958305E+020
 0284  0.1291974258157076E+020
 0285  0.1256914195262774E+020
 0286  0.1214780093682104E+020
 0287  0.1170683182270360E+020
 0288  0.1127434717207995E+020
 0289  0.1033079619542826E+020
 0290  0.1012289076144002E+020
 0291  0.9876307408770077E+019
 0292  0.9649295743088099E+019
 0293  0.9406141114426937E+019
 0294  0.9141974092342109E+019
 0295  0.8898519181309328E+019
 0296  0.8666008453857732E+019
 0297  0.8470655291039710E+019
 0298  0.8221576061839475E+019
 0299  0.8067640440593316E+019
 0300  0.7866677694648143E+019
 0301  0.7673676894234353E+019
 0302  0.7475107587052188E+019
 0303  0.7278812927283158E+019
 0304  0.7107719796131770E+019
 0305  0.6951628750071370E+019
 0306  0.6778236209861791E+019
 0307  0.6592294418667454E+019
 0308  0.6454329401987268E+019
 0309  0.6319566009407582E+019
 0310  0.6145316854793979E+019
 0311  0.5988311527420895E+019
 0312  0.5876887686777299E+019
 0313  0.5707095975726181E+019
 0314  0.5570510163269416E+019
 0315  0.5463612999431845E+019
 0316  0.5304324703753986E+019
 0317  0.5212457536627182E+019
 0318  0.5058527244173197E+019
 0319  0.4967848627914293E+019
 0320  0.4865728530843462E+019
 0321  0.4764676795262641E+019
 0322  0.4656193490949765E+019
 0323  0.4515315170444970E+019
 0324  0.4418068391956564E+019
 0325  0.4323258681430795E+019
 0326  0.4223426509303894E+019
 0327  0.4126761798673977E+019
 0328  0.4035030804056933E+019
 0329  0.3957943123098036E+019
 0330  0.3889060931297918E+019
 0331  0.3765009077754979E+019
 0332  0.3686350860211753E+019
 0333  0.3622021732678085E+019
 0334  0.3546458372664576E+019
 0335  0.3459105307295569E+019
 0336  0.3371489049151841E+019
 0337  0.3312768604829135E+019
 0338  0.3260954498609960E+019
 0339  0.3170814751205555E+019
 0340  0.3097121472804705E+019
 0341  0.3030848723791285E+019
 0342  0.2966470675206679E+019
 0343  0.2903323370943044E+019
 0344  0.2849422102870723E+019
 0345  0.2804066572708026E+019
 0346  0.2743973289715719E+019
 0347  0.2662267331204476E+019
 0348  0.2606359711765952E+019
 0349  0.2551961625249957E+019
 0350  0.2498604481324692E+019
 0351  0.2446527194728263E+019
 0352  0.2395652317061818E+019
 0353  0.2346101318843554E+019
 0354  0.2297556169481473E+019
 0355  0.2250091006684024E+019
 0356  0.2203914846064099E+019
 0357  0.2158650104156421E+019
 0358  0.2114515478370727E+019
 0359  0.2077922369163197E+019
 0360  0.2043902925312297E+019
 0361  0.1983983163412418E+019
 0362  0.1943643870334411E+019
 0363  0.1904664965324900E+019
 0364  0.1875770139092340E+019
 0365  0.1839394386390249E+019
 0366  0.1795743293681565E+019
 0367  0.1755817042037674E+019
 0368  0.1726355527926006E+019
 0369  0.1695415751187588E+019
 0370  0.1657667018139551E+019
 0371  0.1620506666976862E+019
 0372  0.1596296388425479E+019
 0373  0.1552617104888034E+019
 0374  0.1524057078524458E+019
 0375  0.1501399555450414E+019
 0376  0.1474537601251102E+019
 0377  0.1445547282011230E+019
 0378  0.1405370035869864E+019
 0379  0.1377798728567976E+019
 0380  0.1353533386478173E+019
 0381  0.1333629180531731E+019
 0382  0.1301162991962829E+019
 0383  0.1274698632408815E+019
 0384  0.1250327094988282E+019
 0385  0.1230474498085743E+019
 0386  0.1212549985747587E+019
 0387  0.1183929711609411E+019
 0388  0.1156281869296159E+019
 0389  0.1133985096829148E+019
 0390  0.1112149151616289E+019
 0391  0.1092251181037309E+019
 0392  0.1075632700096456E+019
 0393  0.1052768763030755E+019
 0394  0.1027642697081795E+019
 0395  0.1008753591350894E+019
 0396  0.9903052443303826E+018
 0397  0.9722707082631122E+018
 0398  0.9568241418991352E+018
 0399  0.9375657363173322E+018
 0400  0.9136874780525832E+018
 0401  0.8980113616328699E+018
 0402  0.8836921871825697E+018
 0403  0.8684802418455878E+018
 0404  0.8520896373201633E+018
 0405  0.8336508682597568E+018
 0406  0.8152099491810880E+018
 0407  0.8022147642700531E+018
 0408  0.7906103931472289E+018
 0409  0.7757736305544012E+018
 0410  0.7612262205520498E+018
 0411  0.7469709658089723E+018
 0412  0.7329946615793513E+018
 0413  0.7192872498909569E+018
 0414  0.7089154349219507E+018
 0415  0.6990579908784196E+018
 0416  0.6893560963870259E+018
 0417  0.6798302850315566E+018
 0418  0.6705617573121482E+018
 0419  0.6614331610392296E+018
 0420  0.6524452765956413E+018
 0421  0.6435939724819213E+018
 0422  0.6348755669959916E+018
 0423  0.6262903549906852E+018
 0424  0.6178347830909265E+018
 0425  0.6095071565981158E+018
 0426  0.5946297716181987E+018
 0427  0.5785550291975836E+018
 0428  0.5627481289107155E+018
 0429  0.5472043180383864E+018
 0430  0.5351490070528074E+018
 0431  0.5256602666616490E+018
 0432  0.5162565679161864E+018
 0433  0.5069370687516134E+018
 0434  0.4981915803598075E+018
 0435  0.4915483189921530E+018
 0436  0.4849827569849860E+018
 0437  0.4784938501774548E+018
 0438  0.4720805702388259E+018
 0439  0.4657419044031057E+018
 0440  0.4594768552085595E+018
 0441  0.4532844402419756E+018
 0442  0.4471636918876002E+018
 0443  0.4411136570806583E+018
 0444  0.4324289311308352E+018
 0445  0.4229847068618060E+018
 0446  0.4137374547015488E+018
 0447  0.4046827434438051E+018
 0448  0.3958162494433071E+018
 0449  0.3871337538326049E+018
 0450  0.3784116961433467E+018
 0451  0.3689975094680797E+018
 0452  0.3597966231871903E+018
 0453  0.3508039377141679E+018
 0454  0.3437872448246533E+018
 0455  0.3378606320858687E+018
 0456  0.3320399908983579E+018
 0457  0.3263232058211379E+018
 0458  0.3223444995921225E+018
 0459  0.3184246219250636E+018
 0460  0.3145625572046547E+018
 0461  0.3107573191444863E+018
 0462  0.3070079403912312E+018
 0463  0.3033134721246499E+018
 0464  0.2996729836667596E+018
 0465  0.2960855620999072E+018
 0466  0.2925503118935487E+018
 0467  0.2870035331898583E+018
 0468  0.2801727152960131E+018
 0469  0.2734926395099372E+018
 0470  0.2669597690632574E+018
 0471  0.2605706561481295E+018
 0472  0.2552999392016091E+018
 0473  0.2511263411513997E+018
 0474  0.2470252010986306E+018
 0475  0.2429951054754933E+018
 0476  0.2390346711347549E+018
 0477  0.2352123965425298E+018
 0478  0.2317601409402733E+018
 0479  0.2283643038438334E+018
 0480  0.2250238365300141E+018
 0481  0.2217377119403710E+018
 0482  0.2185049241929658E+018
 0483  0.2153244881059454E+018
 0484  0.2117041155711473E+018
 0485  0.2072470159178195E+018
 0486  0.2028802821970127E+018
 0487  0.1986019271707982E+018
 0488  0.1945715929263913E+018
 0489  0.1918080061447586E+018
 0490  0.1890887567072302E+018
 0491  0.1864130328963463E+018
 0492  0.1837800395478435E+018
 0493  0.1811889976817828E+018
 0494  0.1787505217962199E+018
 0495  0.1764247546665307E+018
 0496  0.1741345780169699E+018
 0497  0.1718793653344929E+018
 0498  0.1696585024622540E+018
 0499  0.1674713873322160E+018
 0500  0.1653174297039951E+018
 0501  0.1631960509098038E+018
 0502  0.1611066836053178E+018
 0503  0.1582380112956073E+018
 0504  0.1552779221319419E+018
 0505  0.1523736088262893E+018
 0506  0.1495239113548696E+018
 0507  0.1467276960537043E+018
 0508  0.1439838549732732E+018
 0509  0.1417369831838808E+018
 0510  0.1397460469274700E+018
 0511  0.1377868453681855E+018
 0512  0.1358588007160555E+018
 0513  0.1339613469085456E+018
 0514  0.1320939293502568E+018
 0515  0.1302560046588282E+018
 0516  0.1282593205193688E+018
 0517  0.1254533313952584E+018
 0518  0.1227055694993045E+018
 0519  0.1200147325909412E+018
 0520  0.1176095695435480E+018
 0521  0.1158733567150833E+018
 0522  0.1141655340998072E+018
 0523  0.1124855741448902E+018
 0524  0.1109294860913144E+018
 0525  0.1097176271460175E+018
 0526  0.1085227519571214E+018
 0527  0.1073445833725061E+018
 0528  0.1061828493621175E+018
 0529  0.1050372829132812E+018
 0530  0.1039076219283454E+018
 0531  0.1027936091245901E+018
 0532  0.1016949919363472E+018
 0533  0.1002846273139755E+018
 0534  0.9817076704256450E+017
 0535  0.9609974927614698E+017
 0536  0.9407063274744054E+017
 0537  0.9208249859567142E+017
 0538  0.9068254534463840E+017
 0539  0.8966521224267136E+017
 0540  0.8866231006406088E+017
 0541  0.8767360084487373E+017
 0542  0.8669885105832818E+017
 0543  0.8573783152338570E+017
 0544  0.8479031731538710E+017
 0545  0.8385608767868803E+017
 0546  0.8293492594124272E+017
 0547  0.8173743925647787E+017
 0548  0.8047276557658067E+017
 0549  0.7922934630170150E+017
 0550  0.7800677764282592E+017
 0551  0.7680466430859074E+017
 0552  0.7562261931056003E+017
 0553  0.7446026377325440E+017
 0554  0.7332457324296346E+017
 0555  0.7224547550794226E+017
 0556  0.7118400216911563E+017
 0557  0.7013982607605394E+017
 0558  0.6911262682843909E+017
 0559  0.6810209062401771E+017
 0560  0.6710791011023272E+017
 0561  0.6614698581192738E+017
 0562  0.6533927680790858E+017
 0563  0.6454351462372238E+017
 0564  0.6375949504183954E+017
 0565  0.6298701777202317E+017
 0566  0.6222588636818052E+017
 0567  0.6147590814711999E+017
 0568  0.6073689410916126E+017
 0569  0.6000865886056772E+017
 0570  0.5929102053774418E+017
 0571  0.5839703957221269E+017
 0572  0.5732640528809042E+017
 0573  0.5627561104140408E+017
 0574  0.5524425009036035E+017
 0575  0.5423192482415373E+017
 0576  0.5323824654157040E+017
 0577  0.5240857344296982E+017
 0578  0.5164748268261238E+017
 0579  0.5089868323990859E+017
 0580  0.5016194924823258E+017
 0581  0.4943705945973928E+017
 0582  0.4877548012162830E+017
 0583  0.4815797196839605E+017
 0584  0.4754974227257178E+017
 0585  0.4695063039694410E+017
 0586  0.4636047882642786E+017
 0587  0.4577913310133233E+017
 0588  0.4527853581285952E+017
 0589  0.4482170315366843E+017
 0590  0.4437102031753710E+017
 0591  0.4392639057174745E+017
 0592  0.4348771891452451E+017
 0593  0.4305491204065040E+017
 0594  0.4262787830783035E+017
 0595  0.4220652770378101E+017
 0596  0.4179077181403331E+017
 0597  0.4138052379042333E+017
 0598  0.4097569832026570E+017
 0599  0.4057621159618733E+017
 0600  0.4006681225393258E+017
 0601  0.3924619992455205E+017
 0602  0.3844188077181843E+017
 0603  0.3765350274774693E+017
 0604  0.3688072206980261E+017
 0605  0.3612320301254506E+017
 0606  0.3549526476481993E+017
 0607  0.3507751339989814E+017
 0608  0.3466580886076005E+017
 0609  0.3426004976614464E+017
 0610  0.3386013665155337E+017
 0611  0.3346597192927274E+017
 0612  0.3307745984929555E+017
 0613  0.3269450646112891E+017
 0614  0.3230303149048461E+017
 0615  0.3191334495970150E+017
 0616  0.3152936720776085E+017
 0617  0.3115100153743736E+017
 0618  0.3077815309577348E+017
 0619  0.3041072883531140E+017
 0620  0.3004863747620853E+017
 0621  0.2969178946920974E+017
 0622  0.2934009695947068E+017
 0623  0.2890150788012763E+017
 0624  0.2843448755982031E+017
 0625  0.2797546178743433E+017
 0626  0.2752427673970958E+017
 0627  0.2708078186437916E+017
 0628  0.2664482980448024E+017
 0629  0.2627424249357088E+017
 0630  0.2593633348917570E+017
 0631  0.2560352925397783E+017
 0632  0.2527574107955242E+017
 0633  0.2495288198655529E+017
 0634  0.2463486668766429E+017
 0635  0.2436671826824997E+017
 0636  0.2412717865167420E+017
 0637  0.2389082178406483E+017
 0638  0.2365759821781083E+017
 0639  0.2342745938042553E+017
 0640  0.2320035755733071E+017
 0641  0.2297624587501271E+017
 0642  0.2275507828453980E+017
 0643  0.2253680954543202E+017
 0644  0.2232139520987223E+017
 0645  0.2210879160725913E+017
 0646  0.2189073387789590E+017
 0647  0.2157896782995267E+017
 0648  0.2127218651279698E+017
 0649  0.2097029910370966E+017
 0650  0.2067321662402265E+017
 0651  0.2038085189813502E+017
 0652  0.2009311951351486E+017
 0653  0.1980993578166005E+017
 0654  0.1953121869998485E+017
 0655  0.1925688791461648E+017
 0656  0.1895456399905142E+017
 0657  0.1864651857227029E+017
 0658  0.1834374663747440E+017
 0659  0.1804614682375559E+017
 0660  0.1775361991352212E+017
 0661  0.1746606879270697E+017
 0662  0.1725374085083805E+017
 0663  0.1705483616244844E+017
 0664  0.1685876735686189E+017
 0665  0.1666548756304301E+017
 0666  0.1647495078467454E+017
 0667  0.1628711188212533E+017
 0668  0.1610192655481403E+017
 0669  0.1588693141745389E+017
 0670  0.1566951781576468E+017
 0671  0.1545547681386168E+017
 0672  0.1524474858527126E+017
 0673  0.1503727448953116E+017
 0674  0.1483299704638376E+017
 0675  0.1468936098494515E+017
 0676  0.1454987028321554E+017
 0677  0.1441219618048692E+017
 0678  0.1427631099553504E+017
 0679  0.1414218752846925E+017
 0680  0.1400979905141310E+017
 0681  0.1387911929938182E+017
 0682  0.1375012246135647E+017
 0683  0.1362278317154345E+017
 0684  0.1349707650081842E+017
 0685  0.1337297794835138E+017
 0686  0.1320363252897959E+017
 0687  0.1298459470649721E+017
 0688  0.1276934491620673E+017
 0689  0.1255780980324408E+017
 0690  0.1234991758059584E+017
 0691  0.1214559799263748E+017
 0692  0.1194478227957730E+017
 0693  0.1178668143255873E+017
 0694  0.1165372229237946E+017
 0695  0.1152263567539477E+017
 0696  0.1139339097746426E+017
 0697  0.1126595815993570E+017
 0698  0.1114030773808821E+017
 0699  0.1101641076983387E+017
 0700  0.1089423884466673E+017
 0701  0.1076662228271573E+017
 0702  0.1062313997160047E+017
 0703  0.1048185343509222E+017
 0704  0.1034272416342590E+017
 0705  0.1020571440286214E+017
 0706  0.1007078713938125E+017
 0707  0.9937906082751276E+016
 0708  0.9809705481637252E+016
 0709  0.9710368213881912E+016
 0710  0.9612361732382952E+016
 0711  0.9515665232595548E+016
 0712  0.9420258279863872E+016
 0713  0.9326120802114348E+016
 0714  0.9233233082710240E+016
 0715  0.9141575753459670E+016
 0716  0.9051129787769460E+016
 0717  0.8961876493952128E+016
 0718  0.8873797508670949E+016
 0719  0.8786874790527688E+016
 0720  0.8670589246221434E+016
 0721  0.8540086778815550E+016
 0722  0.8411717035590888E+016
 0723  0.8285440556849716E+016
 0724  0.8161218693927360E+016
 0725  0.8039013590967132E+016
 0726  0.7918788167138705E+016
 0727  0.7800506099278582E+016
 0728  0.7697015352766157E+016
 0729  0.7599112279606590E+016
 0730  0.7502669160040994E+016
 0731  0.7407660951898980E+016
 0732  0.7314063095219190E+016
 0733  0.7221851502026146E+016
 0734  0.7131002546339428E+016
 0735  0.7036189165580780E+016
 0736  0.6934183606150774E+016
 0737  0.6833804663744843E+016
 0738  0.6735022862489358E+016
 0739  0.6637809321357548E+016
 0740  0.6542135741013450E+016
 0741  0.6479337705101537E+016
 0742  0.6418554271245582E+016
 0743  0.6358556564394236E+016
 0744  0.6299332702535592E+016
 0745  0.6240871008788200E+016
 0746  0.6183160007458098E+016
 0747  0.6126188420171992E+016
 0748  0.6069945162100153E+016
 0749  0.6014419338252765E+016
 0750  0.5959600239855306E+016
 0751  0.5893191279356045E+016
 0752  0.5815538931144635E+016
 0753  0.5739066411309314E+016
 0754  0.5663753165223630E+016
 0755  0.5589579039405372E+016
 0756  0.5516524272902212E+016
 0757  0.5444569488885254E+016
 0758  0.5373695686431518E+016
 0759  0.5303884232502998E+016
 0760  0.5226338947721268E+016
 0761  0.5122578801148673E+016
 0762  0.5020799043537061E+016
 0763  0.4920958428624540E+016
 0764  0.4826922961520640E+016
 0765  0.4781697894057990E+016
 0766  0.4737056939189460E+016
 0767  0.4692991272647261E+016
 0768  0.4649492222351854E+016
 0769  0.4606551265485879E+016
 0770  0.4564160025631838E+016
 0771  0.4522310269968488E+016
 0772  0.4480993906527966E+016
 0773  0.4432083887807334E+016
 0774  0.4381459241659353E+016
 0775  0.4331549301780834E+016
 0776  0.4282342377035527E+016
 0777  0.4233826992324903E+016
 0778  0.4185991884171436E+016
 0779  0.4138825996402607E+016
 0780  0.4092318475928924E+016
 0781  0.4046458668615616E+016
 0782  0.4001236115243711E+016
 0783  0.3952555013989748E+016
 0784  0.3902995742198683E+016
 0785  0.3854168965187304E+016
 0786  0.3806062222562731E+016
 0787  0.3758663292081349E+016
 0788  0.3711960184634656E+016
 0789  0.3665941139345602E+016
 0790  0.3620594618777038E+016
 0791  0.3575909304251178E+016
 0792  0.3531874091274044E+016
 0793  0.3474625342923177E+016
 0794  0.3408849496703393E+016
 0795  0.3344291201609515E+016
 0796  0.3280925702105676E+016
 0797  0.3218728793918034E+016
 0798  0.3171718426657678E+016
 0799  0.3137981390716360E+016
 0800  0.3104703971289184E+016
 0801  0.3071878886212582E+016
 0802  0.3039498984165330E+016
 0803  0.3007557242061434E+016
 0804  0.2976046762498435E+016
 0805  0.2944960771261112E+016
 0806  0.2912095015996858E+016
 0807  0.2879369369527134E+016
 0808  0.2847100951301487E+016
 0809  0.2815282355380592E+016
 0810  0.2783906311449807E+016
 0811  0.2752965682068610E+016
 0812  0.2722453459981328E+016
 0813  0.2692362765488307E+016
 0814  0.2662686843873505E+016
 0815  0.2633419062888901E+016
 0816  0.2592429675326212E+016
 0817  0.2542116272000638E+016
 0818  0.2492746945392348E+016
 0819  0.2444302316979669E+016
 0820  0.2396763443275875E+016
 0821  0.2358329539794572E+016
 0822  0.2334946174315954E+016
 0823  0.2311870934443828E+016
 0824  0.2289099084598133E+016
 0825  0.2266625972030812E+016
 0826  0.2244447025214347E+016
 0827  0.2222557752265224E+016
 0828  0.2200953739398520E+016
 0829  0.2179630649419277E+016
 0830  0.2158584220240991E+016
 0831  0.2137810263439946E+016
 0832  0.2097964308334091E+016
 0833  0.2056323500957915E+016
 0834  0.2015473375347856E+016
 0835  0.1975397568963710E+016
 0836  0.1936080089137954E+016
 0837  0.1904916817094450E+016
 0838  0.1879230191206136E+016
 0839  0.1853934560961162E+016
 0840  0.1829023125329817E+016
 0841  0.1804489215622438E+016
 0842  0.1781861463246066E+016
 0843  0.1763357255703424E+016
 0844  0.1745101418691675E+016
 0845  0.1727090073303386E+016
 0846  0.1709319409403777E+016
 0847  0.1691785684275238E+016
 0848  0.1674485221293700E+016
 0849  0.1657414408630981E+016
 0850  0.1640569697985810E+016
 0851  0.1623947603343859E+016
 0852  0.1607544699760214E+016
 0853  0.1580733772499902E+016
 0854  0.1547915556139169E+016
 0855  0.1515737489766953E+016
 0856  0.1484186066600657E+016
 0857  0.1453248090340635E+016
 0858  0.1425303080990865E+016
 0859  0.1408296633838776E+016
 0860  0.1391533443146857E+016
 0861  0.1375009494648229E+016
 0862  0.1358720848707045E+016
 0863  0.1342663638783823E+016
 0864  0.1326834069937281E+016
 0865  0.1311228417357985E+016
 0866  0.1295843024934800E+016
 0867  0.1272154072067726E+016
 0868  0.1248841367638583E+016
 0869  0.1225948122574430E+016
 0870  0.1203466021566748E+016
 0871  0.1181386930325702E+016
 0872  0.1163514864469200E+016
 0873  0.1149016673682771E+016
 0874  0.1134729850552076E+016
 0875  0.1120650852558295E+016
 0876  0.1106776203903227E+016
 0877  0.1093102494121240E+016
 0878  0.1079626376723898E+016
 0879  0.1066344567875132E+016
 0880  0.1052493560181411E+016
 0881  0.1036267485727890E+016
 0882  0.1020306075165366E+016
 0883  0.1004604466849283E+016
 0884  0.9891578982391608E+015
 0885  0.9739617036860578E+015
 0886  0.9590113122721886E+015
 0887  0.9443022457038780E+015
 0888  0.9298301162532386E+015
 0889  0.9120358877303421E+015
 0890  0.8939300523738835E+015
 0891  0.8761654037183748E+015
 0892  0.8587349461886638E+015
 0893  0.8416318409860752E+015
 0894  0.8254521014365180E+015
 0895  0.8119344370898315E+015
 0896  0.7986438284875075E+015
 0897  0.7855760135594278E+015
 0898  0.7727268187005860E+015
 0899  0.7600921567634438E+015
 0900  0.7444751579077000E+015
 0901  0.7258559798361534E+015
 0902  0.7076409581668002E+015
 0903  0.6949536184144132E+015
 0904  0.6859204746471246E+015
 0905  0.6770210808088775E+015
 0906  0.6682531701394968E+015
 0907  0.6596145189369232E+015
 0908  0.6511029456549232E+015
 0909  0.6409474561803240E+015
 0910  0.6305634648593449E+015
 0911  0.6203522048259701E+015
 0912  0.6103104625230346E+015
 0913  0.6004350905463081E+015
 0914  0.5907230061535979E+015
 0915  0.5811711898106212E+015
 0916  0.5689293876493314E+015
 0917  0.5548814503833792E+015
 0918  0.5411361657291864E+015
 0919  0.5276867070529296E+015
 0920  0.5145793607819938E+015
 0921  0.5020500174773461E+015
 0922  0.4897869050826176E+015
 0923  0.4787648300029915E+015
 0924  0.4715908114773816E+015
 0925  0.4645306796003228E+015
 0926  0.4575823951244033E+015
 0927  0.4507439593879146E+015
 0928  0.4440134134276659E+015
 0929  0.4359150938616866E+015
 0930  0.4223062318793482E+015
 0931  0.4090405674617636E+015
 0932  0.3972818511101481E+015
 0933  0.3900778225279868E+015
 0934  0.3830008034940565E+015
 0935  0.3760483296588458E+015
 0936  0.3692179892341514E+015
 0937  0.3614428597415254E+015
 0938  0.3533140737378177E+015
 0939  0.3453486699653908E+015
 0940  0.3375431573600502E+015
 0941  0.3297466519195959E+015
 0942  0.3198107135906137E+015
 0943  0.3101180074774255E+015
 0944  0.3007237194820972E+015
 0945  0.2932497746544979E+015
 0946  0.2859357080504265E+015
 0947  0.2787779521632902E+015
 0948  0.2716885953520570E+015
 0949  0.2647475735589062E+015
 0950  0.2579572057996014E+015
 0951  0.2517291696386136E+015
 0952  0.2457569013761710E+015
 0953  0.2399079538438119E+015
 0954  0.2341796496718872E+015
 0955  0.2276788666932107E+015
 0956  0.2203618892440052E+015
 0957  0.2132313559929235E+015
 0958  0.2062825720953052E+015
 0959  0.2001229169654655E+015
 0960  0.1941659564989314E+015
 0961  0.1883519300305596E+015
 0962  0.1826773950770699E+015
 0963  0.1760119199917159E+015
 0964  0.1694862530611355E+015
 0965  0.1631440581781481E+015
 0966  0.1569249084519394E+015
 0967  0.1508486987850173E+015
 0968  0.1449488201896409E+015
 0969  0.1392048382151585E+015
 0970  0.1336194017173806E+015
 0971  0.1282000956314310E+015
 0972  0.1214737368213811E+015
 0973  0.1145147321357189E+015
 0974  0.1096522117217275E+015
 0975  0.1045688048751153E+015
 0976  0.9884702388119673E+014
 0977  0.9492435794227930E+014
 0978  0.9116027614326019E+014
 0979  0.8573727005829264E+014
 0980  0.7938507288458475E+014
 0981  0.7535679552975661E+014
 0982  0.7070856628950928E+014
 0983  0.6572289428585302E+014
 0984  0.6185786554175876E+014
 0985  0.5800338536896911E+014
 0986  0.5412033698202488E+014
 0987  0.4982368864297720E+014
 0988  0.4413099012626691E+014
 0989  0.3940057106840756E+014
 0990  0.3524322934958228E+014
 0991  0.3143230136616034E+014
 0992  0.2737163123864128E+014
 0993  0.2305264610717859E+014
 0994  0.1930810006343093E+014
 0995  0.1576238959439356E+014
 0996  0.1236864704051038E+014
 0997  0.8745070217057135E+013
 0998  0.4821568689057336E+013
 0999  0.1541783237869647E+013
 1000  0.0000000000000000E+000
