  0.0000000000E+000 0000
  0.6002525699E+002 1000
  0.1201048925E+003 1000
  0.1801256673E+003 1000
  0.2401362320E+003 1000
  0.3001394524E+003 1000
  0.3600966752E+003 1000
  0.4201245354E+003 1000
  0.4801066348E+003 1000
  0.5401095088E+003 1000
  0.6000894624E+003 1000
  0.6600915171E+003 1000
  0.7200795787E+003 1000
  0.7801101489E+003 1000
  0.8401360871E+003 1000
  0.9001123214E+003 1000
  0.9601469947E+003 1000
  0.1020090269E+004 1000
  0.1080073521E+004 1000
  0.1140102499E+004 1000
  0.1200118766E+004 1000
  0.1260140311E+004 1000
  0.1320106699E+004 1000
  0.1380112104E+004 1000
  0.1440081132E+004 1000
  0.1500092087E+004 1000
  0.1560093382E+004 1000
  0.1620110911E+004 1000
  0.1680127769E+004 1000
  0.1740123736E+004 1000
  0.1800072122E+004 1000
  0.1860107811E+004 1000
  0.1920104384E+004 1000
  0.1980117065E+004 1000
  0.2040091694E+004 1000
  0.2100105404E+004 1000
  0.2160134619E+004 1000
  0.2220123601E+004 1000
  0.2280129746E+004 1000
  0.2340135687E+004 1000
  0.2400095475E+004 1000
  0.2460108784E+004 1000
  0.2520120342E+004 1000
  0.2580134768E+004 1000
  0.2640102387E+004 1000
  0.2700134511E+004 1000
  0.2760135091E+004 1000
  0.2820087983E+004 1000
  0.2880095355E+004 1000
  0.2940096385E+004 1000
  0.3000109824E+004 1000
  0.3060133080E+004 1000
  0.3120085373E+004 1000
  0.3180084931E+004 1000
  0.3240083231E+004 1000
  0.3300095093E+004 1000
  0.3360127182E+004 1000
  0.3420072292E+004 1000
  0.3480113485E+004 1000
  0.3540108627E+004 1000
  0.3600102197E+004 1000
  0.3660084863E+004 1000
  0.3720072055E+004 1000
  0.3780114134E+004 1000
  0.3840071532E+004 1000
  0.3900093535E+004 1000
  0.3960135205E+004 1000
  0.4020134952E+004 1000
  0.4080098655E+004 1000
  0.4140117945E+004 0999
  0.4200092540E+004 0999
  0.4260079908E+004 0999
  0.4320095583E+004 0999
  0.4380083107E+004 0999
  0.4440079314E+004 0999
  0.4500071012E+004 0999
  0.4560124913E+004 0999
  0.4620107214E+004 0999
  0.4680084892E+004 0999
  0.4740098039E+004 0999
  0.4800129340E+004 0999
  0.4860083153E+004 0999
  0.4920120584E+004 0999
  0.4980108862E+004 0999
  0.5040123207E+004 0999
  0.5100075172E+004 0999
  0.5160099339E+004 0999
  0.5220081142E+004 0999
  0.5280118428E+004 0999
  0.5340104081E+004 0998
  0.5400137002E+004 0998
  0.5460074789E+004 0998
  0.5520100410E+004 0998
  0.5580075450E+004 0998
  0.5640091699E+004 0998
  0.5700082224E+004 0998
  0.5760126267E+004 0998
  0.5820129824E+004 0998
  0.5880078138E+004 0998
  0.5940106694E+004 0998
  0.6000137589E+004 0998
  0.6060118484E+004 0998
  0.6120120586E+004 0998
  0.6180136320E+004 0998
  0.6240087413E+004 0997
  0.6300075896E+004 0997
  0.6360109428E+004 0997
  0.6420127537E+004 0997
  0.6480095661E+004 0997
  0.6540108072E+004 0997
  0.6600082617E+004 0997
  0.6660114899E+004 0997
  0.6720126903E+004 0997
  0.6780115804E+004 0997
  0.6840076851E+004 0997
  0.6900073274E+004 0997
  0.6960105041E+004 0996
  0.7020128582E+004 0996
  0.7080071282E+004 0996
  0.7140139325E+004 0996
  0.7200085297E+004 0996
  0.7260135527E+004 0996
  0.7320109675E+004 0996
  0.7380095100E+004 0996
  0.7440072405E+004 0996
  0.7500108136E+004 0996
  0.7560108587E+004 0996
  0.7620117248E+004 0996
  0.7680072096E+004 0995
  0.7740090374E+004 0995
  0.7800099942E+004 0995
  0.7860130432E+004 0995
  0.7920118610E+004 0995
  0.7980140314E+004 0995
  0.8040126731E+004 0995
  0.8100114714E+004 0995
  0.8160107756E+004 0995
  0.8220072396E+004 0995
  0.8280137955E+004 0994
  0.8340075825E+004 0994
  0.8400137019E+004 0994
  0.8460094501E+004 0994
  0.8520110470E+004 0994
  0.8580104573E+004 0994
  0.8640119558E+004 0994
  0.8700110277E+004 0994
  0.8760082434E+004 0994
  0.8820099047E+004 0994
  0.8880091135E+004 0993
  0.8940111876E+004 0993
  0.9000137463E+004 0993
  0.9060105630E+004 0993
  0.9120080909E+004 0993
  0.9180090715E+004 0993
  0.9240097173E+004 0993
  0.9300108763E+004 0993
  0.9360133330E+004 0993
  0.9420126186E+004 0992
  0.9480084849E+004 0992
  0.9540093997E+004 0992
  0.9600105389E+004 0992
  0.9660135564E+004 0992
  0.9720080859E+004 0992
  0.9780119040E+004 0992
  0.9840128195E+004 0992
  0.9900073324E+004 0992
  0.9960114339E+004 0991
  0.1002014030E+005 0991
  0.1008010310E+005 0991
  0.1014014042E+005 0991
  0.1020008979E+005 0991
  0.1026009889E+005 0991
  0.1032009528E+005 0991
  0.1038008760E+005 0991
  0.1044013628E+005 0991
  0.1050013695E+005 0990
  0.1056008330E+005 0990
  0.1062010342E+005 0990
  0.1068007864E+005 0990
  0.1074007241E+005 0990
  0.1080013887E+005 0990
  0.1086009240E+005 0990
  0.1092011401E+005 0990
  0.1098010430E+005 0989
  0.1104008457E+005 0989
  0.1110008169E+005 0989
  0.1116007411E+005 0989
  0.1122013641E+005 0989
  0.1128013074E+005 0989
  0.1134011305E+005 0989
  0.1140011057E+005 0989
  0.1146009273E+005 0988
  0.1152014073E+005 0988
  0.1158008106E+005 0988
  0.1164013005E+005 0988
  0.1170013445E+005 0988
  0.1176011118E+005 0988
  0.1182010042E+005 0988
  0.1188013655E+005 0988
  0.1194008357E+005 0987
  0.1200007274E+005 0987
  0.1206008258E+005 0987
  0.1212008721E+005 0987
  0.1218012032E+005 0987
  0.1224012017E+005 0987
  0.1230012158E+005 0987
  0.1236010462E+005 0986
  0.1242013861E+005 0986
  0.1248012904E+005 0986
  0.1254008438E+005 0986
  0.1260008832E+005 0986
  0.1266007209E+005 0986
  0.1272012524E+005 0986
  0.1278010081E+005 0986
  0.1284010044E+005 0985
  0.1290011693E+005 0985
  0.1296007051E+005 0985
  0.1302012658E+005 0985
  0.1308011087E+005 0985
  0.1314009968E+005 0985
  0.1320012596E+005 0984
  0.1326012289E+005 0984
  0.1332012636E+005 0984
  0.1338007612E+005 0984
  0.1344010645E+005 0984
  0.1350013448E+005 0984
  0.1356009474E+005 0984
  0.1362010439E+005 0983
  0.1368011871E+005 0983
  0.1374007695E+005 0983
  0.1380012915E+005 0983
  0.1386013192E+005 0983
  0.1392008218E+005 0983
  0.1398007527E+005 0983
  0.1404013192E+005 0982
  0.1410012388E+005 0982
  0.1416010784E+005 0982
  0.1422011435E+005 0982
  0.1428013374E+005 0982
  0.1434007782E+005 0982
  0.1440008141E+005 0981
  0.1446009264E+005 0981
  0.1452007071E+005 0981
  0.1458009316E+005 0981
  0.1464011117E+005 0981
  0.1470013365E+005 0981
  0.1476008100E+005 0981
  0.1482009058E+005 0980
  0.1488009905E+005 0980
  0.1494010023E+005 0980
  0.1500009064E+005 0980
  0.1506009471E+005 0980
  0.1512007678E+005 0980
  0.1518011097E+005 0979
  0.1524007200E+005 0979
  0.1530011142E+005 0979
  0.1536011335E+005 0979
  0.1542013580E+005 0979
  0.1548013962E+005 0979
  0.1554007806E+005 0978
  0.1560008199E+005 0978
  0.1566013179E+005 0978
  0.1572009466E+005 0978
  0.1578011703E+005 0978
  0.1584009059E+005 0978
  0.1590007353E+005 0977
  0.1596011988E+005 0977
  0.1602009450E+005 0977
  0.1608007343E+005 0977
  0.1614009350E+005 0977
  0.1620010642E+005 0977
  0.1626010183E+005 0976
  0.1632014003E+005 0976
  0.1638010725E+005 0976
  0.1644008943E+005 0976
  0.1650012196E+005 0976
  0.1656007171E+005 0976
  0.1662009206E+005 0975
  0.1668011265E+005 0975
  0.1674013341E+005 0975
  0.1680008569E+005 0975
  0.1686013716E+005 0975
  0.1692012720E+005 0975
  0.1698011991E+005 0974
  0.1704013803E+005 0974
  0.1710008140E+005 0974
  0.1716009924E+005 0974
  0.1722013193E+005 0974
  0.1728011279E+005 0974
  0.1734008237E+005 0973
  0.1740007727E+005 0973
  0.1746013980E+005 0973
  0.1752013075E+005 0973
  0.1758012395E+005 0973
  0.1764012038E+005 0973
  0.1770012105E+005 0972
  0.1776013668E+005 0972
  0.1782009698E+005 0972
  0.1788011733E+005 0972
  0.1794007650E+005 0972
  0.1800013633E+005 0972
  0.1806012336E+005 0971
  0.1812010809E+005 0971
  0.1818009627E+005 0971
  0.1824007225E+005 0971
  0.1830012457E+005 0971
  0.1836013544E+005 0970
  0.1842007154E+005 0970
  0.1848013002E+005 0970
  0.1854012495E+005 0970
  0.1860011946E+005 0970
  0.1866011619E+005 0970
  0.1872010307E+005 0969
  0.1878010614E+005 0969
  0.1884012402E+005 0969
  0.1890014042E+005 0969
  0.1896010302E+005 0969
  0.1902013221E+005 0969
  0.1908008369E+005 0968
  0.1914008921E+005 0968
  0.1920009932E+005 0968
  0.1926007172E+005 0968
  0.1932011377E+005 0968
  0.1938008110E+005 0967
  0.1944012219E+005 0967
  0.1950011101E+005 0967
  0.1956009153E+005 0967
  0.1962010252E+005 0967
  0.1968010012E+005 0967
  0.1974009412E+005 0966
  0.1980008627E+005 0966
  0.1986012498E+005 0966
  0.1992009586E+005 0966
  0.1998012585E+005 0966
  0.2004007082E+005 0965
  0.2010007823E+005 0965
  0.2016010000E+005 0965
  0.2022012244E+005 0965
  0.2028008353E+005 0965
  0.2034012946E+005 0965
  0.2040009212E+005 0964
  0.2046012354E+005 0964
  0.2052008546E+005 0964
  0.2058007309E+005 0964
  0.2064013150E+005 0964
  0.2070012167E+005 0963
  0.2076011725E+005 0963
  0.2082010557E+005 0963
  0.2088008438E+005 0963
  0.2094013834E+005 0963
  0.2100011595E+005 0962
  0.2106008376E+005 0962
  0.2112011092E+005 0962
  0.2118008413E+005 0962
  0.2124014035E+005 0962
  0.2130012016E+005 0962
  0.2136009308E+005 0961
  0.2142008321E+005 0961
  0.2148013937E+005 0961
  0.2154010046E+005 0961
  0.2160010377E+005 0961
  0.2166011306E+005 0960
  0.2172013312E+005 0960
  0.2178007255E+005 0960
  0.2184008001E+005 0960
  0.2190010176E+005 0960
  0.2196012568E+005 0959
  0.2202007212E+005 0959
  0.2208011387E+005 0959
  0.2214008193E+005 0959
  0.2220013436E+005 0959
  0.2226013157E+005 0959
  0.2232007330E+005 0958
  0.2238008185E+005 0958
  0.2244009149E+005 0958
  0.2250009597E+005 0958
  0.2256013515E+005 0958
  0.2262009392E+005 0957
  0.2268013050E+005 0957
  0.2274010080E+005 0957
  0.2280007411E+005 0957
  0.2286011340E+005 0957
  0.2292007572E+005 0956
  0.2298009771E+005 0956
  0.2304012023E+005 0956
  0.2310007978E+005 0956
  0.2316013113E+005 0956
  0.2322010005E+005 0955
  0.2328013803E+005 0955
  0.2334012273E+005 0955
  0.2340011670E+005 0955
  0.2346011737E+005 0955
  0.2352011089E+005 0954
  0.2358012152E+005 0954
  0.2364007350E+005 0954
  0.2370008036E+005 0954
  0.2376007298E+005 0954
  0.2382008266E+005 0953
  0.2388009494E+005 0953
  0.2394010724E+005 0953
  0.2400012822E+005 0953
  0.2406007802E+005 0953
  0.2412009697E+005 0952
  0.2418012719E+005 0952
  0.2424009288E+005 0952
  0.2430013128E+005 0952
  0.2436009368E+005 0952
  0.2442013738E+005 0951
  0.2448010755E+005 0951
  0.2454007374E+005 0951
  0.2460011311E+005 0951
  0.2466009797E+005 0951
  0.2472008406E+005 0950
  0.2478013474E+005 0950
  0.2484010782E+005 0950
  0.2490007636E+005 0950
  0.2496009904E+005 0950
  0.2502011069E+005 0949
  0.2508012227E+005 0949
  0.2514012020E+005 0949
  0.2520011602E+005 0949
  0.2526011157E+005 0949
  0.2532013603E+005 0948
  0.2538010192E+005 0948
  0.2544012717E+005 0948
  0.2550007343E+005 0948
  0.2556009554E+005 0948
  0.2562007369E+005 0947
  0.2568011511E+005 0947
  0.2574008558E+005 0947
  0.2580007540E+005 0947
  0.2586012313E+005 0947
  0.2592008761E+005 0946
  0.2598010814E+005 0946
  0.2604012021E+005 0946
  0.2610012759E+005 0946
  0.2616013481E+005 0946
  0.2622007765E+005 0945
  0.2628008053E+005 0945
  0.2634008249E+005 0945
  0.2640008782E+005 0945
  0.2646009358E+005 0945
  0.2652009067E+005 0944
  0.2658009172E+005 0944
  0.2664008921E+005 0944
  0.2670007219E+005 0944
  0.2676011783E+005 0944
  0.2682009582E+005 0943
  0.2688007719E+005 0943
  0.2694012461E+005 0943
  0.2700010311E+005 0943
  0.2706008730E+005 0943
  0.2712007230E+005 0942
  0.2718012678E+005 0942
  0.2724012808E+005 0942
  0.2730013840E+005 0942
  0.2736008000E+005 0941
  0.2742008897E+005 0941
  0.2748010069E+005 0941
  0.2754007382E+005 0941
  0.2760010728E+005 0941
  0.2766013470E+005 0940
  0.2772009951E+005 0940
  0.2778013566E+005 0940
  0.2784008835E+005 0940
  0.2790010676E+005 0940
  0.2796011013E+005 0939
  0.2802011175E+005 0939
  0.2808011143E+005 0939
  0.2814011498E+005 0939
  0.2820012162E+005 0939
  0.2826012853E+005 0938
  0.2832007700E+005 0938
  0.2838008971E+005 0938
  0.2844009101E+005 0938
  0.2850009679E+005 0938
  0.2856010733E+005 0937
  0.2862013617E+005 0937
  0.2868010046E+005 0937
  0.2874007089E+005 0937
  0.2880011697E+005 0936
  0.2886008010E+005 0936
  0.2892010983E+005 0936
  0.2898014091E+005 0936
  0.2904010293E+005 0936
  0.2910012708E+005 0935
  0.2916008614E+005 0935
  0.2922010467E+005 0935
  0.2928012310E+005 0935
  0.2934012663E+005 0935
  0.2940013107E+005 0934
  0.2946008349E+005 0934
  0.2952010632E+005 0934
  0.2958010871E+005 0934
  0.2964012259E+005 0933
  0.2970008420E+005 0933
  0.2976012340E+005 0933
  0.2982008463E+005 0933
  0.2988011193E+005 0933
  0.2994013587E+005 0932
  0.3000008212E+005 0932
  0.3006009849E+005 0932
  0.3012009840E+005 0932
  0.3018009478E+005 0932
  0.3024009180E+005 0931
  0.3030009793E+005 0931
  0.3036010259E+005 0931
  0.3042011209E+005 0931
  0.3048012732E+005 0930
  0.3054008431E+005 0930
  0.3060010669E+005 0930
  0.3066013217E+005 0930
  0.3072008662E+005 0930
  0.3078011857E+005 0929
  0.3084013929E+005 0929
  0.3090009483E+005 0929
  0.3096011453E+005 0929
  0.3102013055E+005 0929
  0.3108007550E+005 0928
  0.3114008901E+005 0928
  0.3120010192E+005 0928
  0.3126009794E+005 0928
  0.3132008811E+005 0927
  0.3138008123E+005 0927
  0.3144008064E+005 0927
  0.3150007222E+005 0927
  0.3156007850E+005 0927
  0.3162010266E+005 0926
  0.3168012039E+005 0926
  0.3174011980E+005 0926
  0.3180012053E+005 0926
  0.3186012425E+005 0926
  0.3192013674E+005 0925
  0.3198008088E+005 0925
  0.3204009329E+005 0925
  0.3210010492E+005 0925
  0.3216012817E+005 0924
  0.3222008761E+005 0924
  0.3228011458E+005 0924
  0.3234013837E+005 0924
  0.3240010371E+005 0924
  0.3246007238E+005 0923
  0.3252011082E+005 0923
  0.3258007764E+005 0923
  0.3264011676E+005 0923
  0.3270008186E+005 0922
  0.3276011096E+005 0922
  0.3282014044E+005 0922
  0.3288010007E+005 0922
  0.3294012912E+005 0922
  0.3300008766E+005 0921
  0.3306011485E+005 0921
  0.3312007224E+005 0921
  0.3318010166E+005 0921
  0.3324013051E+005 0920
  0.3330009790E+005 0920
  0.3336007487E+005 0920
  0.3342011022E+005 0920
  0.3348008165E+005 0920
  0.3354014057E+005 0919
  0.3360014086E+005 0919
  0.3366013371E+005 0919
  0.3372013240E+005 0919
  0.3378007614E+005 0918
  0.3384008583E+005 0918
  0.3390008709E+005 0918
  0.3396007750E+005 0918
  0.3402013531E+005 0918
  0.3408012042E+005 0917
  0.3414010141E+005 0917
  0.3420012923E+005 0917
  0.3426007876E+005 0917
  0.3432010211E+005 0916
  0.3438013266E+005 0916
  0.3444010280E+005 0916
  0.3450007066E+005 0916
  0.3456010671E+005 0916
  0.3462007412E+005 0915
  0.3468010150E+005 0915
  0.3474013148E+005 0915
  0.3480010021E+005 0915
  0.3486007516E+005 0914
  0.3492012143E+005 0914
  0.3498009287E+005 0914
  0.3504013050E+005 0914
  0.3510009483E+005 0914
  0.3516011583E+005 0913
  0.3522013918E+005 0913
  0.3528010064E+005 0913
  0.3534013156E+005 0913
  0.3540009334E+005 0912
  0.3546013816E+005 0912
  0.3552012784E+005 0912
  0.3558010724E+005 0912
  0.3564009153E+005 0912
  0.3570008401E+005 0911
  0.3576008076E+005 0911
  0.3582014076E+005 0911
  0.3588013138E+005 0911
  0.3594011682E+005 0910
  0.3600010559E+005 0910
  0.3606009314E+005 0910
  0.3612014090E+005 0910
  0.3618011172E+005 0910
  0.3624009346E+005 0909
  0.3630008029E+005 0909
  0.3636013958E+005 0909
  0.3642011982E+005 0909
  0.3648010757E+005 0908
  0.3654010890E+005 0908
  0.3660011577E+005 0908
  0.3666012007E+005 0908
  0.3672012613E+005 0907
  0.3678013001E+005 0907
  0.3684013429E+005 0907
  0.3690013934E+005 0907
  0.3696007377E+005 0907
  0.3702009127E+005 0906
  0.3708009815E+005 0906
  0.3714010624E+005 0906
  0.3720011400E+005 0906
  0.3726012246E+005 0905
  0.3732012412E+005 0905
  0.3738013422E+005 0905
  0.3744007486E+005 0905
  0.3750014028E+005 0905
  0.3756012840E+005 0904
  0.3762012272E+005 0904
  0.3768012375E+005 0904
  0.3774012384E+005 0904
  0.3780012207E+005 0903
  0.3786012454E+005 0903
  0.3792012556E+005 0903
  0.3798012438E+005 0903
  0.3804011035E+005 0902
  0.3810008986E+005 0902
  0.3816007356E+005 0902
  0.3822013422E+005 0902
  0.3828013203E+005 0902
  0.3834012488E+005 0901
  0.3840012081E+005 0901
  0.3846012313E+005 0901
  0.3852012876E+005 0901
  0.3858012994E+005 0900
  0.3864013498E+005 0900
  0.3870013953E+005 0900
  0.3876008703E+005 0900
  0.3882010490E+005 0899
  0.3888012263E+005 0899
  0.3894014090E+005 0899
  0.3900007575E+005 0899
  0.3906007526E+005 0899
  0.3912007474E+005 0898
  0.3918007094E+005 0898
  0.3924012122E+005 0898
  0.3930009893E+005 0898
  0.3936008316E+005 0897
  0.3942013949E+005 0897
  0.3948012358E+005 0897
  0.3954011561E+005 0897
  0.3960012146E+005 0896
  0.3966012343E+005 0896
  0.3972012548E+005 0896
  0.3978013810E+005 0896
  0.3984008672E+005 0896
  0.3990011641E+005 0895
  0.3996007122E+005 0895
  0.4002008275E+005 0895
  0.4008009513E+005 0895
  0.4014010584E+005 0894
  0.4020011515E+005 0894
  0.4026011649E+005 0894
  0.4032011669E+005 0894
  0.4038012507E+005 0893
  0.4044013678E+005 0893
  0.4050007262E+005 0893
  0.4056008065E+005 0893
  0.4062009052E+005 0893
  0.4068011222E+005 0892
  0.4074013303E+005 0892
  0.4080007908E+005 0892
  0.4086009424E+005 0892
  0.4092010716E+005 0891
  0.4098011427E+005 0891
  0.4104012146E+005 0891
  0.4110013705E+005 0891
  0.4116007833E+005 0890
  0.4122009169E+005 0890
  0.4128011068E+005 0890
  0.4134013294E+005 0890
  0.4140014093E+005 0890
  0.4146008135E+005 0889
  0.4152009909E+005 0889
  0.4158012126E+005 0889
  0.4164007373E+005 0889
  0.4170010625E+005 0888
  0.4176007838E+005 0888
  0.4182012239E+005 0888
  0.4188009033E+005 0888
  0.4194012494E+005 0887
  0.4200009029E+005 0887
  0.4206013105E+005 0887
  0.4212009987E+005 0887
  0.4218012937E+005 0887
  0.4224008247E+005 0886
  0.4230010810E+005 0886
  0.4236007109E+005 0886
  0.4242009759E+005 0886
  0.4248011759E+005 0885
  0.4254012992E+005 0885
  0.4260007480E+005 0885
  0.4266008707E+005 0885
  0.4272009701E+005 0884
  0.4278010274E+005 0884
  0.4284012211E+005 0884
  0.4290013663E+005 0884
  0.4296008006E+005 0883
  0.4302009151E+005 0883
  0.4308010334E+005 0883
  0.4314010839E+005 0883
  0.4320011794E+005 0883
  0.4326013529E+005 0882
  0.4332007162E+005 0882
  0.4338007531E+005 0882
  0.4344007984E+005 0882
  0.4350008972E+005 0881
  0.4356009835E+005 0881
  0.4362011076E+005 0881
  0.4368012905E+005 0881
  0.4374007858E+005 0880
  0.4380009881E+005 0880
  0.4386011744E+005 0880
  0.4392013655E+005 0880
  0.4398008608E+005 0880
  0.4404010362E+005 0879
  0.4410011369E+005 0879
  0.4416011544E+005 0879
  0.4422012285E+005 0879
  0.4428012759E+005 0878
  0.4434012475E+005 0878
  0.4440011547E+005 0878
  0.4446011806E+005 0878
  0.4452013243E+005 0877
  0.4458009284E+005 0877
  0.4464012181E+005 0877
  0.4470008132E+005 0877
  0.4476011987E+005 0877
  0.4482008715E+005 0876
  0.4488012246E+005 0876
  0.4494008947E+005 0876
  0.4500013172E+005 0876
  0.4506009827E+005 0875
  0.4512013494E+005 0875
  0.4518010116E+005 0875
  0.4524012847E+005 0875
  0.4530007951E+005 0874
  0.4536010253E+005 0874
  0.4542012417E+005 0874
  0.4548013674E+005 0874
  0.4554007925E+005 0873
  0.4560009709E+005 0873
  0.4566011975E+005 0873
  0.4572007864E+005 0873
  0.4578010657E+005 0873
  0.4584013513E+005 0872
  0.4590008836E+005 0872
  0.4596011127E+005 0872
  0.4602013484E+005 0872
  0.4608008782E+005 0871
  0.4614011456E+005 0871
  0.4620007312E+005 0871
  0.4626009303E+005 0871
  0.4632010900E+005 0870
  0.4638012853E+005 0870
  0.4644008143E+005 0870
  0.4650010677E+005 0870
  0.4656012376E+005 0869
  0.4662014098E+005 0869
  0.4668009391E+005 0869
  0.4674011833E+005 0869
  0.4680013806E+005 0869
  0.4686008633E+005 0868
  0.4692011291E+005 0868
  0.4698013776E+005 0868
  0.4704009341E+005 0868
  0.4710011993E+005 0867
  0.4716007156E+005 0867
  0.4722008292E+005 0867
  0.4728009966E+005 0867
  0.4734011895E+005 0866
  0.4740013866E+005 0866
  0.4746008959E+005 0866
  0.4752011166E+005 0866
  0.4758013687E+005 0865
  0.4764009095E+005 0865
  0.4770011517E+005 0865
  0.4776007657E+005 0865
  0.4782011859E+005 0865
  0.4788009564E+005 0864
  0.4794007339E+005 0864
  0.4800011374E+005 0864
  0.4806008643E+005 0864
  0.4812012541E+005 0863
  0.4818008896E+005 0863
  0.4824011864E+005 0863
  0.4830008240E+005 0863
  0.4836011793E+005 0862
  0.4842008386E+005 0862
  0.4848011339E+005 0862
  0.4854007958E+005 0862
  0.4860012336E+005 0862
  0.4866009317E+005 0861
  0.4872012149E+005 0861
  0.4878008203E+005 0861
  0.4884011915E+005 0861
  0.4890008942E+005 0860
  0.4896012696E+005 0860
  0.4902009774E+005 0860
  0.4908013568E+005 0860
  0.4914009467E+005 0859
  0.4920013109E+005 0859
  0.4926009776E+005 0859
  0.4932013562E+005 0859
  0.4938010369E+005 0858
  0.4944008144E+005 0858
  0.4950013636E+005 0858
  0.4956012474E+005 0858
  0.4962011057E+005 0858
  0.4968010252E+005 0857
  0.4974009517E+005 0857
  0.4980008520E+005 0857
  0.4986007437E+005 0857
  0.4992012816E+005 0856
  0.4998011150E+005 0856
  0.5004008818E+005 0856
  0.5010012897E+005 0856
  0.5016009493E+005 0855
  0.5022013312E+005 0855
  0.5028010510E+005 0855
  0.5034007729E+005 0855
  0.5040011723E+005 0854
  0.5046008581E+005 0854
  0.5052013043E+005 0854
  0.5058010595E+005 0854
  0.5064007915E+005 0854
  0.5070012973E+005 0853
  0.5076011935E+005 0853
  0.5082010887E+005 0853
  0.5088008890E+005 0853
  0.5094007251E+005 0852
  0.5100013013E+005 0852
  0.5106011421E+005 0852
  0.5112010328E+005 0852
  0.5118008944E+005 0851
  0.5124007272E+005 0851
  0.5130012402E+005 0851
  0.5136010630E+005 0851
  0.5142008951E+005 0850
  0.5148014082E+005 0850
  0.5154011537E+005 0850
  0.5160009549E+005 0850
  0.5166008164E+005 0850
  0.5172007166E+005 0849
  0.5178013973E+005 0849
  0.5184014056E+005 0849
  0.5190007558E+005 0849
  0.5196007980E+005 0848
  0.5202007994E+005 0848
  0.5208007264E+005 0848
  0.5214014037E+005 0848
  0.5220013896E+005 0847
  0.5226014040E+005 0847
  0.5232007122E+005 0847
  0.5238007357E+005 0847
  0.5244008409E+005 0847
  0.5250009607E+005 0846
  0.5256009949E+005 0846
  0.5262010520E+005 0846
  0.5268011824E+005 0846
  0.5274013994E+005 0845
  0.5280008314E+005 0845
  0.5286010014E+005 0845
  0.5292012420E+005 0845
  0.5298014080E+005 0844
  0.5304008243E+005 0844
  0.5310009224E+005 0844
  0.5316009801E+005 0844
  0.5322010453E+005 0843
  0.5328011108E+005 0843
  0.5334011498E+005 0843
  0.5340011516E+005 0843
  0.5346010799E+005 0843
  0.5352010875E+005 0842
  0.5358011691E+005 0842
  0.5364013058E+005 0842
  0.5370014060E+005 0842
  0.5376007989E+005 0841
  0.5382008697E+005 0841
  0.5388009649E+005 0841
  0.5394010383E+005 0841
  0.5400011105E+005 0840
  0.5406011827E+005 0840
  0.5412012391E+005 0840
  0.5418012777E+005 0840
  0.5424013003E+005 0840
  0.5430012900E+005 0839
  0.5436013405E+005 0839
  0.5442007382E+005 0839
  0.5448007935E+005 0839
  0.5454008403E+005 0838
  0.5460009229E+005 0838
  0.5466010864E+005 0838
  0.5472011535E+005 0838
  0.5478012110E+005 0837
  0.5484013090E+005 0837
  0.5490013523E+005 0837
  0.5496013421E+005 0837
  0.5502013431E+005 0837
  0.5508013195E+005 0836
  0.5514013982E+005 0836
  0.5520007862E+005 0836
  0.5526009021E+005 0836
  0.5532009963E+005 0835
  0.5538010948E+005 0835
  0.5544011937E+005 0835
  0.5550013547E+005 0835
  0.5556008358E+005 0834
  0.5562010506E+005 0834
  0.5568013225E+005 0834
  0.5574009727E+005 0834
  0.5580013928E+005 0833
  0.5586010596E+005 0833
  0.5592013814E+005 0833
  0.5598010013E+005 0833
  0.5604013138E+005 0833
  0.5610009291E+005 0832
  0.5616012217E+005 0832
  0.5622007438E+005 0832
  0.5628009465E+005 0832
  0.5634011432E+005 0831
  0.5640012934E+005 0831
  0.5646014054E+005 0831
  0.5652008744E+005 0831
  0.5658011141E+005 0830
  0.5664012864E+005 0830
  0.5670013892E+005 0830
  0.5676009117E+005 0830
  0.5682012301E+005 0830
  0.5688008488E+005 0829
  0.5694011820E+005 0829
  0.5700008208E+005 0829
  0.5706011826E+005 0829
  0.5712008150E+005 0828
  0.5718011215E+005 0828
  0.5724013955E+005 0828
  0.5730009589E+005 0828
  0.5736012220E+005 0827
  0.5742008065E+005 0827
  0.5748010932E+005 0827
  0.5754013659E+005 0827
  0.5760009471E+005 0827
  0.5766012857E+005 0826
  0.5772009450E+005 0826
  0.5778012930E+005 0826
  0.5784009041E+005 0826
  0.5790012654E+005 0825
  0.5796009358E+005 0825
  0.5802012958E+005 0825
  0.5808009427E+005 0825
  0.5814012158E+005 0824
  0.5820007790E+005 0824
  0.5826010566E+005 0824
  0.5832013264E+005 0824
  0.5838008421E+005 0824
  0.5844010619E+005 0823
  0.5850013610E+005 0823
  0.5856010327E+005 0823
  0.5862013605E+005 0823
  0.5868010592E+005 0822
  0.5874008088E+005 0822
  0.5880011693E+005 0822
  0.5886007799E+005 0822
  0.5892011082E+005 0821
  0.5898007844E+005 0821
  0.5904012164E+005 0821
  0.5910009318E+005 0821
  0.5916012931E+005 0821
  0.5922009558E+005 0820
  0.5928012706E+005 0820
  0.5934009178E+005 0820
  0.5940012613E+005 0820
  0.5946008956E+005 0819
  0.5952012625E+005 0819
  0.5958009314E+005 0819
  0.5964013171E+005 0819
  0.5970009973E+005 0819
  0.5976013680E+005 0818
  0.5982010673E+005 0818
  0.5988008289E+005 0818
  0.5994012686E+005 0818
  0.6000009921E+005 0817
  0.6006013866E+005 0817
  0.6012010874E+005 0817
  0.6018008303E+005 0817
  0.6024013030E+005 0816
  0.6030010447E+005 0816
  0.6036007801E+005 0816
  0.6042012473E+005 0816
  0.6048011007E+005 0816
  0.6054008703E+005 0815
  0.6060013826E+005 0815
  0.6066012527E+005 0815
  0.6072011504E+005 0815
  0.6078009876E+005 0814
  0.6084008677E+005 0814
  0.6090008052E+005 0814
  0.6096007597E+005 0814
  0.6102013418E+005 0813
  0.6108012026E+005 0813
  0.6114010610E+005 0813
  0.6120008820E+005 0813
  0.6126013806E+005 0813
  0.6132011234E+005 0812
  0.6138008237E+005 0812
  0.6144012455E+005 0812
  0.6150009974E+005 0812
  0.6156007635E+005 0811
  0.6162012530E+005 0811
  0.6168009816E+005 0811
  0.6174007422E+005 0811
  0.6180012787E+005 0811
  0.6186011672E+005 0810
  0.6192010879E+005 0810
  0.6198010530E+005 0810
  0.6204010257E+005 0810
  0.6210009673E+005 0809
  0.6216008192E+005 0809
  0.6222013335E+005 0809
  0.6228010529E+005 0809
  0.6234007916E+005 0808
  0.6240013135E+005 0808
  0.6246010687E+005 0808
  0.6252007685E+005 0808
  0.6258012104E+005 0808
  0.6264010103E+005 0807
  0.6270007656E+005 0807
  0.6276012417E+005 0807
  0.6282010206E+005 0807
  0.6288008385E+005 0806
  0.6294013241E+005 0806
  0.6300011028E+005 0806
  0.6306008949E+005 0806
  0.6312007439E+005 0806
  0.6318012914E+005 0805
  0.6324011269E+005 0805
  0.6330009226E+005 0805
  0.6336007722E+005 0805
  0.6342013546E+005 0804
  0.6348012408E+005 0804
  0.6354011268E+005 0804
  0.6360010371E+005 0804
  0.6366009436E+005 0803
  0.6372009602E+005 0803
  0.6378009837E+005 0803
  0.6384010147E+005 0803
  0.6390010380E+005 0803
  0.6396010784E+005 0802
  0.6402011216E+005 0802
  0.6408011528E+005 0802
  0.6414011759E+005 0802
  0.6420011490E+005 0801
  0.6426011260E+005 0801
  0.6432011366E+005 0801
  0.6438011492E+005 0801
  0.6444010836E+005 0801
  0.6450010600E+005 0800
  0.6456010873E+005 0800
  0.6462010513E+005 0800
  0.6468009756E+005 0800
  0.6474009313E+005 0799
  0.6480009244E+005 0799
  0.6486009809E+005 0799
  0.6492010017E+005 0799
  0.6498010458E+005 0799
  0.6504010864E+005 0798
  0.6510010721E+005 0798
  0.6516010441E+005 0798
  0.6522010267E+005 0798
  0.6528010385E+005 0797
  0.6534011032E+005 0797
  0.6540011047E+005 0797
  0.6546011003E+005 0797
  0.6552010490E+005 0796
  0.6558009839E+005 0796
  0.6564009626E+005 0796
  0.6570009362E+005 0796
  0.6576009025E+005 0796
  0.6582008536E+005 0795
  0.6588008838E+005 0795
  0.6594009510E+005 0795
  0.6600009966E+005 0795
  0.6606010176E+005 0794
  0.6612009985E+005 0794
  0.6618009407E+005 0794
  0.6624009012E+005 0794
  0.6630008589E+005 0794
  0.6636013971E+005 0793
  0.6642012400E+005 0793
  0.6648011621E+005 0793
  0.6654011210E+005 0793
  0.6660010638E+005 0792
  0.6666010210E+005 0792
  0.6672010396E+005 0792
  0.6678011095E+005 0792
  0.6684011538E+005 0792
  0.6690012039E+005 0791
  0.6696013051E+005 0791
  0.6702007150E+005 0791
  0.6708008332E+005 0791
  0.6714008866E+005 0790
  0.6720009382E+005 0790
  0.6726009778E+005 0790
  0.6732009676E+005 0790
  0.6738009383E+005 0790
  0.6744008975E+005 0789
  0.6750008257E+005 0789
  0.6756007633E+005 0789
  0.6762014025E+005 0789
  0.6768013538E+005 0788
  0.6774013294E+005 0788
  0.6780013823E+005 0788
  0.6786007624E+005 0788
  0.6792008206E+005 0788
  0.6798008418E+005 0787
  0.6804009094E+005 0787
  0.6810009950E+005 0787
  0.6816010985E+005 0787
  0.6822012670E+005 0786
  0.6828013523E+005 0786
  0.6834007271E+005 0786
  0.6840008336E+005 0786
  0.6846009563E+005 0785
  0.6852010175E+005 0785
  0.6858010913E+005 0785
  0.6864011967E+005 0785
  0.6870013625E+005 0785
  0.6876007585E+005 0784
  0.6882008702E+005 0784
  0.6888010119E+005 0784
  0.6894011456E+005 0784
  0.6900012455E+005 0783
  0.6906013345E+005 0783
  0.6912007108E+005 0783
  0.6918008539E+005 0783
  0.6924009807E+005 0783
  0.6930011052E+005 0782
  0.6936012283E+005 0782
  0.6942013577E+005 0782
  0.6948007724E+005 0782
  0.6954008871E+005 0781
  0.6960009883E+005 0781
  0.6966010829E+005 0781
  0.6972012055E+005 0781
  0.6978013652E+005 0781
  0.6984008271E+005 0780
  0.6990009791E+005 0780
  0.6996012050E+005 0780
  0.7002007191E+005 0780
  0.7008009233E+005 0779
  0.7014011027E+005 0779
  0.7020012478E+005 0779
  0.7026013456E+005 0779
  0.7032007832E+005 0779
  0.7038009025E+005 0778
  0.7044009689E+005 0778
  0.7050010038E+005 0778
  0.7056010577E+005 0778
  0.7062011871E+005 0777
  0.7068012955E+005 0777
  0.7074013845E+005 0777
  0.7080007939E+005 0777
  0.7086009267E+005 0777
  0.7092010663E+005 0776
  0.7098012007E+005 0776
  0.7104013566E+005 0776
  0.7110008724E+005 0776
  0.7116010689E+005 0776
  0.7122012272E+005 0775
  0.7128013696E+005 0775
  0.7134008080E+005 0775
  0.7140009466E+005 0775
  0.7146011228E+005 0774
  0.7152013041E+005 0774
  0.7158008385E+005 0774
  0.7164010923E+005 0774
  0.7170014103E+005 0774
  0.7176010033E+005 0773
  0.7182013127E+005 0773
  0.7188009406E+005 0773
  0.7194013156E+005 0773
  0.7200009296E+005 0772
  0.7206012817E+005 0772
  0.7212009204E+005 0772
  0.7218011897E+005 0772
  0.7224007675E+005 0772
  0.7230009982E+005 0771
  0.7236012002E+005 0771
  0.7242013832E+005 0771
  0.7248008868E+005 0771
  0.7254011603E+005 0770
  0.7260007088E+005 0770
  0.7266009391E+005 0770
  0.7272012263E+005 0770
  0.7278008615E+005 0770
  0.7284012181E+005 0769
  0.7290008298E+005 0769
  0.7296011278E+005 0769
  0.7302007425E+005 0769
  0.7308010821E+005 0768
  0.7314013913E+005 0768
  0.7320010298E+005 0768
  0.7326013743E+005 0768
  0.7332009621E+005 0768
  0.7338012154E+005 0767
  0.7344007435E+005 0767
  0.7350009714E+005 0767
  0.7356011922E+005 0767
  0.7362007130E+005 0766
  0.7368009135E+005 0766
  0.7374010993E+005 0766
  0.7380012935E+005 0766
  0.7386008609E+005 0766
  0.7392011167E+005 0765
  0.7398014004E+005 0765
  0.7404010257E+005 0765
  0.7410013069E+005 0765
  0.7416009038E+005 0764
  0.7422012023E+005 0764
  0.7428007931E+005 0764
  0.7434010973E+005 0764
  0.7440007151E+005 0764
  0.7446011022E+005 0763
  0.7452007586E+005 0763
  0.7458010549E+005 0763
  0.7464013796E+005 0763
  0.7470010546E+005 0763
  0.7476007312E+005 0762
  0.7482010908E+005 0762
  0.7488007518E+005 0762
  0.7494011887E+005 0762
  0.7500009467E+005 0761
  0.7506013516E+005 0761
  0.7512010247E+005 0761
  0.7518014002E+005 0761
  0.7524010579E+005 0761
  0.7530007174E+005 0760
  0.7536010950E+005 0760
  0.7542007665E+005 0760
  0.7548011289E+005 0760
  0.7554008048E+005 0759
  0.7560011970E+005 0759
  0.7566008960E+005 0759
  0.7572013109E+005 0759
  0.7578010944E+005 0759
  0.7584008161E+005 0758
  0.7590012712E+005 0758
  0.7596010894E+005 0758
  0.7602009118E+005 0758
  0.7608007234E+005 0757
  0.7614012256E+005 0757
  0.7620009639E+005 0757
  0.7626013766E+005 0757
  0.7632010752E+005 0757
  0.7638007883E+005 0756
  0.7644012312E+005 0756
  0.7650009313E+005 0756
  0.7656013768E+005 0756
  0.7662011619E+005 0756
  0.7668009469E+005 0755
  0.7674013851E+005 0755
  0.7680011241E+005 0755
  0.7686009072E+005 0755
  0.7692014134E+005 0754
  0.7698011213E+005 0754
  0.7704008293E+005 0754
  0.7710012452E+005 0754
  0.7716009920E+005 0754
  0.7722007292E+005 0753
  0.7728011770E+005 0753
  0.7734009111E+005 0753
  0.7740013724E+005 0753
  0.7746011098E+005 0752
  0.7752008650E+005 0752
  0.7758013194E+005 0752
  0.7764010652E+005 0752
  0.7770008872E+005 0752
  0.7776007180E+005 0751
  0.7782012632E+005 0751
  0.7788011529E+005 0751
  0.7794010043E+005 0751
  0.7800008112E+005 0751
  0.7806013142E+005 0750
  0.7812010830E+005 0750
  0.7818008716E+005 0750
  0.7824013550E+005 0750
  0.7830011358E+005 0749
  0.7836008772E+005 0749
  0.7842012824E+005 0749
  0.7848009801E+005 0749
  0.7854007269E+005 0749
  0.7860011923E+005 0748
  0.7866009361E+005 0748
  0.7872013815E+005 0748
  0.7878012082E+005 0748
  0.7884010872E+005 0747
  0.7890009551E+005 0747
  0.7896008167E+005 0747
  0.7902007393E+005 0747
  0.7908013823E+005 0747
  0.7914012948E+005 0746
  0.7920011865E+005 0746
  0.7926010797E+005 0746
  0.7932010158E+005 0746
  0.7938009335E+005 0746
  0.7944008464E+005 0745
  0.7950007079E+005 0745
  0.7956012669E+005 0745
  0.7962011485E+005 0745
  0.7968010447E+005 0744
  0.7974009266E+005 0744
  0.7980008878E+005 0744
  0.7986008693E+005 0744
  0.7992008367E+005 0744
  0.7998008013E+005 0743
  0.8004007769E+005 0743
  0.8010007464E+005 0743
  0.8016013852E+005 0743
  0.8022013150E+005 0743
  0.8028012415E+005 0742
  0.8034011599E+005 0742
  0.8040010874E+005 0742
  0.8046010285E+005 0742
  0.8052009945E+005 0741
  0.8058009567E+005 0741
  0.8064009238E+005 0741
  0.8070009500E+005 0741
  0.8076009847E+005 0741
  0.8082009242E+005 0740
  0.8088008320E+005 0740
  0.8094007812E+005 0740
  0.8100007489E+005 0740
  0.8106013948E+005 0740
  0.8112013115E+005 0739
  0.8118012432E+005 0739
  0.8124011709E+005 0739
  0.8130010410E+005 0739
  0.8136009190E+005 0738
  0.8142007906E+005 0738
  0.8148013770E+005 0738
  0.8154013196E+005 0738
  0.8160012944E+005 0738
  0.8166012255E+005 0737
  0.8172012076E+005 0737
  0.8178012348E+005 0737
  0.8184012593E+005 0737
  0.8190012851E+005 0737
  0.8196013157E+005 0736
  0.8202013500E+005 0736
  0.8208013570E+005 0736
  0.8214013869E+005 0736
  0.8220007385E+005 0735
  0.8226008093E+005 0735
  0.8232008465E+005 0735
  0.8238008936E+005 0735
  0.8244009336E+005 0735
  0.8250009825E+005 0734
  0.8256010474E+005 0734
  0.8262011474E+005 0734
  0.8268012874E+005 0734
  0.8274013940E+005 0734
  0.8280007472E+005 0733
  0.8286008658E+005 0733
  0.8292010023E+005 0733
  0.8298010932E+005 0733
  0.8304011405E+005 0732
  0.8310012174E+005 0732
  0.8316013306E+005 0732
  0.8322007079E+005 0732
  0.8328007816E+005 0732
  0.8334008424E+005 0731
  0.8340008896E+005 0731
  0.8346009530E+005 0731
  0.8352010419E+005 0731
  0.8358010908E+005 0731
  0.8364011868E+005 0730
  0.8370013169E+005 0730
  0.8376007710E+005 0730
  0.8382009109E+005 0730
  0.8388010782E+005 0730
  0.8394012822E+005 0729
  0.8400007758E+005 0729
  0.8406009243E+005 0729
  0.8412010434E+005 0729
  0.8418011043E+005 0728
  0.8424011104E+005 0728
  0.8430011173E+005 0728
  0.8436011444E+005 0728
  0.8442011825E+005 0728
  0.8448012241E+005 0727
  0.8454012612E+005 0727
  0.8460013204E+005 0727
  0.8466013863E+005 0727
  0.8472007304E+005 0727
  0.8478008340E+005 0726
  0.8484009803E+005 0726
  0.8490011100E+005 0726
  0.8496012177E+005 0726
  0.8502013660E+005 0725
  0.8508008605E+005 0725
  0.8514010182E+005 0725
  0.8520011379E+005 0725
  0.8526012731E+005 0725
  0.8532013792E+005 0724
  0.8538008328E+005 0724
  0.8544010062E+005 0724
  0.8550011669E+005 0724
  0.8556013322E+005 0724
  0.8562008419E+005 0723
  0.8568010422E+005 0723
  0.8574012126E+005 0723
  0.8580013782E+005 0723
  0.8586008599E+005 0722
  0.8592010498E+005 0722
  0.8598012240E+005 0722
  0.8604014021E+005 0722
  0.8610008875E+005 0722
  0.8616010529E+005 0721
  0.8622012140E+005 0721
  0.8628013738E+005 0721
  0.8634008368E+005 0721
  0.8640010333E+005 0721
  0.8646012305E+005 0720
  0.8652007841E+005 0720
  0.8658010594E+005 0720
  0.8664012939E+005 0720
  0.8670008273E+005 0720
  0.8676011139E+005 0719
  0.8682013898E+005 0719
  0.8688009384E+005 0719
  0.8694011882E+005 0719
  0.8700007753E+005 0718
  0.8706009917E+005 0718
  0.8712011855E+005 0718
  0.8718007126E+005 0718
  0.8724009732E+005 0718
  0.8730012580E+005 0717
  0.8736008019E+005 0717
  0.8742010026E+005 0717
  0.8748011953E+005 0717
  0.8754007296E+005 0717
  0.8760009938E+005 0716
  0.8766012471E+005 0716
  0.8772007984E+005 0716
  0.8778011094E+005 0716
  0.8784007309E+005 0716
  0.8790010293E+005 0715
  0.8796013327E+005 0715
  0.8802009172E+005 0715
  0.8808011927E+005 0715
  0.8814007183E+005 0714
  0.8820009506E+005 0714
  0.8826011942E+005 0714
  0.8832007346E+005 0714
  0.8838009766E+005 0714
  0.8844012384E+005 0713
  0.8850008143E+005 0713
  0.8856010712E+005 0713
  0.8862013324E+005 0713
  0.8868009185E+005 0713
  0.8874012227E+005 0712
  0.8880008001E+005 0712
  0.8886010757E+005 0712
  0.8892014036E+005 0712
  0.8898009657E+005 0712
  0.8904011900E+005 0711
  0.8910007266E+005 0711
  0.8916009541E+005 0711
  0.8922011813E+005 0711
  0.8928014100E+005 0711
  0.8934009505E+005 0710
  0.8940012211E+005 0710
  0.8946008440E+005 0710
  0.8952011717E+005 0710
  0.8958007920E+005 0709
  0.8964011316E+005 0709
  0.8970008401E+005 0709
  0.8976013166E+005 0709
  0.8982010575E+005 0709
  0.8988007765E+005 0708
  0.8994012095E+005 0708
  0.9000009299E+005 0708
  0.9006013301E+005 0708
  0.9012010248E+005 0708
  0.9018007113E+005 0707
  0.9024010994E+005 0707
  0.9030007269E+005 0707
  0.9036010797E+005 0707
  0.9042007549E+005 0707
  0.9048011459E+005 0706
  0.9054008387E+005 0706
  0.9060012727E+005 0706
  0.9066010059E+005 0706
  0.9072007098E+005 0706
  0.9078010836E+005 0705
  0.9084008150E+005 0705
  0.9090012353E+005 0705
  0.9096009325E+005 0705
  0.9102013538E+005 0704
  0.9108011133E+005 0704
  0.9114008629E+005 0704
  0.9120013287E+005 0704
  0.9126010686E+005 0704
  0.9132008046E+005 0703
  0.9138012460E+005 0703
  0.9144009468E+005 0703
  0.9150013394E+005 0703
  0.9156010249E+005 0703
  0.9162007627E+005 0702
  0.9168012261E+005 0702
  0.9174009400E+005 0702
  0.9180013454E+005 0702
  0.9186010694E+005 0702
  0.9192007840E+005 0701
  0.9198011725E+005 0701
  0.9204008372E+005 0701
  0.9210012133E+005 0701
  0.9216009182E+005 0701
  0.9222013390E+005 0700
  0.9228010549E+005 0700
  0.9234007993E+005 0700
  0.9240012312E+005 0700
  0.9246009722E+005 0700
  0.9252007247E+005 0699
  0.9258012559E+005 0699
  0.9264011077E+005 0699
  0.9270009564E+005 0699
  0.9276008300E+005 0698
  0.9282014014E+005 0698
  0.9288012170E+005 0698
  0.9294010460E+005 0698
  0.9300009077E+005 0698
  0.9306007420E+005 0697
  0.9312012729E+005 0697
  0.9318010890E+005 0697
  0.9324009110E+005 0697
  0.9330007373E+005 0697
  0.9336012870E+005 0696
  0.9342011229E+005 0696
  0.9348009894E+005 0696
  0.9354008806E+005 0696
  0.9360007834E+005 0696
  0.9366013802E+005 0695
  0.9372012616E+005 0695
  0.9378011743E+005 0695
  0.9384010938E+005 0695
  0.9390009897E+005 0695
  0.9396008464E+005 0694
  0.9402013971E+005 0694
  0.9408012785E+005 0694
  0.9414011160E+005 0694
  0.9420009459E+005 0694
  0.9426008003E+005 0693
  0.9432013781E+005 0693
  0.9438012885E+005 0693
  0.9444012118E+005 0693
  0.9450011854E+005 0693
  0.9456011513E+005 0692
  0.9462010826E+005 0692
  0.9468010215E+005 0692
  0.9474009692E+005 0692
  0.9480008732E+005 0691
  0.9486007748E+005 0691
  0.9492013985E+005 0691
  0.9498012913E+005 0691
  0.9504012018E+005 0691
  0.9510011283E+005 0690
  0.9516010598E+005 0690
  0.9522009776E+005 0690
  0.9528008804E+005 0690
  0.9534007616E+005 0690
  0.9540013801E+005 0689
  0.9546013504E+005 0689
  0.9552013755E+005 0689
  0.9558014020E+005 0689
  0.9564014068E+005 0689
  0.9570007497E+005 0688
  0.9576007991E+005 0688
  0.9582008462E+005 0688
  0.9588008755E+005 0688
  0.9594009126E+005 0688
  0.9600009898E+005 0687
  0.9606010349E+005 0687
  0.9612010216E+005 0687
  0.9618010271E+005 0687
  0.9624010531E+005 0687
  0.9630010806E+005 0686
  0.9636010918E+005 0686
  0.9642011149E+005 0686
  0.9648011505E+005 0686
  0.9654011843E+005 0686
  0.9660012188E+005 0685
  0.9666013196E+005 0685
  0.9672013981E+005 0685
  0.9678007685E+005 0685
  0.9684008831E+005 0685
  0.9690010157E+005 0684
  0.9696011407E+005 0684
  0.9702012731E+005 0684
  0.9708014127E+005 0684
  0.9714008492E+005 0684
  0.9720010038E+005 0683
  0.9726011516E+005 0683
  0.9732013329E+005 0683
  0.9738008090E+005 0683
  0.9744010109E+005 0683
  0.9750011896E+005 0682
  0.9756013701E+005 0682
  0.9762008870E+005 0682
  0.9768011392E+005 0682
  0.9774013714E+005 0681
  0.9780008715E+005 0681
  0.9786010654E+005 0681
  0.9792012928E+005 0681
  0.9798007800E+005 0681
  0.9804009128E+005 0680
  0.9810010483E+005 0680
  0.9816011991E+005 0680
  0.9822013545E+005 0680
  0.9828008043E+005 0680
  0.9834009715E+005 0679
  0.9840012105E+005 0679
  0.9846007788E+005 0679
  0.9852010380E+005 0679
  0.9858013086E+005 0679
  0.9864008442E+005 0678
  0.9870010713E+005 0678
  0.9876013051E+005 0678
  0.9882008788E+005 0678
  0.9888011235E+005 0678
  0.9894013748E+005 0677
  0.9900008757E+005 0677
  0.9906010960E+005 0677
  0.9912013099E+005 0677
  0.9918008060E+005 0677
  0.9924010193E+005 0676
  0.9930012420E+005 0676
  0.9936007632E+005 0676
  0.9942010019E+005 0676
  0.9948012336E+005 0676
  0.9954007828E+005 0675
  0.9960010579E+005 0675
  0.9966013200E+005 0675
  0.9972008651E+005 0675
  0.9978011140E+005 0675
  0.9984013893E+005 0674
  0.9990009616E+005 0674
  0.9996011852E+005 0674
  0.1000201399E+006 0674
  0.1000800948E+006 0674
  0.1001401235E+006 0673
  0.1002000804E+006 0673
  0.1002601051E+006 0673
  0.1003201356E+006 0673
  0.1003800973E+006 0673
  0.1004401306E+006 0672
  0.1005000937E+006 0672
  0.1005601335E+006 0672
  0.1006201010E+006 0672
  0.1006801415E+006 0672
  0.1007401144E+006 0671
  0.1008000844E+006 0671
  0.1008601254E+006 0671
  0.1009200960E+006 0671
  0.1009801374E+006 0671
  0.1010401068E+006 0670
  0.1011000732E+006 0670
  0.1011601101E+006 0670
  0.1012200761E+006 0670
  0.1012801138E+006 0670
  0.1013400817E+006 0669
  0.1014001182E+006 0669
  0.1014600841E+006 0669
  0.1015201204E+006 0669
  0.1015800875E+006 0669
  0.1016401264E+006 0668
  0.1017000995E+006 0668
  0.1017600749E+006 0668
  0.1018201256E+006 0668
  0.1018801004E+006 0668
  0.1019400727E+006 0667
  0.1020001149E+006 0667
  0.1020600884E+006 0667
  0.1021201291E+006 0667
  0.1021800948E+006 0667
  0.1022401330E+006 0666
  0.1023001045E+006 0666
  0.1023600756E+006 0666
  0.1024201144E+006 0666
  0.1024800851E+006 0666
  0.1025401255E+006 0665
  0.1026000950E+006 0665
  0.1026601378E+006 0665
  0.1027201094E+006 0665
  0.1027800806E+006 0665
  0.1028401224E+006 0664
  0.1029000929E+006 0664
  0.1029601347E+006 0664
  0.1030201046E+006 0664
  0.1030800751E+006 0664
  0.1031401160E+006 0663
  0.1032000886E+006 0663
  0.1032601325E+006 0663
  0.1033201063E+006 0663
  0.1033800797E+006 0663
  0.1034401299E+006 0662
  0.1035001117E+006 0662
  0.1035600951E+006 0662
  0.1036200775E+006 0662
  0.1036801306E+006 0662
  0.1037401142E+006 0661
  0.1038000969E+006 0661
  0.1038600773E+006 0661
  0.1039201280E+006 0661
  0.1039801099E+006 0661
  0.1040400882E+006 0660
  0.1041001328E+006 0660
  0.1041601066E+006 0660
  0.1042200846E+006 0660
  0.1042801368E+006 0660
  0.1043401116E+006 0659
  0.1044000867E+006 0659
  0.1044601380E+006 0659
  0.1045201175E+006 0659
  0.1045801024E+006 0659
  0.1046400899E+006 0658
  0.1047000771E+006 0658
  0.1047601339E+006 0658
  0.1048201199E+006 0658
  0.1048801057E+006 0658
  0.1049400901E+006 0657
  0.1050000742E+006 0657
  0.1050601310E+006 0657
  0.1051201191E+006 0657
  0.1051801081E+006 0657
  0.1052400954E+006 0656
  0.1053000816E+006 0656
  0.1053601390E+006 0656
  0.1054201247E+006 0656
  0.1054801110E+006 0656
  0.1055400972E+006 0655
  0.1056000857E+006 0655
  0.1056600757E+006 0655
  0.1057201404E+006 0655
  0.1057801330E+006 0655
  0.1058401233E+006 0654
  0.1059001144E+006 0654
  0.1059601051E+006 0654
  0.1060200938E+006 0654
  0.1060800784E+006 0654
  0.1061401338E+006 0653
  0.1062001210E+006 0653
  0.1062601026E+006 0653
  0.1063200831E+006 0653
  0.1063801401E+006 0653
  0.1064401304E+006 0652
  0.1065001207E+006 0652
  0.1065601117E+006 0652
  0.1066201032E+006 0652
  0.1066800960E+006 0652
  0.1067400931E+006 0651
  0.1068000915E+006 0651
  0.1068600892E+006 0651
  0.1069200856E+006 0651
  0.1069800815E+006 0651
  0.1070400765E+006 0650
  0.1071000712E+006 0650
  0.1071601353E+006 0650
  0.1072201249E+006 0650
  0.1072801144E+006 0650
  0.1073401037E+006 0649
  0.1074000932E+006 0649
  0.1074600830E+006 0649
  0.1075200740E+006 0649
  0.1075801384E+006 0649
  0.1076401338E+006 0648
  0.1077001292E+006 0648
  0.1077601213E+006 0648
  0.1078201162E+006 0648
  0.1078801139E+006 0648
  0.1079401123E+006 0647
  0.1080001086E+006 0647
  0.1080601053E+006 0647
  0.1081201069E+006 0647
  0.1081801061E+006 0647
  0.1082401003E+006 0646
  0.1083000969E+006 0646
  0.1083600991E+006 0646
  0.1084201013E+006 0646
  0.1084801064E+006 0646
  0.1085401129E+006 0645
  0.1086001230E+006 0645
  0.1086601332E+006 0645
  0.1087201405E+006 0645
  0.1087800750E+006 0645
  0.1088400779E+006 0645
  0.1089000817E+006 0644
  0.1089600874E+006 0644
  0.1090200943E+006 0644
  0.1090800998E+006 0644
  0.1091401041E+006 0644
  0.1092001090E+006 0643
  0.1092601165E+006 0643
  0.1093201250E+006 0643
  0.1093801314E+006 0643
  0.1094401388E+006 0643
  0.1095000752E+006 0642
  0.1095600830E+006 0642
  0.1096200953E+006 0642
  0.1096801074E+006 0642
  0.1097401210E+006 0642
  0.1098001352E+006 0641
  0.1098600778E+006 0641
  0.1099200892E+006 0641
  0.1099800974E+006 0641
  0.1100401071E+006 0641
  0.1101001178E+006 0640
  0.1101601217E+006 0640
  0.1102201247E+006 0640
  0.1102801305E+006 0640
  0.1103401335E+006 0640
  0.1104001364E+006 0639
  0.1104601388E+006 0639
  0.1105200726E+006 0639
  0.1105800796E+006 0639
  0.1106400864E+006 0639
  0.1107000933E+006 0638
  0.1107600995E+006 0638
  0.1108201085E+006 0638
  0.1108801199E+006 0638
  0.1109401315E+006 0638
  0.1110001408E+006 0637
  0.1110600795E+006 0637
  0.1111200871E+006 0637
  0.1111800956E+006 0637
  0.1112401032E+006 0637
  0.1113001099E+006 0636
  0.1113601178E+006 0636
  0.1114201287E+006 0636
  0.1114800716E+006 0636
  0.1115400873E+006 0636
  0.1116001018E+006 0635
  0.1116601161E+006 0635
  0.1117201319E+006 0635
  0.1117800810E+006 0635
  0.1118401029E+006 0635
  0.1119001241E+006 0634
  0.1119600735E+006 0634
  0.1120200956E+006 0634
  0.1120801101E+006 0634
  0.1121401212E+006 0634
  0.1122001354E+006 0633
  0.1122600791E+006 0633
  0.1123200925E+006 0633
  0.1123801030E+006 0633
  0.1124401172E+006 0633
  0.1125001358E+006 0633
  0.1125600850E+006 0632
  0.1126201062E+006 0632
  0.1126801289E+006 0632
  0.1127400816E+006 0632
  0.1128001056E+006 0632
  0.1128601287E+006 0631
  0.1129200819E+006 0631
  0.1129801066E+006 0631
  0.1130401328E+006 0631
  0.1131000885E+006 0631
  0.1131601154E+006 0630
  0.1132201383E+006 0630
  0.1132800907E+006 0630
  0.1133401156E+006 0630
  0.1134001407E+006 0630
  0.1134600948E+006 0629
  0.1135201177E+006 0629
  0.1135801398E+006 0629
  0.1136400920E+006 0629
  0.1137001166E+006 0629
  0.1137601418E+006 0628
  0.1138200945E+006 0628
  0.1138801155E+006 0628
  0.1139401403E+006 0628
  0.1140000938E+006 0628
  0.1140601164E+006 0627
  0.1141201387E+006 0627
  0.1141800935E+006 0627
  0.1142401190E+006 0627
  0.1143000733E+006 0627
  0.1143601003E+006 0626
  0.1144201310E+006 0626
  0.1144800899E+006 0626
  0.1145401180E+006 0626
  0.1146000753E+006 0626
  0.1146601062E+006 0625
  0.1147201404E+006 0625
  0.1147801059E+006 0625
  0.1148401417E+006 0625
  0.1149001059E+006 0625
  0.1149601394E+006 0625
  0.1150200999E+006 0624
  0.1150801312E+006 0624
  0.1151400892E+006 0624
  0.1152001191E+006 0624
  0.1152600785E+006 0624
  0.1153201099E+006 0623
  0.1153801387E+006 0623
  0.1154400987E+006 0623
  0.1155001283E+006 0623
  0.1155600899E+006 0623
  0.1156201236E+006 0622
  0.1156800887E+006 0622
  0.1157401259E+006 0622
  0.1158000923E+006 0622
  0.1158601322E+006 0622
  0.1159201077E+006 0621
  0.1159800789E+006 0621
  0.1160401188E+006 0621
  0.1161000886E+006 0621
  0.1161601279E+006 0621
  0.1162200933E+006 0620
  0.1162801286E+006 0620
  0.1163400954E+006 0620
  0.1164001351E+006 0620
  0.1164601040E+006 0620
  0.1165200723E+006 0619
  0.1165801157E+006 0619
  0.1166400904E+006 0619
  0.1167001373E+006 0619
  0.1167601109E+006 0619
  0.1168200869E+006 0618
  0.1168801351E+006 0618
  0.1169401123E+006 0618
  0.1170000874E+006 0618
  0.1170601330E+006 0618
  0.1171201056E+006 0617
  0.1171800792E+006 0617
  0.1172401269E+006 0617
  0.1173001025E+006 0617
  0.1173600778E+006 0617
  0.1174201228E+006 0616
  0.1174800973E+006 0616
  0.1175400732E+006 0616
  0.1176001213E+006 0616
  0.1176601013E+006 0616
  0.1177200831E+006 0616
  0.1177801357E+006 0615
  0.1178401199E+006 0615
  0.1179001002E+006 0615
  0.1179600769E+006 0615
  0.1180201250E+006 0615
  0.1180801067E+006 0614
  0.1181400868E+006 0614
  0.1182001349E+006 0614
  0.1182601110E+006 0614
  0.1183200878E+006 0614
  0.1183801334E+006 0613
  0.1184401072E+006 0613
  0.1185000806E+006 0613
  0.1185601264E+006 0613
  0.1186201017E+006 0613
  0.1186800774E+006 0612
  0.1187401248E+006 0612
  0.1188001041E+006 0612
  0.1188600861E+006 0612
  0.1189201368E+006 0612
  0.1189801175E+006 0611
  0.1190400978E+006 0611
  0.1191000790E+006 0611
  0.1191601355E+006 0611
  0.1192201215E+006 0611
  0.1192801075E+006 0610
  0.1193400947E+006 0610
  0.1194000819E+006 0610
  0.1194601410E+006 0610
  0.1195201270E+006 0610
  0.1195801142E+006 0609
  0.1196401012E+006 0609
  0.1197000894E+006 0609
  0.1197600781E+006 0609
  0.1198200717E+006 0609
  0.1198801333E+006 0609
  0.1199401243E+006 0608
  0.1200001170E+006 0608
  0.1200601098E+006 0608
  0.1201200982E+006 0608
  0.1201800860E+006 0608
  0.1202400763E+006 0607
  0.1203001378E+006 0607
  0.1203601257E+006 0607
  0.1204201124E+006 0607
  0.1204801015E+006 0607
  0.1205400937E+006 0606
  0.1206000900E+006 0606
  0.1206600866E+006 0606
  0.1207200857E+006 0606
  0.1207800864E+006 0606
  0.1208400849E+006 0605
  0.1209000826E+006 0605
  0.1209600827E+006 0605
  0.1210200821E+006 0605
  0.1210800823E+006 0605
  0.1211400795E+006 0604
  0.1212000731E+006 0604
  0.1212601360E+006 0604
  0.1213201280E+006 0604
  0.1213801202E+006 0604
  0.1214401108E+006 0603
  0.1215001006E+006 0603
  0.1215600921E+006 0603
  0.1216200858E+006 0603
  0.1216800793E+006 0603
  0.1217400754E+006 0602
  0.1218001416E+006 0602
  0.1218601351E+006 0602
  0.1219201289E+006 0602
  0.1219801267E+006 0602
  0.1220401220E+006 0602
  0.1221001165E+006 0601
  0.1221601112E+006 0601
  0.1222201082E+006 0601
  0.1222801030E+006 0601
  0.1223400951E+006 0601
  0.1224000872E+006 0600
  0.1224600814E+006 0600
  0.1225200763E+006 0600
  0.1225800713E+006 0600
  0.1226401370E+006 0600
  0.1227001372E+006 0599
  0.1227601382E+006 0599
  0.1228201394E+006 0599
  0.1228801403E+006 0599
  0.1229401403E+006 0599
  0.1230001402E+006 0598
  0.1230601398E+006 0598
  0.1231201403E+006 0598
  0.1231801410E+006 0598
  0.1232400716E+006 0598
  0.1233000724E+006 0597
  0.1233600711E+006 0597
  0.1234201379E+006 0597
  0.1234801364E+006 0597
  0.1235401375E+006 0597
  0.1236001373E+006 0596
  0.1236601364E+006 0596
  0.1237201371E+006 0596
  0.1237801374E+006 0596
  0.1238401390E+006 0596
  0.1239000744E+006 0595
  0.1239600840E+006 0595
  0.1240200918E+006 0595
  0.1240800998E+006 0595
  0.1241401086E+006 0595
  0.1242001163E+006 0594
  0.1242601201E+006 0594
  0.1243201245E+006 0594
  0.1243801295E+006 0594
  0.1244401359E+006 0594
  0.1245001400E+006 0594
  0.1245600711E+006 0593
  0.1246200757E+006 0593
  0.1246800818E+006 0593
  0.1247400867E+006 0593
  0.1248000912E+006 0593
  0.1248600988E+006 0592
  0.1249201067E+006 0592
  0.1249801168E+006 0592
  0.1250401264E+006 0592
  0.1251001365E+006 0592
  0.1251600744E+006 0591
  0.1252200836E+006 0591
  0.1252800927E+006 0591
  0.1253400992E+006 0591
  0.1254001065E+006 0591
  0.1254601179E+006 0590
  0.1255201304E+006 0590
  0.1255800712E+006 0590
  0.1256400847E+006 0590
  0.1257000998E+006 0590
  0.1257601140E+006 0589
  0.1258201291E+006 0589
  0.1258800721E+006 0589
  0.1259400851E+006 0589
  0.1260000976E+006 0589
  0.1260601109E+006 0588
  0.1261201252E+006 0588
  0.1261801335E+006 0588
  0.1262401390E+006 0588
  0.1263000722E+006 0588
  0.1263600792E+006 0587
  0.1264200869E+006 0587
  0.1264800923E+006 0587
  0.1265400984E+006 0587
  0.1266001099E+006 0587
  0.1266601222E+006 0586
  0.1267201345E+006 0586
  0.1267800785E+006 0586
  0.1268400960E+006 0586
  0.1269001145E+006 0586
  0.1269601317E+006 0585
  0.1270200780E+006 0585
  0.1270800946E+006 0585
  0.1271401114E+006 0585
  0.1272001294E+006 0585
  0.1272600756E+006 0584
  0.1273200928E+006 0584
  0.1273801115E+006 0584
  0.1274401308E+006 0584
  0.1275000746E+006 0584
  0.1275600894E+006 0584
  0.1276201074E+006 0583
  0.1276801242E+006 0583
  0.1277400717E+006 0583
  0.1278000910E+006 0583
  0.1278601139E+006 0583
  0.1279201366E+006 0582
  0.1279800894E+006 0582
  0.1280401149E+006 0582
  0.1281001368E+006 0582
  0.1281600869E+006 0582
  0.1282201095E+006 0581
  0.1282801334E+006 0581
  0.1283400863E+006 0581
  0.1284001059E+006 0581
  0.1284601249E+006 0581
  0.1285200764E+006 0580
  0.1285801006E+006 0580
  0.1286401228E+006 0580
  0.1287000743E+006 0580
  0.1287600980E+006 0580
  0.1288201233E+006 0579
  0.1288800795E+006 0579
  0.1289401076E+006 0579
  0.1290001368E+006 0579
  0.1290600945E+006 0579
  0.1291201201E+006 0578
  0.1291800730E+006 0578
  0.1292400938E+006 0578
  0.1293001140E+006 0578
  0.1293601374E+006 0578
  0.1294200875E+006 0577
  0.1294801065E+006 0577
  0.1295401274E+006 0577
  0.1296000764E+006 0577
  0.1296600963E+006 0577
  0.1297201161E+006 0576
  0.1297801392E+006 0576
  0.1298400924E+006 0576
  0.1299001170E+006 0576
  0.1299600728E+006 0576
  0.1300200999E+006 0575
  0.1300801262E+006 0575
  0.1301400831E+006 0575
  0.1302001118E+006 0575
  0.1302601400E+006 0575
  0.1303200943E+006 0574
  0.1303801168E+006 0574
  0.1304401419E+006 0574
  0.1305000996E+006 0574
  0.1305601278E+006 0574
  0.1306200844E+006 0573
  0.1306801140E+006 0573
  0.1307400772E+006 0573
  0.1308001114E+006 0573
  0.1308600727E+006 0573
  0.1309201041E+006 0572
  0.1309801352E+006 0572
  0.1310400952E+006 0572
  0.1311001271E+006 0572
  0.1311600880E+006 0572
  0.1312201191E+006 0571
  0.1312800818E+006 0571
  0.1313401158E+006 0571
  0.1314000770E+006 0571
  0.1314601117E+006 0571
  0.1315200781E+006 0570
  0.1315801155E+006 0570
  0.1316400806E+006 0570
  0.1317001184E+006 0570
  0.1317600885E+006 0570
  0.1318201298E+006 0569
  0.1318801009E+006 0569
  0.1319400717E+006 0569
  0.1320001092E+006 0569
  0.1320600763E+006 0569
  0.1321201130E+006 0568
  0.1321800789E+006 0568
  0.1322401155E+006 0568
  0.1323000794E+006 0568
  0.1323601151E+006 0568
  0.1324200803E+006 0567
  0.1324801127E+006 0567
  0.1325400715E+006 0567
  0.1326001034E+006 0567
  0.1326601410E+006 0567
  0.1327201099E+006 0566
  0.1327800784E+006 0566
  0.1328401185E+006 0566
  0.1329000904E+006 0566
  0.1329601345E+006 0566
  0.1330201076E+006 0565
  0.1330800799E+006 0565
  0.1331401209E+006 0565
  0.1332000928E+006 0565
  0.1332601361E+006 0565
  0.1333201070E+006 0564
  0.1333800769E+006 0564
  0.1334401189E+006 0564
  0.1335000885E+006 0564
  0.1335601294E+006 0564
  0.1336200988E+006 0563
  0.1336800717E+006 0563
  0.1337401144E+006 0563
  0.1338000860E+006 0563
  0.1338601308E+006 0563
  0.1339201047E+006 0562
  0.1339800810E+006 0562
  0.1340401295E+006 0562
  0.1341001066E+006 0562
  0.1341600813E+006 0562
  0.1342201243E+006 0561
  0.1342800955E+006 0561
  0.1343401391E+006 0561
  0.1344001111E+006 0561
  0.1344600825E+006 0561
  0.1345201251E+006 0560
  0.1345801018E+006 0560
  0.1346400808E+006 0560
  0.1347001315E+006 0560
  0.1347601106E+006 0559
  0.1348200941E+006 0559
  0.1348800776E+006 0559
  0.1349401319E+006 0559
  0.1350001142E+006 0559
  0.1350600963E+006 0558
  0.1351200799E+006 0558
  0.1351801371E+006 0558
  0.1352401204E+006 0558
  0.1353001019E+006 0558
  0.1353600839E+006 0557
  0.1354201370E+006 0557
  0.1354801189E+006 0557
  0.1355401002E+006 0557
  0.1356000852E+006 0557
  0.1356600713E+006 0556
  0.1357201274E+006 0556
  0.1357801140E+006 0556
  0.1358401011E+006 0556
  0.1359000882E+006 0556
  0.1359600762E+006 0555
  0.1360201339E+006 0555
  0.1360801230E+006 0555
  0.1361401126E+006 0555
  0.1362001028E+006 0555
  0.1362600931E+006 0554
  0.1363200838E+006 0554
  0.1363801419E+006 0554
  0.1364401295E+006 0554
  0.1365001204E+006 0554
  0.1365601129E+006 0553
  0.1366201037E+006 0553
  0.1366800926E+006 0553
  0.1367400838E+006 0553
  0.1368000773E+006 0552
  0.1368601404E+006 0552
  0.1369201314E+006 0552
  0.1369801221E+006 0552
  0.1370401117E+006 0552
  0.1371001022E+006 0551
  0.1371600886E+006 0551
  0.1372200755E+006 0551
  0.1372801337E+006 0551
  0.1373401241E+006 0551
  0.1374001150E+006 0550
  0.1374601039E+006 0550
  0.1375200929E+006 0550
  0.1375800854E+006 0550
  0.1376400771E+006 0550
  0.1377001421E+006 0549
  0.1377601375E+006 0549
  0.1378201354E+006 0549
  0.1378801335E+006 0549
  0.1379401328E+006 0548
  0.1380001332E+006 0548
  0.1380601360E+006 0548
  0.1381201354E+006 0548
  0.1381801334E+006 0548
  0.1382401306E+006 0547
  0.1383001233E+006 0547
  0.1383601163E+006 0547
  0.1384201105E+006 0547
  0.1384801082E+006 0547
  0.1385401055E+006 0546
  0.1386001034E+006 0546
  0.1386601017E+006 0546
  0.1387201050E+006 0546
  0.1387801074E+006 0546
  0.1388401105E+006 0545
  0.1389001152E+006 0545
  0.1389601220E+006 0545
  0.1390201305E+006 0545
  0.1390801382E+006 0544
  0.1391400720E+006 0544
  0.1392000762E+006 0544
  0.1392600804E+006 0544
  0.1393200850E+006 0544
  0.1393800866E+006 0543
  0.1394400885E+006 0543
  0.1395000942E+006 0543
  0.1395601000E+006 0543
  0.1396201054E+006 0543
  0.1396801097E+006 0542
  0.1397401153E+006 0542
  0.1398001214E+006 0542
  0.1398601285E+006 0542
  0.1399201335E+006 0541
  0.1399801401E+006 0541
  0.1400400731E+006 0541
  0.1401000766E+006 0541
  0.1401600800E+006 0541
  0.1402200847E+006 0540
  0.1402800870E+006 0540
  0.1403400898E+006 0540
  0.1404000924E+006 0540
  0.1404600947E+006 0539
  0.1405200967E+006 0539
  0.1405800993E+006 0539
  0.1406401063E+006 0539
  0.1407001142E+006 0539
  0.1407601204E+006 0538
  0.1408201292E+006 0538
  0.1408801400E+006 0538
  0.1409400814E+006 0538
  0.1410000938E+006 0538
  0.1410601038E+006 0537
  0.1411201142E+006 0537
  0.1411801244E+006 0537
  0.1412401380E+006 0537
  0.1413000780E+006 0536
  0.1413600900E+006 0536
  0.1414201027E+006 0536
  0.1414801172E+006 0536
  0.1415401278E+006 0536
  0.1416001382E+006 0535
  0.1416600777E+006 0535
  0.1417200894E+006 0535
  0.1417801027E+006 0535
  0.1418401170E+006 0534
  0.1419001319E+006 0534
  0.1419600791E+006 0534
  0.1420200960E+006 0534
  0.1420801128E+006 0534
  0.1421401301E+006 0533
  0.1422000744E+006 0533
  0.1422600898E+006 0533
  0.1423201071E+006 0533
  0.1423801266E+006 0532
  0.1424400751E+006 0532
  0.1425000932E+006 0532
  0.1425601123E+006 0532
  0.1426201336E+006 0531
  0.1426800816E+006 0531
  0.1427401043E+006 0531
  0.1428001288E+006 0531
  0.1428600842E+006 0531
  0.1429201080E+006 0530
  0.1429801309E+006 0530
  0.1430400815E+006 0530
  0.1431001042E+006 0530
  0.1431601270E+006 0529
  0.1432200747E+006 0529
  0.1432800906E+006 0529
  0.1433401068E+006 0529
  0.1434001267E+006 0529
  0.1434600761E+006 0528
  0.1435200966E+006 0528
  0.1435801189E+006 0528
  0.1436400723E+006 0528
  0.1437000988E+006 0527
  0.1437601256E+006 0527
  0.1438200807E+006 0527
  0.1438801104E+006 0527
  0.1439401404E+006 0526
  0.1440000979E+006 0526
  0.1440601267E+006 0526
  0.1441200834E+006 0526
  0.1441801094E+006 0526
  0.1442401359E+006 0525
  0.1443000893E+006 0525
  0.1443601142E+006 0525
  0.1444201358E+006 0525
  0.1444800872E+006 0524
  0.1445401122E+006 0524
  0.1446001372E+006 0524
  0.1446600914E+006 0524
  0.1447201193E+006 0523
  0.1447800791E+006 0523
  0.1448401093E+006 0523
  0.1449001391E+006 0523
  0.1449600968E+006 0522
  0.1450201259E+006 0522
  0.1450800838E+006 0522
  0.1451401133E+006 0522
  0.1452001418E+006 0522
  0.1452601003E+006 0521
  0.1453201338E+006 0521
  0.1453800955E+006 0521
  0.1454401243E+006 0521
  0.1455000827E+006 0520
  0.1455601128E+006 0520
  0.1456200758E+006 0520
  0.1456801103E+006 0520
  0.1457400732E+006 0519
  0.1458001074E+006 0519
  0.1458600741E+006 0519
  0.1459201101E+006 0519
  0.1459800765E+006 0518
  0.1460401157E+006 0518
  0.1461000834E+006 0518
  0.1461601217E+006 0518
  0.1462200883E+006 0517
  0.1462801267E+006 0517
  0.1463400924E+006 0517
  0.1464001291E+006 0517
  0.1464600967E+006 0516
  0.1465201359E+006 0516
  0.1465801017E+006 0516
  0.1466401401E+006 0516
  0.1467001097E+006 0516
  0.1467600818E+006 0515
  0.1468201252E+006 0515
  0.1468800993E+006 0515
  0.1469400742E+006 0515
  0.1470001211E+006 0514
  0.1470600965E+006 0514
  0.1471201415E+006 0514
  0.1471801138E+006 0514
  0.1472400883E+006 0513
  0.1473001339E+006 0513
  0.1473601043E+006 0513
  0.1474200738E+006 0513
  0.1474801168E+006 0512
  0.1475400904E+006 0512
  0.1476001351E+006 0512
  0.1476601060E+006 0512
  0.1477200760E+006 0511
  0.1477801214E+006 0511
  0.1478400943E+006 0511
  0.1479001375E+006 0511
  0.1479601089E+006 0510
  0.1480200813E+006 0510
  0.1480801254E+006 0510
  0.1481400988E+006 0509
  0.1482000726E+006 0509
  0.1482601159E+006 0509
  0.1483200858E+006 0509
  0.1483801271E+006 0508
  0.1484400989E+006 0508
  0.1485000733E+006 0508
  0.1485601192E+006 0508
  0.1486200996E+006 0507
  0.1486800825E+006 0507
  0.1487401363E+006 0507
  0.1488001187E+006 0507
  0.1488601023E+006 0506
  0.1489200857E+006 0506
  0.1489801401E+006 0506
  0.1490401226E+006 0506
  0.1491001035E+006 0505
  0.1491600847E+006 0505
  0.1492201377E+006 0505
  0.1492801181E+006 0505
  0.1493400958E+006 0504
  0.1494000765E+006 0504
  0.1494601299E+006 0504
  0.1495201126E+006 0503
  0.1495800941E+006 0503
  0.1496400760E+006 0503
  0.1497001316E+006 0503
  0.1497601209E+006 0502
  0.1498201084E+006 0502
  0.1498800959E+006 0502
  0.1499400841E+006 0502
  0.1500000753E+006 0501
  0.1500601370E+006 0501
  0.1501201275E+006 0501
  0.1501801183E+006 0500
  0.1502401076E+006 0500
  0.1503000955E+006 0500
  0.1503600856E+006 0500
  0.1504200745E+006 0499
  0.1504801322E+006 0499
  0.1505401190E+006 0499
  0.1506001067E+006 0499
  0.1506600959E+006 0498
  0.1507200837E+006 0498
  0.1507800738E+006 0498
  0.1508401356E+006 0497
  0.1509001271E+006 0497
  0.1509601178E+006 0497
  0.1510201099E+006 0497
  0.1510801021E+006 0496
  0.1511400954E+006 0496
  0.1512000875E+006 0496
  0.1512600749E+006 0495
  0.1513201337E+006 0495
  0.1513801245E+006 0495
  0.1514401155E+006 0495
  0.1515001081E+006 0494
  0.1515600997E+006 0494
  0.1516200922E+006 0494
  0.1516800875E+006 0493
  0.1517400807E+006 0493
  0.1518000728E+006 0493
  0.1518601380E+006 0492
  0.1519201371E+006 0492
  0.1519801375E+006 0492
  0.1520401366E+006 0492
  0.1521001352E+006 0491
  0.1521601342E+006 0491
  0.1522201313E+006 0491
  0.1522801286E+006 0490
  0.1523401252E+006 0490
  0.1524001195E+006 0490
  0.1524601132E+006 0489
  0.1525201090E+006 0489
  0.1525801077E+006 0489
  0.1526401072E+006 0489
  0.1527001066E+006 0488
  0.1527601081E+006 0488
  0.1528201106E+006 0488
  0.1528801132E+006 0487
  0.1529401161E+006 0487
  0.1530001197E+006 0487
  0.1530601229E+006 0486
  0.1531201277E+006 0486
  0.1531801311E+006 0486
  0.1532401343E+006 0485
  0.1533001390E+006 0485
  0.1533600732E+006 0485
  0.1534200782E+006 0484
  0.1534800822E+006 0484
  0.1535400876E+006 0484
  0.1536000949E+006 0483
  0.1536601055E+006 0483
  0.1537201128E+006 0483
  0.1537801206E+006 0482
  0.1538401288E+006 0482
  0.1539001396E+006 0482
  0.1539600762E+006 0481
  0.1540200843E+006 0481
  0.1540800932E+006 0481
  0.1541401014E+006 0480
  0.1542001086E+006 0480
  0.1542601158E+006 0480
  0.1543201233E+006 0479
  0.1543801316E+006 0479
  0.1544401402E+006 0478
  0.1545000803E+006 0478
  0.1545600912E+006 0478
  0.1546201001E+006 0477
  0.1546801104E+006 0477
  0.1547401232E+006 0477
  0.1548001398E+006 0476
  0.1548600855E+006 0476
  0.1549201039E+006 0476
  0.1549801212E+006 0475
  0.1550401393E+006 0475
  0.1551000843E+006 0474
  0.1551600982E+006 0474
  0.1552201114E+006 0474
  0.1552801248E+006 0473
  0.1553401369E+006 0473
  0.1554000776E+006 0473
  0.1554600881E+006 0472
  0.1555200990E+006 0472
  0.1555801111E+006 0471
  0.1556401201E+006 0471
  0.1557001272E+006 0471
  0.1557601357E+006 0470
  0.1558200768E+006 0470
  0.1558800903E+006 0469
  0.1559401029E+006 0469
  0.1560001170E+006 0468
  0.1560601352E+006 0468
  0.1561200821E+006 0468
  0.1561800989E+006 0467
  0.1562401158E+006 0467
  0.1563001312E+006 0466
  0.1563600743E+006 0466
  0.1564200899E+006 0465
  0.1564801048E+006 0465
  0.1565401205E+006 0465
  0.1566001354E+006 0464
  0.1566600821E+006 0464
  0.1567201010E+006 0463
  0.1567801203E+006 0463
  0.1568401395E+006 0462
  0.1569000904E+006 0462
  0.1569601130E+006 0461
  0.1570201380E+006 0461
  0.1570800898E+006 0460
  0.1571401113E+006 0460
  0.1572001335E+006 0459
  0.1572600846E+006 0459
  0.1573201071E+006 0458
  0.1573801293E+006 0458
  0.1574400799E+006 0457
  0.1575001025E+006 0457
  0.1575601254E+006 0456
  0.1576200759E+006 0456
  0.1576800994E+006 0455
  0.1577401251E+006 0454
  0.1578000838E+006 0454
  0.1578601108E+006 0453
  0.1579201380E+006 0453
  0.1579800942E+006 0452
  0.1580401240E+006 0452
  0.1581000794E+006 0451
  0.1581601070E+006 0450
  0.1582201353E+006 0450
  0.1582800934E+006 0449
  0.1583401223E+006 0449
  0.1584000792E+006 0448
  0.1584601063E+006 0447
  0.1585201313E+006 0447
  0.1585800852E+006 0446
  0.1586401120E+006 0446
  0.1587001386E+006 0445
  0.1587600936E+006 0444
  0.1588201220E+006 0444
  0.1588800795E+006 0443
  0.1589401092E+006 0443
  0.1590001375E+006 0442
  0.1590600926E+006 0442
  0.1591201194E+006 0441
  0.1591800758E+006 0441
  0.1592401029E+006 0440
  0.1593001301E+006 0440
  0.1593600853E+006 0439
  0.1594201145E+006 0439
  0.1594800736E+006 0438
  0.1595401046E+006 0438
  0.1596001339E+006 0437
  0.1596600927E+006 0437
  0.1597201246E+006 0436
  0.1597800857E+006 0436
  0.1598401165E+006 0435
  0.1599000785E+006 0435
  0.1599601160E+006 0435
  0.1600200794E+006 0434
  0.1600801126E+006 0434
  0.1601400752E+006 0433
  0.1602001105E+006 0433
  0.1602600748E+006 0433
  0.1603201088E+006 0432
  0.1603801416E+006 0432
  0.1604401022E+006 0431
  0.1605001330E+006 0431
  0.1605600943E+006 0431
  0.1606201283E+006 0430
  0.1606800917E+006 0430
  0.1607401267E+006 0430
  0.1608000944E+006 0429
  0.1608601335E+006 0429
  0.1609201042E+006 0429
  0.1609800735E+006 0428
  0.1610401167E+006 0428
  0.1611000901E+006 0428
  0.1611601353E+006 0427
  0.1612201080E+006 0427
  0.1612800788E+006 0427
  0.1613401195E+006 0426
  0.1614000885E+006 0426
  0.1614601280E+006 0426
  0.1615200938E+006 0425
  0.1615801310E+006 0425
  0.1616400985E+006 0424
  0.1617001400E+006 0424
  0.1617601085E+006 0424
  0.1618200772E+006 0423
  0.1618801180E+006 0423
  0.1619400895E+006 0423
  0.1620001302E+006 0422
  0.1620601006E+006 0422
  0.1621200728E+006 0421
  0.1621801183E+006 0421
  0.1622400907E+006 0420
  0.1623001342E+006 0420
  0.1623601063E+006 0419
  0.1624200795E+006 0419
  0.1624801234E+006 0418
  0.1625400961E+006 0418
  0.1626001379E+006 0417
  0.1626601091E+006 0416
  0.1627200843E+006 0416
  0.1627801324E+006 0414
  0.1628401116E+006 0370
  0.1629000894E+006 0368
  0.1629601382E+006 0366
  0.1630201153E+006 0364
  0.1630800931E+006 0362
  0.1631401407E+006 0360
  0.1632001173E+006 0359
  0.1632600941E+006 0358
  0.1633201421E+006 0357
  0.1633801186E+006 0355
  0.1634400939E+006 0354
  0.1635001391E+006 0353
  0.1635601146E+006 0352
  0.1636200912E+006 0352
  0.1636801396E+006 0351
  0.1637401139E+006 0350
  0.1638000898E+006 0349
  0.1638601396E+006 0348
  0.1639201184E+006 0348
  0.1639800950E+006 0347
  0.1640400749E+006 0346
  0.1641001285E+006 0345
  0.1641601113E+006 0345
  0.1642200923E+006 0344
  0.1642800736E+006 0344
  0.1643401278E+006 0343
  0.1644001100E+006 0342
  0.1644600929E+006 0342
  0.1645200752E+006 0341
  0.1645801292E+006 0341
  0.1646401139E+006 0340
  0.1647000993E+006 0340
  0.1647600832E+006 0340
  0.1648201389E+006 0339
  0.1648801225E+006 0339
  0.1649401094E+006 0338
  0.1650000984E+006 0338
  0.1650600880E+006 0338
  0.1651200758E+006 0337
  0.1651801357E+006 0337
  0.1652401238E+006 0337
  0.1653001119E+006 0336
  0.1653600995E+006 0336
  0.1654200857E+006 0336
  0.1654800715E+006 0336
  0.1655401291E+006 0335
  0.1656001183E+006 0335
  0.1656601083E+006 0335
  0.1657200983E+006 0334
  0.1657800902E+006 0334
  0.1658400850E+006 0334
  0.1659000762E+006 0334
  0.1659601394E+006 0333
  0.1660201325E+006 0333
  0.1660801289E+006 0333
  0.1661401234E+006 0333
  0.1662001180E+006 0333
  0.1662601127E+006 0332
  0.1663201042E+006 0332
  0.1663800933E+006 0332
  0.1664400811E+006 0332
  0.1665001381E+006 0331
  0.1665601258E+006 0331
  0.1666201139E+006 0331
  0.1666801020E+006 0331
  0.1667400895E+006 0331
  0.1668000797E+006 0330
  0.1668601421E+006 0330
  0.1669201354E+006 0330
  0.1669801297E+006 0330
  0.1670401236E+006 0330
  0.1671001179E+006 0329
  0.1671601137E+006 0329
  0.1672201094E+006 0329
  0.1672801036E+006 0329
  0.1673400975E+006 0329
  0.1674000906E+006 0328
  0.1674600854E+006 0328
  0.1675200815E+006 0328
  0.1675800777E+006 0328
  0.1676401412E+006 0328
  0.1677001344E+006 0327
  0.1677601305E+006 0327
  0.1678201273E+006 0327
  0.1678801226E+006 0327
  0.1679401203E+006 0327
  0.1680001198E+006 0327
  0.1680601194E+006 0326
  0.1681201158E+006 0326
  0.1681801146E+006 0326
  0.1682401159E+006 0326
  0.1683001175E+006 0326
  0.1683601187E+006 0326
  0.1684201202E+006 0325
  0.1684801221E+006 0325
  0.1685401252E+006 0325
  0.1686001288E+006 0325
  0.1686601318E+006 0325
  0.1687201357E+006 0325
  0.1687801391E+006 0325
  0.1688400729E+006 0324
  0.1689000785E+006 0324
  0.1689600850E+006 0324
  0.1690200917E+006 0324
  0.1690801024E+006 0324
  0.1691401130E+006 0324
  0.1692001218E+006 0324
  0.1692601284E+006 0323
  0.1693201348E+006 0323
  0.1693801410E+006 0323
  0.1694400761E+006 0323
  0.1695000828E+006 0323
  0.1695600876E+006 0323
  0.1696200908E+006 0323
  0.1696800966E+006 0323
  0.1697401034E+006 0322
  0.1698001082E+006 0322
  0.1698601125E+006 0322
  0.1699201173E+006 0322
  0.1699801265E+006 0322
  0.1700401346E+006 0322
  0.1701000716E+006 0322
  0.1701600818E+006 0321
  0.1702200927E+006 0321
  0.1702801020E+006 0321
  0.1703401118E+006 0321
  0.1704001215E+006 0321
  0.1704601325E+006 0321
  0.1705201425E+006 0321
  0.1705800802E+006 0321
  0.1706400881E+006 0320
  0.1707000989E+006 0320
  0.1707601112E+006 0320
  0.1708201255E+006 0320
  0.1708801412E+006 0320
  0.1709400857E+006 0320
  0.1710001017E+006 0320
  0.1710601185E+006 0320
  0.1711201337E+006 0320
  0.1711800771E+006 0319
  0.1712400916E+006 0319
  0.1713001065E+006 0319
  0.1713601195E+006 0319
  0.1714201317E+006 0319
  0.1714800727E+006 0319
  0.1715400828E+006 0319
  0.1716000953E+006 0319
  0.1716601103E+006 0319
  0.1717201258E+006 0318
  0.1717801391E+006 0318
  0.1718400831E+006 0318
  0.1719001025E+006 0318
  0.1719601253E+006 0318
  0.1720200738E+006 0318
  0.1720800950E+006 0318
  0.1721401176E+006 0318
  0.1722001390E+006 0318
  0.1722600885E+006 0317
  0.1723201097E+006 0317
  0.1723801314E+006 0317
  0.1724400828E+006 0317
  0.1725001035E+006 0317
  0.1725601229E+006 0317
  0.1726201423E+006 0317
  0.1726800902E+006 0317
  0.1727401086E+006 0317
  0.1728000000E+006 0317
