 0058   0.100406E+00   0.292744E+09   0.291561E+10   0.110090E+10   0.109861E+15
 0059   0.103772E+00   0.302220E+09   0.281501E+10   0.114619E+10   0.103624E+15
 0060   0.111817E+00   0.315398E+09   0.163811E+10   0.114237E+10   0.976902E+14
 0061   0.120386E+00   0.329271E+09   0.161889E+10   0.113929E+10   0.921188E+14
 0062   0.130068E+00   0.344269E+09   0.154913E+10   0.112881E+10   0.868871E+14
 0063   0.139767E+00   0.359677E+09   0.158850E+10   0.112150E+10   0.819838E+14
 0064   0.150019E+00   0.375745E+09   0.156736E+10   0.111289E+10   0.773848E+14
 0065   0.160999E+00   0.392531E+09   0.152881E+10   0.110374E+10   0.730681E+14
 0066   0.172788E+00   0.410146E+09   0.149412E+10   0.109315E+10   0.690148E+14
 0067   0.184557E+00   0.428127E+09   0.152795E+10   0.108846E+10   0.652120E+14
 0068   0.197171E+00   0.447061E+09   0.150102E+10   0.107956E+10   0.616410E+14
 0069   0.211130E+00   0.467063E+09   0.143280E+10   0.107038E+10   0.582853E+14
 0070   0.225730E+00   0.487947E+09   0.143044E+10   0.106064E+10   0.551354E+14
 0071   0.240677E+00   0.509475E+09   0.144034E+10   0.105292E+10   0.521799E+14
 0072   0.256032E+00   0.531674E+09   0.144569E+10   0.105316E+10   0.494060E+14
 0073   0.272106E+00   0.555264E+09   0.146759E+10   0.108112E+10   0.468045E+14
 0074   0.294160E+00   0.585425E+09   0.136763E+10   0.105427E+10   0.443734E+14
 0075   0.314085E+00   0.614498E+09   0.145907E+10   0.104179E+10   0.421253E+14
 0076   0.334947E+00   0.644157E+09   0.142168E+10   0.102978E+10   0.400359E+14
 0077   0.356988E+00   0.674528E+09   0.137791E+10   0.101798E+10   0.380887E+14
 0078   0.380487E+00   0.705852E+09   0.133302E+10   0.100376E+10   0.362692E+14
 0079   0.403881E+00   0.737342E+09   0.134606E+10   0.993856E+09   0.345666E+14
 0080   0.429899E+00   0.770400E+09   0.127060E+10   0.978721E+09   0.329674E+14
 0081   0.456088E+00   0.803796E+09   0.127520E+10   0.964949E+09   0.314650E+14
 0082   0.482093E+00   0.837205E+09   0.128469E+10   0.954402E+09   0.300508E+14
 0083   0.508535E+00   0.871034E+09   0.127936E+10   0.945904E+09   0.287163E+14
 0084   0.538268E+00   0.906630E+09   0.119719E+10   0.930175E+09   0.274531E+14
 0085   0.566444E+00   0.941572E+09   0.124014E+10   0.923177E+09   0.262583E+14
 0086   0.598239E+00   0.978565E+09   0.116351E+10   0.908377E+09   0.251237E+14
 0087   0.629648E+00   0.101541E+10   0.117307E+10   0.897537E+09   0.240467E+14
 0088   0.660737E+00   0.105234E+10   0.118775E+10   0.889078E+09   0.230226E+14
 0089   0.695131E+00   0.109082E+10   0.111900E+10   0.876866E+09   0.220459E+14
 0090   0.728267E+00   0.112898E+10   0.115160E+10   0.869457E+09   0.211150E+14
 0091   0.765236E+00   0.116903E+10   0.108317E+10   0.856376E+09   0.202249E+14
 0092   0.800259E+00   0.120840E+10   0.112425E+10   0.848994E+09   0.193746E+14
 0093   0.840529E+00   0.125011E+10   0.103570E+10   0.835286E+09   0.185591E+14
 0094   0.877933E+00   0.129089E+10   0.109029E+10   0.827717E+09   0.177785E+14
 0095   0.917101E+00   0.133256E+10   0.106379E+10   0.820630E+09   0.170293E+14
 0096   0.959941E+00   0.137617E+10   0.101796E+10   0.808311E+09   0.163091E+14
 0097   0.100086E+01   0.141905E+10   0.104791E+10   0.801808E+09   0.156175E+14
 0098   0.104668E+01   0.146424E+10   0.986219E+09   0.790897E+09   0.149513E+14
 0099   0.108990E+01   0.150877E+10   0.103052E+10   0.784841E+09   0.143107E+14
 0100   0.113887E+01   0.155587E+10   0.961753E+09   0.772626E+09   0.136928E+14
 0101   0.118541E+01   0.160159E+10   0.982452E+09   0.763736E+09   0.131110E+14
 0102   0.123041E+01   0.164595E+10   0.985726E+09   0.757254E+09   0.125660E+14
 0103   0.127668E+01   0.169007E+10   0.953520E+09   0.750758E+09   0.120539E+14
 0104   0.132479E+01   0.173442E+10   0.921835E+09   0.742692E+09   0.115715E+14
 0105   0.137057E+01   0.177747E+10   0.940363E+09   0.736347E+09   0.111169E+14
 0106   0.141748E+01   0.182036E+10   0.914125E+09   0.729919E+09   0.106871E+14
 0107   0.146689E+01   0.186363E+10   0.876042E+09   0.720770E+09   0.102801E+14
 0108   0.151229E+01   0.190508E+10   0.912760E+09   0.716450E+09   0.989453E+13
 0109   0.156008E+01   0.194701E+10   0.877424E+09   0.709391E+09   0.952826E+13
 0110   0.160475E+01   0.198737E+10   0.903576E+09   0.705565E+09   0.918021E+13
 0111   0.165468E+01   0.202904E+10   0.834631E+09   0.696159E+09   0.884847E+13
 0112   0.169687E+01   0.206769E+10   0.915981E+09   0.696213E+09   0.853260E+13
 0113   0.174535E+01   0.210817E+10   0.834896E+09   0.689605E+09   0.823076E+13
 0114   0.178983E+01   0.214708E+10   0.874893E+09   0.686846E+09   0.794255E+13
 0115   0.184041E+01   0.218760E+10   0.801139E+09   0.679000E+09   0.766665E+13
 0116   0.188775E+01   0.222698E+10   0.831852E+09   0.673567E+09   0.740269E+13
 0117   0.193081E+01   0.226451E+10   0.871733E+09   0.672142E+09   0.714997E+13
 0118   0.198066E+01   0.230379E+10   0.787738E+09   0.664534E+09   0.690733E+13
 0119   0.202633E+01   0.234144E+10   0.824611E+09   0.662052E+09   0.667456E+13
 0120   0.207282E+01   0.237918E+10   0.811563E+09   0.658489E+09   0.645092E+13
 0121   0.212119E+01   0.241738E+10   0.789909E+09   0.652864E+09   0.623587E+13
 0122   0.216491E+01   0.245383E+10   0.833550E+09   0.652297E+09   0.602914E+13
 0123   0.220964E+01   0.249040E+10   0.817714E+09   0.650948E+09   0.583012E+13
 0124   0.225550E+01   0.252719E+10   0.802091E+09   0.648332E+09   0.563842E+13
 0125   0.230325E+01   0.256428E+10   0.776789E+09   0.644209E+09   0.545363E+13
 0126   0.235144E+01   0.260121E+10   0.766292E+09   0.639759E+09   0.527545E+13
 0127   0.240028E+01   0.263818E+10   0.756925E+09   0.634902E+09   0.510352E+13
 0128   0.245046E+01   0.267533E+10   0.740513E+09   0.629018E+09   0.497285E+13
 0129   0.249186E+01   0.270961E+10   0.828047E+09   0.631280E+09   0.481273E+13
 0130   0.254250E+01   0.274653E+10   0.728846E+09   0.624761E+09   0.465782E+13
 0131   0.258574E+01   0.278093E+10   0.795678E+09   0.625422E+09   0.450819E+13
 0132   0.263711E+01   0.281752E+10   0.712306E+09   0.619076E+09   0.436331E+13
 0133   0.268087E+01   0.285184E+10   0.784218E+09   0.619103E+09   0.418791E+13
 0134   0.272603E+01   0.288631E+10   0.763471E+09   0.617934E+09   0.405228E+13
 0135   0.277099E+01   0.292049E+10   0.759993E+09   0.617579E+09   0.392091E+13
 0136   0.282578E+01   0.295746E+10   0.674931E+09   0.608024E+09   0.379349E+13
 0137   0.287345E+01   0.299220E+10   0.728831E+09   0.604795E+09   0.367007E+13
 0138   0.291176E+01   0.302401E+10   0.829970E+09   0.610901E+09   0.355051E+13
 0139   0.295969E+01   0.305851E+10   0.719959E+09   0.607113E+09   0.346975E+13
 0140   0.300961E+01   0.309334E+10   0.697747E+09   0.602194E+09   0.335707E+13
 0141   0.306086E+01   0.312835E+10   0.682980E+09   0.596624E+09   0.324766E+13
 0142   0.310145E+01   0.316024E+10   0.785722E+09   0.599998E+09   0.314154E+13
 0143   0.315299E+01   0.319502E+10   0.674774E+09   0.594137E+09   0.303834E+13
 0144   0.319461E+01   0.322690E+10   0.766031E+09   0.597381E+09   0.293815E+13
 0145   0.324652E+01   0.326152E+10   0.667020E+09   0.591211E+09   0.284069E+13
 0146   0.328815E+01   0.329317E+10   0.760201E+09   0.594234E+09   0.274601E+13
 0147   0.334000E+01   0.332744E+10   0.660939E+09   0.588341E+09   0.265385E+13
 0148   0.339185E+01   0.336164E+10   0.659468E+09   0.582262E+09   0.256419E+13
 0149   0.343331E+01   0.339272E+10   0.749784E+09   0.585576E+09   0.247704E+13
 0150   0.348502E+01   0.342654E+10   0.653984E+09   0.579954E+09   0.239212E+13
 0151   0.352638E+01   0.345738E+10   0.745733E+09   0.583219E+09   0.230952E+13
 0152   0.357799E+01   0.349088E+10   0.648997E+09   0.577626E+09   0.222901E+13
 0153   0.361938E+01   0.352150E+10   0.739785E+09   0.581135E+09   0.215064E+13
 0154   0.367098E+01   0.355473E+10   0.644101E+09   0.575475E+09   0.207423E+13
 0155   0.372260E+01   0.358786E+10   0.641746E+09   0.569729E+09   0.199975E+13
 0156   0.376384E+01   0.361793E+10   0.729133E+09   0.573645E+09   0.192721E+13
 0157   0.381519E+01   0.365073E+10   0.638697E+09   0.569320E+09   0.185643E+13
 0158   0.385623E+01   0.368077E+10   0.731946E+09   0.573273E+09   0.178745E+13
 0159   0.390738E+01   0.371339E+10   0.637801E+09   0.568809E+09   0.172012E+13
 0160   0.395860E+01   0.374602E+10   0.637027E+09   0.564242E+09   0.165444E+13
 0161   0.399962E+01   0.377578E+10   0.725435E+09   0.568294E+09   0.159040E+13
 0162   0.405094E+01   0.380819E+10   0.631498E+09   0.563718E+09   0.152785E+13
 0163   0.409212E+01   0.383785E+10   0.720464E+09   0.567728E+09   0.146684E+13
 0164   0.414350E+01   0.387005E+10   0.626668E+09   0.563265E+09   0.144169E+13
 0165   0.419491E+01   0.390220E+10   0.625358E+09   0.558527E+09   0.138341E+13
 0166   0.423601E+01   0.393147E+10   0.712112E+09   0.562669E+09   0.136024E+13
 0167   0.428711E+01   0.396321E+10   0.621281E+09   0.558612E+09   0.133744E+13
 0168   0.433800E+01   0.399487E+10   0.622051E+09   0.554776E+09   0.131511E+13
 0169   0.437862E+01   0.402378E+10   0.711646E+09   0.559675E+09   0.129330E+13
 0170   0.442918E+01   0.405523E+10   0.622003E+09   0.555804E+09   0.127185E+13
 0171   0.447975E+01   0.408660E+10   0.620331E+09   0.551941E+09   0.125083E+13
 0172   0.452028E+01   0.411525E+10   0.706942E+09   0.556564E+09   0.123030E+13
 0173   0.457089E+01   0.414638E+10   0.615038E+09   0.552551E+09   0.121010E+13
 0174   0.462161E+01   0.417744E+10   0.612589E+09   0.548919E+09   0.119027E+13
 0175   0.466224E+01   0.420587E+10   0.699684E+09   0.553923E+09   0.117089E+13
 0176   0.471290E+01   0.423681E+10   0.610675E+09   0.550837E+09   0.115180E+13
 0177   0.476350E+01   0.426774E+10   0.611225E+09   0.547851E+09   0.113306E+13
 0178   0.480395E+01   0.429609E+10   0.700683E+09   0.552993E+09   0.110208E+13
 0179   0.485427E+01   0.432679E+10   0.610261E+09   0.550089E+09   0.108430E+13
 0180   0.490440E+01   0.435739E+10   0.610389E+09   0.547396E+09   0.106685E+13
 0181   0.495443E+01   0.438794E+10   0.610558E+09   0.544876E+09   0.104971E+13
 0182   0.500444E+01   0.441848E+10   0.610705E+09   0.542307E+09   0.103288E+13
 0183   0.504451E+01   0.444644E+10   0.697922E+09   0.548013E+09   0.101653E+13
 0184   0.509460E+01   0.447688E+10   0.607622E+09   0.545107E+09   0.100029E+13
 0185   0.514483E+01   0.450724E+10   0.604465E+09   0.542432E+09   0.984337E+12
 0186   0.519519E+01   0.453759E+10   0.602572E+09   0.539668E+09   0.968662E+12
 0187   0.523552E+01   0.456533E+10   0.688068E+09   0.545519E+09   0.953431E+12
 0188   0.528576E+01   0.459551E+10   0.600660E+09   0.543287E+09   0.938297E+12
 0189   0.533585E+01   0.462564E+10   0.601472E+09   0.541529E+09   0.923420E+12
 0190   0.538582E+01   0.465578E+10   0.603067E+09   0.539600E+09   0.908795E+12
 0191   0.543566E+01   0.468585E+10   0.603392E+09   0.538016E+09   0.894418E+12
 0192   0.548543E+01   0.471591E+10   0.603994E+09   0.536363E+09   0.880283E+12
 0193   0.552520E+01   0.474346E+10   0.692766E+09   0.543119E+09   0.866545E+12
 0194   0.557482E+01   0.477347E+10   0.604886E+09   0.541771E+09   0.852880E+12
 0195   0.562446E+01   0.480349E+10   0.604571E+09   0.540399E+09   0.839441E+12
 0196   0.567419E+01   0.483349E+10   0.603400E+09   0.538847E+09   0.826225E+12
 0197   0.572395E+01   0.486345E+10   0.601927E+09   0.537599E+09   0.813228E+12
 0198   0.577371E+01   0.489338E+10   0.601661E+09   0.536333E+09   0.800446E+12
 0199   0.582338E+01   0.492326E+10   0.601513E+09   0.535404E+09   0.787873E+12
 0200   0.587298E+01   0.495313E+10   0.602305E+09   0.534750E+09   0.775505E+12
 0201   0.592247E+01   0.498300E+10   0.603597E+09   0.533881E+09   0.763339E+12
 0202   0.597193E+01   0.501283E+10   0.603087E+09   0.533142E+09   0.751372E+12
 0203   0.602140E+01   0.504266E+10   0.602870E+09   0.532837E+09   0.739595E+12
 0204   0.607090E+01   0.507255E+10   0.603977E+09   0.532503E+09   0.728004E+12
 0205   0.612045E+01   0.510248E+10   0.603866E+09   0.532011E+09   0.716597E+12
 0206   0.617006E+01   0.513238E+10   0.602625E+09   0.531172E+09   0.705376E+12
 0207   0.621967E+01   0.516216E+10   0.600475E+09   0.530513E+09   0.694340E+12
 0208   0.626918E+01   0.519186E+10   0.599806E+09   0.530381E+09   0.683483E+12
 0209   0.631850E+01   0.522153E+10   0.601555E+09   0.530460E+09   0.672797E+12
 0210   0.636765E+01   0.525118E+10   0.603163E+09   0.530601E+09   0.662281E+12
 0211   0.641666E+01   0.528080E+10   0.604402E+09   0.530965E+09   0.651932E+12
 0212   0.646561E+01   0.531043E+10   0.605401E+09   0.531286E+09   0.641745E+12
 0213   0.651459E+01   0.534008E+10   0.605307E+09   0.532130E+09   0.631714E+12
 0214   0.656363E+01   0.536983E+10   0.606611E+09   0.532608E+09   0.621835E+12
 0215   0.661275E+01   0.539960E+10   0.606243E+09   0.533324E+09   0.612108E+12
 0216   0.666196E+01   0.542943E+10   0.606019E+09   0.533464E+09   0.602532E+12
 0217   0.671118E+01   0.545916E+10   0.604021E+09   0.533700E+09   0.593110E+12
 0218   0.676038E+01   0.548882E+10   0.602918E+09   0.534593E+09   0.583835E+12
 0219   0.680942E+01   0.551851E+10   0.605414E+09   0.536012E+09   0.574699E+12
 0220   0.686803E+01   0.555061E+10   0.547725E+09   0.529821E+09   0.565597E+12
 0221   0.691678E+01   0.558035E+10   0.610045E+09   0.531126E+09   0.556743E+12
 0222   0.696551E+01   0.561010E+10   0.610577E+09   0.532323E+09   0.548026E+12
 0223   0.701427E+01   0.563985E+10   0.610074E+09   0.533823E+09   0.539442E+12
 0224   0.706310E+01   0.566968E+10   0.610803E+09   0.535155E+09   0.530986E+12
 0225   0.712170E+01   0.570187E+10   0.549358E+09   0.529366E+09   0.522562E+12
 0226   0.717058E+01   0.573174E+10   0.611191E+09   0.531285E+09   0.514363E+12
 0227   0.721939E+01   0.576167E+10   0.613089E+09   0.532825E+09   0.506289E+12
 0228   0.726818E+01   0.579158E+10   0.612928E+09   0.534657E+09   0.498338E+12
 0229   0.732666E+01   0.582383E+10   0.551484E+09   0.528799E+09   0.490418E+12
 0230   0.737534E+01   0.585364E+10   0.612407E+09   0.531406E+09   0.482716E+12
 0231   0.742407E+01   0.588363E+10   0.615352E+09   0.534540E+09   0.475132E+12
 0232   0.748258E+01   0.591628E+10   0.558087E+09   0.531253E+09   0.467588E+12
 0233   0.753164E+01   0.594694E+10   0.624892E+09   0.535678E+09   0.460261E+12
 0234   0.758095E+01   0.597809E+10   0.631846E+09   0.540135E+09   0.453059E+12
 0235   0.764073E+01   0.601216E+10   0.569887E+09   0.537820E+09   0.445900E+12
 0236   0.769084E+01   0.604427E+10   0.640928E+09   0.542899E+09   0.438944E+12
 0237   0.775159E+01   0.607942E+10   0.578514E+09   0.540484E+09   0.432028E+12
 0238   0.780281E+01   0.611249E+10   0.645616E+09   0.544932E+09   0.425304E+12
 0239   0.786506E+01   0.614856E+10   0.579548E+09   0.541922E+09   0.418616E+12
 0240   0.791753E+01   0.618239E+10   0.644611E+09   0.546567E+09   0.412111E+12
 0241   0.798106E+01   0.621936E+10   0.581923E+09   0.542900E+09   0.405644E+12
 0242   0.803456E+01   0.625387E+10   0.644994E+09   0.546862E+09   0.399356E+12
 0243   0.809948E+01   0.629152E+10   0.580018E+09   0.542858E+09   0.393099E+12
 0244   0.815393E+01   0.632657E+10   0.643705E+09   0.546292E+09   0.387013E+12
 0245   0.820871E+01   0.636185E+10   0.643995E+09   0.549793E+09   0.381021E+12
 0246   0.827463E+01   0.640006E+10   0.579599E+09   0.545753E+09   0.375061E+12
 0247   0.832969E+01   0.643561E+10   0.645634E+09   0.549151E+09   0.369259E+12
 0248   0.839602E+01   0.647414E+10   0.580927E+09   0.544964E+09   0.363487E+12
 0249   0.845148E+01   0.650994E+10   0.645644E+09   0.548570E+09   0.357868E+12
 0250   0.851827E+01   0.654885E+10   0.582487E+09   0.544866E+09   0.352275E+12
 0251   0.857408E+01   0.658502E+10   0.647988E+09   0.549016E+09   0.346833E+12
 0252   0.862997E+01   0.662143E+10   0.651491E+09   0.553009E+09   0.341477E+12
 0253   0.869701E+01   0.666073E+10   0.586269E+09   0.549282E+09   0.336156E+12
 0254   0.876411E+01   0.670005E+10   0.585952E+09   0.545576E+09   0.330924E+12
 0255   0.882002E+01   0.673641E+10   0.650291E+09   0.549032E+09   0.325838E+12
 0256   0.888718E+01   0.677564E+10   0.584220E+09   0.545705E+09   0.320777E+12
 0257   0.894323E+01   0.681206E+10   0.649738E+09   0.549574E+09   0.315853E+12
 0258   0.901044E+01   0.685139E+10   0.585291E+09   0.545700E+09   0.310955E+12
 0259   0.906650E+01   0.688772E+10   0.648045E+09   0.549302E+09   0.306193E+12
 0260   0.913359E+01   0.692686E+10   0.583302E+09   0.546772E+09   0.301457E+12
 0261   0.918934E+01   0.696326E+10   0.652888E+09   0.550926E+09   0.296849E+12
 0262   0.925611E+01   0.700245E+10   0.587031E+09   0.547854E+09   0.292269E+12
 0263   0.932287E+01   0.704167E+10   0.587475E+09   0.545171E+09   0.287762E+12
 0264   0.937842E+01   0.707803E+10   0.654484E+09   0.550023E+09   0.283376E+12
 0265   0.944525E+01   0.711740E+10   0.589074E+09   0.547209E+09   0.279014E+12
 0266   0.950103E+01   0.715392E+10   0.654846E+09   0.551870E+09   0.274767E+12
 0267   0.956801E+01   0.719334E+10   0.588489E+09   0.549287E+09   0.270543E+12
 0268   0.963501E+01   0.723279E+10   0.588797E+09   0.546386E+09   0.266389E+12
 0269   0.969080E+01   0.726928E+10   0.654097E+09   0.551662E+09   0.262344E+12
 0270   0.975770E+01   0.730875E+10   0.589881E+09   0.549253E+09   0.258321E+12
 0271   0.982451E+01   0.734821E+10   0.590717E+09   0.547267E+09   0.254362E+12
 0272   0.988028E+01   0.738489E+10   0.657755E+09   0.552537E+09   0.250507E+12
 0273   0.994721E+01   0.742450E+10   0.591750E+09   0.550579E+09   0.246676E+12
 0274   0.100143E+02   0.746422E+10   0.592048E+09   0.549122E+09   0.242907E+12
 0275   0.100814E+02   0.750413E+10   0.594569E+09   0.547384E+09   0.239200E+12
 0276   0.101374E+02   0.754116E+10   0.661814E+09   0.552964E+09   0.235591E+12
 0277   0.102046E+02   0.758115E+10   0.594662E+09   0.551405E+09   0.232004E+12
 0278   0.102719E+02   0.762121E+10   0.595765E+09   0.549756E+09   0.228475E+12
 0279   0.103392E+02   0.766134E+10   0.596267E+09   0.549116E+09   0.225003E+12
 0280   0.103953E+02   0.769879E+10   0.666866E+09   0.555406E+09   0.221623E+12
 0281   0.104628E+02   0.773933E+10   0.600408E+09   0.554646E+09   0.218263E+12
 0282   0.105307E+02   0.778008E+10   0.600878E+09   0.554702E+09   0.214959E+12
 0283   0.105986E+02   0.782121E+10   0.605429E+09   0.554832E+09   0.211710E+12
 0284   0.106668E+02   0.786270E+10   0.608213E+09   0.555016E+09   0.208517E+12
 0285   0.107354E+02   0.790454E+10   0.610202E+09   0.554980E+09   0.205375E+12
 0286   0.107928E+02   0.794368E+10   0.682042E+09   0.562894E+09   0.202315E+12
 0287   0.108622E+02   0.798631E+10   0.614163E+09   0.564225E+09   0.199276E+12
 0288   0.109321E+02   0.802960E+10   0.618669E+09   0.565816E+09   0.196292E+12
 0289   0.110028E+02   0.807368E+10   0.624204E+09   0.580159E+09   0.193378E+12
 0290   0.110860E+02   0.812510E+10   0.617995E+09   0.574187E+09   0.190499E+12
 0291   0.111583E+02   0.817321E+10   0.664879E+09   0.575392E+09   0.187693E+12
 0292   0.112319E+02   0.822138E+10   0.654536E+09   0.576467E+09   0.184936E+12
 0293   0.113067E+02   0.826968E+10   0.646099E+09   0.576881E+09   0.182225E+12
 0294   0.113823E+02   0.831801E+10   0.639398E+09   0.577469E+09   0.179559E+12
 0295   0.114584E+02   0.836651E+10   0.636870E+09   0.577766E+09   0.176937E+12
 0296   0.115479E+02   0.841861E+10   0.582237E+09   0.569967E+09   0.174336E+12
 0297   0.116124E+02   0.846382E+10   0.700900E+09   0.576885E+09   0.171824E+12
 0298   0.116903E+02   0.851267E+10   0.626816E+09   0.575745E+09   0.169332E+12
 0299   0.117686E+02   0.856150E+10   0.623954E+09   0.573938E+09   0.166881E+12
 0300   0.118472E+02   0.861017E+10   0.619343E+09   0.572262E+09   0.164472E+12
 0301   0.119255E+02   0.865867E+10   0.619295E+09   0.571334E+09   0.162104E+12
 0302   0.120035E+02   0.870717E+10   0.621617E+09   0.570404E+09   0.159774E+12
 0303   0.120813E+02   0.875563E+10   0.622772E+09   0.569356E+09   0.157484E+12
 0304   0.121461E+02   0.880053E+10   0.692952E+09   0.575167E+09   0.155252E+12
 0305   0.122237E+02   0.884862E+10   0.619927E+09   0.574191E+09   0.153039E+12
 0306   0.123011E+02   0.889662E+10   0.620060E+09   0.573582E+09   0.150861E+12
 0307   0.123783E+02   0.894458E+10   0.621744E+09   0.573057E+09   0.148720E+12
 0308   0.124552E+02   0.899253E+10   0.623140E+09   0.572405E+09   0.146613E+12
 0309   0.125320E+02   0.904038E+10   0.622899E+09   0.571815E+09   0.144541E+12
 0310   0.126087E+02   0.908816E+10   0.622710E+09   0.571266E+09   0.142503E+12
 0311   0.126854E+02   0.913585E+10   0.622290E+09   0.570365E+09   0.140499E+12
 0312   0.127619E+02   0.918335E+10   0.620835E+09   0.569928E+09   0.138527E+12
 0313   0.128382E+02   0.923075E+10   0.621422E+09   0.569654E+09   0.136587E+12
 0314   0.129141E+02   0.927804E+10   0.622508E+09   0.569305E+09   0.134679E+12
 0315   0.129900E+02   0.932520E+10   0.622076E+09   0.569340E+09   0.132801E+12
 0316   0.130656E+02   0.937233E+10   0.623007E+09   0.569458E+09   0.130953E+12
 0317   0.131411E+02   0.941941E+10   0.623610E+09   0.569676E+09   0.129135E+12
 0318   0.132165E+02   0.946646E+10   0.623707E+09   0.569511E+09   0.127345E+12
 0319   0.132919E+02   0.951337E+10   0.622693E+09   0.569598E+09   0.125584E+12
 0320   0.133671E+02   0.956018E+10   0.622453E+09   0.569863E+09   0.123851E+12
 0321   0.134420E+02   0.960690E+10   0.623342E+09   0.570314E+09   0.122145E+12
 0322   0.135168E+02   0.965356E+10   0.624053E+09   0.570644E+09   0.120466E+12
 0323   0.135914E+02   0.970011E+10   0.624005E+09   0.570506E+09   0.118814E+12
 0324   0.136659E+02   0.974645E+10   0.621981E+09   0.570945E+09   0.117188E+12
 0325   0.137402E+02   0.979271E+10   0.622377E+09   0.571842E+09   0.115587E+12
 0326   0.138143E+02   0.983897E+10   0.624290E+09   0.572868E+09   0.114010E+12
 0327   0.138883E+02   0.988525E+10   0.625803E+09   0.573723E+09   0.112457E+12
 0328   0.139620E+02   0.993145E+10   0.626704E+09   0.574247E+09   0.110929E+12
 0329   0.140478E+02   0.998069E+10   0.573775E+09   0.568193E+09   0.109412E+12
 0330   0.141212E+02   0.100266E+11   0.625917E+09   0.569342E+09   0.107931E+12
 0331   0.141944E+02   0.100725E+11   0.626556E+09   0.570767E+09   0.106472E+12
 0332   0.142676E+02   0.101184E+11   0.627435E+09   0.572442E+09   0.105036E+12
 0333   0.143406E+02   0.101644E+11   0.629451E+09   0.573669E+09   0.103620E+12
 0334   0.144136E+02   0.102102E+11   0.628752E+09   0.574583E+09   0.102227E+12
 0335   0.144986E+02   0.102591E+11   0.575116E+09   0.568706E+09   0.100843E+12
 0336   0.145712E+02   0.103047E+11   0.627178E+09   0.570555E+09   0.994920E+11
 0337   0.146436E+02   0.103502E+11   0.629048E+09   0.572849E+09   0.981607E+11
 0338   0.147158E+02   0.103958E+11   0.631635E+09   0.575778E+09   0.968488E+11
 0339   0.147879E+02   0.104417E+11   0.635766E+09   0.579100E+09   0.955555E+11
 0340   0.148721E+02   0.104909E+11   0.584865E+09   0.575493E+09   0.942712E+11
 0341   0.149445E+02   0.105373E+11   0.640738E+09   0.578024E+09   0.930155E+11
 0342   0.150172E+02   0.105838E+11   0.639480E+09   0.580616E+09   0.917783E+11
 0343   0.151022E+02   0.106334E+11   0.583600E+09   0.576344E+09   0.905498E+11
 0344   0.151751E+02   0.106800E+11   0.638495E+09   0.579141E+09   0.893489E+11
 0345   0.152481E+02   0.107266E+11   0.639041E+09   0.581332E+09   0.881656E+11
 0346   0.153332E+02   0.107762E+11   0.583607E+09   0.576589E+09   0.869913E+11
 0347   0.154060E+02   0.108226E+11   0.636909E+09   0.579121E+09   0.858435E+11
 0348   0.154788E+02   0.108690E+11   0.637412E+09   0.581584E+09   0.847123E+11
 0349   0.155635E+02   0.109185E+11   0.583474E+09   0.577032E+09   0.835894E+11
 0350   0.156360E+02   0.109647E+11   0.637604E+09   0.579562E+09   0.824919E+11
 0351   0.157083E+02   0.110108E+11   0.637872E+09   0.581983E+09   0.814103E+11
 0352   0.157924E+02   0.110598E+11   0.583289E+09   0.577582E+09   0.803370E+11
 0353   0.158642E+02   0.111057E+11   0.637927E+09   0.580690E+09   0.792874E+11
 0354   0.159478E+02   0.111546E+11   0.585655E+09   0.576399E+09   0.782450E+11
 0355   0.160192E+02   0.112003E+11   0.639529E+09   0.579405E+09   0.772260E+11
 0356   0.160905E+02   0.112459E+11   0.639686E+09   0.582183E+09   0.762216E+11
 0357   0.161735E+02   0.112944E+11   0.584979E+09   0.578211E+09   0.752245E+11
 0358   0.162445E+02   0.113399E+11   0.639530E+09   0.581469E+09   0.742491E+11
 0359   0.163271E+02   0.113883E+11   0.586481E+09   0.577721E+09   0.732805E+11
 0360   0.163976E+02   0.114335E+11   0.641565E+09   0.580905E+09   0.723333E+11
 0361   0.164797E+02   0.114817E+11   0.587048E+09   0.576859E+09   0.713926E+11
 0362   0.165498E+02   0.115266E+11   0.640567E+09   0.580270E+09   0.704727E+11
 0363   0.166314E+02   0.115745E+11   0.587079E+09   0.576799E+09   0.695587E+11
 0364   0.167011E+02   0.116193E+11   0.642277E+09   0.580567E+09   0.686648E+11
 0365   0.167823E+02   0.116671E+11   0.588739E+09   0.576708E+09   0.677767E+11
 0366   0.168516E+02   0.117116E+11   0.641836E+09   0.579992E+09   0.669083E+11
 0367   0.169324E+02   0.117590E+11   0.586733E+09   0.576181E+09   0.660455E+11
 0368   0.170013E+02   0.118031E+11   0.640285E+09   0.579920E+09   0.652017E+11
 0369   0.170814E+02   0.118501E+11   0.587152E+09   0.576762E+09   0.643631E+11
 0370   0.171497E+02   0.118940E+11   0.643019E+09   0.580524E+09   0.635429E+11
 0371   0.172292E+02   0.119408E+11   0.588482E+09   0.577127E+09   0.627279E+11
 0372   0.172971E+02   0.119845E+11   0.642326E+09   0.580929E+09   0.619304E+11
 0373   0.173762E+02   0.120310E+11   0.587747E+09   0.577810E+09   0.611380E+11
 0374   0.174438E+02   0.120744E+11   0.642778E+09   0.582101E+09   0.603624E+11
 0375   0.175225E+02   0.121208E+11   0.589540E+09   0.579278E+09   0.595916E+11
 0376   0.175897E+02   0.121642E+11   0.645954E+09   0.583382E+09   0.588371E+11
 0377   0.176680E+02   0.122104E+11   0.590427E+09   0.581208E+09   0.580872E+11
 0378   0.177461E+02   0.122568E+11   0.593262E+09   0.579233E+09   0.573472E+11
 0379   0.178128E+02   0.123002E+11   0.650550E+09   0.583872E+09   0.566230E+11
 0380   0.178907E+02   0.123465E+11   0.594865E+09   0.581445E+09   0.559031E+11
 0381   0.179685E+02   0.123928E+11   0.594728E+09   0.578937E+09   0.551930E+11
 0382   0.180350E+02   0.124360E+11   0.648989E+09   0.583422E+09   0.544981E+11
 0383   0.181125E+02   0.124819E+11   0.593358E+09   0.581287E+09   0.538073E+11
 0384   0.181898E+02   0.125279E+11   0.594850E+09   0.578781E+09   0.531258E+11
 0385   0.182558E+02   0.125707E+11   0.649360E+09   0.583274E+09   0.524591E+11
 0386   0.183325E+02   0.126163E+11   0.593593E+09   0.581096E+09   0.517963E+11
 0387   0.184089E+02   0.126618E+11   0.594834E+09   0.578760E+09   0.511424E+11
 0388   0.184742E+02   0.127042E+11   0.649392E+09   0.583647E+09   0.505026E+11
 0389   0.185502E+02   0.127493E+11   0.594569E+09   0.581538E+09   0.498664E+11
 0390   0.186258E+02   0.127944E+11   0.595230E+09   0.579551E+09   0.492386E+11
 0391   0.186906E+02   0.128365E+11   0.650596E+09   0.584854E+09   0.486242E+11
 0392   0.187658E+02   0.128813E+11   0.596579E+09   0.583352E+09   0.480132E+11
 0393   0.188408E+02   0.129262E+11   0.598057E+09   0.581831E+09   0.474102E+11
 0394   0.189050E+02   0.129683E+11   0.655113E+09   0.587235E+09   0.468198E+11
 0395   0.189798E+02   0.130131E+11   0.599086E+09   0.585910E+09   0.462328E+11
 0396   0.190544E+02   0.130578E+11   0.600040E+09   0.584697E+09   0.456535E+11
 0397   0.191288E+02   0.131025E+11   0.601175E+09   0.583620E+09   0.450819E+11
 0398   0.192030E+02   0.131473E+11   0.602495E+09   0.582877E+09   0.445177E+11
 0399   0.192666E+02   0.131893E+11   0.660637E+09   0.588911E+09   0.439653E+11
 0400   0.193406E+02   0.132341E+11   0.604808E+09   0.588195E+09   0.434159E+11
 0401   0.194146E+02   0.132789E+11   0.605542E+09   0.587414E+09   0.428737E+11
 0402   0.194885E+02   0.133237E+11   0.606222E+09   0.586427E+09   0.423386E+11
 0403   0.195623E+02   0.133684E+11   0.605882E+09   0.585600E+09   0.418107E+11
 0404   0.196360E+02   0.134130E+11   0.606347E+09   0.584852E+09   0.412896E+11
 0405   0.196989E+02   0.134548E+11   0.663988E+09   0.590743E+09   0.407795E+11
 0406   0.197721E+02   0.134992E+11   0.606336E+09   0.589782E+09   0.402722E+11
 0407   0.198451E+02   0.135435E+11   0.606108E+09   0.589142E+09   0.397717E+11
 0408   0.199179E+02   0.135876E+11   0.606923E+09   0.588822E+09   0.392777E+11
 0409   0.199904E+02   0.136317E+11   0.608442E+09   0.588200E+09   0.387902E+11
 0410   0.200627E+02   0.136757E+11   0.608337E+09   0.587464E+09   0.383092E+11
 0411   0.201348E+02   0.137196E+11   0.607767E+09   0.586680E+09   0.378344E+11
 0412   0.202068E+02   0.137633E+11   0.607450E+09   0.586233E+09   0.373659E+11
 0413   0.202682E+02   0.138042E+11   0.665384E+09   0.592882E+09   0.369069E+11
 0414   0.203397E+02   0.138477E+11   0.609439E+09   0.592899E+09   0.364504E+11
 0415   0.204110E+02   0.138913E+11   0.611168E+09   0.592872E+09   0.359998E+11
 0416   0.204820E+02   0.139348E+11   0.612101E+09   0.593107E+09   0.355550E+11
 0417   0.205530E+02   0.139783E+11   0.613396E+09   0.593568E+09   0.351159E+11
 0418   0.206239E+02   0.140219E+11   0.614988E+09   0.593906E+09   0.346824E+11
 0419   0.206947E+02   0.140655E+11   0.615621E+09   0.594197E+09   0.342544E+11
 0420   0.207655E+02   0.141091E+11   0.616003E+09   0.594694E+09   0.338319E+11
 0421   0.208361E+02   0.141527E+11   0.617023E+09   0.595135E+09   0.334148E+11
 0422   0.209067E+02   0.141962E+11   0.617488E+09   0.595520E+09   0.330031E+11
 0423   0.209771E+02   0.142398E+11   0.617635E+09   0.595946E+09   0.325967E+11
 0424   0.210474E+02   0.142832E+11   0.618224E+09   0.596429E+09   0.321955E+11
 0425   0.211175E+02   0.143266E+11   0.618688E+09   0.596853E+09   0.317994E+11
 0426   0.211874E+02   0.143698E+11   0.618995E+09   0.599095E+09   0.314087E+11
 0427   0.212571E+02   0.144135E+11   0.625635E+09   0.602048E+09   0.310233E+11
 0428   0.213367E+02   0.144602E+11   0.587213E+09   0.598400E+09   0.306405E+11
 0429   0.214067E+02   0.145047E+11   0.636557E+09   0.601306E+09   0.302657E+11
 0430   0.214768E+02   0.145496E+11   0.639713E+09   0.605093E+09   0.298962E+11
 0431   0.215474E+02   0.145951E+11   0.645083E+09   0.609616E+09   0.295318E+11
 0432   0.216287E+02   0.146442E+11   0.603053E+09   0.608136E+09   0.291702E+11
 0433   0.217005E+02   0.146914E+11   0.657041E+09   0.613463E+09   0.288161E+11
 0434   0.217727E+02   0.147394E+11   0.665207E+09   0.618534E+09   0.284670E+11
 0435   0.218561E+02   0.147910E+11   0.618750E+09   0.615824E+09   0.281206E+11
 0436   0.219298E+02   0.148401E+11   0.666088E+09   0.619637E+09   0.277811E+11
 0437   0.220147E+02   0.148925E+11   0.617172E+09   0.616607E+09   0.274441E+11
 0438   0.220898E+02   0.149423E+11   0.663739E+09   0.620133E+09   0.271139E+11
 0439   0.221655E+02   0.149925E+11   0.663912E+09   0.623229E+09   0.267881E+11
 0440   0.222524E+02   0.150461E+11   0.615883E+09   0.619673E+09   0.264650E+11
 0441   0.223289E+02   0.150969E+11   0.663799E+09   0.623030E+09   0.261483E+11
 0442   0.224061E+02   0.151482E+11   0.664918E+09   0.626233E+09   0.258360E+11
 0443   0.224947E+02   0.152030E+11   0.618646E+09   0.622620E+09   0.255261E+11
 0444   0.225728E+02   0.152551E+11   0.666779E+09   0.624514E+09   0.252225E+11
 0445   0.226513E+02   0.153072E+11   0.663494E+09   0.625703E+09   0.249229E+11
 0446   0.227301E+02   0.153592E+11   0.660082E+09   0.626643E+09   0.246273E+11
 0447   0.228091E+02   0.154111E+11   0.657037E+09   0.627577E+09   0.243357E+11
 0448   0.228881E+02   0.154629E+11   0.655294E+09   0.628836E+09   0.240480E+11
 0449   0.229780E+02   0.155177E+11   0.610353E+09   0.623300E+09   0.237625E+11
 0450   0.230564E+02   0.155694E+11   0.659326E+09   0.624658E+09   0.234826E+11
 0451   0.231345E+02   0.156210E+11   0.660002E+09   0.625940E+09   0.232065E+11
 0452   0.232124E+02   0.156724E+11   0.659990E+09   0.627285E+09   0.229340E+11
 0453   0.232902E+02   0.157237E+11   0.659990E+09   0.628782E+09   0.226652E+11
 0454   0.233679E+02   0.157750E+11   0.660483E+09   0.630268E+09   0.224000E+11
 0455   0.234563E+02   0.158293E+11   0.613720E+09   0.624745E+09   0.221368E+11
 0456   0.235334E+02   0.158803E+11   0.661235E+09   0.626212E+09   0.218787E+11
 0457   0.236102E+02   0.159311E+11   0.661441E+09   0.627697E+09   0.216241E+11
 0458   0.236867E+02   0.159817E+11   0.661635E+09   0.629574E+09   0.213729E+11
 0459   0.237630E+02   0.160323E+11   0.663124E+09   0.631522E+09   0.211250E+11
 0460   0.238499E+02   0.160859E+11   0.616742E+09   0.626780E+09   0.208789E+11
 0461   0.239257E+02   0.161364E+11   0.665833E+09   0.629062E+09   0.206376E+11
 0462   0.240014E+02   0.161869E+11   0.667180E+09   0.631221E+09   0.203994E+11
 0463   0.240771E+02   0.162374E+11   0.667473E+09   0.633366E+09   0.201643E+11
 0464   0.241634E+02   0.162908E+11   0.619315E+09   0.628606E+09   0.199310E+11
 0465   0.242387E+02   0.163411E+11   0.667611E+09   0.630796E+09   0.197021E+11
 0466   0.243139E+02   0.163913E+11   0.668001E+09   0.632925E+09   0.194763E+11
 0467   0.243995E+02   0.164444E+11   0.620392E+09   0.627983E+09   0.192521E+11
 0468   0.244741E+02   0.164942E+11   0.667776E+09   0.630008E+09   0.190322E+11
 0469   0.245484E+02   0.165439E+11   0.667639E+09   0.631933E+09   0.188151E+11
 0470   0.246226E+02   0.165933E+11   0.667212E+09   0.633817E+09   0.186009E+11
 0471   0.247069E+02   0.166455E+11   0.618750E+09   0.628900E+09   0.183882E+11
 0472   0.247804E+02   0.166945E+11   0.666956E+09   0.631207E+09   0.181795E+11
 0473   0.248535E+02   0.167434E+11   0.668102E+09   0.633574E+09   0.179735E+11
 0474   0.249368E+02   0.167951E+11   0.620865E+09   0.629154E+09   0.177690E+11
 0475   0.250094E+02   0.168438E+11   0.669730E+09   0.631902E+09   0.175683E+11
 0476   0.250819E+02   0.168924E+11   0.671329E+09   0.634779E+09   0.173701E+11
 0477   0.251644E+02   0.169439E+11   0.624134E+09   0.630771E+09   0.171734E+11
 0478   0.252364E+02   0.169924E+11   0.673425E+09   0.633506E+09   0.169802E+11
 0479   0.253082E+02   0.170408E+11   0.673735E+09   0.635805E+09   0.167896E+11
 0480   0.253901E+02   0.170918E+11   0.623695E+09   0.631054E+09   0.166003E+11
 0481   0.254614E+02   0.171396E+11   0.670728E+09   0.633400E+09   0.164145E+11
 0482   0.255425E+02   0.171902E+11   0.622768E+09   0.628929E+09   0.162300E+11
 0483   0.256131E+02   0.172375E+11   0.670733E+09   0.631688E+09   0.160490E+11
 0484   0.256834E+02   0.172848E+11   0.672065E+09   0.634353E+09   0.158702E+11
 0485   0.257634E+02   0.173347E+11   0.624254E+09   0.629764E+09   0.156927E+11
 0486   0.258332E+02   0.173815E+11   0.671128E+09   0.632149E+09   0.155184E+11
 0487   0.259026E+02   0.174281E+11   0.670761E+09   0.634435E+09   0.153463E+11
 0488   0.259816E+02   0.174772E+11   0.622232E+09   0.630062E+09   0.151754E+11
 0489   0.260502E+02   0.175233E+11   0.670912E+09   0.633020E+09   0.150076E+11
 0490   0.261281E+02   0.175720E+11   0.625088E+09   0.629366E+09   0.148409E+11
 0491   0.261959E+02   0.176177E+11   0.674553E+09   0.633034E+09   0.146773E+11
 0492   0.262634E+02   0.176634E+11   0.677383E+09   0.636890E+09   0.145156E+11
 0493   0.263404E+02   0.177119E+11   0.629989E+09   0.634034E+09   0.143550E+11
 0494   0.264076E+02   0.177577E+11   0.680611E+09   0.638011E+09   0.141972E+11
 0495   0.264844E+02   0.178062E+11   0.631963E+09   0.635167E+09   0.140405E+11
 0496   0.265515E+02   0.178520E+11   0.682127E+09   0.639115E+09   0.138865E+11
 0497   0.266280E+02   0.179004E+11   0.633034E+09   0.636042E+09   0.137336E+11
 0498   0.266949E+02   0.179461E+11   0.682519E+09   0.639691E+09   0.135834E+11
 0499   0.267712E+02   0.179943E+11   0.632700E+09   0.636452E+09   0.134341E+11
 0500   0.268377E+02   0.180397E+11   0.682146E+09   0.639923E+09   0.132876E+11
 0501   0.269136E+02   0.180877E+11   0.632229E+09   0.636544E+09   0.131420E+11
 0502   0.269797E+02   0.181328E+11   0.681584E+09   0.640032E+09   0.129990E+11
 0503   0.270550E+02   0.181804E+11   0.632286E+09   0.636571E+09   0.128569E+11
 0504   0.271206E+02   0.182251E+11   0.681535E+09   0.640138E+09   0.127173E+11
 0505   0.271952E+02   0.182723E+11   0.632623E+09   0.636936E+09   0.125787E+11
 0506   0.272602E+02   0.183166E+11   0.682901E+09   0.640393E+09   0.124425E+11
 0507   0.273341E+02   0.183635E+11   0.633041E+09   0.637104E+09   0.123071E+11
 0508   0.273986E+02   0.184075E+11   0.682696E+09   0.640791E+09   0.121742E+11
 0509   0.274719E+02   0.184539E+11   0.633759E+09   0.637930E+09   0.120421E+11
 0510   0.275358E+02   0.184977E+11   0.684651E+09   0.641968E+09   0.119123E+11
 0511   0.276085E+02   0.185439E+11   0.635951E+09   0.639455E+09   0.117833E+11
 0512   0.276808E+02   0.185900E+11   0.638078E+09   0.636939E+09   0.116559E+11
 0513   0.277438E+02   0.186334E+11   0.688412E+09   0.641444E+09   0.115307E+11
 0514   0.278155E+02   0.186793E+11   0.640113E+09   0.639212E+09   0.114062E+11
 0515   0.278781E+02   0.187225E+11   0.691204E+09   0.643893E+09   0.112839E+11
 0516   0.279493E+02   0.187683E+11   0.641791E+09   0.642135E+09   0.111624E+11
 0517   0.280204E+02   0.188140E+11   0.643663E+09   0.640348E+09   0.110423E+11
 0518   0.280826E+02   0.188572E+11   0.694656E+09   0.645392E+09   0.109242E+11
 0519   0.281536E+02   0.189030E+11   0.644551E+09   0.643699E+09   0.108069E+11
 0520   0.282246E+02   0.189488E+11   0.645721E+09   0.642007E+09   0.106909E+11
 0521   0.282866E+02   0.189920E+11   0.696158E+09   0.647154E+09   0.105769E+11
 0522   0.283575E+02   0.190378E+11   0.646433E+09   0.645399E+09   0.104636E+11
 0523   0.284281E+02   0.190835E+11   0.647482E+09   0.643547E+09   0.103516E+11
 0524   0.284898E+02   0.191266E+11   0.697764E+09   0.648380E+09   0.102415E+11
 0525   0.285600E+02   0.191721E+11   0.647217E+09   0.646231E+09   0.101322E+11
 0526   0.286300E+02   0.192174E+11   0.647369E+09   0.643996E+09   0.100241E+11
 0527   0.286911E+02   0.192599E+11   0.697236E+09   0.648753E+09   0.991788E+10
 0528   0.287606E+02   0.193049E+11   0.646979E+09   0.646590E+09   0.981231E+10
 0529   0.288298E+02   0.193497E+11   0.647649E+09   0.644272E+09   0.970796E+10
 0530   0.288901E+02   0.193918E+11   0.697478E+09   0.649091E+09   0.960544E+10
 0531   0.289588E+02   0.194363E+11   0.647518E+09   0.647044E+09   0.950351E+10
 0532   0.290273E+02   0.194807E+11   0.648665E+09   0.645020E+09   0.940276E+10
 0533   0.290869E+02   0.195224E+11   0.699280E+09   0.649928E+09   0.930376E+10
 0534   0.291548E+02   0.195665E+11   0.649140E+09   0.647841E+09   0.920533E+10
 0535   0.292225E+02   0.196105E+11   0.649564E+09   0.645798E+09   0.910802E+10
 0536   0.292815E+02   0.196518E+11   0.700102E+09   0.650846E+09   0.901239E+10
 0537   0.293487E+02   0.196954E+11   0.650074E+09   0.649230E+09   0.891730E+10
 0538   0.294155E+02   0.197390E+11   0.651522E+09   0.647857E+09   0.882328E+10
 0539   0.294737E+02   0.197800E+11   0.704408E+09   0.653531E+09   0.873088E+10
 0540   0.295400E+02   0.198233E+11   0.654562E+09   0.652710E+09   0.863901E+10
 0541   0.296060E+02   0.198667E+11   0.656701E+09   0.652001E+09   0.854818E+10
 0542   0.296717E+02   0.199100E+11   0.658712E+09   0.651318E+09   0.845839E+10
 0543   0.297373E+02   0.199533E+11   0.659958E+09   0.650654E+09   0.836961E+10
 0544   0.297947E+02   0.199941E+11   0.712304E+09   0.656754E+09   0.828233E+10
 0545   0.298601E+02   0.200374E+11   0.660699E+09   0.655927E+09   0.819555E+10
 0546   0.299255E+02   0.200806E+11   0.660759E+09   0.654945E+09   0.810974E+10
 0547   0.299909E+02   0.201238E+11   0.660634E+09   0.653736E+09   0.802489E+10
 0548   0.300561E+02   0.201668E+11   0.660235E+09   0.652554E+09   0.794100E+10
 0549   0.301130E+02   0.202073E+11   0.711659E+09   0.658479E+09   0.785854E+10
 0550   0.301779E+02   0.202502E+11   0.660779E+09   0.657424E+09   0.777653E+10
 0551   0.302426E+02   0.202930E+11   0.661352E+09   0.656184E+09   0.769545E+10
 0552   0.303070E+02   0.203356E+11   0.661394E+09   0.655003E+09   0.761529E+10
 0553   0.303712E+02   0.203781E+11   0.661903E+09   0.653941E+09   0.753602E+10
 0554   0.304272E+02   0.204181E+11   0.714025E+09   0.659839E+09   0.745812E+10
 0555   0.304909E+02   0.204603E+11   0.662600E+09   0.658991E+09   0.738063E+10
 0556   0.305544E+02   0.205024E+11   0.663712E+09   0.658534E+09   0.730400E+10
 0557   0.306176E+02   0.205445E+11   0.665867E+09   0.658256E+09   0.722823E+10
 0558   0.306806E+02   0.205866E+11   0.667886E+09   0.657973E+09   0.715330E+10
 0559   0.307435E+02   0.206286E+11   0.669109E+09   0.657775E+09   0.707920E+10
 0560   0.307983E+02   0.206683E+11   0.722712E+09   0.664392E+09   0.700637E+10
 0561   0.308609E+02   0.207102E+11   0.670484E+09   0.664120E+09   0.693392E+10
 0562   0.309233E+02   0.207521E+11   0.670728E+09   0.663855E+09   0.686227E+10
 0563   0.309855E+02   0.207939E+11   0.671191E+09   0.663510E+09   0.679141E+10
 0564   0.310476E+02   0.208356E+11   0.671486E+09   0.662980E+09   0.672134E+10
 0565   0.311096E+02   0.208772E+11   0.671206E+09   0.662329E+09   0.665205E+10
 0566   0.311714E+02   0.209186E+11   0.670920E+09   0.661577E+09   0.658353E+10
 0567   0.312330E+02   0.209599E+11   0.670644E+09   0.660796E+09   0.651577E+10
 0568   0.312867E+02   0.209988E+11   0.723243E+09   0.667072E+09   0.644917E+10
 0569   0.313478E+02   0.210397E+11   0.670730E+09   0.666595E+09   0.638291E+10
 0570   0.314086E+02   0.210806E+11   0.671621E+09   0.666048E+09   0.631739E+10
 0571   0.314692E+02   0.211213E+11   0.672024E+09   0.665488E+09   0.625259E+10
 0572   0.315295E+02   0.211618E+11   0.672339E+09   0.664974E+09   0.618850E+10
 0573   0.315895E+02   0.212022E+11   0.672781E+09   0.664507E+09   0.612512E+10
 0574   0.316493E+02   0.212425E+11   0.673236E+09   0.664115E+09   0.606244E+10
 0575   0.317088E+02   0.212826E+11   0.673934E+09   0.663771E+09   0.600044E+10
 0576   0.317681E+02   0.213226E+11   0.674744E+09   0.663462E+09   0.593912E+10
 0577   0.318271E+02   0.213624E+11   0.675313E+09   0.663142E+09   0.587846E+10
 0578   0.318786E+02   0.214000E+11   0.728519E+09   0.669935E+09   0.581884E+10
 0579   0.319372E+02   0.214396E+11   0.676076E+09   0.670209E+09   0.575950E+10
 0580   0.319956E+02   0.214792E+11   0.677951E+09   0.670618E+09   0.570080E+10
 0581   0.320538E+02   0.215187E+11   0.679704E+09   0.671162E+09   0.564274E+10
 0582   0.321118E+02   0.215582E+11   0.681384E+09   0.671820E+09   0.558531E+10
 0583   0.321696E+02   0.215977E+11   0.683046E+09   0.672644E+09   0.552849E+10
 0584   0.322272E+02   0.216372E+11   0.684636E+09   0.673502E+09   0.547229E+10
 0585   0.322848E+02   0.216766E+11   0.685954E+09   0.674432E+09   0.541668E+10
 0586   0.323422E+02   0.217161E+11   0.687181E+09   0.675331E+09   0.536168E+10
 0587   0.323995E+02   0.217556E+11   0.688066E+09   0.675984E+09   0.530727E+10
 0588   0.324568E+02   0.217950E+11   0.687845E+09   0.676255E+09   0.525344E+10
 0589   0.325140E+02   0.218343E+11   0.686574E+09   0.676283E+09   0.520019E+10
 0590   0.325711E+02   0.218734E+11   0.685243E+09   0.676402E+09   0.514751E+10
 0591   0.326281E+02   0.219124E+11   0.685042E+09   0.676680E+09   0.509540E+10
 0592   0.326848E+02   0.219513E+11   0.685879E+09   0.677245E+09   0.504386E+10
 0593   0.327412E+02   0.219901E+11   0.687651E+09   0.678096E+09   0.499287E+10
 0594   0.327973E+02   0.220288E+11   0.689965E+09   0.679311E+09   0.494242E+10
 0595   0.328533E+02   0.220676E+11   0.692481E+09   0.680679E+09   0.489252E+10
 0596   0.329161E+02   0.221085E+11   0.651582E+09   0.675227E+09   0.484284E+10
 0597   0.329718E+02   0.221472E+11   0.695581E+09   0.676650E+09   0.479399E+10
 0598   0.330276E+02   0.221861E+11   0.696375E+09   0.677938E+09   0.474566E+10
 0599   0.330833E+02   0.222249E+11   0.696502E+09   0.678937E+09   0.469785E+10
 0600   0.331390E+02   0.222636E+11   0.695809E+09   0.679598E+09   0.465054E+10
 0601   0.331947E+02   0.223023E+11   0.694650E+09   0.679993E+09   0.460373E+10
 0602   0.332502E+02   0.223408E+11   0.693526E+09   0.680370E+09   0.455742E+10
 0603   0.333054E+02   0.223791E+11   0.693297E+09   0.680860E+09   0.451161E+10
 0604   0.333604E+02   0.224173E+11   0.694026E+09   0.681472E+09   0.446629E+10
 0605   0.334150E+02   0.224552E+11   0.695246E+09   0.682239E+09   0.442145E+10
 0606   0.334693E+02   0.224931E+11   0.696768E+09   0.683129E+09   0.437709E+10
 0607   0.335233E+02   0.225308E+11   0.698162E+09   0.683943E+09   0.433320E+10
 0608   0.335771E+02   0.225683E+11   0.698646E+09   0.684662E+09   0.428978E+10
 0609   0.336307E+02   0.226058E+11   0.698490E+09   0.685337E+09   0.424682E+10
 0610   0.336841E+02   0.226430E+11   0.698308E+09   0.686068E+09   0.420431E+10
 0611   0.337439E+02   0.226823E+11   0.655470E+09   0.680036E+09   0.416198E+10
 0612   0.337969E+02   0.227193E+11   0.699289E+09   0.681376E+09   0.412036E+10
 0613   0.338497E+02   0.227564E+11   0.701242E+09   0.683035E+09   0.407917E+10
 0614   0.339023E+02   0.227934E+11   0.703581E+09   0.684868E+09   0.403842E+10
 0615   0.339548E+02   0.228304E+11   0.705828E+09   0.686728E+09   0.399810E+10
 0616   0.340071E+02   0.228674E+11   0.707359E+09   0.688531E+09   0.395819E+10
 0617   0.340593E+02   0.229044E+11   0.708178E+09   0.690328E+09   0.391870E+10
 0618   0.341114E+02   0.229413E+11   0.708813E+09   0.692029E+09   0.387962E+10
 0619   0.341699E+02   0.229802E+11   0.664927E+09   0.686632E+09   0.384070E+10
 0620   0.342219E+02   0.230170E+11   0.708541E+09   0.688090E+09   0.380243E+10
 0621   0.342737E+02   0.230538E+11   0.708549E+09   0.689549E+09   0.376456E+10
 0622   0.343254E+02   0.230904E+11   0.708909E+09   0.690954E+09   0.372709E+10
 0623   0.343770E+02   0.231270E+11   0.709217E+09   0.692145E+09   0.369000E+10
 0624   0.344284E+02   0.231634E+11   0.708973E+09   0.693273E+09   0.365330E+10
 0625   0.344796E+02   0.231997E+11   0.708871E+09   0.694542E+09   0.361698E+10
 0626   0.345369E+02   0.232379E+11   0.665593E+09   0.688989E+09   0.358081E+10
 0627   0.345877E+02   0.232739E+11   0.710420E+09   0.690491E+09   0.354524E+10
 0628   0.346381E+02   0.233099E+11   0.711533E+09   0.692000E+09   0.351005E+10
 0629   0.346884E+02   0.233456E+11   0.712504E+09   0.693581E+09   0.347522E+10
 0630   0.347384E+02   0.233813E+11   0.713402E+09   0.695373E+09   0.344076E+10
 0631   0.347882E+02   0.234169E+11   0.714654E+09   0.697153E+09   0.340664E+10
 0632   0.348440E+02   0.234543E+11   0.670847E+09   0.691991E+09   0.337267E+10
 0633   0.348934E+02   0.234897E+11   0.715632E+09   0.693910E+09   0.333926E+10
 0634   0.349427E+02   0.235250E+11   0.716632E+09   0.695964E+09   0.330619E+10
 0635   0.349918E+02   0.235603E+11   0.717933E+09   0.697942E+09   0.327346E+10
 0636   0.350408E+02   0.235955E+11   0.718623E+09   0.699951E+09   0.324107E+10
 0637   0.350958E+02   0.236326E+11   0.674304E+09   0.694975E+09   0.320880E+10
 0638   0.351445E+02   0.236676E+11   0.719508E+09   0.697132E+09   0.317707E+10
 0639   0.351931E+02   0.237026E+11   0.720584E+09   0.699490E+09   0.314566E+10
 0640   0.352415E+02   0.237376E+11   0.722411E+09   0.701944E+09   0.311457E+10
 0641   0.352958E+02   0.237745E+11   0.679001E+09   0.697424E+09   0.308360E+10
 0642   0.353440E+02   0.238094E+11   0.724616E+09   0.699892E+09   0.305314E+10
 0643   0.353921E+02   0.238443E+11   0.725662E+09   0.702304E+09   0.302299E+10
 0644   0.354401E+02   0.238792E+11   0.726455E+09   0.704679E+09   0.299315E+10
 0645   0.354940E+02   0.239159E+11   0.681795E+09   0.699984E+09   0.296342E+10
 0646   0.355418E+02   0.239507E+11   0.727011E+09   0.702373E+09   0.293418E+10
 0647   0.355895E+02   0.239854E+11   0.728042E+09   0.704704E+09   0.290524E+10
 0648   0.356369E+02   0.240200E+11   0.729060E+09   0.707030E+09   0.287660E+10
 0649   0.356902E+02   0.240564E+11   0.684209E+09   0.702295E+09   0.284806E+10
 0650   0.357373E+02   0.240908E+11   0.729724E+09   0.704601E+09   0.281999E+10
 0651   0.357844E+02   0.241252E+11   0.730413E+09   0.706791E+09   0.279221E+10
 0652   0.358312E+02   0.241594E+11   0.730797E+09   0.708896E+09   0.276470E+10
 0653   0.358838E+02   0.241954E+11   0.685089E+09   0.704108E+09   0.273731E+10
 0654   0.359303E+02   0.242294E+11   0.730869E+09   0.706514E+09   0.271036E+10
 0655   0.359767E+02   0.242634E+11   0.732301E+09   0.709175E+09   0.268369E+10
 0656   0.360228E+02   0.242973E+11   0.734182E+09   0.711879E+09   0.265728E+10
 0657   0.360746E+02   0.243330E+11   0.689330E+09   0.707892E+09   0.263097E+10
 0658   0.361205E+02   0.243668E+11   0.737130E+09   0.711039E+09   0.260509E+10
 0659   0.361663E+02   0.244006E+11   0.739296E+09   0.714068E+09   0.257947E+10
 0660   0.362176E+02   0.244362E+11   0.693544E+09   0.710051E+09   0.255394E+10
 0661   0.362632E+02   0.244700E+11   0.740119E+09   0.713134E+09   0.252884E+10
 0662   0.363086E+02   0.245037E+11   0.741339E+09   0.716191E+09   0.250398E+10
 0663   0.363597E+02   0.245392E+11   0.695401E+09   0.712135E+09   0.247921E+10
 0664   0.364050E+02   0.245728E+11   0.742057E+09   0.714993E+09   0.245485E+10
 0665   0.364502E+02   0.246064E+11   0.742593E+09   0.717821E+09   0.243073E+10
 0666   0.365009E+02   0.246417E+11   0.696159E+09   0.713611E+09   0.240669E+10
 0667   0.365459E+02   0.246751E+11   0.742866E+09   0.716624E+09   0.238305E+10
 0668   0.365908E+02   0.247085E+11   0.744357E+09   0.719514E+09   0.235965E+10
 0669   0.366411E+02   0.247437E+11   0.698351E+09   0.715290E+09   0.233633E+10
 0670   0.366858E+02   0.247769E+11   0.745160E+09   0.718341E+09   0.231339E+10
 0671   0.367302E+02   0.248101E+11   0.746818E+09   0.721410E+09   0.229068E+10
 0672   0.367801E+02   0.248451E+11   0.700993E+09   0.717454E+09   0.226806E+10
 0673   0.368242E+02   0.248781E+11   0.748742E+09   0.720574E+09   0.224580E+10
 0674   0.368682E+02   0.249111E+11   0.750232E+09   0.723587E+09   0.222376E+10
 0675   0.369175E+02   0.249458E+11   0.703371E+09   0.719619E+09   0.220181E+10
 0676   0.369613E+02   0.249787E+11   0.751186E+09   0.722754E+09   0.218021E+10
 0677   0.370103E+02   0.250132E+11   0.705574E+09   0.718830E+09   0.215869E+10
 0678   0.370537E+02   0.250459E+11   0.752658E+09   0.722171E+09   0.213752E+10
 0679   0.370970E+02   0.250786E+11   0.754525E+09   0.725498E+09   0.211656E+10
 0680   0.371455E+02   0.251130E+11   0.708357E+09   0.721602E+09   0.209567E+10
 0681   0.371886E+02   0.251455E+11   0.755584E+09   0.724784E+09   0.207512E+10
 0682   0.372315E+02   0.251779E+11   0.756372E+09   0.727841E+09   0.205478E+10
 0683   0.372796E+02   0.252120E+11   0.708605E+09   0.723525E+09   0.203451E+10
 0684   0.373222E+02   0.252442E+11   0.755345E+09   0.726138E+09   0.201457E+10
 0685   0.373699E+02   0.252780E+11   0.707954E+09   0.721463E+09   0.199470E+10
 0686   0.374122E+02   0.253098E+11   0.753430E+09   0.724159E+09   0.197516E+10
 0687   0.374542E+02   0.253415E+11   0.754355E+09   0.727082E+09   0.195582E+10
 0688   0.375011E+02   0.253748E+11   0.708776E+09   0.723159E+09   0.193653E+10
 0689   0.375427E+02   0.254063E+11   0.757037E+09   0.726893E+09   0.191756E+10
 0690   0.375840E+02   0.254377E+11   0.760383E+09   0.731029E+09   0.189878E+10
 0691   0.376304E+02   0.254709E+11   0.715335E+09   0.728403E+09   0.188006E+10
 0692   0.376715E+02   0.255024E+11   0.766160E+09   0.732917E+09   0.186164E+10
 0693   0.377177E+02   0.255356E+11   0.719972E+09   0.730183E+09   0.184328E+10
 0694   0.377588E+02   0.255672E+11   0.768637E+09   0.734301E+09   0.182522E+10
 0695   0.378050E+02   0.256005E+11   0.720583E+09   0.731036E+09   0.180722E+10
 0696   0.378461E+02   0.256321E+11   0.767749E+09   0.734987E+09   0.178950E+10
 0697   0.378923E+02   0.256654E+11   0.720606E+09   0.731602E+09   0.177185E+10
 0698   0.379332E+02   0.256968E+11   0.768511E+09   0.735406E+09   0.175448E+10
 0699   0.379741E+02   0.257283E+11   0.769792E+09   0.739047E+09   0.173727E+10
 0700   0.380199E+02   0.257613E+11   0.721482E+09   0.735607E+09   0.172013E+10
 0701   0.380605E+02   0.257926E+11   0.770855E+09   0.739418E+09   0.170327E+10
 0702   0.381060E+02   0.258255E+11   0.723331E+09   0.735989E+09   0.168646E+10
 0703   0.381463E+02   0.258566E+11   0.772346E+09   0.739817E+09   0.166992E+10
 0704   0.381915E+02   0.258894E+11   0.725108E+09   0.736461E+09   0.165344E+10
 0705   0.382315E+02   0.259204E+11   0.773974E+09   0.740470E+09   0.163722E+10
 0706   0.382764E+02   0.259531E+11   0.727319E+09   0.737185E+09   0.162106E+10
 0707   0.383162E+02   0.259840E+11   0.775920E+09   0.741338E+09   0.160516E+10
 0708   0.383609E+02   0.260165E+11   0.729579E+09   0.738231E+09   0.158930E+10
 0709   0.384004E+02   0.260473E+11   0.778525E+09   0.742412E+09   0.157371E+10
 0710   0.384399E+02   0.260781E+11   0.780336E+09   0.746485E+09   0.155827E+10
 0711   0.384841E+02   0.261104E+11   0.731438E+09   0.743608E+09   0.154287E+10
 0712   0.385233E+02   0.261411E+11   0.782599E+09   0.748012E+09   0.152773E+10
 0713   0.385673E+02   0.261734E+11   0.734313E+09   0.745307E+09   0.151263E+10
 0714   0.386062E+02   0.262040E+11   0.785638E+09   0.749793E+09   0.149778E+10
 0715   0.386499E+02   0.262362E+11   0.736788E+09   0.747200E+09   0.148297E+10
 0716   0.386935E+02   0.262684E+11   0.738787E+09   0.744398E+09   0.146831E+10
 0717   0.387322E+02   0.262989E+11   0.787820E+09   0.749138E+09   0.145388E+10
 0718   0.387757E+02   0.263311E+11   0.740328E+09   0.746531E+09   0.143950E+10
 0719   0.388142E+02   0.263615E+11   0.790221E+09   0.751156E+09   0.142535E+10
 0720   0.388575E+02   0.263937E+11   0.741847E+09   0.748333E+09   0.141124E+10
 0721   0.388960E+02   0.264241E+11   0.791032E+09   0.752761E+09   0.139737E+10
 0722   0.389391E+02   0.264561E+11   0.742230E+09   0.749801E+09   0.138353E+10
 0723   0.389775E+02   0.264864E+11   0.791435E+09   0.754224E+09   0.136991E+10
 0724   0.390204E+02   0.265184E+11   0.743041E+09   0.751125E+09   0.135634E+10
 0725   0.390585E+02   0.265486E+11   0.792344E+09   0.755335E+09   0.134298E+10
 0726   0.391013E+02   0.265803E+11   0.743477E+09   0.752212E+09   0.132967E+10
 0727   0.391391E+02   0.266104E+11   0.793253E+09   0.756453E+09   0.131657E+10
 0728   0.391815E+02   0.266419E+11   0.744615E+09   0.753504E+09   0.130351E+10
 0729   0.392191E+02   0.266718E+11   0.795174E+09   0.758040E+09   0.129067E+10
 0730   0.392612E+02   0.267032E+11   0.747132E+09   0.755277E+09   0.127786E+10
 0731   0.392984E+02   0.267330E+11   0.798102E+09   0.759919E+09   0.126526E+10
 0732   0.393402E+02   0.267643E+11   0.749156E+09   0.757266E+09   0.125269E+10
 0733   0.393773E+02   0.267940E+11   0.800500E+09   0.761915E+09   0.124033E+10
 0734   0.394189E+02   0.268252E+11   0.750576E+09   0.758973E+09   0.122801E+10
 0735   0.394558E+02   0.268547E+11   0.801087E+09   0.763212E+09   0.121588E+10
 0736   0.394971E+02   0.268857E+11   0.749810E+09   0.760093E+09   0.120379E+10
 0737   0.395383E+02   0.269166E+11   0.750845E+09   0.756870E+09   0.119181E+10
 0738   0.395747E+02   0.269458E+11   0.799824E+09   0.761218E+09   0.118003E+10
 0739   0.396155E+02   0.269764E+11   0.751616E+09   0.758212E+09   0.116829E+10
 0740   0.396516E+02   0.270054E+11   0.801869E+09   0.763076E+09   0.115673E+10
 0741   0.396919E+02   0.270358E+11   0.754510E+09   0.760655E+09   0.114521E+10
 0742   0.397277E+02   0.270647E+11   0.806449E+09   0.765828E+09   0.113387E+10
 0743   0.397678E+02   0.270950E+11   0.757723E+09   0.763622E+09   0.112257E+10
 0744   0.398033E+02   0.271238E+11   0.810122E+09   0.768824E+09   0.111144E+10
 0745   0.398432E+02   0.271541E+11   0.759747E+09   0.766806E+09   0.110035E+10
 0746   0.398830E+02   0.271844E+11   0.761496E+09   0.764820E+09   0.108936E+10
 0747   0.399183E+02   0.272132E+11   0.813325E+09   0.770559E+09   0.107855E+10
 0748   0.399580E+02   0.272435E+11   0.764578E+09   0.769044E+09   0.106777E+10
 0749   0.399932E+02   0.272723E+11   0.818602E+09   0.775067E+09   0.105715E+10
 0750   0.400328E+02   0.273027E+11   0.768754E+09   0.773825E+09   0.104657E+10
 0751   0.400723E+02   0.273332E+11   0.771027E+09   0.772405E+09   0.103608E+10
 0752   0.401074E+02   0.273622E+11   0.823973E+09   0.778143E+09   0.102577E+10
 0753   0.401469E+02   0.273927E+11   0.772052E+09   0.776426E+09   0.101548E+10
 0754   0.401864E+02   0.274232E+11   0.772555E+09   0.774483E+09   0.100528E+10
 0755   0.402215E+02   0.274521E+11   0.824358E+09   0.779949E+09   0.995248E+09
 0756   0.402609E+02   0.274825E+11   0.772614E+09   0.777782E+09   0.985242E+09
 0757   0.403002E+02   0.275129E+11   0.773294E+09   0.775269E+09   0.975328E+09
 0758   0.403352E+02   0.275417E+11   0.823667E+09   0.780245E+09   0.965577E+09
 0759   0.403743E+02   0.275720E+11   0.772206E+09   0.777714E+09   0.955849E+09
 0760   0.404090E+02   0.276006E+11   0.824429E+09   0.782887E+09   0.946281E+09
 0761   0.404479E+02   0.276306E+11   0.773342E+09   0.780514E+09   0.936735E+09
 0762   0.404866E+02   0.276607E+11   0.775237E+09   0.778267E+09   0.927278E+09
 0763   0.405209E+02   0.276890E+11   0.827844E+09   0.783929E+09   0.917978E+09
 0764   0.405593E+02   0.277189E+11   0.778357E+09   0.782321E+09   0.908699E+09
 0765   0.405933E+02   0.277472E+11   0.833634E+09   0.788198E+09   0.899571E+09
 0766   0.406314E+02   0.277771E+11   0.781925E+09   0.786533E+09   0.890465E+09
 0767   0.406695E+02   0.278069E+11   0.783098E+09   0.784789E+09   0.881442E+09
 0768   0.407033E+02   0.278352E+11   0.836577E+09   0.790551E+09   0.872566E+09
 0769   0.407413E+02   0.278649E+11   0.783661E+09   0.788814E+09   0.863710E+09
 0770   0.407793E+02   0.278947E+11   0.784677E+09   0.786939E+09   0.854934E+09
 0771   0.408130E+02   0.279230E+11   0.837979E+09   0.792574E+09   0.846303E+09
 0772   0.408508E+02   0.279527E+11   0.785357E+09   0.790580E+09   0.837691E+09
 0773   0.408886E+02   0.279824E+11   0.786356E+09   0.788360E+09   0.829158E+09
 0774   0.409220E+02   0.280104E+11   0.838928E+09   0.793586E+09   0.820767E+09
 0775   0.409595E+02   0.280399E+11   0.785952E+09   0.791324E+09   0.812395E+09
 0776   0.409968E+02   0.280693E+11   0.787250E+09   0.789037E+09   0.804100E+09
 0777   0.410298E+02   0.280970E+11   0.840555E+09   0.794395E+09   0.795945E+09
 0778   0.410667E+02   0.281261E+11   0.788402E+09   0.792192E+09   0.787806E+09
 0779   0.411034E+02   0.281551E+11   0.790002E+09   0.790153E+09   0.779742E+09
 0780   0.411359E+02   0.281825E+11   0.843620E+09   0.796133E+09   0.771813E+09
 0781   0.411723E+02   0.282114E+11   0.792578E+09   0.794836E+09   0.763899E+09
 0782   0.412086E+02   0.282403E+11   0.795602E+09   0.793886E+09   0.756056E+09
 0783   0.412409E+02   0.282677E+11   0.851421E+09   0.800578E+09   0.748343E+09
 0784   0.412771E+02   0.282967E+11   0.799736E+09   0.799883E+09   0.740644E+09
 0785   0.413132E+02   0.283257E+11   0.801821E+09   0.799193E+09   0.733014E+09
 0786   0.413494E+02   0.283547E+11   0.803702E+09   0.798328E+09   0.725452E+09
 0787   0.413815E+02   0.283823E+11   0.858393E+09   0.804975E+09   0.718018E+09
 0788   0.414177E+02   0.284114E+11   0.804790E+09   0.803626E+09   0.710595E+09
 0789   0.414538E+02   0.284404E+11   0.804754E+09   0.802167E+09   0.703239E+09
 0790   0.414858E+02   0.284680E+11   0.859105E+09   0.808367E+09   0.696006E+09
 0791   0.415217E+02   0.284969E+11   0.805146E+09   0.806939E+09   0.688786E+09
 0792   0.415576E+02   0.285258E+11   0.806253E+09   0.805320E+09   0.681631E+09
 0793   0.415933E+02   0.285546E+11   0.807200E+09   0.803544E+09   0.674540E+09
 0794   0.416250E+02   0.285819E+11   0.860749E+09   0.809717E+09   0.667571E+09
 0795   0.416606E+02   0.286106E+11   0.807506E+09   0.808136E+09   0.660610E+09
 0796   0.416960E+02   0.286393E+11   0.808792E+09   0.806574E+09   0.653712E+09
 0797   0.417275E+02   0.286665E+11   0.863505E+09   0.812985E+09   0.646931E+09
 0798   0.417628E+02   0.286951E+11   0.810490E+09   0.811750E+09   0.640159E+09
 0799   0.417980E+02   0.287237E+11   0.812419E+09   0.810691E+09   0.633448E+09
 0800   0.418292E+02   0.287508E+11   0.869127E+09   0.817436E+09   0.626850E+09
 0801   0.418642E+02   0.287794E+11   0.815338E+09   0.816470E+09   0.620262E+09
 0802   0.418992E+02   0.288079E+11   0.816778E+09   0.815388E+09   0.613733E+09
 0803   0.419341E+02   0.288365E+11   0.817627E+09   0.814048E+09   0.607264E+09
 0804   0.419650E+02   0.288635E+11   0.873009E+09   0.820564E+09   0.600904E+09
 0805   0.419998E+02   0.288919E+11   0.817989E+09   0.819597E+09   0.594552E+09
 0806   0.420345E+02   0.289204E+11   0.819893E+09   0.818570E+09   0.588257E+09
 0807   0.420691E+02   0.289488E+11   0.821583E+09   0.817329E+09   0.582019E+09
 0808   0.420998E+02   0.289757E+11   0.877343E+09   0.823957E+09   0.575887E+09
 0809   0.421343E+02   0.290041E+11   0.822385E+09   0.822891E+09   0.569763E+09
 0810   0.421686E+02   0.290324E+11   0.823603E+09   0.821524E+09   0.563693E+09
 0811   0.422029E+02   0.290606E+11   0.823970E+09   0.820140E+09   0.557678E+09
 0812   0.422334E+02   0.290874E+11   0.879663E+09   0.826612E+09   0.551768E+09
 0813   0.422675E+02   0.291155E+11   0.824634E+09   0.825356E+09   0.545863E+09
 0814   0.423015E+02   0.291436E+11   0.825834E+09   0.824162E+09   0.540011E+09
 0815   0.423354E+02   0.291717E+11   0.827447E+09   0.823110E+09   0.534212E+09
 0816   0.423654E+02   0.291982E+11   0.884462E+09   0.830156E+09   0.528514E+09
 0817   0.423991E+02   0.292262E+11   0.830141E+09   0.829645E+09   0.522819E+09
 0818   0.424327E+02   0.292542E+11   0.832537E+09   0.829316E+09   0.517174E+09
 0819   0.424663E+02   0.292822E+11   0.834981E+09   0.828976E+09   0.511580E+09
 0820   0.424998E+02   0.293103E+11   0.836727E+09   0.828756E+09   0.506034E+09
 0821   0.425296E+02   0.293369E+11   0.894685E+09   0.836598E+09   0.500586E+09
 0822   0.425631E+02   0.293651E+11   0.840129E+09   0.836525E+09   0.495140E+09
 0823   0.425965E+02   0.293932E+11   0.841686E+09   0.836264E+09   0.489742E+09
 0824   0.426300E+02   0.294214E+11   0.842634E+09   0.835844E+09   0.484391E+09
 0825   0.426634E+02   0.294496E+11   0.843409E+09   0.835156E+09   0.479089E+09
 0826   0.426930E+02   0.294763E+11   0.900770E+09   0.842228E+09   0.473880E+09
 0827   0.427263E+02   0.295043E+11   0.843329E+09   0.841548E+09   0.468674E+09
 0828   0.427594E+02   0.295323E+11   0.844513E+09   0.841043E+09   0.463514E+09
 0829   0.427925E+02   0.295603E+11   0.846405E+09   0.840935E+09   0.458399E+09
 0830   0.428256E+02   0.295884E+11   0.849447E+09   0.840948E+09   0.453329E+09
 0831   0.428585E+02   0.296165E+11   0.852059E+09   0.841044E+09   0.448304E+09
 0832   0.428878E+02   0.296432E+11   0.911366E+09   0.848712E+09   0.443370E+09
 0833   0.429208E+02   0.296713E+11   0.853790E+09   0.848205E+09   0.438434E+09
 0834   0.429537E+02   0.296994E+11   0.853333E+09   0.847633E+09   0.433541E+09
 0835   0.429866E+02   0.297275E+11   0.853530E+09   0.847089E+09   0.428691E+09
 0836   0.430195E+02   0.297556E+11   0.854657E+09   0.846460E+09   0.423883E+09
 0837   0.430487E+02   0.297822E+11   0.913420E+09   0.853843E+09   0.419163E+09
 0838   0.430814E+02   0.298103E+11   0.856408E+09   0.853149E+09   0.414442E+09
 0839   0.431140E+02   0.298382E+11   0.857531E+09   0.852577E+09   0.409763E+09
 0840   0.431465E+02   0.298662E+11   0.858876E+09   0.852210E+09   0.405125E+09
 0841   0.431790E+02   0.298941E+11   0.861010E+09   0.851900E+09   0.400529E+09
 0842   0.432113E+02   0.299220E+11   0.862978E+09   0.851336E+09   0.395973E+09
 0843   0.432400E+02   0.299485E+11   0.921622E+09   0.858681E+09   0.391502E+09
 0844   0.432722E+02   0.299762E+11   0.863346E+09   0.858110E+09   0.387028E+09
 0845   0.433043E+02   0.300040E+11   0.864243E+09   0.857784E+09   0.382594E+09
 0846   0.433363E+02   0.300317E+11   0.866039E+09   0.857919E+09   0.378198E+09
 0847   0.433683E+02   0.300595E+11   0.869330E+09   0.858097E+09   0.373841E+09
 0848   0.434002E+02   0.300873E+11   0.871918E+09   0.857914E+09   0.369523E+09
 0849   0.434320E+02   0.301151E+11   0.872473E+09   0.857348E+09   0.365243E+09
 0850   0.434602E+02   0.301414E+11   0.930214E+09   0.864871E+09   0.361045E+09
 0851   0.434920E+02   0.301690E+11   0.871036E+09   0.864454E+09   0.356842E+09
 0852   0.435236E+02   0.301966E+11   0.871898E+09   0.864676E+09   0.352675E+09
 0853   0.435552E+02   0.302242E+11   0.875514E+09   0.865569E+09   0.348544E+09
 0854   0.435867E+02   0.302520E+11   0.880598E+09   0.866831E+09   0.344448E+09
 0855   0.436181E+02   0.302798E+11   0.884929E+09   0.868232E+09   0.340388E+09
 0856   0.436496E+02   0.303077E+11   0.888149E+09   0.869588E+09   0.336362E+09
 0857   0.436811E+02   0.303358E+11   0.890180E+09   0.870630E+09   0.332370E+09
 0858   0.437128E+02   0.303640E+11   0.890550E+09   0.871115E+09   0.328413E+09
 0859   0.437410E+02   0.303908E+11   0.949647E+09   0.879647E+09   0.324532E+09
 0860   0.437727E+02   0.304190E+11   0.888850E+09   0.879627E+09   0.320642E+09
 0861   0.438045E+02   0.304472E+11   0.888485E+09   0.879336E+09   0.316786E+09
 0862   0.438362E+02   0.304754E+11   0.888184E+09   0.878783E+09   0.312964E+09
 0863   0.438679E+02   0.305036E+11   0.888233E+09   0.878093E+09   0.309175E+09
 0864   0.438995E+02   0.305316E+11   0.888615E+09   0.877575E+09   0.305420E+09
 0865   0.439310E+02   0.305596E+11   0.889931E+09   0.877483E+09   0.301699E+09
 0866   0.439588E+02   0.305862E+11   0.952419E+09   0.885764E+09   0.298053E+09
 0867   0.439901E+02   0.306141E+11   0.893989E+09   0.886089E+09   0.294398E+09
 0868   0.440212E+02   0.306420E+11   0.896616E+09   0.886322E+09   0.290774E+09
 0869   0.440523E+02   0.306700E+11   0.898265E+09   0.886392E+09   0.287183E+09
 0870   0.440834E+02   0.306979E+11   0.898620E+09   0.886552E+09   0.283622E+09
 0871   0.441144E+02   0.307258E+11   0.899473E+09   0.886885E+09   0.280092E+09
 0872   0.441454E+02   0.307537E+11   0.901239E+09   0.887177E+09   0.276593E+09
 0873   0.441764E+02   0.307817E+11   0.902561E+09   0.887496E+09   0.273123E+09
 0874   0.442073E+02   0.308096E+11   0.903846E+09   0.887683E+09   0.269684E+09
 0875   0.442348E+02   0.308362E+11   0.965780E+09   0.896466E+09   0.266316E+09
 0876   0.442657E+02   0.308641E+11   0.905822E+09   0.897163E+09   0.262937E+09
 0877   0.442965E+02   0.308921E+11   0.908173E+09   0.898170E+09   0.259587E+09
 0878   0.443273E+02   0.309202E+11   0.911172E+09   0.899125E+09   0.256267E+09
 0879   0.443581E+02   0.309483E+11   0.913421E+09   0.899519E+09   0.252975E+09
 0880   0.443888E+02   0.309764E+11   0.913390E+09   0.899612E+09   0.249713E+09
 0881   0.444195E+02   0.310044E+11   0.912729E+09   0.899976E+09   0.246478E+09
 0882   0.444501E+02   0.310324E+11   0.913798E+09   0.900661E+09   0.243271E+09
 0883   0.444807E+02   0.310604E+11   0.916313E+09   0.902071E+09   0.240092E+09
 0884   0.445112E+02   0.310885E+11   0.920945E+09   0.904207E+09   0.236939E+09
 0885   0.445417E+02   0.311168E+11   0.926735E+09   0.906511E+09   0.233813E+09
 0886   0.445722E+02   0.311452E+11   0.930828E+09   0.908571E+09   0.230714E+09
 0887   0.446028E+02   0.311737E+11   0.932753E+09   0.910396E+09   0.227642E+09
 0888   0.446335E+02   0.312023E+11   0.933488E+09   0.911912E+09   0.224594E+09
 0889   0.446642E+02   0.312310E+11   0.933277E+09   0.912851E+09   0.221572E+09
 0890   0.446951E+02   0.312598E+11   0.931956E+09   0.913605E+09   0.218575E+09
 0891   0.447260E+02   0.312885E+11   0.931881E+09   0.914383E+09   0.215603E+09
 0892   0.447568E+02   0.313173E+11   0.933245E+09   0.915073E+09   0.212656E+09
 0893   0.447876E+02   0.313461E+11   0.934523E+09   0.915606E+09   0.209735E+09
 0894   0.448184E+02   0.313749E+11   0.935555E+09   0.916319E+09   0.206838E+09
 0895   0.448457E+02   0.314023E+11   0.100086E+10   0.925859E+09   0.204007E+09
 0896   0.448764E+02   0.314311E+11   0.939437E+09   0.927061E+09   0.201161E+09
 0897   0.449070E+02   0.314599E+11   0.941929E+09   0.928396E+09   0.198339E+09
 0898   0.449376E+02   0.314888E+11   0.944529E+09   0.929541E+09   0.195541E+09
 0899   0.449682E+02   0.315178E+11   0.945913E+09   0.930374E+09   0.192767E+09
 0900   0.449988E+02   0.315467E+11   0.945858E+09   0.930462E+09   0.190018E+09
 0901   0.450294E+02   0.315756E+11   0.943819E+09   0.930604E+09   0.187291E+09
 0902   0.450599E+02   0.316044E+11   0.943156E+09   0.931771E+09   0.184587E+09
 0903   0.450904E+02   0.316333E+11   0.947096E+09   0.933684E+09   0.181905E+09
 0904   0.451209E+02   0.316623E+11   0.953007E+09   0.936367E+09   0.179246E+09
 0905   0.451513E+02   0.316914E+11   0.959440E+09   0.939494E+09   0.176610E+09
 0906   0.451817E+02   0.317208E+11   0.965687E+09   0.942170E+09   0.173997E+09
 0907   0.452121E+02   0.317503E+11   0.967885E+09   0.944544E+09   0.171406E+09
 0908   0.452427E+02   0.317799E+11   0.968763E+09   0.947186E+09   0.168837E+09
 0909   0.452733E+02   0.318096E+11   0.970448E+09   0.949544E+09   0.166288E+09
 0910   0.453074E+02   0.318409E+11   0.918411E+09   0.942896E+09   0.163720E+09
 0911   0.453382E+02   0.318708E+11   0.972561E+09   0.944482E+09   0.161215E+09
 0912   0.453689E+02   0.319008E+11   0.972507E+09   0.945474E+09   0.158730E+09
 0913   0.453998E+02   0.319307E+11   0.971645E+09   0.946137E+09   0.156266E+09
 0914   0.454305E+02   0.319606E+11   0.970917E+09   0.947031E+09   0.153823E+09
 0915   0.454579E+02   0.319890E+11   0.103813E+10   0.957711E+09   0.151441E+09
 0916   0.454886E+02   0.320190E+11   0.976364E+09   0.960289E+09   0.149039E+09
 0917   0.455227E+02   0.320506E+11   0.928836E+09   0.954521E+09   0.146616E+09
 0918   0.455533E+02   0.320809E+11   0.987993E+09   0.957968E+09   0.144255E+09
 0919   0.455841E+02   0.321114E+11   0.992880E+09   0.961740E+09   0.141913E+09
 0920   0.456149E+02   0.321422E+11   0.997605E+09   0.965259E+09   0.139591E+09
 0921   0.456459E+02   0.321731E+11   0.100019E+10   0.968508E+09   0.137289E+09
 0922   0.456769E+02   0.322043E+11   0.100140E+10   0.971739E+09   0.135005E+09
 0923   0.457081E+02   0.322356E+11   0.100303E+10   0.974333E+09   0.132739E+09
 0924   0.457395E+02   0.322670E+11   0.100291E+10   0.976678E+09   0.130492E+09
 0925   0.457709E+02   0.322985E+11   0.100271E+10   0.979154E+09   0.128263E+09
 0926   0.458024E+02   0.323302E+11   0.100464E+10   0.981705E+09   0.126053E+09
 0927   0.458340E+02   0.323620E+11   0.100718E+10   0.983941E+09   0.123862E+09
 0928   0.458692E+02   0.323955E+11   0.953325E+09   0.976126E+09   0.121648E+09
 0929   0.459009E+02   0.324274E+11   0.100636E+10   0.976880E+09   0.119494E+09
 0930   0.459326E+02   0.324593E+11   0.100425E+10   0.977600E+09   0.117359E+09
 0931   0.459608E+02   0.324895E+11   0.107193E+10   0.988656E+09   0.115282E+09
 0932   0.459925E+02   0.325214E+11   0.100786E+10   0.991959E+09   0.113182E+09
 0933   0.460241E+02   0.325535E+11   0.101669E+10   0.996032E+09   0.111101E+09
 0934   0.460591E+02   0.325875E+11   0.969012E+09   0.991650E+09   0.109001E+09
 0935   0.460907E+02   0.326202E+11   0.103269E+10   0.996522E+09   0.106958E+09
 0936   0.461224E+02   0.326531E+11   0.103893E+10   0.100115E+10   0.104933E+09
 0937   0.461542E+02   0.326862E+11   0.104272E+10   0.100520E+10   0.102926E+09
 0938   0.461898E+02   0.327212E+11   0.984901E+09   0.999721E+09   0.100894E+09
 0939   0.462219E+02   0.327547E+11   0.104147E+10   0.100312E+10   0.989198E+08
 0940   0.462542E+02   0.327884E+11   0.104192E+10   0.100689E+10   0.969612E+08
 0941   0.462867E+02   0.328223E+11   0.104409E+10   0.101108E+10   0.950181E+08
 0942   0.463193E+02   0.328564E+11   0.104825E+10   0.101503E+10   0.930908E+08
 0943   0.463520E+02   0.328908E+11   0.105235E+10   0.101965E+10   0.911799E+08
 0944   0.463848E+02   0.329255E+11   0.105776E+10   0.102405E+10   0.892851E+08
 0945   0.464214E+02   0.329622E+11   0.100247E+10   0.101916E+10   0.873679E+08
 0946   0.464545E+02   0.329974E+11   0.106331E+10   0.102374E+10   0.855068E+08
 0947   0.464878E+02   0.330329E+11   0.106674E+10   0.102751E+10   0.836610E+08
 0948   0.465212E+02   0.330686E+11   0.106737E+10   0.103086E+10   0.818306E+08
 0949   0.465548E+02   0.331045E+11   0.106725E+10   0.103464E+10   0.800154E+08
 0950   0.465885E+02   0.331405E+11   0.106946E+10   0.103842E+10   0.782152E+08
 0951   0.466261E+02   0.331786E+11   0.101349E+10   0.103273E+10   0.763914E+08
 0952   0.466600E+02   0.332151E+11   0.107486E+10   0.103728E+10   0.746235E+08
 0953   0.466941E+02   0.332519E+11   0.108043E+10   0.104198E+10   0.728710E+08
 0954   0.467283E+02   0.332891E+11   0.108577E+10   0.104650E+10   0.711336E+08
 0955   0.467627E+02   0.333265E+11   0.108858E+10   0.105157E+10   0.694109E+08
 0956   0.467972E+02   0.333643E+11   0.109348E+10   0.105874E+10   0.677029E+08
 0957   0.468358E+02   0.334045E+11   0.104363E+10   0.105655E+10   0.659730E+08
 0958   0.468707E+02   0.334434E+11   0.111407E+10   0.106362E+10   0.642977E+08
 0959   0.469059E+02   0.334828E+11   0.112040E+10   0.107062E+10   0.626362E+08
 0960   0.469452E+02   0.335246E+11   0.106178E+10   0.106832E+10   0.609522E+08
 0961   0.469809E+02   0.335648E+11   0.112903E+10   0.107786E+10   0.593229E+08
 0962   0.470168E+02   0.336059E+11   0.114147E+10   0.108709E+10   0.577064E+08
 0963   0.470570E+02   0.336495E+11   0.108602E+10   0.108651E+10   0.560709E+08
 0964   0.470975E+02   0.336937E+11   0.109286E+10   0.108563E+10   0.544485E+08
 0965   0.471341E+02   0.337363E+11   0.116145E+10   0.109424E+10   0.528820E+08
 0966   0.471751E+02   0.337813E+11   0.109940E+10   0.109423E+10   0.512919E+08
 0967   0.472122E+02   0.338248E+11   0.117163E+10   0.110403E+10   0.497550E+08
 0968   0.472538E+02   0.338710E+11   0.110979E+10   0.110391E+10   0.481949E+08
 0969   0.472915E+02   0.339155E+11   0.118071E+10   0.111340E+10   0.466850E+08
 0970   0.473337E+02   0.339627E+11   0.111838E+10   0.111411E+10   0.451558E+08
 0971   0.473761E+02   0.340104E+11   0.112602E+10   0.111692E+10   0.436410E+08
 0972   0.474145E+02   0.340568E+11   0.120642E+10   0.113295E+10   0.421752E+08
 0973   0.474576E+02   0.341067E+11   0.115895E+10   0.114068E+10   0.406922E+08
 0974   0.475010E+02   0.341579E+11   0.118083E+10   0.114550E+10   0.392242E+08
 0975   0.475491E+02   0.342122E+11   0.112779E+10   0.114028E+10   0.377385E+08
 0976   0.475932E+02   0.342647E+11   0.118919E+10   0.114717E+10   0.363020E+08
 0977   0.476376E+02   0.343180E+11   0.120046E+10   0.115663E+10   0.348796E+08
 0978   0.476823E+02   0.343725E+11   0.121901E+10   0.116817E+10   0.334700E+08
 0979   0.477319E+02   0.344307E+11   0.117653E+10   0.117181E+10   0.320426E+08
 0980   0.477773E+02   0.344880E+11   0.125949E+10   0.118229E+10   0.306602E+08
 0981   0.478276E+02   0.345485E+11   0.120281E+10   0.118671E+10   0.292592E+08
 0982   0.478782E+02   0.346101E+11   0.121854E+10   0.119660E+10   0.278719E+08
 0983   0.479292E+02   0.346737E+11   0.124738E+10   0.120618E+10   0.264962E+08
 0984   0.479806E+02   0.347389E+11   0.126883E+10   0.122119E+10   0.251333E+08
 0985   0.480371E+02   0.348092E+11   0.124193E+10   0.122929E+10   0.237502E+08
 0986   0.480943E+02   0.348819E+11   0.127265E+10   0.123810E+10   0.223793E+08
 0987   0.481521E+02   0.349567E+11   0.129428E+10   0.124996E+10   0.210184E+08
 0988   0.482108E+02   0.350342E+11   0.131867E+10   0.126556E+10   0.196670E+08
 0989   0.482703E+02   0.351147E+11   0.135201E+10   0.128585E+10   0.183250E+08
 0990   0.483355E+02   0.352017E+11   0.133528E+10   0.130051E+10   0.169498E+08
 0991   0.484065E+02   0.352954E+11   0.132008E+10   0.131724E+10   0.155358E+08
 0992   0.484784E+02   0.353947E+11   0.138180E+10   0.133761E+10   0.141242E+08
 0993   0.485510E+02   0.354995E+11   0.144279E+10   0.136829E+10   0.127199E+08
 0994   0.486355E+02   0.356185E+11   0.140886E+10   0.139713E+10   0.111983E+08
 0995   0.487212E+02   0.357479E+11   0.150834E+10   0.143170E+10   0.966735E+07
 0996   0.488191E+02   0.358949E+11   0.150209E+10   0.147262E+10   0.797494E+07
 0997   0.489242E+02   0.360619E+11   0.158945E+10   0.152210E+10   0.609011E+07
 0998   0.490431E+02   0.362576E+11   0.164594E+10   0.160349E+10   0.302643E+07
 0999   0.491764E+02   0.365034E+11   0.184329E+10   0.178025E+10   0.861920E+06
