 0001  0.3568516751021125E-001
 0002  0.3637586083198825E-001
 0003  0.3637586083198825E-001
 0004  0.3637586083198825E-001
 0005  0.3716356758270679E-001
 0006  0.3716356758270678E-001
 0007  0.3803960707862929E-001
 0008  0.3803960707862929E-001
 0009  0.3889530328182024E-001
 0010  0.3889530328182024E-001
 0011  0.3889530328182024E-001
 0012  0.3985789852316106E-001
 0013  0.3985789852316106E-001
 0014  0.4079814048377910E-001
 0015  0.4079814048377910E-001
 0016  0.4183995066980530E-001
 0017  0.4183995066980530E-001
 0018  0.4298644732767155E-001
 0019  0.4298644732767155E-001
 0020  0.4410632016636608E-001
 0021  0.4410632016636608E-001
 0022  0.4534426970635012E-001
 0023  0.4534426970635012E-001
 0024  0.4669090394550236E-001
 0025  0.4669090394550236E-001
 0026  0.4815070645423915E-001
 0027  0.4953635239697629E-001
 0028  0.4953635239697629E-001
 0029  0.5104875023467056E-001
 0030  0.5104875023467056E-001
 0031  0.5269051674775642E-001
 0032  0.5269051674775642E-001
 0033  0.5429415833961664E-001
 0034  0.5597447594154219E-001
 0035  0.5597447594154219E-001
 0036  0.5778622825593744E-001
 0037  0.5778622825593745E-001
 0038  0.5955590825754269E-001
 0039  0.6140297914031961E-001
 0040  0.6140297914031961E-001
 0041  0.6338942720244867E-001
 0042  0.6542576524110923E-001
 0043  0.6542576524110923E-001
 0044  0.6741481566201540E-001
 0045  0.6741481566201540E-001
 0046  0.6954130868972719E-001
 0047  0.7169854717962346E-001
 0048  0.7169854717962347E-001
 0049  0.7397594305314498E-001
 0050  0.7609273762639977E-001
 0051  0.7822875246687480E-001
 0052  0.7822875246687479E-001
 0053  0.8047592552690974E-001
 0054  0.8270213042691388E-001
 0055  0.8270213042691386E-001
 0056  0.8487663864181187E-001
 0057  0.8702983691083138E-001
 0058  0.8702983691083138E-001
 0059  0.8927166286629955E-001
 0060  0.9144974752011699E-001
 0061  0.9355310630712838E-001
 0062  0.9355310630712839E-001
 0063  0.9560762112794551E-001
 0064  0.9759084033727664E-001
 0065  0.9949075690244681E-001
 0066  0.9949075690244681E-001
 0067  0.1014266386922915E+000
 0068  0.1032431771598081E+000
 0069  0.1048880203984220E+000
 0070  0.1048880203984220E+000
 0071  0.1065526392799212E+000
 0072  0.1080894744608162E+000
 0073  0.1095064448745245E+000
 0074  0.1108014379786236E+000
 0075  0.1108014379786237E+000
 0076  0.1120663588954245E+000
 0077  0.1132036762793258E+000
 0078  0.1142155011606972E+000
 0079  0.1151059486772834E+000
 0080  0.1151059486772833E+000
 0081  0.1159555846885633E+000
 0082  0.1166688639497723E+000
 0083  0.1172952402569027E+000
 0084  0.1177841124465490E+000
 0085  0.1177841124465490E+000
 0086  0.1181486530740641E+000
 0087  0.1182887775542133E+000
 0088  0.1181671640288510E+000
 0089  0.1177518813405280E+000
 0090  0.1170196800461960E+000
 0091  0.1170196800461960E+000
 0092  0.1158188782588556E+000
 0093  0.1142607575362195E+000
 0094  0.1123906459231379E+000
 0095  0.1102275318984541E+000
 0096  0.1077851850478619E+000
 0097  0.1050827887431122E+000
 0098  0.1021424843307236E+000
 0099  0.9898767411480601E-001
 0100  0.9564184605388201E-001
 0101  0.9207874192932018E-001
 0102  0.8836699751775429E-001
 0103  0.8456434140168137E-001
 0104  0.8071917119237421E-001
 0105  0.7687187470598088E-001
 0106  0.7305594522703537E-001
 0107  0.6891271923342310E-001
 0108  0.6498025663184828E-001
 0109  0.6124792589436778E-001
 0110  0.5770583493510267E-001
 0111  0.5434561479154038E-001
 0112  0.5115997316401907E-001
 0113  0.4565333637177425E-001
 0114  0.4325586598540710E-001
 0115  0.4095295919085173E-001
 0116  0.3873834242504254E-001
 0117  0.3661699543516175E-001
 0118  0.3459202647984097E-001
 0119  0.3266500306835751E-001
 0120  0.3083623338842631E-001
 0121  0.2910500537010149E-001
 0122  0.2746978936671288E-001
 0123  0.2584289009452594E-001
 0124  0.2433439161873283E-001
 0125  0.2293546233560137E-001
 0126  0.2163802078815042E-001
 0127  0.2043465409133680E-001
 0128  0.1931854752441839E-001
 0129  0.1828342359333122E-001
 0130  0.1653176411323519E-001
 0131  0.1578762560637995E-001
 0132  0.1508778516290126E-001
 0133  0.1443037788920954E-001
 0134  0.1381350793387526E-001
 0135  0.1323526991180486E-001
 0136  0.1269376665253045E-001
 0137  0.1216779647305066E-001
 0138  0.1168052379149711E-001
 0139  0.1122905468907979E-001
 0140  0.1081072308815020E-001
 0141  0.1042275211070972E-001
 0142  0.1006299669629679E-001
 0143  0.9729453910091352E-002
 0144  0.9420257992283951E-002
 0145  0.8895564080032918E-002
 0146  0.8672271810961462E-002
 0147  0.8462990093346227E-002
 0148  0.8266944407757984E-002
 0149  0.8078005134383925E-002
 0150  0.7902291341833003E-002
 0151  0.7738782608134059E-002
 0152  0.7586639285472568E-002
 0153  0.7445078772815923E-002
 0154  0.7313371704459376E-002
 0155  0.7190838387328987E-002
 0156  0.7076845471360523E-002
 0157  0.6970802838208026E-002
 0158  0.6789072255014028E-002
 0159  0.6711031408744722E-002
 0160  0.6635981105428726E-002
 0161  0.6565838210845218E-002
 0162  0.6500283212066325E-002
 0163  0.6439017292581406E-002
 0164  0.6381761000065115E-002
 0165  0.6328252999207690E-002
 0166  0.6278248904275648E-002
 0167  0.6231520089739226E-002
 0168  0.6187852800712829E-002
 0169  0.6147035140912995E-002
 0170  0.6075667654273633E-002
 0171  0.6044485793837468E-002
 0172  0.6015213963110649E-002
 0173  0.5987735314084053E-002
 0174  0.5961940144714032E-002
 0175  0.5937725461219005E-002
 0176  0.5914994567316412E-002
 0177  0.5893652035142717E-002
 0178  0.5873613963085387E-002
 0179  0.5854476698433649E-002
 0180  0.5836561629955870E-002
 0181  0.5805348004134185E-002
 0182  0.5791731992768483E-002
 0183  0.5778891542952441E-002
 0184  0.5766782890484917E-002
 0185  0.5755364701484261E-002
 0186  0.5744597940946240E-002
 0187  0.5734445748102489E-002
 0188  0.5724728313829546E-002
 0189  0.5715587190323642E-002
 0190  0.5699500557737647E-002
 0191  0.5692415007593481E-002
 0192  0.5685708402873269E-002
 0193  0.5679360612068206E-002
 0194  0.5673352557925036E-002
 0195  0.5667589304831014E-002
 0196  0.5662144560928021E-002
 0197  0.5657000442570844E-002
 0198  0.5652140084595778E-002
 0199  0.5647547583449260E-002
 0200  0.5639395358276314E-002
 0201  0.5635773737747931E-002
 0202  0.5632291685475891E-002
 0203  0.5628989589675381E-002
 0204  0.5625858013554987E-002
 0205  0.5622888022591929E-002
 0206  0.5620071157393528E-002
 0207  0.5617399187276591E-002
 0208  0.5612594350979898E-002
 0209  0.5610434201334528E-002
 0210  0.5608378717591008E-002
 0211  0.5606422625971495E-002
 0212  0.5604561070897330E-002
 0213  0.5602789435829751E-002
 0214  0.5601103331782382E-002
 0215  0.5599482327255953E-002
 0216  0.5596567660701287E-002
 0217  0.5595256575229488E-002
 0218  0.5594005124105754E-002
 0219  0.5592810568678786E-002
 0220  0.5591670297170117E-002
 0221  0.5590571534956216E-002
 0222  0.5589523707693150E-002
 0223  0.5587627804115254E-002
 0224  0.5586769659518387E-002
 0225  0.5585948309398544E-002
 0226  0.5585155341161378E-002
 0227  0.5584397050886130E-002
 0228  0.5583671861190066E-002
 0229  0.5582978300549405E-002
 0230  0.5581716261261628E-002
 0231  0.5581137182310999E-002
 0232  0.5580582026684261E-002
 0233  0.5580049788847654E-002
 0234  0.5579539506169708E-002
 0235  0.5579050239939134E-002
 0236  0.5578581110750209E-002
 0237  0.5577716894211772E-002
 0238  0.5577321992749473E-002
 0239  0.5576942518580503E-002
 0240  0.5576577859878734E-002
 0241  0.5576224930637096E-002
 0242  0.5575885976517710E-002
 0243  0.5575263813587116E-002
 0244  0.5574978192306790E-002
 0245  0.5574701309801438E-002
 0246  0.5574434839581751E-002
 0247  0.5574178375270941E-002
 0248  0.5573931533208888E-002
 0249  0.5573475126375322E-002
 0250  0.5573264132018952E-002
 0251  0.5573060676240788E-002
 0252  0.5572864480108176E-002
 0253  0.5572674145169220E-002
 0254  0.5572490681644268E-002
 0255  0.5572151406094324E-002
 0256  0.5571994503103933E-002
 0257  0.5571842060328941E-002
 0258  0.5571694857505042E-002
 0259  0.5571552710102678E-002
 0260  0.5571288205793522E-002
 0261  0.5571165147909521E-002
 0262  0.5571046124149838E-002
 0263  0.5570930999217861E-002
 0264  0.5570819062041554E-002
 0265  0.5570610745924592E-002
 0266  0.5570513800485574E-002
 0267  0.5570419421453826E-002
 0268  0.5570328024674186E-002
 0269  0.5570239513431957E-002
 0270  0.5570073902582771E-002
 0271  0.5569996428272029E-002
 0272  0.5569921295300592E-002
 0273  0.5569848098245229E-002
 0274  0.5569711132493337E-002
 0275  0.5569647046196551E-002
 0276  0.5569584540966707E-002
 0277  0.5569523860142360E-002
 0278  0.5569464948427486E-002
 0279  0.5569353965135130E-002
 0280  0.5569301917661322E-002
 0281  0.5569251326089104E-002
 0282  0.5569201948036348E-002
 0283  0.5569109110077295E-002
 0284  0.5569065293438489E-002
 0285  0.5569022663036394E-002
 0286  0.5568981185528859E-002
 0287  0.5568902733504106E-002
 0288  0.5568865778607131E-002
 0289  0.5568829653037921E-002
 0290  0.5568794473243185E-002
 0291  0.5568727939953983E-002
 0292  0.5568696480270710E-002
 0293  0.5568665813136525E-002
 0294  0.5568635815452367E-002
 0295  0.5568578988608878E-002
 0296  0.5568552073992166E-002
 0297  0.5568525816369446E-002
 0298  0.5568475904103100E-002
 0299  0.5568452261808654E-002
 0300  0.5568429103723414E-002
 0301  0.5568406493645789E-002
 0302  0.5568363454742379E-002
 0303  0.5568343035635056E-002
 0304  0.5568323023829526E-002
 0305  0.5568284933901225E-002
 0306  0.5568266808004115E-002
 0307  0.5568249034785097E-002
 0308  0.5568231657393767E-002
 0309  0.5568198536312730E-002
 0310  0.5568182753296079E-002
 0311  0.5568167269089854E-002
 0312  0.5568137718607793E-002
 0313  0.5568123619087774E-002
 0314  0.5568109779817018E-002
 0315  0.5568083335649013E-002
 0316  0.5568070701448227E-002
 0317  0.5568058289907242E-002
 0318  0.5568034531007813E-002
 0319  0.5568023158130017E-002
 0320  0.5568011972827773E-002
 0321  0.5567990523466966E-002
 0322  0.5567980237973792E-002
 0323  0.5567970111593099E-002
 0324  0.5567950661297297E-002
 0325  0.5567941290488682E-002
 0326  0.5567923266965508E-002
 0327  0.5567914598870871E-002
 0328  0.5567906050989462E-002
 0329  0.5567889561827874E-002
 0330  0.5567881608670021E-002
 0331  0.5567873786402142E-002
 0332  0.5567858653371242E-002
 0333  0.5567851357480860E-002
 0334  0.5567837227334531E-002
 0335  0.5567830407780643E-002
 0336  0.5567823670953773E-002
 0337  0.5567810632615411E-002
 0338  0.5567804323532951E-002
 0339  0.5567792082526264E-002
 0340  0.5567786163857500E-002
 0341  0.5567774670561035E-002
 0342  0.5567769091090122E-002
 0343  0.5567763590566936E-002
 0344  0.5567752901938869E-002
 0345  0.5567747709516388E-002
 0346  0.5567737614135064E-002
 0347  0.5567732721941344E-002
 0348  0.5567723203528373E-002
 0349  0.5567718573861217E-002
 0350  0.5567709561930811E-002
 0351  0.5567705176522600E-002
 0352  0.5567696636140943E-002
 0353  0.5567692478320819E-002
 0354  0.5567684378444474E-002
 0355  0.5567680434141247E-002
 0356  0.5567672748598923E-002
 0357  0.5567669005210892E-002
 0358  0.5567661709447154E-002
 0359  0.5567658155028356E-002
 0360  0.5567651218359836E-002
 0361  0.5567647834586086E-002
 0362  0.5567641237225597E-002
 0363  0.5567638021771959E-002
 0364  0.5567631738701484E-002
 0365  0.5567625700211914E-002
 0366  0.5567622752952348E-002
 0367  0.5567616997516061E-002
 0368  0.5567614187994089E-002
 0369  0.5567608696197318E-002
 0370  0.5567603408431001E-002
 0371  0.5567600824316139E-002
 0372  0.5567595775463917E-002
 0373  0.5567593306096254E-002
 0374  0.5567588480828808E-002
 0375  0.5567583824752099E-002
 0376  0.5567581547083300E-002
 0377  0.5567577089581391E-002
 0378  0.5567572786877376E-002
 0379  0.5567570681684937E-002
 0380  0.5567566560845478E-002
 0381  0.5567562579375105E-002
 0382  0.5567560629971356E-002
 0383  0.5567556811569603E-002
 0384  0.5567553117840010E-002
 0385  0.5567549544164065E-002
 0386  0.5567547792678350E-002
 0387  0.5567544358707223E-002
 0388  0.5567541034607143E-002
 0389  0.5567537815287816E-002
 0390  0.5567536235910944E-002
 0391  0.5567533138246913E-002
 0392  0.5567530134864859E-002
 0393  0.5567527222122564E-002
 0394  0.5567524397224556E-002
 0395  0.5567521655267739E-002
 0396  0.5567520309062122E-002
 0397  0.5567517664944119E-002
 0398  0.5567515097136045E-002
 0399  0.5567512602866854E-002
 0400  0.5567510179162775E-002
 0401  0.5567507823199602E-002
 0402  0.5567505532425614E-002
 0403  0.5567503304393843E-002
 0404  0.5567501136709385E-002
 0405  0.5567499028124084E-002
 0406  0.5567496982732471E-002
 0407  0.5567494999052256E-002
 0408  0.5567493074551980E-002
 0409  0.5567491206830912E-002
 0410  0.5567489393610947E-002
 0411  0.5567487632729116E-002
 0412  0.5567485922130591E-002
 0413  0.5567484259862205E-002
 0414  0.5567482644066420E-002
 0415  0.5567481072975717E-002
 0416  0.5567478804438687E-002
 0417  0.5567477348104465E-002
 0418  0.5567475930460251E-002
 0419  0.5567474550107559E-002
 0420  0.5567473205711717E-002
 0421  0.5567471260325922E-002
 0422  0.5567470008810902E-002
 0423  0.5567468788675327E-002
 0424  0.5567467020807564E-002
 0425  0.5567465882047219E-002
 0426  0.5567464770810328E-002
 0427  0.5567463158793099E-002
 0428  0.5567462119198945E-002
 0429  0.5567460609838234E-002
 0430  0.5567459635641416E-002
 0431  0.5567458220099921E-002
 0432  0.5567457305740842E-002
 0433  0.5567455976139946E-002
 0434  0.5567455116654818E-002
 0435  0.5567453865950258E-002
 0436  0.5567452662442104E-002
 0437  0.5567451883565866E-002
 0438  0.5567450748893582E-002
 0439  0.5567449655549607E-002
 0440  0.5567448601486343E-002
 0441  0.5567447584786125E-002
 0442  0.5567446603651224E-002
 0443  0.5567445656394721E-002
 0444  0.5567444741432229E-002
 0445  0.5567443857274333E-002
 0446  0.5567443002519652E-002
 0447  0.5567442175848532E-002
 0448  0.5567441376017228E-002
 0449  0.5567440601852626E-002
 0450  0.5567439609438785E-002
 0451  0.5567438893542307E-002
 0452  0.5567438199732383E-002
 0453  0.5567437309008223E-002
 0454  0.5567436456828874E-002
 0455  0.5567435840852925E-002
 0456  0.5567435048846075E-002
 0457  0.5567434289807414E-002
 0458  0.5567433561928558E-002
 0459  0.5567432863528052E-002
 0460  0.5567432193040497E-002
 0461  0.5567431549006810E-002
 0462  0.5567430930065396E-002
 0463  0.5567430334944208E-002
 0464  0.5567429623595728E-002
 0465  0.5567428947050161E-002
 0466  0.5567428428904697E-002
 0467  0.5567427808432653E-002
 0468  0.5567427217152370E-002
 0469  0.5567426544328222E-002
 0470  0.5567426012312041E-002
 0471  0.5567425406006008E-002
 0472  0.5567424925891084E-002
 0473  0.5567424377982036E-002
 0474  0.5567423776106578E-002
 0475  0.5567423289998725E-002
 0476  0.5567422755095221E-002
 0477  0.5567422252787826E-002
 0478  0.5567421780676791E-002
 0479  0.5567421275616631E-002
 0480  0.5567420748456050E-002
 0481  0.5567420313296059E-002
 0482  0.5567419809914915E-002
 0483  0.5567419348008265E-002
 0484  0.5567418923630975E-002
 0485  0.5567418459399382E-002
 0486  0.5567418006553013E-002
 0487  0.5567417570644249E-002
 0488  0.5567417156154076E-002
 0489  0.5567416721467823E-002
 0490  0.5567416326575684E-002
 0491  0.5567415906836503E-002
 0492  0.5567415508878612E-002
 0493  0.5567415111409135E-002
 0494  0.5567414902192219E-002
 0495  0.5567414902192219E-002
 0496  0.5567414902192219E-002
 0497  0.5567414902192219E-002
 0498  0.5567414902192219E-002
 0499  0.5567414902192219E-002
 0500  0.5567414902192219E-002
 0501  0.5567414902192219E-002
 0502  0.5567414902192219E-002
 0503  0.5567414902192219E-002
 0504  0.5567414902192219E-002
 0505  0.5567414902192219E-002
 0506  0.5567414902192219E-002
 0507  0.5567414902192219E-002
 0508  0.5567414902192219E-002
 0509  0.5567414902192219E-002
 0510  0.5567414902192219E-002
 0511  0.5567414902192219E-002
 0512  0.5567414902192219E-002
 0513  0.5567414902192219E-002
 0514  0.5567414902192219E-002
 0515  0.5567414902192219E-002
 0516  0.5567414902192219E-002
 0517  0.5567414902192219E-002
 0518  0.5567414902192219E-002
 0519  0.5567414902192219E-002
 0520  0.5567414902192219E-002
 0521  0.5567414902192219E-002
 0522  0.5567414902192219E-002
 0523  0.5567414902192219E-002
 0524  0.5567414902192219E-002
 0525  0.5567414902192219E-002
 0526  0.5567414902192219E-002
 0527  0.5567414902192219E-002
 0528  0.5567414902192219E-002
 0529  0.5567414902192219E-002
 0530  0.5567414902192219E-002
 0531  0.5567414902192219E-002
 0532  0.5567414902192219E-002
 0533  0.5567414902192219E-002
 0534  0.5567414902192219E-002
 0535  0.5567414902192219E-002
 0536  0.5567414902192219E-002
 0537  0.5567414902192219E-002
 0538  0.5567414902192219E-002
 0539  0.5567414902192219E-002
 0540  0.5567414902192219E-002
 0541  0.5567414902192219E-002
 0542  0.5567414902192219E-002
 0543  0.5567414902192219E-002
 0544  0.5567414902192219E-002
 0545  0.5567414902192219E-002
 0546  0.5567414902192219E-002
 0547  0.5567414902192219E-002
 0548  0.5567414902192219E-002
 0549  0.5567414902192219E-002
 0550  0.5567414902192219E-002
 0551  0.5567414902192219E-002
 0552  0.5567414902192219E-002
 0553  0.5567414902192219E-002
 0554  0.5567414902192219E-002
 0555  0.5567414902192219E-002
 0556  0.5567414902192219E-002
 0557  0.5567414902192219E-002
 0558  0.5567414902192219E-002
 0559  0.5567414902192219E-002
 0560  0.5567414902192219E-002
 0561  0.5567414902192219E-002
 0562  0.5567414902192219E-002
 0563  0.5567414902192219E-002
 0564  0.5567414902192219E-002
 0565  0.5567414902192219E-002
 0566  0.5567414902192219E-002
 0567  0.5567414902192219E-002
 0568  0.5567414902192219E-002
 0569  0.5567414902192219E-002
 0570  0.5567414902192219E-002
 0571  0.5567414902192219E-002
 0572  0.5567414902192219E-002
 0573  0.5567414902192219E-002
 0574  0.5567414902192219E-002
 0575  0.5567414902192219E-002
 0576  0.5567414902192219E-002
 0577  0.5567414902192219E-002
 0578  0.5567414902192219E-002
 0579  0.5567414902192219E-002
 0580  0.5567414902192219E-002
 0581  0.5567414902192219E-002
 0582  0.5567414902192219E-002
 0583  0.5567414902192219E-002
 0584  0.5567414902192219E-002
 0585  0.5567414902192219E-002
 0586  0.5567414902192219E-002
 0587  0.5567414902192219E-002
 0588  0.5567414902192219E-002
 0589  0.5567414902192219E-002
 0590  0.5567414902192219E-002
 0591  0.5567414902192219E-002
 0592  0.5567414902192219E-002
 0593  0.5567414902192219E-002
 0594  0.5567414902192219E-002
 0595  0.5567414902192219E-002
 0596  0.5567414902192219E-002
 0597  0.5567414902192219E-002
 0598  0.5567414902192219E-002
 0599  0.5567414902192219E-002
 0600  0.5567414902192219E-002
 0601  0.5567414902192219E-002
 0602  0.5567414902192219E-002
 0603  0.5567414902192219E-002
 0604  0.5567414902192219E-002
 0605  0.5567414902192219E-002
 0606  0.5567414902192219E-002
 0607  0.5567414902192219E-002
 0608  0.5567414902192219E-002
 0609  0.5567414902192219E-002
 0610  0.5567414902192219E-002
 0611  0.5567414902192219E-002
 0612  0.5567414902192219E-002
 0613  0.5567414902192219E-002
 0614  0.5567414902192219E-002
 0615  0.5567414902192219E-002
 0616  0.5567414902192219E-002
 0617  0.5567414902192219E-002
 0618  0.5567414902192219E-002
 0619  0.5567414902192219E-002
 0620  0.5567414902192219E-002
 0621  0.5567414902192219E-002
 0622  0.5567414902192219E-002
 0623  0.5567414902192219E-002
 0624  0.5567414902192219E-002
 0625  0.5567414902192219E-002
 0626  0.5567414902192219E-002
 0627  0.5567414902192219E-002
 0628  0.5567414902192219E-002
 0629  0.5567414902192219E-002
 0630  0.5567414902192219E-002
 0631  0.5567414902192219E-002
 0632  0.5567414902192219E-002
 0633  0.5567414902192219E-002
 0634  0.5567414902192219E-002
 0635  0.5567414902192219E-002
 0636  0.5567414902192219E-002
 0637  0.5567414902192219E-002
 0638  0.5567414902192219E-002
 0639  0.5567414902192219E-002
 0640  0.5567414902192219E-002
 0641  0.5567414902192219E-002
 0642  0.5567414902192219E-002
 0643  0.5567414902192219E-002
 0644  0.5567414902192219E-002
 0645  0.5567414902192219E-002
 0646  0.5567414902192219E-002
 0647  0.5567414902192219E-002
 0648  0.5567414902192219E-002
 0649  0.5567414902192219E-002
 0650  0.5567414902192219E-002
 0651  0.5567414902192219E-002
 0652  0.5567414902192219E-002
 0653  0.5567414902192219E-002
 0654  0.5567414902192219E-002
 0655  0.5567414902192219E-002
 0656  0.5567414902192219E-002
 0657  0.5567414902192219E-002
 0658  0.5567414902192219E-002
 0659  0.5567414902192219E-002
 0660  0.5567414902192219E-002
 0661  0.5567414902192219E-002
 0662  0.5567414902192219E-002
 0663  0.5567414902192219E-002
 0664  0.5567414902192219E-002
 0665  0.5567414902192219E-002
 0666  0.5567414902192219E-002
 0667  0.5567414902192219E-002
 0668  0.5567414902192219E-002
 0669  0.5567414902192219E-002
 0670  0.5567414902192219E-002
 0671  0.5567414902192219E-002
 0672  0.5567414902192219E-002
 0673  0.5567414902192219E-002
 0674  0.5567414902192219E-002
 0675  0.5567414902192219E-002
 0676  0.5567414902192219E-002
 0677  0.5567414902192219E-002
 0678  0.5567414902192219E-002
 0679  0.5567414902192219E-002
 0680  0.5567414902192219E-002
 0681  0.5567414902192219E-002
 0682  0.5567414902192219E-002
 0683  0.5567414902192219E-002
 0684  0.5567414902192219E-002
 0685  0.5567414902192219E-002
 0686  0.5567414902192219E-002
 0687  0.5567414902192219E-002
 0688  0.5567414902192219E-002
 0689  0.5567414902192219E-002
 0690  0.5567414902192219E-002
 0691  0.5567414902192219E-002
 0692  0.5567414902192219E-002
 0693  0.5567414902192219E-002
 0694  0.5567414902192219E-002
 0695  0.5567414902192219E-002
 0696  0.5567414902192219E-002
 0697  0.5567414902192219E-002
 0698  0.5567414902192219E-002
 0699  0.5567414902192219E-002
 0700  0.5567414902192219E-002
 0701  0.5567414902192219E-002
 0702  0.5567414902192219E-002
 0703  0.5567414902192219E-002
 0704  0.5567414902192219E-002
 0705  0.5567414902192219E-002
 0706  0.5567414902192219E-002
 0707  0.5567414902192219E-002
 0708  0.5567414902192219E-002
 0709  0.5567414902192219E-002
 0710  0.5567414902192219E-002
 0711  0.5567414902192219E-002
 0712  0.5567414902192219E-002
 0713  0.5567414902192219E-002
 0714  0.5567414902192219E-002
 0715  0.5567414902192219E-002
 0716  0.5567414902192219E-002
 0717  0.5567414902192219E-002
 0718  0.5567414902192219E-002
 0719  0.5567414902192219E-002
 0720  0.5567414902192219E-002
 0721  0.5567414902192219E-002
 0722  0.5567414902192219E-002
 0723  0.5567414902192219E-002
 0724  0.5567414902192219E-002
 0725  0.5567414902192219E-002
 0726  0.5567414902192219E-002
 0727  0.5567414902192219E-002
 0728  0.5567414902192219E-002
 0729  0.5567414902192219E-002
 0730  0.5567414902192219E-002
 0731  0.5567414902192219E-002
 0732  0.5567414902192219E-002
 0733  0.5567414902192219E-002
 0734  0.5567414902192219E-002
 0735  0.5567414902192219E-002
 0736  0.5567414902192219E-002
 0737  0.5567414902192219E-002
 0738  0.5567414902192219E-002
 0739  0.5567414902192219E-002
 0740  0.5567414902192219E-002
 0741  0.5567414902192219E-002
 0742  0.5567414902192219E-002
 0743  0.5567414902192219E-002
 0744  0.5567414902192219E-002
 0745  0.5567414902192219E-002
 0746  0.5567414902192219E-002
 0747  0.5567414902192219E-002
 0748  0.5567414902192219E-002
 0749  0.5567414902192219E-002
 0750  0.5567414902192219E-002
 0751  0.5567414902192219E-002
 0752  0.5567414902192219E-002
 0753  0.5567414902192219E-002
 0754  0.5567414902192219E-002
 0755  0.5567414902192219E-002
 0756  0.5567414902192219E-002
 0757  0.5567414902192219E-002
 0758  0.5567414902192219E-002
 0759  0.5567414902192219E-002
 0760  0.5567414902192219E-002
 0761  0.5567414902192219E-002
 0762  0.5567414902192219E-002
 0763  0.5567414902192219E-002
 0764  0.5567414902192219E-002
 0765  0.5567414902192219E-002
 0766  0.5567414902192219E-002
 0767  0.5567414902192219E-002
 0768  0.5567414902192219E-002
 0769  0.5567414902192219E-002
 0770  0.5567414902192219E-002
 0771  0.5567414902192219E-002
 0772  0.5567414902192219E-002
 0773  0.5567414902192219E-002
 0774  0.5567414902192219E-002
 0775  0.5567414902192219E-002
 0776  0.5567414902192219E-002
 0777  0.5567414902192219E-002
 0778  0.5567414902192219E-002
 0779  0.5567414902192219E-002
 0780  0.5567414902192219E-002
 0781  0.5567414902192219E-002
 0782  0.5567414902192219E-002
 0783  0.5567414902192219E-002
 0784  0.5567414902192219E-002
 0785  0.5567414902192219E-002
 0786  0.5567414902192219E-002
 0787  0.5567414902192219E-002
 0788  0.5567414902192219E-002
 0789  0.5567414902192219E-002
 0790  0.5567414902192219E-002
 0791  0.5567414902192219E-002
 0792  0.5567414902192219E-002
 0793  0.5567414902192219E-002
 0794  0.5567414902192219E-002
 0795  0.5567414902192219E-002
 0796  0.5567414902192219E-002
 0797  0.5567414902192219E-002
 0798  0.5567414902192219E-002
 0799  0.5567414902192219E-002
 0800  0.5567414902192219E-002
 0801  0.5567414902192219E-002
 0802  0.5567414902192219E-002
 0803  0.5567414902192219E-002
 0804  0.5567414902192219E-002
 0805  0.5567414902192219E-002
 0806  0.5567414902192219E-002
 0807  0.5567414902192219E-002
 0808  0.5567414902192219E-002
 0809  0.5567414902192219E-002
 0810  0.5567414902192219E-002
 0811  0.5567414902192219E-002
 0812  0.5567414902192219E-002
 0813  0.5567414902192219E-002
 0814  0.5567414902192219E-002
 0815  0.5567414902192219E-002
 0816  0.5567414902192219E-002
 0817  0.5567414902192219E-002
 0818  0.5567414902192219E-002
 0819  0.5567414902192219E-002
 0820  0.5567414902192219E-002
 0821  0.5567414902192219E-002
 0822  0.5567414902192219E-002
 0823  0.5567414902192219E-002
 0824  0.5567414902192219E-002
 0825  0.5567414902192219E-002
 0826  0.5567414902192219E-002
 0827  0.5567414902192219E-002
 0828  0.5567414902192219E-002
 0829  0.5567414902192219E-002
 0830  0.5567414902192219E-002
 0831  0.5567414902192219E-002
 0832  0.5567414902192219E-002
 0833  0.5567414902192219E-002
 0834  0.5567414902192219E-002
 0835  0.5567414902192219E-002
 0836  0.5567414902192219E-002
 0837  0.5567414902192219E-002
 0838  0.5567414902192219E-002
 0839  0.5567414902192219E-002
 0840  0.5567414902192219E-002
 0841  0.5567414902192219E-002
 0842  0.5567414902192219E-002
 0843  0.5567414902192219E-002
 0844  0.5567414902192219E-002
 0845  0.5567414902192219E-002
 0846  0.5567414902192219E-002
 0847  0.5567414902192219E-002
 0848  0.5567414902192219E-002
 0849  0.5567414902192219E-002
 0850  0.5567414902192219E-002
 0851  0.5567414902192219E-002
 0852  0.5567414902192219E-002
 0853  0.5567414902192219E-002
 0854  0.5567414902192219E-002
 0855  0.5567414902192219E-002
 0856  0.5567414902192219E-002
 0857  0.5567414902192219E-002
 0858  0.5567414902192219E-002
 0859  0.5567414902192219E-002
 0860  0.5567414902192219E-002
 0861  0.5567414902192219E-002
 0862  0.5567414902192219E-002
 0863  0.5567414902192219E-002
 0864  0.5567414902192219E-002
 0865  0.5567414902192219E-002
 0866  0.5567414902192219E-002
 0867  0.5567414902192219E-002
 0868  0.5567414902192219E-002
 0869  0.5567414902192219E-002
 0870  0.5567414902192219E-002
 0871  0.5567414902192219E-002
 0872  0.5567414902192219E-002
 0873  0.5567414902192219E-002
 0874  0.5567414902192219E-002
 0875  0.5567414902192219E-002
 0876  0.5567414902192219E-002
 0877  0.5567414902192219E-002
 0878  0.5567414902192219E-002
 0879  0.5567414902192219E-002
 0880  0.5567414902192219E-002
 0881  0.5567414902192219E-002
 0882  0.5567414902192219E-002
 0883  0.5567414902192219E-002
 0884  0.5567414902192219E-002
 0885  0.5567414902192219E-002
 0886  0.5567414902192219E-002
 0887  0.5567414902192219E-002
 0888  0.5567414902192219E-002
 0889  0.5567414902192219E-002
 0890  0.5567414902192219E-002
 0891  0.5567414902192219E-002
 0892  0.5567414902192219E-002
 0893  0.5567414902192219E-002
 0894  0.5567414902192219E-002
 0895  0.5567414902192219E-002
 0896  0.5567414902192219E-002
 0897  0.5567414902192219E-002
 0898  0.5567414902192219E-002
 0899  0.5567414902192219E-002
 0900  0.5567414902192219E-002
 0901  0.5567414902192219E-002
 0902  0.5567414902192219E-002
 0903  0.5567414902192219E-002
 0904  0.5567414902192219E-002
 0905  0.5567414902192219E-002
 0906  0.5567414902192219E-002
 0907  0.5567414902192219E-002
 0908  0.5567414902192219E-002
 0909  0.5567414902192219E-002
 0910  0.5567414902192219E-002
 0911  0.5567414902192219E-002
 0912  0.5567414902192219E-002
 0913  0.5567414902192219E-002
 0914  0.5567414902192219E-002
 0915  0.5567414902192219E-002
 0916  0.5567414902192219E-002
 0917  0.5567414902192219E-002
 0918  0.5567414902192219E-002
 0919  0.5567414902192219E-002
 0920  0.5567414902192219E-002
 0921  0.5567414902192219E-002
 0922  0.5567414902192219E-002
 0923  0.5567414902192219E-002
 0924  0.5567414902192219E-002
 0925  0.5567414902192219E-002
 0926  0.5567414902192219E-002
 0927  0.5567414902192219E-002
 0928  0.5567414902192219E-002
 0929  0.5567414902192219E-002
 0930  0.5567414902192219E-002
 0931  0.5567414902192219E-002
 0932  0.5567414902192219E-002
 0933  0.5567414902192219E-002
 0934  0.5567414902192219E-002
 0935  0.5567414902192219E-002
 0936  0.5567414902192219E-002
 0937  0.5567414902192219E-002
 0938  0.5567414902192219E-002
 0939  0.5567414902192219E-002
 0940  0.5567414902192219E-002
 0941  0.5567414902192219E-002
 0942  0.5567414902192219E-002
 0943  0.5567414902192219E-002
 0944  0.5567414902192219E-002
 0945  0.5567414902192219E-002
 0946  0.5567414902192219E-002
 0947  0.5567414902192219E-002
 0948  0.5567414902192219E-002
 0949  0.5567414902192219E-002
 0950  0.5567414902192219E-002
 0951  0.5567414902192219E-002
 0952  0.5567414902192219E-002
 0953  0.5567414902192219E-002
 0954  0.5567414902192219E-002
 0955  0.5567414902192219E-002
 0956  0.5567414902192219E-002
 0957  0.5567414902192219E-002
 0958  0.5567414902192219E-002
 0959  0.5567414902192219E-002
 0960  0.5567414902192219E-002
 0961  0.5567414902192219E-002
 0962  0.5567414902192219E-002
 0963  0.5567414902192219E-002
 0964  0.5567414902192219E-002
 0965  0.5567414902192219E-002
 0966  0.5567414902192219E-002
 0967  0.5567414902192219E-002
 0968  0.5567414902192219E-002
 0969  0.5567414902192219E-002
 0970  0.5567414902192219E-002
 0971  0.5567414902192219E-002
 0972  0.5567414902192219E-002
 0973  0.5567414902192219E-002
 0974  0.5567414902192219E-002
 0975  0.5567414902192219E-002
 0976  0.5567414902192219E-002
 0977  0.5567414902192219E-002
 0978  0.5567414902192219E-002
 0979  0.5567414902192219E-002
 0980  0.5567414902192219E-002
 0981  0.5567414902192219E-002
 0982  0.5567414902192219E-002
 0983  0.5567414902192219E-002
 0984  0.5567414902192219E-002
 0985  0.5567414902192219E-002
 0986  0.5567414902192219E-002
 0987  0.5567414902192219E-002
 0988  0.5567414902192219E-002
 0989  0.5567414902192219E-002
 0990  0.5567414902192219E-002
 0991  0.5567414902192219E-002
 0992  0.5567414902192219E-002
 0993  0.5567414902192219E-002
 0994  0.5567414902192219E-002
 0995  0.5567414902192219E-002
 0996  0.5567414902192219E-002
 0997  0.5567414902192219E-002
 0998  0.5567414902192219E-002
 0999  0.5567414902192219E-002
 1000  0.5567414902192219E-002
