   0.000000000E+00  -1.499201173E+51   8.547472276E+50   3.272124144E+48  -6.411818208E+50   0.000000000E+00
   1.700935304E+03  -5.236447295E+48   8.942726979E+49   9.406479124E+50   1.024838735E+51   1.666020556E+51
   3.401392855E+03  -2.942776257E+48   9.832714830E+49   9.305702106E+50   1.025954583E+51   1.667136403E+51
   5.101311157E+03  -2.155734000E+48   1.128978809E+50   9.155633813E+50   1.026305528E+51   1.667487349E+51
   6.801611791E+03  -1.754425280E+48   1.296785516E+50   8.985115606E+50   1.026435687E+51   1.667617508E+51
   8.500540037E+03  -1.509684294E+48   1.462925650E+50   8.817696263E+50   1.026552507E+51   1.667734328E+51
   1.020103519E+04  -1.343678178E+48   1.626039041E+50   8.653392759E+50   1.026599502E+51   1.667781323E+51
   1.190098817E+04  -1.223206640E+48   1.784734647E+50   8.494291029E+50   1.026679361E+51   1.667861182E+51
   1.360175493E+04  -1.131314459E+48   1.933952688E+50   8.345156381E+50   1.026779592E+51   1.667961413E+51
   1.530378711E+04  -1.058601721E+48   2.073206466E+50   8.206041316E+50   1.026866177E+51   1.668047997E+51
   1.700558841E+04  -9.994618528E+47   2.203980535E+50   8.075489095E+50   1.026947501E+51   1.668129322E+51
   1.870538001E+04  -9.502996127E+47   2.326849583E+50   7.952903332E+50   1.027024992E+51   1.668206813E+51
   2.040426147E+04  -9.086315236E+47   2.443180377E+50   7.836956426E+50   1.027105049E+51   1.668286870E+51
   2.210891555E+04  -8.726278034E+47   2.554120321E+50   7.726350755E+50   1.027174480E+51   1.668356301E+51
   2.380892529E+04  -8.413034450E+47   2.658727326E+50   7.622125529E+50   1.027243982E+51   1.668425803E+51
   2.550782242E+04  -8.136785873E+47   2.757507131E+50   7.523709926E+50   1.027308027E+51   1.668489848E+51
   2.720950673E+04  -7.890317272E+47   2.851933391E+50   7.429611730E+50   1.027365480E+51   1.668547301E+51
   2.890870184E+04  -7.669122282E+47   2.941096721E+50   7.340737564E+50   1.027416516E+51   1.668598337E+51
   3.060406397E+04  -7.469389763E+47   3.025519909E+50   7.256659913E+50   1.027471043E+51   1.668652864E+51
   3.231424883E+04  -7.285600434E+47   3.106907979E+50   7.175637542E+50   1.027525992E+51   1.668707813E+51
   3.400932732E+04  -7.118674381E+47   3.183849947E+50   7.099029151E+50   1.027576042E+51   1.668757863E+51
   3.571213611E+04  -6.963933605E+47   3.257474587E+50   7.025755103E+50   1.027626576E+51   1.668808396E+51
   3.741086395E+04  -6.821027245E+47   3.327214547E+50   6.956285689E+50   1.027667921E+51   1.668849742E+51
   3.911286948E+04  -6.687688099E+47   3.394260304E+50   6.889578144E+50   1.027715076E+51   1.668896897E+51
   4.081201050E+04  -6.563410333E+47   3.458099181E+50   6.826073727E+50   1.027760950E+51   1.668942771E+51
   4.251528826E+04  -6.446542922E+47   3.519416923E+50   6.765059091E+50   1.027802947E+51   1.668984768E+51
   4.420134374E+04  -6.337672011E+47   3.577790903E+50   6.706997315E+50   1.027845055E+51   1.669026875E+51
   4.590500987E+04  -6.233884623E+47   3.633721677E+50   6.651381134E+50   1.027886893E+51   1.669068713E+51
   4.760123220E+04  -6.136022965E+47   3.687320353E+50   6.598107066E+50   1.027929140E+51   1.669110960E+51
   4.931443933E+04  -6.042292160E+47   3.739217883E+50   6.546559219E+50   1.027973481E+51   1.669155302E+51
   5.102015779E+04  -5.953558640E+47   3.788743038E+50   6.497313899E+50   1.028010338E+51   1.669192159E+51
   5.270394974E+04  -5.869988101E+47   3.835893313E+50   6.450510776E+50   1.028053410E+51   1.669235231E+51
   5.441054056E+04  -5.789086857E+47   3.881564472E+50   6.405146534E+50   1.028092192E+51   1.669274013E+51
   5.610838488E+04  -5.712063168E+47   3.924892651E+50   6.362130060E+50   1.028131065E+51   1.669312886E+51
   5.781874837E+04  -5.637612120E+47   3.967032088E+50   6.320338829E+50   1.028173331E+51   1.669355151E+51
   5.950813407E+04  -5.567001909E+47   4.006900261E+50   6.280796170E+50   1.028212943E+51   1.669394764E+51
   6.121736048E+04  -5.498284052E+47   4.045565237E+50   6.242464167E+50   1.028253112E+51   1.669434933E+51
   6.291104161E+04  -5.432639076E+47   4.082562422E+50   6.205810551E+50   1.028294033E+51   1.669475854E+51
   6.460657006E+04  -5.369221133E+47   4.118214343E+50   6.170492570E+50   1.028333769E+51   1.669515590E+51
   6.631511047E+04  -5.307507481E+47   4.152559466E+50   6.136477744E+50   1.028372970E+51   1.669554791E+51
   6.801932135E+04  -5.247952016E+47   4.185168335E+50   6.104224874E+50   1.028414526E+51   1.669596346E+51
   6.970085819E+04  -5.191011995E+47   4.215993016E+50   6.073752865E+50   1.028455487E+51   1.669637308E+51
   7.141800237E+04  -5.134649281E+47   4.246223316E+50   6.043875265E+50   1.028496393E+51   1.669678214E+51
   7.310594278E+04  -5.080894362E+47   4.274930145E+50   6.015529318E+50   1.028537857E+51   1.669719678E+51
   7.481867112E+04  -5.027888436E+47   4.302882087E+50   5.987958555E+50   1.028581275E+51   1.669763096E+51
   7.650102305E+04  -4.977238099E+47   4.328985716E+50   5.962218384E+50   1.028622686E+51   1.669804507E+51
   7.821740087E+04  -4.926956306E+47   4.354309841E+50   5.937235804E+50   1.028661869E+51   1.669843690E+51
   7.990278914E+04  -4.878879271E+47   4.378162018E+50   5.913714756E+50   1.028699789E+51   1.669881610E+51
   8.160559245E+04  -4.831522625E+47   4.401331930E+50   5.890883032E+50   1.028738344E+51   1.669920165E+51
   8.331238852E+04  -4.785198151E+47   4.423600755E+50   5.868980326E+50   1.028779588E+51   1.669961409E+51
   8.501168419E+04  -4.740169949E+47   4.444899290E+50   5.848093062E+50   1.028825218E+51   1.670007039E+51
   8.672675913E+04  -4.695789493E+47   4.465388595E+50   5.828029154E+50   1.028872196E+51   1.670054017E+51
   8.843520549E+04  -4.652588946E+47   4.485032589E+50   5.808819718E+50   1.028919972E+51   1.670101793E+51
   9.013209061E+04  -4.610614898E+47   4.503865183E+50   5.790433351E+50   1.028968792E+51   1.670150613E+51
   9.183521428E+04  -4.569371230E+47   4.521927701E+50   5.772825782E+50   1.029018411E+51   1.670200232E+51
   9.351714889E+04  -4.529480535E+47   4.539094392E+50   5.756114817E+50   1.029067973E+51   1.670249794E+51
   9.521054921E+04  -4.490133125E+47   4.555753504E+50   5.739906932E+50   1.029117030E+51   1.670298851E+51
   9.694347397E+04  -4.450677832E+47   4.571903314E+50   5.724196795E+50   1.029164943E+51   1.670346764E+51
   9.861965037E+04  -4.413253998E+47   4.586603457E+50   5.709901856E+50   1.029209206E+51   1.670391027E+51
   1.003329515E+05  -4.375713316E+47   4.600719230E+50   5.696194321E+50   1.029253784E+51   1.670435605E+51
   1.020395952E+05  -4.339030181E+47   4.614080850E+50   5.683232965E+50   1.029297478E+51   1.670479299E+51
   1.037259455E+05  -4.303460390E+47   4.626596160E+50   5.671092098E+50   1.029338480E+51   1.670520301E+51
   1.054295917E+05  -4.268158177E+47   4.638396038E+50   5.659666305E+50   1.029379419E+51   1.670561239E+51
   1.071096836E+05  -4.233945186E+47   4.649334226E+50   5.649091090E+50   1.029419137E+51   1.670600958E+51
   1.088039934E+05  -4.200017089E+47   4.659714126E+50   5.639066242E+50   1.029458035E+51   1.670639856E+51
   1.105107807E+05  -4.166410107E+47   4.669525858E+50   5.629604184E+50   1.029496363E+51   1.670678184E+51
   1.122246414E+05  -4.133222909E+47   4.678919400E+50   5.620550747E+50   1.029533692E+51   1.670715513E+51
   1.139387500E+05  -4.100564289E+47   4.687861704E+50   5.611939754E+50   1.029570089E+51   1.670751910E+51
   1.156137358E+05  -4.069147209E+47   4.696067702E+50   5.604033664E+50   1.029603222E+51   1.670785043E+51
   1.173317127E+05  -4.037418845E+47   4.703904800E+50   5.596498209E+50   1.029636559E+51   1.670818380E+51
   1.190106641E+05  -4.006881404E+47   4.711166773E+50   5.589523504E+50   1.029668340E+51   1.670850160E+51
   1.207225672E+05  -3.976206363E+47   4.718253877E+50   5.582716565E+50   1.029699424E+51   1.670881244E+51
   1.224207160E+05  -3.946223574E+47   4.725112644E+50   5.576132857E+50   1.029729928E+51   1.670911749E+51
   1.241005346E+05  -3.916986854E+47   4.731762269E+50   5.569741322E+50   1.029758660E+51   1.670940481E+51
   1.258281255E+05  -3.887342680E+47   4.738316978E+50   5.563435342E+50   1.029786498E+51   1.670968319E+51
   1.275268961E+05  -3.858598030E+47   4.744383483E+50   5.557597625E+50   1.029812251E+51   1.670994072E+51
   1.292305732E+05  -3.830165766E+47   4.750234938E+50   5.551967687E+50   1.029837246E+51   1.671019067E+51
   1.309001699E+05  -3.802672646E+47   4.755823521E+50   5.546590951E+50   1.029861180E+51   1.671043001E+51
   1.326177118E+05  -3.774762564E+47   4.761460199E+50   5.541161911E+50   1.029884735E+51   1.671066556E+51
   1.343156619E+05  -3.747534395E+47   4.766956765E+50   5.535852456E+50   1.029906169E+51   1.671087989E+51
   1.360183110E+05  -3.720581998E+47   4.772391124E+50   5.530599771E+50   1.029927031E+51   1.671108852E+51
   1.377110692E+05  -3.694124884E+47   4.777708824E+50   5.525448898E+50   1.029946360E+51   1.671128181E+51
   1.394137507E+05  -3.667848184E+47   4.782987856E+50   5.520323038E+50   1.029964305E+51   1.671146125E+51
   1.411143493E+05  -3.641927469E+47   4.788198415E+50   5.515256375E+50   1.029981286E+51   1.671163107E+51
   1.428045935E+05  -3.616477507E+47   4.793197766E+50   5.510383938E+50   1.029996523E+51   1.671178343E+51
   1.445000668E+05  -3.591253389E+47   4.797877786E+50   5.505818361E+50   1.030010489E+51   1.671192310E+51
   1.462140635E+05  -3.566055664E+47   4.802061349E+50   5.501738863E+50   1.030023416E+51   1.671205236E+51
   1.479053597E+05  -3.541483269E+47   4.805512458E+50   5.498374815E+50   1.030034579E+51   1.671216400E+51
   1.496013992E+05  -3.517125875E+47   4.808207252E+50   5.495757915E+50   1.030044804E+51   1.671226625E+51
   1.513059104E+05  -3.492928095E+47   4.810174273E+50   5.493857640E+50   1.030053898E+51   1.671235719E+51
   1.530017110E+05  -3.469128571E+47   4.811643589E+50   5.492444576E+50   1.030061904E+51   1.671243724E+51
   1.547043056E+05  -3.445503014E+47   4.812900366E+50   5.491239309E+50   1.030069417E+51   1.671251238E+51
   1.564114430E+05  -3.422076484E+47   4.814050509E+50   5.490127136E+50   1.030075557E+51   1.671257378E+51
   1.581037921E+05  -3.399106469E+47   4.814629323E+50   5.489572568E+50   1.030080278E+51   1.671262099E+51
   1.598083831E+05  -3.376220837E+47   4.814309114E+50   5.489911195E+50   1.030084409E+51   1.671266230E+51
   1.615052416E+05  -3.353682246E+47   4.812822188E+50   5.491409846E+50   1.030087835E+51   1.671269656E+51
   1.632038988E+05  -3.331359925E+47   4.810159155E+50   5.494077182E+50   1.030090498E+51   1.671272319E+51
   1.649005028E+05  -3.309301157E+47   4.806458995E+50   5.497782032E+50   1.030093173E+51   1.671274993E+51
   1.666034504E+05  -3.287394071E+47   4.801990246E+50   5.502252318E+50   1.030095517E+51   1.671277338E+51
   1.683022840E+05  -3.265773031E+47   4.798790393E+50   5.505456731E+50   1.030098135E+51   1.671279956E+51
   1.700012316E+05  -3.244371193E+47   4.799103180E+50   5.505139240E+50   1.030099805E+51   1.671281626E+51
   1.717009939E+05  -3.223163068E+47   4.757332730E+50   5.525817981E+50   1.027992755E+51   1.669174576E+51
   1.734024606E+05  -3.202122583E+47   4.702207357E+50   5.574952222E+50   1.027395746E+51   1.668577566E+51
   1.751046544E+05  -3.181289709E+47   4.651279176E+50   5.624261328E+50   1.027235921E+51   1.668417742E+51
   1.768065705E+05  -3.160679619E+47   4.601767230E+50   5.672856050E+50   1.027146260E+51   1.668328081E+51
   1.785030985E+05  -3.140349504E+47   4.553566159E+50   5.720404069E+50   1.027082988E+51   1.668264809E+51
   1.802048193E+05  -3.120171133E+47   4.506304430E+50   5.767150913E+50   1.027033517E+51   1.668215338E+51
   1.819007956E+05  -3.100272440E+47   4.460237747E+50   5.812791172E+50   1.026992865E+51   1.668174685E+51
   1.836023816E+05  -3.080518437E+47   4.415006422E+50   5.857650207E+50   1.026957611E+51   1.668139432E+51
   1.853066373E+05  -3.060943053E+47   4.370656755E+50   5.901668510E+50   1.026926432E+51   1.668108253E+51
   1.870148706E+05  -3.041530685E+47   4.327124625E+50   5.944902664E+50   1.026898576E+51   1.668080397E+51
   1.887092519E+05  -3.022480350E+47   4.284816104E+50   5.986939769E+50   1.026873339E+51   1.668055160E+51
   1.904112063E+05  -3.003548212E+47   4.243161126E+50   6.028340426E+50   1.026849800E+51   1.668031621E+51
   1.921175970E+05  -2.984769456E+47   4.202224861E+50   6.069039910E+50   1.026828000E+51   1.668009821E+51
   1.938083246E+05  -2.966361345E+47   4.162452599E+50   6.108593158E+50   1.026807940E+51   1.667989760E+51
   1.955064967E+05  -2.948068866E+47   4.123260596E+50   6.147575648E+50   1.026788818E+51   1.667970638E+51
   1.972217361E+05  -2.929790555E+47   4.084419171E+50   6.186214528E+50   1.026770391E+51   1.667952212E+51
   1.989186196E+05  -2.911901569E+47   4.046714633E+50   6.223729133E+50   1.026753186E+51   1.667935007E+51
   2.006083900E+05  -2.894276928E+47   4.009861740E+50   6.260401917E+50   1.026736938E+51   1.667918759E+51
   2.023072483E+05  -2.876745868E+47   3.973485270E+50   6.296602973E+50   1.026721150E+51   1.667902971E+51
   2.040073856E+05  -2.859388565E+47   3.937740458E+50   6.332177004E+50   1.026705807E+51   1.667887628E+51
   2.057004602E+05  -2.842287100E+47   3.902785753E+50   6.366967915E+50   1.026691138E+51   1.667872959E+51
   2.074094987E+05  -2.825208159E+47   3.868135207E+50   6.401459766E+50   1.026676977E+51   1.667858797E+51
   2.091295388E+05  -2.808203471E+47   3.833887354E+50   6.435553303E+50   1.026663245E+51   1.667845066E+51
   2.108207881E+05  -2.791661411E+47   3.800811373E+50   6.468482448E+50   1.026650216E+51   1.667832037E+51
   2.125094733E+05  -2.775318377E+47   3.768366068E+50   6.500786892E+50   1.026637764E+51   1.667819585E+51
   2.142270290E+05  -2.758872047E+47   3.735945029E+50   6.533070404E+50   1.026625656E+51   1.667807477E+51
   2.159328549E+05  -2.742711660E+47   3.704303638E+50   6.564579295E+50   1.026614022E+51   1.667795843E+51
   2.176205823E+05  -2.726890886E+47   3.673528367E+50   6.595226404E+50   1.026602788E+51   1.667784609E+51
   2.193249519E+05  -2.711081704E+47   3.642972160E+50   6.625656374E+50   1.026591745E+51   1.667773566E+51
   2.210007598E+05  -2.695699579E+47   3.613428194E+50   6.655079209E+50   1.026581170E+51   1.667762991E+51
   2.227290618E+05  -2.680001828E+47   3.583464863E+50   6.684919463E+50   1.026570432E+51   1.667752253E+51
   2.244206643E+05  -2.664798735E+47   3.554623428E+50   6.713641212E+50   1.026559984E+51   1.667741805E+51
   2.261152535E+05  -2.649726751E+47   3.526203221E+50   6.741942685E+50   1.026549618E+51   1.667731439E+51
   2.278098617E+05  -2.634810626E+47   3.498244676E+50   6.769784649E+50   1.026539451E+51   1.667721272E+51
   2.295015027E+05  -2.620074213E+47   3.470780633E+50   6.797134352E+50   1.026529491E+51   1.667711312E+51
   2.312373468E+05  -2.605110145E+47   3.443042921E+50   6.824755730E+50   1.026519354E+51   1.667701175E+51
   2.329151683E+05  -2.590795798E+47   3.416644542E+50   6.851042448E+50   1.026509619E+51   1.667691440E+51
   2.346335735E+05  -2.576285556E+47   3.390016313E+50   6.877558193E+50   1.026499822E+51   1.667681643E+51
   2.363392463E+05  -2.562031277E+47   3.363984086E+50   6.903481267E+50   1.026490332E+51   1.667672153E+51
   2.380290838E+05  -2.548053249E+47   3.338574731E+50   6.928784244E+50   1.026481092E+51   1.667662913E+51
   2.397562909E+05  -2.533912148E+47   3.312987144E+50   6.954264038E+50   1.026471727E+51   1.667653548E+51
   2.414063622E+05  -2.520538653E+47   3.288900692E+50   6.978248642E+50   1.026462880E+51   1.667644700E+51
   2.431486755E+05  -2.506559945E+47   3.263844182E+50   7.003199858E+50   1.026453748E+51   1.667635569E+51
   2.448077051E+05  -2.493383562E+47   3.240335276E+50   7.026610555E+50   1.026445245E+51   1.667627066E+51
   2.465599230E+05  -2.479607219E+47   3.215859147E+50   7.050984013E+50   1.026436355E+51   1.667618176E+51
   2.482227722E+05  -2.466664907E+47   3.192949899E+50   7.073796259E+50   1.026427949E+51   1.667609770E+51
   2.499164087E+05  -2.453612735E+47   3.169922206E+50   7.096726167E+50   1.026419476E+51   1.667601297E+51
   2.516412843E+05  -2.440452627E+47   3.146776982E+50   7.119773466E+50   1.026411000E+51   1.667592820E+51
   2.533322354E+05  -2.427679708E+47   3.124379494E+50   7.142076420E+50   1.026402823E+51   1.667584644E+51
   2.550530126E+05  -2.414810209E+47   3.101876559E+50   7.164483822E+50   1.026394557E+51   1.667576378E+51
   2.567361380E+05  -2.402346253E+47   3.080143482E+50   7.186123904E+50   1.026386504E+51   1.667568325E+51
   2.584476288E+05  -2.389796266E+47   3.058322300E+50   7.207851594E+50   1.026378410E+51   1.667560231E+51
   2.601177007E+05  -2.377668967E+47   3.037296192E+50   7.228787981E+50   1.026370650E+51   1.667552471E+51
   2.618146139E+05  -2.365465536E+47   3.016197148E+50   7.249796953E+50   1.026362864E+51   1.667544684E+51
   2.635387212E+05  -2.353187538E+47   2.995027900E+50   7.270875168E+50   1.026354988E+51   1.667536809E+51
   2.652168395E+05  -2.341352627E+47   2.974678363E+50   7.291136334E+50   1.026347334E+51   1.667529155E+51
   2.669205805E+05  -2.329452121E+47   2.954272632E+50   7.311453067E+50   1.026339625E+51   1.667521445E+51
   2.686502679E+05  -2.317487462E+47   2.933815375E+50   7.331821233E+50   1.026331912E+51   1.667513733E+51
   2.703293330E+05  -2.305984324E+47   2.914202329E+50   7.351348846E+50   1.026324519E+51   1.667506340E+51
   2.720327296E+05  -2.294425119E+47   2.894547064E+50   7.370917857E+50   1.026317050E+51   1.667498870E+51
   2.737607479E+05  -2.282811193E+47   2.874852413E+50   7.390525212E+50   1.026309481E+51   1.667491302E+51
   2.754334614E+05  -2.271675350E+47   2.856019911E+50   7.409273697E+50   1.026302193E+51   1.667484014E+51
   2.771291463E+05  -2.260492007E+47   2.837158949E+50   7.428050492E+50   1.026294895E+51   1.667476716E+51
   2.788480733E+05  -2.249262314E+47   2.818272385E+50   7.446852869E+50   1.026287599E+51   1.667469420E+51
   2.805070074E+05  -2.238525328E+47   2.800262989E+50   7.464781671E+50   1.026280613E+51   1.667462434E+51
   2.822721116E+05  -2.227208459E+47   2.781331574E+50   7.483627626E+50   1.026273199E+51   1.667455020E+51
   2.839755380E+05  -2.216390543E+47   2.763283612E+50   7.501593350E+50   1.026266057E+51   1.667447878E+51
   2.856142443E+05  -2.206078351E+47   2.746124635E+50   7.518673753E+50   1.026259231E+51   1.667441052E+51
   2.873609704E+05  -2.195187352E+47   2.728051257E+50   7.536664320E+50   1.026252039E+51   1.667433860E+51
   2.890412751E+05  -2.184807547E+47   2.710872529E+50   7.553764204E+50   1.026245193E+51   1.667427013E+51
   2.907421873E+05  -2.174396121E+47   2.693686014E+50   7.570871272E+50   1.026238289E+51   1.667420110E+51
   2.924639349E+05  -2.163953947E+47   2.676492979E+50   7.587983946E+50   1.026231297E+51   1.667413118E+51
   2.941144928E+05  -2.154033789E+47   2.660200763E+50   7.604199300E+50   1.026224603E+51   1.667406424E+51
   2.958774799E+05  -2.143534251E+47   2.643001621E+50   7.621316897E+50   1.026217498E+51   1.667399319E+51
   2.975675289E+05  -2.133561335E+47   2.626708030E+50   7.637533094E+50   1.026210756E+51   1.667392577E+51
   2.992748610E+05  -2.123580143E+47   2.610442453E+50   7.653723774E+50   1.026204265E+51   1.667386085E+51
   3.009848610E+05  -2.113676424E+47   2.594343398E+50   7.669750557E+50   1.026198028E+51   1.667379849E+51
   3.026948610E+05  -2.103861543E+47   2.578427883E+50   7.685593738E+50   1.026191776E+51   1.667373597E+51
   3.043098610E+05  -2.094672495E+47   2.563562704E+50   7.700390628E+50   1.026185866E+51   1.667367687E+51
   3.060198610E+05  -2.085027162E+47   2.547996922E+50   7.715884399E+50   1.026179629E+51   1.667361450E+51
   3.077298610E+05  -2.075467415E+47   2.532607667E+50   7.731202185E+50   1.026173438E+51   1.667355259E+51
   3.094398610E+05  -2.065992183E+47   2.517392140E+50   7.746346770E+50   1.026167292E+51   1.667349113E+51
   3.111498610E+05  -2.056600410E+47   2.502347090E+50   7.761321098E+50   1.026161159E+51   1.667342980E+51
   3.128598610E+05  -2.047291056E+47   2.487469484E+50   7.776128001E+50   1.026155019E+51   1.667336840E+51
   3.145698610E+05  -2.038063096E+47   2.472756774E+50   7.790770000E+50   1.026148871E+51   1.667330692E+51
   3.162798610E+05  -2.028915523E+47   2.458206889E+50   7.805249331E+50   1.026142730E+51   1.667324551E+51
   3.179898610E+05  -2.019847342E+47   2.443817874E+50   7.819568184E+50   1.026136621E+51   1.667318442E+51
   3.196048610E+05  -2.011354965E+47   2.430373931E+50   7.832946311E+50   1.026130889E+51   1.667312709E+51
   3.213148610E+05  -2.002438369E+47   2.416290810E+50   7.846960031E+50   1.026124840E+51   1.667306661E+51
   3.230248610E+05  -1.993598325E+47   2.402360960E+50   7.860820625E+50   1.026118799E+51   1.667300620E+51
   3.247348610E+05  -1.984833896E+47   2.388581778E+50   7.874530556E+50   1.026112750E+51   1.667294571E+51
   3.264448610E+05  -1.976144160E+47   2.374951055E+50   7.888092033E+50   1.026106694E+51   1.667288515E+51
   3.281548610E+05  -1.967528208E+47   2.361466920E+50   7.901507085E+50   1.026100648E+51   1.667282468E+51
   3.298648610E+05  -1.958985146E+47   2.348127536E+50   7.914777730E+50   1.026094628E+51   1.667276449E+51
   3.315748610E+05  -1.950514091E+47   2.334930724E+50   7.927906118E+50   1.026088633E+51   1.667270454E+51
   3.332848610E+05  -1.942114173E+47   2.321874197E+50   7.940894530E+50   1.026082661E+51   1.667264482E+51
   3.349948610E+05  -1.933784539E+47   2.308955476E+50   7.953745279E+50   1.026076697E+51   1.667258518E+51
   3.366098610E+05  -1.925981435E+47   2.296878889E+50   7.965757681E+50   1.026071059E+51   1.667252880E+51
   3.383198610E+05  -1.917786057E+47   2.284221728E+50   7.978346880E+50   1.026065082E+51   1.667246903E+51
   3.400298610E+05  -1.909658514E+47   2.271696375E+50   7.990804367E+50   1.026059108E+51   1.667240929E+51
   3.417398610E+05  -1.901597998E+47   2.259301097E+50   8.003131937E+50   1.026053144E+51   1.667234964E+51
   3.434498610E+05  -1.893603713E+47   2.247034220E+50   8.015331447E+50   1.026047206E+51   1.667229027E+51
   3.451598610E+05  -1.885674878E+47   2.234893766E+50   8.027404849E+50   1.026041294E+51   1.667223115E+51
   3.468698610E+05  -1.877810718E+47   2.222877619E+50   8.039354144E+50   1.026035395E+51   1.667217216E+51
   3.485798610E+05  -1.870010473E+47   2.210983699E+50   8.051181288E+50   1.026029498E+51   1.667211318E+51
   3.502898610E+05  -1.862273394E+47   2.199210090E+50   8.062888114E+50   1.026023593E+51   1.667205414E+51
   3.519048610E+05  -1.855023486E+47   2.188199499E+50   8.073835604E+50   1.026018008E+51   1.667199829E+51
   3.536148610E+05  -1.847407123E+47   2.176655219E+50   8.085313215E+50   1.026012103E+51   1.667193924E+51
   3.553248610E+05  -1.839851781E+47   2.165226746E+50   8.096675279E+50   1.026006217E+51   1.667188038E+51
   3.570348610E+05  -1.832356753E+47   2.153912494E+50   8.107923422E+50   1.026000356E+51   1.667182177E+51
   3.587448610E+05  -1.824921341E+47   2.142710732E+50   8.119059340E+50   1.025994515E+51   1.667176336E+51
   3.604548610E+05  -1.817544857E+47   2.131619624E+50   8.130084751E+50   1.025988683E+51   1.667170504E+51
   3.621648610E+05  -1.810226626E+47   2.120637353E+50   8.141001334E+50   1.025982846E+51   1.667164667E+51
   3.638748610E+05  -1.802965979E+47   2.109762355E+50   8.151810676E+50   1.025977007E+51   1.667158827E+51
   3.655848610E+05  -1.795762259E+47   2.098993167E+50   8.162514261E+50   1.025971167E+51   1.667152987E+51
   3.672948610E+05  -1.788614817E+47   2.088328452E+50   8.173113496E+50   1.025965333E+51   1.667147154E+51
   3.689098610E+05  -1.781915555E+47   2.078350970E+50   8.183029325E+50   1.025959838E+51   1.667141659E+51
   3.706198610E+05  -1.774875724E+47   2.067885557E+50   8.193429667E+50   1.025954035E+51   1.667135856E+51
   3.723298610E+05  -1.767890316E+47   2.057520490E+50   8.203729844E+50   1.025948244E+51   1.667130065E+51
   3.740398610E+05  -1.760958719E+47   2.047254280E+50   8.213931345E+50   1.025942467E+51   1.667124287E+51
   3.757498610E+05  -1.754080331E+47   2.037085375E+50   8.224035648E+50   1.025936694E+51   1.667118515E+51
   3.774598610E+05  -1.747254556E+47   2.027012290E+50   8.234044179E+50   1.025930921E+51   1.667112742E+51
   3.791698610E+05  -1.740480808E+47   2.017033653E+50   8.243958296E+50   1.025925147E+51   1.667106968E+51
   3.808798610E+05  -1.733758509E+47   2.007148155E+50   8.253779280E+50   1.025919368E+51   1.667101188E+51
   3.825898610E+05  -1.727087090E+47   1.997354627E+50   8.263508370E+50   1.025913591E+51   1.667095412E+51
   3.842048610E+05  -1.720832517E+47   1.988188619E+50   8.272613685E+50   1.025908147E+51   1.667089968E+51
   3.859148610E+05  -1.714258430E+47   1.978570618E+50   8.282167622E+50   1.025902398E+51   1.667084219E+51
   3.876248610E+05  -1.707733592E+47   1.969041047E+50   8.291633325E+50   1.025896664E+51   1.667078485E+51
   3.893348610E+05  -1.701257464E+47   1.959598597E+50   8.301012063E+50   1.025890940E+51   1.667072761E+51
   3.910448610E+05  -1.694829517E+47   1.950241901E+50   8.310305091E+50   1.025885216E+51   1.667067037E+51
   3.927548610E+05  -1.688449226E+47   1.940969722E+50   8.319513625E+50   1.025879490E+51   1.667061311E+51
   3.944648610E+05  -1.682116076E+47   1.931780917E+50   8.328638826E+50   1.025873763E+51   1.667055584E+51
   3.961748610E+05  -1.675829558E+47   1.922674396E+50   8.337681800E+50   1.025868037E+51   1.667049857E+51
   3.978848610E+05  -1.669589171E+47   1.913649139E+50   8.346643601E+50   1.025862315E+51   1.667044136E+51
   3.995948610E+05  -1.663394420E+47   1.904704155E+50   8.355525264E+50   1.025856602E+51   1.667038423E+51
   4.012098610E+05  -1.657585287E+47   1.896328855E+50   8.363840846E+50   1.025851211E+51   1.667033032E+51
   4.029198610E+05  -1.651477885E+47   1.887536980E+50   8.372569634E+50   1.025845514E+51   1.667027334E+51
   4.046298610E+05  -1.645414703E+47   1.878822363E+50   8.381221323E+50   1.025839827E+51   1.667021648E+51
   4.063398610E+05  -1.639395273E+47   1.870183941E+50   8.389796942E+50   1.025834149E+51   1.667015970E+51
   4.080498610E+05  -1.633419135E+47   1.861620668E+50   8.398297500E+50   1.025828475E+51   1.667010296E+51
   4.097598610E+05  -1.627485833E+47   1.853131539E+50   8.406723977E+50   1.025822803E+51   1.667004624E+51
   4.114698610E+05  -1.621594918E+47   1.844715518E+50   8.415077315E+50   1.025817124E+51   1.666998945E+51
   4.131798610E+05  -1.615745949E+47   1.836371785E+50   8.423358418E+50   1.025811446E+51   1.666993266E+51
   4.148898610E+05  -1.609938487E+47   1.828099547E+50   8.431568159E+50   1.025805777E+51   1.666987598E+51
   4.165048610E+05  -1.604491387E+47   1.820351735E+50   8.439257051E+50   1.025800430E+51   1.666982250E+51
   4.182148610E+05  -1.598763408E+47   1.812216026E+50   8.447330484E+50   1.025794775E+51   1.666976595E+51
   4.199248610E+05  -1.593075685E+47   1.804149294E+50   8.455335070E+50   1.025789129E+51   1.666970950E+51
   4.216348610E+05  -1.587427805E+47   1.796150595E+50   8.463271664E+50   1.025783483E+51   1.666965304E+51
   4.233448610E+05  -1.581819360E+47   1.788219145E+50   8.471141122E+50   1.025777845E+51   1.666959666E+51
   4.250548610E+05  -1.576249946E+47   1.780354080E+50   8.478944286E+50   1.025772212E+51   1.666954032E+51
   4.267648610E+05  -1.570719166E+47   1.772554551E+50   8.486681982E+50   1.025766581E+51   1.666948402E+51
   4.284748610E+05  -1.565226627E+47   1.764819738E+50   8.494355017E+50   1.025760953E+51   1.666942774E+51
   4.301848610E+05  -1.559771943E+47   1.757148847E+50   8.501964170E+50   1.025755325E+51   1.666937145E+51
   4.318948610E+05  -1.554354731E+47   1.749541060E+50   8.509510200E+50   1.025749690E+51   1.666931511E+51
   4.335098610E+05  -1.549272543E+47   1.742413289E+50   8.516579713E+50   1.025744373E+51   1.666926194E+51
   4.352198610E+05  -1.543927119E+47   1.734926294E+50   8.524005115E+50   1.025738748E+51   1.666920569E+51
   4.369298610E+05  -1.538618072E+47   1.727500374E+50   8.531369547E+50   1.025733130E+51   1.666914951E+51
   4.386398610E+05  -1.533345037E+47   1.720134815E+50   8.538673727E+50   1.025727520E+51   1.666909340E+51
   4.403498610E+05  -1.528107658E+47   1.712828875E+50   8.545918373E+50   1.025721914E+51   1.666903735E+51
   4.420598610E+05  -1.522905581E+47   1.705581783E+50   8.553104195E+50   1.025716307E+51   1.666898128E+51
   4.437698610E+05  -1.517738456E+47   1.698392893E+50   8.560231896E+50   1.025710705E+51   1.666892526E+51
   4.454798610E+05  -1.512605939E+47   1.691261504E+50   8.567302163E+50   1.025705106E+51   1.666886927E+51
   4.471898610E+05  -1.507507691E+47   1.684186935E+50   8.574315670E+50   1.025699510E+51   1.666881330E+51
   4.488048610E+05  -1.502723841E+47   1.677556976E+50   8.580888008E+50   1.025694226E+51   1.666876047E+51
   4.505148610E+05  -1.497691267E+47   1.670590995E+50   8.587793004E+50   1.025688631E+51   1.666870452E+51
   4.522248610E+05  -1.492691985E+47   1.663679898E+50   8.594643121E+50   1.025683033E+51   1.666864853E+51
   4.539348610E+05  -1.487725671E+47   1.656823138E+50   8.601438974E+50   1.025677439E+51   1.666859259E+51
   4.556448610E+05  -1.482792006E+47   1.650020118E+50   8.608181169E+50   1.025671850E+51   1.666853670E+51
   4.573548610E+05  -1.477890674E+47   1.643270243E+50   8.614870306E+50   1.025666266E+51   1.666848087E+51
   4.590648610E+05  -1.473021365E+47   1.636572918E+50   8.621506980E+50   1.025660688E+51   1.666842508E+51
   4.607748610E+05  -1.468183769E+47   1.629927506E+50   8.628091782E+50   1.025655110E+51   1.666836931E+51
   4.624848610E+05  -1.463377585E+47   1.623333414E+50   8.634625296E+50   1.025649533E+51   1.666831354E+51
   4.641948610E+05  -1.458602512E+47   1.616790101E+50   8.641108099E+50   1.025643960E+51   1.666825781E+51
   4.658098610E+05  -1.454121020E+47   1.610656414E+50   8.647184695E+50   1.025638699E+51   1.666820520E+51
   4.675198610E+05  -1.449405596E+47   1.604210204E+50   8.653570507E+50   1.025633131E+51   1.666814951E+51
   4.692298610E+05  -1.444720421E+47   1.597813120E+50   8.659907247E+50   1.025627565E+51   1.666809385E+51
   4.709398610E+05  -1.440065210E+47   1.591464579E+50   8.666195449E+50   1.025621996E+51   1.666803817E+51
   4.726498610E+05  -1.435439680E+47   1.585164067E+50   8.672435639E+50   1.025616427E+51   1.666798247E+51
   4.743598610E+05  -1.430843554E+47   1.578911110E+50   8.678628336E+50   1.025610860E+51   1.666792681E+51
   4.760698610E+05  -1.426276556E+47   1.572705199E+50   8.684774050E+50   1.025605297E+51   1.666787118E+51
   4.777798610E+05  -1.421738414E+47   1.566545831E+50   8.690873288E+50   1.025599738E+51   1.666781559E+51
   4.794898610E+05  -1.417228860E+47   1.560432504E+50   8.696926552E+50   1.025594183E+51   1.666776003E+51
   4.811048610E+05  -1.412995847E+47   1.554700576E+50   8.702601757E+50   1.025588934E+51   1.666770754E+51
   4.828148610E+05  -1.408541123E+47   1.548675263E+50   8.708567044E+50   1.025583377E+51   1.666765197E+51
   4.845248610E+05  -1.404114215E+47   1.542694533E+50   8.714487806E+50   1.025577822E+51   1.666759643E+51
   4.862348610E+05  -1.399714867E+47   1.536757901E+50   8.720364521E+50   1.025572271E+51   1.666754092E+51
   4.879448610E+05  -1.395342826E+47   1.530864890E+50   8.726197662E+50   1.025566721E+51   1.666748542E+51
   4.896548610E+05  -1.390997841E+47   1.525015035E+50   8.731987694E+50   1.025561173E+51   1.666742994E+51
   4.913648610E+05  -1.386679666E+47   1.519207806E+50   8.737735072E+50   1.025555620E+51   1.666737441E+51
   4.930748610E+05  -1.382388057E+47   1.513442812E+50   8.743440246E+50   1.025550067E+51   1.666731888E+51
   4.947848610E+05  -1.378122774E+47   1.507719627E+50   8.749103657E+50   1.025544516E+51   1.666726337E+51
   4.964948610E+05  -1.373883576E+47   1.502037817E+50   8.754725739E+50   1.025538967E+51   1.666720788E+51
   4.981098610E+05  -1.369903631E+47   1.496709270E+50   8.759997922E+50   1.025533729E+51   1.666715550E+51
   4.998198610E+05  -1.365714487E+47   1.491106695E+50   8.765540867E+50   1.025528185E+51   1.666710006E+51
   5.015298610E+05  -1.361550744E+47   1.485544172E+50   8.771043728E+50   1.025522635E+51   1.666704456E+51
   5.032398610E+05  -1.357412175E+47   1.480021364E+50   8.776506919E+50   1.025517087E+51   1.666698908E+51
   5.049498610E+05  -1.353298555E+47   1.474537867E+50   8.781930846E+50   1.025511541E+51   1.666693362E+51
   5.066598610E+05  -1.349209663E+47   1.469093280E+50   8.787315909E+50   1.025505998E+51   1.666687819E+51
   5.083698610E+05  -1.345145278E+47   1.463687205E+50   8.792662504E+50   1.025500456E+51   1.666682277E+51
   5.100798610E+05  -1.341105184E+47   1.458319250E+50   8.797971019E+50   1.025494916E+51   1.666676737E+51
   5.117898610E+05  -1.337089167E+47   1.452988957E+50   8.803241833E+50   1.025489370E+51   1.666671191E+51
   5.134048610E+05  -1.333318177E+47   1.447989108E+50   8.808185547E+50   1.025484134E+51   1.666665954E+51
   5.151148610E+05  -1.329348370E+47   1.442731135E+50   8.813384123E+50   1.025478591E+51   1.666660412E+51
   5.168248610E+05  -1.325402022E+47   1.437509819E+50   8.818546083E+50   1.025473050E+51   1.666654871E+51
   5.185348610E+05  -1.321478928E+47   1.432324807E+50   8.823671784E+50   1.025467511E+51   1.666649332E+51
   5.202448610E+05  -1.317578886E+47   1.427175737E+50   8.828761574E+50   1.025461973E+51   1.666643794E+51
   5.219548610E+05  -1.313701695E+47   1.422062215E+50   8.833815797E+50   1.025456431E+51   1.666638252E+51
   5.236648610E+05  -1.309847157E+47   1.416983968E+50   8.838834793E+50   1.025450891E+51   1.666632712E+51
   5.253748610E+05  -1.306015077E+47   1.411940664E+50   8.843818895E+50   1.025445354E+51   1.666627175E+51
   5.270848610E+05  -1.302205260E+47   1.406932016E+50   8.848768432E+50   1.025439824E+51   1.666621645E+51
   5.287948610E+05  -1.298417517E+47   1.401957665E+50   8.853683726E+50   1.025434297E+51   1.666616118E+51
   5.304098610E+05  -1.294860300E+47   1.397290834E+50   8.858294794E+50   1.025429077E+51   1.666610898E+51
   5.321198610E+05  -1.291114936E+47   1.392382155E+50   8.863144412E+50   1.025423545E+51   1.666605366E+51
   5.338298610E+05  -1.287391093E+47   1.387506845E+50   8.867960709E+50   1.025418016E+51   1.666599837E+51
   5.355398610E+05  -1.283688589E+47   1.382664603E+50   8.872743988E+50   1.025412490E+51   1.666594311E+51
   5.372498610E+05  -1.280007242E+47   1.377855134E+50   8.877494548E+50   1.025406967E+51   1.666588788E+51
   5.389598610E+05  -1.276346874E+47   1.373078147E+50   8.882212680E+50   1.025401448E+51   1.666583269E+51
   5.406698610E+05  -1.272707307E+47   1.368333319E+50   8.886898674E+50   1.025395929E+51   1.666577749E+51
   5.423798610E+05  -1.269088367E+47   1.363620360E+50   8.891552816E+50   1.025390409E+51   1.666572230E+51
   5.440898610E+05  -1.265489880E+47   1.358939034E+50   8.896175384E+50   1.025384893E+51   1.666566714E+51
   5.457048610E+05  -1.262109935E+47   1.354546579E+50   8.900512402E+50   1.025379687E+51   1.666561508E+51
   5.474148610E+05  -1.258550729E+47   1.349925976E+50   8.905074368E+50   1.025374179E+51   1.666556000E+51
   5.491248610E+05  -1.255011478E+47   1.345336206E+50   8.909605565E+50   1.025368676E+51   1.666550497E+51
   5.508348610E+05  -1.251492015E+47   1.340776967E+50   8.914106259E+50   1.025363173E+51   1.666544994E+51
   5.525448610E+05  -1.247992177E+47   1.336247996E+50   8.918576713E+50   1.025357672E+51   1.666539492E+51
   5.542548610E+05  -1.244511801E+47   1.331749072E+50   8.923017186E+50   1.025352175E+51   1.666533995E+51
   5.559648610E+05  -1.241050726E+47   1.327279939E+50   8.927427934E+50   1.025346682E+51   1.666528503E+51
   5.576748610E+05  -1.237608795E+47   1.322840345E+50   8.931809210E+50   1.025341195E+51   1.666523015E+51
   5.593848610E+05  -1.234185850E+47   1.318430039E+50   8.936161265E+50   1.025335712E+51   1.666517533E+51
   5.610948610E+05  -1.230781736E+47   1.314048720E+50   8.940484345E+50   1.025330228E+51   1.666512049E+51
   5.627098610E+05  -1.227583891E+47   1.309937227E+50   8.944540872E+50   1.025325051E+51   1.666506872E+51
   5.644198610E+05  -1.224215953E+47   1.305611653E+50   8.948808313E+50   1.025319575E+51   1.666501396E+51
   5.661298610E+05  -1.220866398E+47   1.301314444E+50   8.953047495E+50   1.025314107E+51   1.666495928E+51
   5.678398610E+05  -1.217535077E+47   1.297045316E+50   8.957258654E+50   1.025308644E+51   1.666490464E+51
   5.695498610E+05  -1.214221843E+47   1.292804026E+50   8.961442028E+50   1.025303183E+51   1.666485004E+51
   5.712598610E+05  -1.210926549E+47   1.288590285E+50   8.965597849E+50   1.025297721E+51   1.666479542E+51
   5.729698610E+05  -1.207649052E+47   1.284403904E+50   8.969726349E+50   1.025292260E+51   1.666474081E+51
   5.746798610E+05  -1.204389208E+47   1.280244674E+50   8.973827756E+50   1.025286804E+51   1.666468625E+51
   5.763898610E+05  -1.201146877E+47   1.276112366E+50   8.977902299E+50   1.025281352E+51   1.666463173E+51
   5.780048610E+05  -1.198100630E+47   1.272234148E+50   8.981726014E+50   1.025276206E+51   1.666458027E+51
   5.797148610E+05  -1.194891953E+47   1.268153545E+50   8.985748964E+50   1.025270762E+51   1.666452583E+51
