 0001  0.1188629309509788E-001
 0002  0.1217378725789633E-001
 0003  0.1217378725789633E-001
 0004  0.1217378725789633E-001
 0005  0.1250643039298522E-001
 0006  0.1250643039298522E-001
 0007  0.1288200666645135E-001
 0008  0.1288200666645135E-001
 0009  0.1324886134904204E-001
 0010  0.1324886134904204E-001
 0011  0.1324886134904204E-001
 0012  0.1366665718202036E-001
 0013  0.1366665718202036E-001
 0014  0.1407475100616020E-001
 0015  0.1407475100616020E-001
 0016  0.1453336234226103E-001
 0017  0.1453336234226103E-001
 0018  0.1504552884627959E-001
 0019  0.1504552884627959E-001
 0020  0.1554580187612598E-001
 0021  0.1554580187612598E-001
 0022  0.1610809578229133E-001
 0023  0.1610809578229134E-001
 0024  0.1672757159383354E-001
 0025  0.1672757159383355E-001
 0026  0.1740876027144532E-001
 0027  0.1805534521819129E-001
 0028  0.1805534521819130E-001
 0029  0.1877326774629276E-001
 0030  0.1877326774629276E-001
 0031  0.1956612630619812E-001
 0032  0.1956612630619812E-001
 0033  0.2034057319191076E-001
 0034  0.2116432244868745E-001
 0035  0.2116432244868745E-001
 0036  0.2210739365670607E-001
 0037  0.2210739365670607E-001
 0038  0.2302856496895431E-001
 0039  0.2412355781175158E-001
 0040  0.2412355781175158E-001
 0041  0.2552921079419405E-001
 0042  0.2729341541183772E-001
 0043  0.2729341541183773E-001
 0044  0.2901665186407085E-001
 0045  0.2901665186407085E-001
 0046  0.3117308872067207E-001
 0047  0.3377114543528222E-001
 0048  0.3377114543528222E-001
 0049  0.3705419485068114E-001
 0050  0.4010572456804106E-001
 0051  0.4388364487862433E-001
 0052  0.4388364487862432E-001
 0053  0.4870336958453204E-001
 0054  0.5418868686086138E-001
 0055  0.5418868686086138E-001
 0056  0.5954662470327558E-001
 0057  0.6583605699635674E-001
 0058  0.6583605699635675E-001
 0059  0.7357409941535643E-001
 0060  0.8237510941574197E-001
 0061  0.9224911676792549E-001
 0062  0.9224911676792549E-001
 0063  0.1018938310084012E+000
 0064  0.1125622871683628E+000
 0065  0.1242998838381267E+000
 0066  0.1242998838381267E+000
 0067  0.1380301026970261E+000
 0068  0.1528060571262914E+000
 0069  0.1661854207740482E+000
 0070  0.1661854207740482E+000
 0071  0.1820874635598502E+000
 0072  0.1991934144427540E+000
 0073  0.2170363027834518E+000
 0074  0.2355895024667699E+000
 0075  0.2355895024667699E+000
 0076  0.2537118617895541E+000
 0077  0.2728936159093087E+000
 0078  0.2929370784389287E+000
 0079  0.3136368519085430E+000
 0080  0.3136368519085429E+000
 0081  0.3368796814994831E+000
 0082  0.3601702215510406E+000
 0083  0.3806231398706357E+000
 0084  0.4016872882593019E+000
 0085  0.4016872882593019E+000
 0086  0.4255195118962382E+000
 0087  0.4491757703646324E+000
 0088  0.4725137821651085E+000
 0089  0.4954528487510692E+000
 0090  0.5179494768682751E+000
 0091  0.5179494768682751E+000
 0092  0.5428440050802043E+000
 0093  0.5667652874658048E+000
 0094  0.5893321692168749E+000
 0095  0.6103977430605474E+000
 0096  0.6298609258619891E+000
 0097  0.6475506970917888E+000
 0098  0.6632834989972731E+000
 0099  0.6768935825850848E+000
 0100  0.6882471521634623E+000
 0101  0.6967650319583074E+000
 0102  0.7025602227357166E+000
 0103  0.7057707651967926E+000
 0104  0.7065569936354750E+000
 0105  0.7050974802163860E+000
 0106  0.7015843799733567E+000
 0107  0.6941299828724921E+000
 0108  0.6855685829642935E+000
 0109  0.6760220001001620E+000
 0110  0.6656049815777035E+000
 0111  0.6544424324896286E+000
 0112  0.6426632194816074E+000
 0113  0.6193849850751145E+000
 0114  0.6079616055545790E+000
 0115  0.5962404109543268E+000
 0116  0.5842181350649074E+000
 0117  0.5720403325899043E+000
 0118  0.5598292799254299E+000
 0119  0.5476870041472064E+000
 0120  0.5356979339446319E+000
 0121  0.5239312221540204E+000
 0122  0.5124427823043705E+000
 0123  0.5003871404854938E+000
 0124  0.4889586475064460E+000
 0125  0.4781287149303570E+000
 0126  0.4678708367348424E+000
 0127  0.4581601659554337E+000
 0128  0.4489731876411760E+000
 0129  0.4402874695020467E+000
 0130  0.4251690953289106E+000
 0131  0.4185660775277009E+000
 0132  0.4122531554712546E+000
 0133  0.4062301434312901E+000
 0134  0.4004947071568393E+000
 0135  0.3950427330153082E+000
 0136  0.3898686502355607E+000
 0137  0.3847283931860378E+000
 0138  0.3799198273084903E+000
 0139  0.3754216455744254E+000
 0140  0.3712140246887775E+000
 0141  0.3672735922543997E+000
 0142  0.3635849954203990E+000
 0143  0.3601335242310365E+000
 0144  0.3569051796180316E+000
 0145  0.3513573124839489E+000
 0146  0.3489658156421585E+000
 0147  0.3467065710092831E+000
 0148  0.3445739751181374E+000
 0149  0.3424911845300014E+000
 0150  0.3405428235014200E+000
 0151  0.3387188656294042E+000
 0152  0.3370116434243166E+000
 0153  0.3354139370217692E+000
 0154  0.3339189503937360E+000
 0155  0.3325202885904876E+000
 0156  0.3312119359956296E+000
 0157  0.3299882355723861E+000
 0158  0.3278748938513983E+000
 0159  0.3269601380946885E+000
 0160  0.3260723556342037E+000
 0161  0.3252391938907516E+000
 0162  0.3244573504633015E+000
 0163  0.3237237179997344E+000
 0164  0.3230353730511080E+000
 0165  0.3223895655311206E+000
 0166  0.3217837087509391E+000
 0167  0.3212153682081205E+000
 0168  0.3206822551598657E+000
 0169  0.3201820223172261E+000
 0170  0.3193013281682400E+000
 0171  0.3189139723609534E+000
 0172  0.3185492497615034E+000
 0173  0.3182058494408813E+000
 0174  0.3178825357294782E+000
 0175  0.3175781439275024E+000
 0176  0.3172915762595073E+000
 0177  0.3170217218886072E+000
 0178  0.3167676274642701E+000
 0179  0.3165236762167734E+000
 0180  0.3162947552409736E+000
 0181  0.3158945004369406E+000
 0182  0.3157192597931466E+000
 0183  0.3155536025794488E+000
 0184  0.3153970143337702E+000
 0185  0.3152490073544262E+000
 0186  0.3151091193828041E+000
 0187  0.3149769123442731E+000
 0188  0.3148498315064004E+000
 0189  0.3147300546777926E+000
 0190  0.3145186586126531E+000
 0191  0.3144252661557100E+000
 0192  0.3143366971461288E+000
 0193  0.3142527057245911E+000
 0194  0.3141730582351551E+000
 0195  0.3140963848753047E+000
 0196  0.3140238290491520E+000
 0197  0.3139551661629584E+000
 0198  0.3138901840380287E+000
 0199  0.3138286822524177E+000
 0200  0.3137192469444304E+000
 0201  0.3136705080036496E+000
 0202  0.3136235041991511E+000
 0203  0.3135788663614764E+000
 0204  0.3135364736637951E+000
 0205  0.3134962115438685E+000
 0206  0.3134579713740703E+000
 0207  0.3134216464246272E+000
 0208  0.3133561502507353E+000
 0209  0.3133266265558608E+000
 0210  0.3132984984666450E+000
 0211  0.3132716968544689E+000
 0212  0.3132461585864966E+000
 0213  0.3132218235506619E+000
 0214  0.3131986345178099E+000
 0215  0.3131762885460387E+000
 0216  0.3131360429893342E+000
 0217  0.3131179086693091E+000
 0218  0.3131005799128906E+000
 0219  0.3130840206167725E+000
 0220  0.3130681963079414E+000
 0221  0.3130529157759087E+000
 0222  0.3130383290441649E+000
 0223  0.3130118973844947E+000
 0224  0.3129999151838733E+000
 0225  0.3129884351841600E+000
 0226  0.3129773307375220E+000
 0227  0.3129667023169780E+000
 0228  0.3129565285490829E+000
 0229  0.3129467896057662E+000
 0230  0.3129290441776554E+000
 0231  0.3129208836322139E+000
 0232  0.3129130536921060E+000
 0233  0.3129055407154201E+000
 0234  0.3128983316317882E+000
 0235  0.3128914136194360E+000
 0236  0.3128847747302669E+000
 0237  0.3128725205551394E+000
 0238  0.3128669144272958E+000
 0239  0.3128615231191119E+000
 0240  0.3128563382677318E+000
 0241  0.3128513126882658E+000
 0242  0.3128464826426260E+000
 0243  0.3128376074682968E+000
 0244  0.3128335285557544E+000
 0245  0.3128295689108732E+000
 0246  0.3128257556166711E+000
 0247  0.3128220830216746E+000
 0248  0.3128185458143528E+000
 0249  0.3128119969829577E+000
 0250  0.3128089654944972E+000
 0251  0.3128060404556176E+000
 0252  0.3128032179704476E+000
 0253  0.3128004764078542E+000
 0254  0.3127978322411673E+000
 0255  0.3127929380506898E+000
 0256  0.3127906725634880E+000
 0257  0.3127884688684612E+000
 0258  0.3127863397057101E+000
 0259  0.3127842824854436E+000
 0260  0.3127804501657283E+000
 0261  0.3127786652016799E+000
 0262  0.3127769378036023E+000
 0263  0.3127752660669630E+000
 0264  0.3127736388667050E+000
 0265  0.3127706082783434E+000
 0266  0.3127691967753553E+000
 0267  0.3127678212157091E+000
 0268  0.3127664884502491E+000
 0269  0.3127651971079760E+000
 0270  0.3127627785049527E+000
 0271  0.3127616459203028E+000
 0272  0.3127605470243952E+000
 0273  0.3127594754132991E+000
 0274  0.3127574688260814E+000
 0275  0.3127565292655828E+000
 0276  0.3127556120289382E+000
 0277  0.3127547211597804E+000
 0278  0.3127538558651532E+000
 0279  0.3127522239272819E+000
 0280  0.3127514580862467E+000
 0281  0.3127507133336974E+000
 0282  0.3127499858060855E+000
 0283  0.3127486170699073E+000
 0284  0.3127479703699511E+000
 0285  0.3127473409138627E+000
 0286  0.3127467282203609E+000
 0287  0.3127455681522216E+000
 0288  0.3127450213583414E+000
 0289  0.3127444863991015E+000
 0290  0.3127439652362888E+000
 0291  0.3127429788114751E+000
 0292  0.3127425120137610E+000
 0293  0.3127420567947337E+000
 0294  0.3127416111640306E+000
 0295  0.3127407663316470E+000
 0296  0.3127403658898706E+000
 0297  0.3127399750741036E+000
 0298  0.3127392314910927E+000
 0299  0.3127388790734560E+000
 0300  0.3127385336172772E+000
 0301  0.3127381962125468E+000
 0302  0.3127375533757955E+000
 0303  0.3127372482258282E+000
 0304  0.3127369489486095E+000
 0305  0.3127363789160425E+000
 0306  0.3127361074622113E+000
 0307  0.3127358411069946E+000
 0308  0.3127355805948657E+000
 0309  0.3127350837260708E+000
 0310  0.3127348467924104E+000
 0311  0.3127346141877110E+000
 0312  0.3127341699870283E+000
 0313  0.3127339579021264E+000
 0314  0.3127337495950934E+000
 0315  0.3127333512943047E+000
 0316  0.3127331608466981E+000
 0317  0.3127329735497391E+000
 0318  0.3127326145171140E+000
 0319  0.3127324423788316E+000
 0320  0.3127322727656970E+000
 0321  0.3127319468330104E+000
 0322  0.3127317901810429E+000
 0323  0.3127316355701558E+000
 0324  0.3127313378158812E+000
 0325  0.3127311937516936E+000
 0326  0.3127309158385994E+000
 0327  0.3127307817630570E+000
 0328  0.3127306491191115E+000
 0329  0.3127303921905356E+000
 0330  0.3127302677365909E+000
 0331  0.3127301451171564E+000
 0332  0.3127299066432361E+000
 0333  0.3127297912543754E+000
 0334  0.3127295665590042E+000
 0335  0.3127294577139499E+000
 0336  0.3127293497909456E+000
 0337  0.3127291399573711E+000
 0338  0.3127290379468232E+000
 0339  0.3127288389311631E+000
 0340  0.3127287423467534E+000
 0341  0.3127285537595712E+000
 0342  0.3127284617065427E+000
 0343  0.3127283707914567E+000
 0344  0.3127281931724079E+000
 0345  0.3127281064232976E+000
 0346  0.3127279368837407E+000
 0347  0.3127278544391222E+000
 0348  0.3127276932107183E+000
 0349  0.3127276143920182E+000
 0350  0.3127274602126362E+000
 0351  0.3127273848196745E+000
 0352  0.3127272373036561E+000
 0353  0.3127271651515016E+000
 0354  0.3127270239694789E+000
 0355  0.3127269549239030E+000
 0356  0.3127268198408079E+000
 0357  0.3127267537856012E+000
 0358  0.3127266245633187E+000
 0359  0.3127265613773342E+000
 0360  0.3127264375708786E+000
 0361  0.3127263769418474E+000
 0362  0.3127262583613267E+000
 0363  0.3127262003888994E+000
 0364  0.3127260866708569E+000
 0365  0.3127259769268623E+000
 0366  0.3127259231971694E+000
 0367  0.3127258179669675E+000
 0368  0.3127257664522802E+000
 0369  0.3127256654471258E+000
 0370  0.3127255678386174E+000
 0371  0.3127255200043748E+000
 0372  0.3127254263296048E+000
 0373  0.3127253803814968E+000
 0374  0.3127252904067438E+000
 0375  0.3127252032851529E+000
 0376  0.3127251605615233E+000
 0377  0.3127250767555654E+000
 0378  0.3127249956215843E+000
 0379  0.3127249558413636E+000
 0380  0.3127248778182935E+000
 0381  0.3127248022279867E+000
 0382  0.3127247651434205E+000
 0383  0.3127246923676775E+000
 0384  0.3127246217800860E+000
 0385  0.3127245533177752E+000
 0386  0.3127245197011791E+000
 0387  0.3127244536777324E+000
 0388  0.3127243896267804E+000
 0389  0.3127243274610987E+000
 0390  0.3127242969086952E+000
 0391  0.3127242369002358E+000
 0392  0.3127241785930475E+000
 0393  0.3127241219296794E+000
 0394  0.3127240668729549E+000
 0395  0.3127240133268385E+000
 0396  0.3127239870010322E+000
 0397  0.3127239352257860E+000
 0398  0.3127238848539336E+000
 0399  0.3127238358405056E+000
 0400  0.3127237881334058E+000
 0401  0.3127237416829836E+000
 0402  0.3127236964454406E+000
 0403  0.3127236523784257E+000
 0404  0.3127236094397106E+000
 0405  0.3127235676166605E+000
 0406  0.3127235270389556E+000
 0407  0.3127234876855184E+000
 0408  0.3127234495061283E+000
 0409  0.3127234124531583E+000
 0410  0.3127233764814137E+000
 0411  0.3127233415479846E+000
 0412  0.3127233076121058E+000
 0413  0.3127232746350291E+000
 0414  0.3127232425799040E+000
 0415  0.3127232114116649E+000
 0416  0.3127231664070674E+000
 0417  0.3127231375154361E+000
 0418  0.3127231093913604E+000
 0419  0.3127230820070963E+000
 0420  0.3127230553361656E+000
 0421  0.3127230167424361E+000
 0422  0.3127229919141308E+000
 0423  0.3127229677083498E+000
 0424  0.3127229326363295E+000
 0425  0.3127229100449191E+000
 0426  0.3127228879995355E+000
 0427  0.3127228560193714E+000
 0428  0.3127228353952795E+000
 0429  0.3127228054516768E+000
 0430  0.3127227861249764E+000
 0431  0.3127227580426155E+000
 0432  0.3127227399030119E+000
 0433  0.3127227135255924E+000
 0434  0.3127226964746112E+000
 0435  0.3127226716623844E+000
 0436  0.3127226477864682E+000
 0437  0.3127226323346546E+000
 0438  0.3127226098243457E+000
 0439  0.3127225881339327E+000
 0440  0.3127225672227936E+000
 0441  0.3127225470528853E+000
 0442  0.3127225275885430E+000
 0443  0.3127225087963006E+000
 0444  0.3127224906447263E+000
 0445  0.3127224731042719E+000
 0446  0.3127224561471361E+000
 0447  0.3127224397471388E+000
 0448  0.3127224238796061E+000
 0449  0.3127224085212647E+000
 0450  0.3127223888331641E+000
 0451  0.3127223746307807E+000
 0452  0.3127223608665637E+000
 0453  0.3127223431958436E+000
 0454  0.3127223262897990E+000
 0455  0.3127223140696987E+000
 0456  0.3127222983573921E+000
 0457  0.3127222832991281E+000
 0458  0.3127222688590311E+000
 0459  0.3127222550037432E+000
 0460  0.3127222417022095E+000
 0461  0.3127222289254834E+000
 0462  0.3127222166465526E+000
 0463  0.3127222048401817E+000
 0464  0.3127221907280241E+000
 0465  0.3127221773063079E+000
 0466  0.3127221670270277E+000
 0467  0.3127221547177313E+000
 0468  0.3127221429875585E+000
 0469  0.3127221296396695E+000
 0470  0.3127221190852137E+000
 0471  0.3127221070569514E+000
 0472  0.3127220975321437E+000
 0473  0.3127220866623954E+000
 0474  0.3127220747220291E+000
 0475  0.3127220650783303E+000
 0476  0.3127220544665941E+000
 0477  0.3127220445015188E+000
 0478  0.3127220351354972E+000
 0479  0.3127220251158112E+000
 0480  0.3127220146576836E+000
 0481  0.3127220060247191E+000
 0482  0.3127219960383420E+000
 0483  0.3127219868747605E+000
 0484  0.3127219784557094E+000
 0485  0.3127219692460049E+000
 0486  0.3127219602621672E+000
 0487  0.3127219516143480E+000
 0488  0.3127219433914433E+000
 0489  0.3127219347678767E+000
 0490  0.3127219269337697E+000
 0491  0.3127219186067323E+000
 0492  0.3127219107118054E+000
 0493  0.3127219028265678E+000
 0494  0.3127218986759968E+000
 0495  0.3127218986759968E+000
 0496  0.3127218986759968E+000
 0497  0.3127218986759968E+000
 0498  0.3127218986759968E+000
 0499  0.3127218986759968E+000
 0500  0.3127218986759968E+000
 0501  0.3127218986759968E+000
 0502  0.3127218986759968E+000
 0503  0.3127218986759968E+000
 0504  0.3127218986759968E+000
 0505  0.3127218986759968E+000
 0506  0.3127218986759968E+000
 0507  0.3127218986759968E+000
 0508  0.3127218986759968E+000
 0509  0.3127218986759968E+000
 0510  0.3127218986759968E+000
 0511  0.3127218986759968E+000
 0512  0.3127218986759968E+000
 0513  0.3127218986759968E+000
 0514  0.3127218986759968E+000
 0515  0.3127218986759968E+000
 0516  0.3127218986759968E+000
 0517  0.3127218986759968E+000
 0518  0.3127218986759968E+000
 0519  0.3127218986759968E+000
 0520  0.3127218986759968E+000
 0521  0.3127218986759968E+000
 0522  0.3127218986759968E+000
 0523  0.3127218986759968E+000
 0524  0.3127218986759968E+000
 0525  0.3127218986759968E+000
 0526  0.3127218986759968E+000
 0527  0.3127218986759968E+000
 0528  0.3127218986759968E+000
 0529  0.3127218986759968E+000
 0530  0.3127218986759968E+000
 0531  0.3127218986759968E+000
 0532  0.3127218986759968E+000
 0533  0.3127218986759968E+000
 0534  0.3127218986759968E+000
 0535  0.3127218986759968E+000
 0536  0.3127218986759968E+000
 0537  0.3127218986759968E+000
 0538  0.3127218986759968E+000
 0539  0.3127218986759968E+000
 0540  0.3127218986759968E+000
 0541  0.3127218986759968E+000
 0542  0.3127218986759968E+000
 0543  0.3127218986759968E+000
 0544  0.3127218986759968E+000
 0545  0.3127218986759968E+000
 0546  0.3127218986759968E+000
 0547  0.3127218986759968E+000
 0548  0.3127218986759968E+000
 0549  0.3127218986759968E+000
 0550  0.3127218986759968E+000
 0551  0.3127218986759968E+000
 0552  0.3127218986759968E+000
 0553  0.3127218986759968E+000
 0554  0.3127218986759968E+000
 0555  0.3127218986759968E+000
 0556  0.3127218986759968E+000
 0557  0.3127218986759968E+000
 0558  0.3127218986759968E+000
 0559  0.3127218986759968E+000
 0560  0.3127218986759968E+000
 0561  0.3127218986759968E+000
 0562  0.3127218986759968E+000
 0563  0.3127218986759968E+000
 0564  0.3127218986759968E+000
 0565  0.3127218986759968E+000
 0566  0.3127218986759968E+000
 0567  0.3127218986759968E+000
 0568  0.3127218986759968E+000
 0569  0.3127218986759968E+000
 0570  0.3127218986759968E+000
 0571  0.3127218986759968E+000
 0572  0.3127218986759968E+000
 0573  0.3127218986759968E+000
 0574  0.3127218986759968E+000
 0575  0.3127218986759968E+000
 0576  0.3127218986759968E+000
 0577  0.3127218986759968E+000
 0578  0.3127218986759968E+000
 0579  0.3127218986759968E+000
 0580  0.3127218986759968E+000
 0581  0.3127218986759968E+000
 0582  0.3127218986759968E+000
 0583  0.3127218986759968E+000
 0584  0.3127218986759968E+000
 0585  0.3127218986759968E+000
 0586  0.3127218986759968E+000
 0587  0.3127218986759968E+000
 0588  0.3127218986759968E+000
 0589  0.3127218986759968E+000
 0590  0.3127218986759968E+000
 0591  0.3127218986759968E+000
 0592  0.3127218986759968E+000
 0593  0.3127218986759968E+000
 0594  0.3127218986759968E+000
 0595  0.3127218986759968E+000
 0596  0.3127218986759968E+000
 0597  0.3127218986759968E+000
 0598  0.3127218986759968E+000
 0599  0.3127218986759968E+000
 0600  0.3127218986759968E+000
 0601  0.3127218986759968E+000
 0602  0.3127218986759968E+000
 0603  0.3127218986759968E+000
 0604  0.3127218986759968E+000
 0605  0.3127218986759968E+000
 0606  0.3127218986759968E+000
 0607  0.3127218986759968E+000
 0608  0.3127218986759968E+000
 0609  0.3127218986759968E+000
 0610  0.3127218986759968E+000
 0611  0.3127218986759968E+000
 0612  0.3127218986759968E+000
 0613  0.3127218986759968E+000
 0614  0.3127218986759968E+000
 0615  0.3127218986759968E+000
 0616  0.3127218986759968E+000
 0617  0.3127218986759968E+000
 0618  0.3127218986759968E+000
 0619  0.3127218986759968E+000
 0620  0.3127218986759968E+000
 0621  0.3127218986759968E+000
 0622  0.3127218986759968E+000
 0623  0.3127218986759968E+000
 0624  0.3127218986759968E+000
 0625  0.3127218986759968E+000
 0626  0.3127218986759968E+000
 0627  0.3127218986759968E+000
 0628  0.3127218986759968E+000
 0629  0.3127218986759968E+000
 0630  0.3127218986759968E+000
 0631  0.3127218986759968E+000
 0632  0.3127218986759968E+000
 0633  0.3127218986759968E+000
 0634  0.3127218986759968E+000
 0635  0.3127218986759968E+000
 0636  0.3127218986759968E+000
 0637  0.3127218986759968E+000
 0638  0.3127218986759968E+000
 0639  0.3127218986759968E+000
 0640  0.3127218986759968E+000
 0641  0.3127218986759968E+000
 0642  0.3127218986759968E+000
 0643  0.3127218986759968E+000
 0644  0.3127218986759968E+000
 0645  0.3127218986759968E+000
 0646  0.3127218986759968E+000
 0647  0.3127218986759968E+000
 0648  0.3127218986759968E+000
 0649  0.3127218986759968E+000
 0650  0.3127218986759968E+000
 0651  0.3127218986759968E+000
 0652  0.3127218986759968E+000
 0653  0.3127218986759968E+000
 0654  0.3127218986759968E+000
 0655  0.3127218986759968E+000
 0656  0.3127218986759968E+000
 0657  0.3127218986759968E+000
 0658  0.3127218986759968E+000
 0659  0.3127218986759968E+000
 0660  0.3127218986759968E+000
 0661  0.3127218986759968E+000
 0662  0.3127218986759968E+000
 0663  0.3127218986759968E+000
 0664  0.3127218986759968E+000
 0665  0.3127218986759968E+000
 0666  0.3127218986759968E+000
 0667  0.3127218986759968E+000
 0668  0.3127218986759968E+000
 0669  0.3127218986759968E+000
 0670  0.3127218986759968E+000
 0671  0.3127218986759968E+000
 0672  0.3127218986759968E+000
 0673  0.3127218986759968E+000
 0674  0.3127218986759968E+000
 0675  0.3127218986759968E+000
 0676  0.3127218986759968E+000
 0677  0.3127218986759968E+000
 0678  0.3127218986759968E+000
 0679  0.3127218986759968E+000
 0680  0.3127218986759968E+000
 0681  0.3127218986759968E+000
 0682  0.3127218986759968E+000
 0683  0.3127218986759968E+000
 0684  0.3127218986759968E+000
 0685  0.3127218986759968E+000
 0686  0.3127218986759968E+000
 0687  0.3127218986759968E+000
 0688  0.3127218986759968E+000
 0689  0.3127218986759968E+000
 0690  0.3127218986759968E+000
 0691  0.3127218986759968E+000
 0692  0.3127218986759968E+000
 0693  0.3127218986759968E+000
 0694  0.3127218986759968E+000
 0695  0.3127218986759968E+000
 0696  0.3127218986759968E+000
 0697  0.3127218986759968E+000
 0698  0.3127218986759968E+000
 0699  0.3127218986759968E+000
 0700  0.3127218986759968E+000
 0701  0.3127218986759968E+000
 0702  0.3127218986759968E+000
 0703  0.3127218986759968E+000
 0704  0.3127218986759968E+000
 0705  0.3127218986759968E+000
 0706  0.3127218986759968E+000
 0707  0.3127218986759968E+000
 0708  0.3127218986759968E+000
 0709  0.3127218986759968E+000
 0710  0.3127218986759968E+000
 0711  0.3127218986759968E+000
 0712  0.3127218986759968E+000
 0713  0.3127218986759968E+000
 0714  0.3127218986759968E+000
 0715  0.3127218986759968E+000
 0716  0.3127218986759968E+000
 0717  0.3127218986759968E+000
 0718  0.3127218986759968E+000
 0719  0.3127218986759968E+000
 0720  0.3127218986759968E+000
 0721  0.3127218986759968E+000
 0722  0.3127218986759968E+000
 0723  0.3127218986759968E+000
 0724  0.3127218986759968E+000
 0725  0.3127218986759968E+000
 0726  0.3127218986759968E+000
 0727  0.3127218986759968E+000
 0728  0.3127218986759968E+000
 0729  0.3127218986759968E+000
 0730  0.3127218986759968E+000
 0731  0.3127218986759968E+000
 0732  0.3127218986759968E+000
 0733  0.3127218986759968E+000
 0734  0.3127218986759968E+000
 0735  0.3127218986759968E+000
 0736  0.3127218986759968E+000
 0737  0.3127218986759968E+000
 0738  0.3127218986759968E+000
 0739  0.3127218986759968E+000
 0740  0.3127218986759968E+000
 0741  0.3127218986759968E+000
 0742  0.3127218986759968E+000
 0743  0.3127218986759968E+000
 0744  0.3127218986759968E+000
 0745  0.3127218986759968E+000
 0746  0.3127218986759968E+000
 0747  0.3127218986759968E+000
 0748  0.3127218986759968E+000
 0749  0.3127218986759968E+000
 0750  0.3127218986759968E+000
 0751  0.3127218986759968E+000
 0752  0.3127218986759968E+000
 0753  0.3127218986759968E+000
 0754  0.3127218986759968E+000
 0755  0.3127218986759968E+000
 0756  0.3127218986759968E+000
 0757  0.3127218986759968E+000
 0758  0.3127218986759968E+000
 0759  0.3127218986759968E+000
 0760  0.3127218986759968E+000
 0761  0.3127218986759968E+000
 0762  0.3127218986759968E+000
 0763  0.3127218986759968E+000
 0764  0.3127218986759968E+000
 0765  0.3127218986759968E+000
 0766  0.3127218986759968E+000
 0767  0.3127218986759968E+000
 0768  0.3127218986759968E+000
 0769  0.3127218986759968E+000
 0770  0.3127218986759968E+000
 0771  0.3127218986759968E+000
 0772  0.3127218986759968E+000
 0773  0.3127218986759968E+000
 0774  0.3127218986759968E+000
 0775  0.3127218986759968E+000
 0776  0.3127218986759968E+000
 0777  0.3127218986759968E+000
 0778  0.3127218986759968E+000
 0779  0.3127218986759968E+000
 0780  0.3127218986759968E+000
 0781  0.3127218986759968E+000
 0782  0.3127218986759968E+000
 0783  0.3127218986759968E+000
 0784  0.3127218986759968E+000
 0785  0.3127218986759968E+000
 0786  0.3127218986759968E+000
 0787  0.3127218986759968E+000
 0788  0.3127218986759968E+000
 0789  0.3127218986759968E+000
 0790  0.3127218986759968E+000
 0791  0.3127218986759968E+000
 0792  0.3127218986759968E+000
 0793  0.3127218986759968E+000
 0794  0.3127218986759968E+000
 0795  0.3127218986759968E+000
 0796  0.3127218986759968E+000
 0797  0.3127218986759968E+000
 0798  0.3127218986759968E+000
 0799  0.3127218986759968E+000
 0800  0.3127218986759968E+000
 0801  0.3127218986759968E+000
 0802  0.3127218986759968E+000
 0803  0.3127218986759968E+000
 0804  0.3127218986759968E+000
 0805  0.3127218986759968E+000
 0806  0.3127218986759968E+000
 0807  0.3127218986759968E+000
 0808  0.3127218986759968E+000
 0809  0.3127218986759968E+000
 0810  0.3127218986759968E+000
 0811  0.3127218986759968E+000
 0812  0.3127218986759968E+000
 0813  0.3127218986759968E+000
 0814  0.3127218986759968E+000
 0815  0.3127218986759968E+000
 0816  0.3127218986759968E+000
 0817  0.3127218986759968E+000
 0818  0.3127218986759968E+000
 0819  0.3127218986759968E+000
 0820  0.3127218986759968E+000
 0821  0.3127218986759968E+000
 0822  0.3127218986759968E+000
 0823  0.3127218986759968E+000
 0824  0.3127218986759968E+000
 0825  0.3127218986759968E+000
 0826  0.3127218986759968E+000
 0827  0.3127218986759968E+000
 0828  0.3127218986759968E+000
 0829  0.3127218986759968E+000
 0830  0.3127218986759968E+000
 0831  0.3127218986759968E+000
 0832  0.3127218986759968E+000
 0833  0.3127218986759968E+000
 0834  0.3127218986759968E+000
 0835  0.3127218986759968E+000
 0836  0.3127218986759968E+000
 0837  0.3127218986759968E+000
 0838  0.3127218986759968E+000
 0839  0.3127218986759968E+000
 0840  0.3127218986759968E+000
 0841  0.3127218986759968E+000
 0842  0.3127218986759968E+000
 0843  0.3127218986759968E+000
 0844  0.3127218986759968E+000
 0845  0.3127218986759968E+000
 0846  0.3127218986759968E+000
 0847  0.3127218986759968E+000
 0848  0.3127218986759968E+000
 0849  0.3127218986759968E+000
 0850  0.3127218986759968E+000
 0851  0.3127218986759968E+000
 0852  0.3127218986759968E+000
 0853  0.3127218986759968E+000
 0854  0.3127218986759968E+000
 0855  0.3127218986759968E+000
 0856  0.3127218986759968E+000
 0857  0.3127218986759968E+000
 0858  0.3127218986759968E+000
 0859  0.3127218986759968E+000
 0860  0.3127218986759968E+000
 0861  0.3127218986759968E+000
 0862  0.3127218986759968E+000
 0863  0.3127218986759968E+000
 0864  0.3127218986759968E+000
 0865  0.3127218986759968E+000
 0866  0.3127218986759968E+000
 0867  0.3127218986759968E+000
 0868  0.3127218986759968E+000
 0869  0.3127218986759968E+000
 0870  0.3127218986759968E+000
 0871  0.3127218986759968E+000
 0872  0.3127218986759968E+000
 0873  0.3127218986759968E+000
 0874  0.3127218986759968E+000
 0875  0.3127218986759968E+000
 0876  0.3127218986759968E+000
 0877  0.3127218986759968E+000
 0878  0.3127218986759968E+000
 0879  0.3127218986759968E+000
 0880  0.3127218986759968E+000
 0881  0.3127218986759968E+000
 0882  0.3127218986759968E+000
 0883  0.3127218986759968E+000
 0884  0.3127218986759968E+000
 0885  0.3127218986759968E+000
 0886  0.3127218986759968E+000
 0887  0.3127218986759968E+000
 0888  0.3127218986759968E+000
 0889  0.3127218986759968E+000
 0890  0.3127218986759968E+000
 0891  0.3127218986759968E+000
 0892  0.3127218986759968E+000
 0893  0.3127218986759968E+000
 0894  0.3127218986759968E+000
 0895  0.3127218986759968E+000
 0896  0.3127218986759968E+000
 0897  0.3127218986759968E+000
 0898  0.3127218986759968E+000
 0899  0.3127218986759968E+000
 0900  0.3127218986759968E+000
 0901  0.3127218986759968E+000
 0902  0.3127218986759968E+000
 0903  0.3127218986759968E+000
 0904  0.3127218986759968E+000
 0905  0.3127218986759968E+000
 0906  0.3127218986759968E+000
 0907  0.3127218986759968E+000
 0908  0.3127218986759968E+000
 0909  0.3127218986759968E+000
 0910  0.3127218986759968E+000
 0911  0.3127218986759968E+000
 0912  0.3127218986759968E+000
 0913  0.3127218986759968E+000
 0914  0.3127218986759968E+000
 0915  0.3127218986759968E+000
 0916  0.3127218986759968E+000
 0917  0.3127218986759968E+000
 0918  0.3127218986759968E+000
 0919  0.3127218986759968E+000
 0920  0.3127218986759968E+000
 0921  0.3127218986759968E+000
 0922  0.3127218986759968E+000
 0923  0.3127218986759968E+000
 0924  0.3127218986759968E+000
 0925  0.3127218986759968E+000
 0926  0.3127218986759968E+000
 0927  0.3127218986759968E+000
 0928  0.3127218986759968E+000
 0929  0.3127218986759968E+000
 0930  0.3127218986759968E+000
 0931  0.3127218986759968E+000
 0932  0.3127218986759968E+000
 0933  0.3127218986759968E+000
 0934  0.3127218986759968E+000
 0935  0.3127218986759968E+000
 0936  0.3127218986759968E+000
 0937  0.3127218986759968E+000
 0938  0.3127218986759968E+000
 0939  0.3127218986759968E+000
 0940  0.3127218986759968E+000
 0941  0.3127218986759968E+000
 0942  0.3127218986759968E+000
 0943  0.3127218986759968E+000
 0944  0.3127218986759968E+000
 0945  0.3127218986759968E+000
 0946  0.3127218986759968E+000
 0947  0.3127218986759968E+000
 0948  0.3127218986759968E+000
 0949  0.3127218986759968E+000
 0950  0.3127218986759968E+000
 0951  0.3127218986759968E+000
 0952  0.3127218986759968E+000
 0953  0.3127218986759968E+000
 0954  0.3127218986759968E+000
 0955  0.3127218986759968E+000
 0956  0.3127218986759968E+000
 0957  0.3127218986759968E+000
 0958  0.3127218986759968E+000
 0959  0.3127218986759968E+000
 0960  0.3127218986759968E+000
 0961  0.3127218986759968E+000
 0962  0.3127218986759968E+000
 0963  0.3127218986759968E+000
 0964  0.3127218986759968E+000
 0965  0.3127218986759968E+000
 0966  0.3127218986759968E+000
 0967  0.3127218986759968E+000
 0968  0.3127218986759968E+000
 0969  0.3127218986759968E+000
 0970  0.3127218986759968E+000
 0971  0.3127218986759968E+000
 0972  0.3127218986759968E+000
 0973  0.3127218986759968E+000
 0974  0.3127218986759968E+000
 0975  0.3127218986759968E+000
 0976  0.3127218986759968E+000
 0977  0.3127218986759968E+000
 0978  0.3127218986759968E+000
 0979  0.3127218986759968E+000
 0980  0.3127218986759968E+000
 0981  0.3127218986759968E+000
 0982  0.3127218986759968E+000
 0983  0.3127218986759968E+000
 0984  0.3127218986759968E+000
 0985  0.3127218986759968E+000
 0986  0.3127218986759968E+000
 0987  0.3127218986759968E+000
 0988  0.3127218986759968E+000
 0989  0.3127218986759968E+000
 0990  0.3127218986759968E+000
 0991  0.3127218986759968E+000
 0992  0.3127218986759968E+000
 0993  0.3127218986759968E+000
 0994  0.3127218986759968E+000
 0995  0.3127218986759968E+000
 0996  0.3127218986759968E+000
 0997  0.3127218986759968E+000
 0998  0.3127218986759968E+000
 0999  0.3127218986759968E+000
 1000  0.3127218986759968E+000
