   0.000000000E+00   0.500000000E+04  -0.602799570E+01  -0.399526009E+01  -0.520566876E+01  -0.592927454E+01  -0.620607744E+01  -0.632351975E+01  -0.492462067E+01  -0.497694761E+01  -0.572183223E+01  -0.626799570E+01  -0.671479859E+01
   0.170093530E+04   0.500000000E+04  -0.625109655E+01  -0.421836093E+01  -0.542876961E+01  -0.615237539E+01  -0.642917828E+01  -0.654662060E+01  -0.514772151E+01  -0.520004845E+01  -0.594493308E+01  -0.649109655E+01  -0.693789944E+01
   0.340139285E+04   0.500000000E+04  -0.679483520E+01  -0.476209958E+01  -0.597250826E+01  -0.669611404E+01  -0.697291693E+01  -0.709035924E+01  -0.569146016E+01  -0.574378710E+01  -0.648867173E+01  -0.703483520E+01  -0.748163809E+01
   0.510131116E+04   0.500000000E+04  -0.719132827E+01  -0.515859266E+01  -0.636900133E+01  -0.709260712E+01  -0.736941001E+01  -0.748685232E+01  -0.608795324E+01  -0.614028018E+01  -0.688516480E+01  -0.743132827E+01  -0.787813116E+01
   0.680161179E+04   0.500000000E+04  -0.713680509E+01  -0.510406948E+01  -0.631447815E+01  -0.703808394E+01  -0.731488683E+01  -0.743232914E+01  -0.603343006E+01  -0.608575700E+01  -0.683064162E+01  -0.737680509E+01  -0.782360798E+01
   0.850054004E+04   0.500000000E+04  -0.708325861E+01  -0.505052299E+01  -0.626093167E+01  -0.698453745E+01  -0.726134034E+01  -0.737878266E+01  -0.597988357E+01  -0.603221051E+01  -0.677709514E+01  -0.732325861E+01  -0.777006150E+01
   0.102010352E+05   0.500000000E+04  -0.705862229E+01  -0.502588668E+01  -0.623629535E+01  -0.695990113E+01  -0.723670402E+01  -0.735414634E+01  -0.595524725E+01  -0.600757419E+01  -0.675245882E+01  -0.729862229E+01  -0.774542518E+01
   0.119009882E+05   0.500000000E+04  -0.705589013E+01  -0.502315452E+01  -0.623356319E+01  -0.695716897E+01  -0.723397186E+01  -0.735141418E+01  -0.595251509E+01  -0.600484203E+01  -0.674972666E+01  -0.729589013E+01  -0.774269302E+01
   0.136017549E+05   0.500000000E+04  -0.706360492E+01  -0.503086931E+01  -0.624127798E+01  -0.696488376E+01  -0.724168665E+01  -0.735912897E+01  -0.596022988E+01  -0.601255682E+01  -0.675744145E+01  -0.730360492E+01  -0.775040781E+01
   0.153037871E+05   0.500000000E+04  -0.706467050E+01  -0.503193489E+01  -0.624234356E+01  -0.696594935E+01  -0.724275224E+01  -0.736019455E+01  -0.596129547E+01  -0.601362241E+01  -0.675850703E+01  -0.730467050E+01  -0.775147339E+01
   0.170055884E+05   0.500000000E+04  -0.706592274E+01  -0.503318713E+01  -0.624359580E+01  -0.696720159E+01  -0.724400448E+01  -0.736144679E+01  -0.596254771E+01  -0.601487465E+01  -0.675975927E+01  -0.730592274E+01  -0.775272563E+01
   0.187053800E+05   0.500000000E+04  -0.708207824E+01  -0.504934263E+01  -0.625975130E+01  -0.698335709E+01  -0.726015998E+01  -0.737760229E+01  -0.597870321E+01  -0.603103015E+01  -0.677591477E+01  -0.732207824E+01  -0.776888113E+01
   0.204042615E+05   0.500000000E+04  -0.709774060E+01  -0.506500499E+01  -0.627541366E+01  -0.699901944E+01  -0.727582233E+01  -0.739326465E+01  -0.599436556E+01  -0.604669250E+01  -0.679157713E+01  -0.733774060E+01  -0.778454349E+01
   0.221089156E+05   0.500000000E+04  -0.711270164E+01  -0.507996603E+01  -0.629037470E+01  -0.701398048E+01  -0.729078337E+01  -0.740822569E+01  -0.600932661E+01  -0.606165354E+01  -0.680653817E+01  -0.735270164E+01  -0.779950453E+01
   0.238089253E+05   0.500000000E+04  -0.712645861E+01  -0.509372300E+01  -0.630413167E+01  -0.702773746E+01  -0.730454035E+01  -0.742198266E+01  -0.602308358E+01  -0.607541052E+01  -0.682029514E+01  -0.736645861E+01  -0.781326150E+01
   0.255078224E+05   0.500000000E+04  -0.713884522E+01  -0.510610961E+01  -0.631651828E+01  -0.704012407E+01  -0.731692696E+01  -0.743436927E+01  -0.603547019E+01  -0.608779713E+01  -0.683268175E+01  -0.737884522E+01  -0.782564812E+01
   0.272095067E+05   0.500000000E+04  -0.714982233E+01  -0.511708672E+01  -0.632749539E+01  -0.705110117E+01  -0.732790406E+01  -0.744534638E+01  -0.604644729E+01  -0.609877423E+01  -0.684365886E+01  -0.738982233E+01  -0.783662522E+01
   0.289087018E+05   0.500000000E+04  -0.715955520E+01  -0.512681958E+01  -0.633722826E+01  -0.706083404E+01  -0.733763693E+01  -0.745507925E+01  -0.605618016E+01  -0.610850710E+01  -0.685339173E+01  -0.739955520E+01  -0.784635809E+01
   0.306040640E+05   0.500000000E+04  -0.716807811E+01  -0.513534250E+01  -0.634575117E+01  -0.706935695E+01  -0.734615985E+01  -0.746360216E+01  -0.606470308E+01  -0.611703002E+01  -0.686191464E+01  -0.740807811E+01  -0.785488100E+01
   0.323142488E+05   0.500000000E+04  -0.717556688E+01  -0.514283127E+01  -0.635323994E+01  -0.707684572E+01  -0.735364862E+01  -0.747109093E+01  -0.607219185E+01  -0.612451879E+01  -0.686940341E+01  -0.741556688E+01  -0.786236977E+01
   0.340093273E+05   0.500000000E+04  -0.718197975E+01  -0.514924414E+01  -0.635965281E+01  -0.708325859E+01  -0.736006149E+01  -0.747750380E+01  -0.607860472E+01  -0.613093165E+01  -0.687581628E+01  -0.742197975E+01  -0.786878264E+01
   0.357121361E+05   0.500000000E+04  -0.718720033E+01  -0.515446471E+01  -0.636487339E+01  -0.708847917E+01  -0.736528206E+01  -0.748272437E+01  -0.608382529E+01  -0.613615223E+01  -0.688103686E+01  -0.742720033E+01  -0.787400322E+01
   0.374108640E+05   0.500000000E+04  -0.719178151E+01  -0.515904589E+01  -0.636945457E+01  -0.709306035E+01  -0.736986324E+01  -0.748730555E+01  -0.608840647E+01  -0.614073341E+01  -0.688561804E+01  -0.743178151E+01  -0.787858440E+01
   0.391128695E+05   0.500000000E+04  -0.719571497E+01  -0.516297936E+01  -0.637338803E+01  -0.709699382E+01  -0.737379671E+01  -0.749123902E+01  -0.609233994E+01  -0.614466688E+01  -0.688955150E+01  -0.743571497E+01  -0.788251786E+01
   0.408120105E+05   0.500000000E+04  -0.719902078E+01  -0.516628517E+01  -0.637669385E+01  -0.710029963E+01  -0.737710252E+01  -0.749454483E+01  -0.609564575E+01  -0.614797269E+01  -0.689285731E+01  -0.743902078E+01  -0.788582368E+01
   0.425152883E+05   0.500000000E+04  -0.720177046E+01  -0.516903485E+01  -0.637944352E+01  -0.710304931E+01  -0.737985220E+01  -0.749729451E+01  -0.609839543E+01  -0.615072237E+01  -0.689560699E+01  -0.744177046E+01  -0.788857335E+01
   0.442013437E+05   0.500000000E+04  -0.720395582E+01  -0.517122021E+01  -0.638162888E+01  -0.710523467E+01  -0.738203756E+01  -0.749947987E+01  -0.610058079E+01  -0.615290773E+01  -0.689779235E+01  -0.744395582E+01  -0.789075871E+01
   0.459050099E+05   0.500000000E+04  -0.720544187E+01  -0.517270626E+01  -0.638311493E+01  -0.710672072E+01  -0.738352361E+01  -0.750096592E+01  -0.610206684E+01  -0.615439378E+01  -0.689927840E+01  -0.744544187E+01  -0.789224477E+01
   0.476012322E+05   0.500000000E+04  -0.720666102E+01  -0.517392541E+01  -0.638433408E+01  -0.710793987E+01  -0.738474276E+01  -0.750218507E+01  -0.610328599E+01  -0.615561293E+01  -0.690049755E+01  -0.744666102E+01  -0.789346391E+01
   0.493144393E+05   0.500000000E+04  -0.720759350E+01  -0.517485789E+01  -0.638526656E+01  -0.710887235E+01  -0.738567524E+01  -0.750311755E+01  -0.610421847E+01  -0.615654541E+01  -0.690143003E+01  -0.744759350E+01  -0.789439639E+01
   0.510201578E+05   0.500000000E+04  -0.720822193E+01  -0.517548631E+01  -0.638589499E+01  -0.710950077E+01  -0.738630366E+01  -0.750374598E+01  -0.610484689E+01  -0.615717383E+01  -0.690205846E+01  -0.744822193E+01  -0.789502482E+01
   0.527039497E+05   0.500000000E+04  -0.720856836E+01  -0.517583275E+01  -0.638624143E+01  -0.710984721E+01  -0.738665010E+01  -0.750409241E+01  -0.610519333E+01  -0.615752027E+01  -0.690240490E+01  -0.744856836E+01  -0.789537126E+01
   0.544105406E+05   0.500000000E+04  -0.720847218E+01  -0.517573657E+01  -0.638614524E+01  -0.710975102E+01  -0.738655392E+01  -0.750399623E+01  -0.610509715E+01  -0.615742409E+01  -0.690230871E+01  -0.744847218E+01  -0.789527507E+01
   0.561083849E+05   0.500000000E+04  -0.720824785E+01  -0.517551224E+01  -0.638592091E+01  -0.710952670E+01  -0.738632959E+01  -0.750377190E+01  -0.610487282E+01  -0.615719976E+01  -0.690208438E+01  -0.744824785E+01  -0.789505074E+01
   0.578187484E+05   0.500000000E+04  -0.720784242E+01  -0.517510681E+01  -0.638551548E+01  -0.710912127E+01  -0.738592416E+01  -0.750336647E+01  -0.610446739E+01  -0.615679433E+01  -0.690167895E+01  -0.744784242E+01  -0.789464531E+01
   0.595081341E+05   0.500000000E+04  -0.720726503E+01  -0.517452942E+01  -0.638493809E+01  -0.710854387E+01  -0.738534676E+01  -0.750278908E+01  -0.610389000E+01  -0.615621693E+01  -0.690110156E+01  -0.744726503E+01  -0.789406792E+01
   0.612173605E+05   0.500000000E+04  -0.720633852E+01  -0.517360291E+01  -0.638401159E+01  -0.710761737E+01  -0.738442026E+01  -0.750186257E+01  -0.610296349E+01  -0.615529043E+01  -0.690017505E+01  -0.744633852E+01  -0.789314142E+01
   0.629110416E+05   0.500000000E+04  -0.720532928E+01  -0.517259367E+01  -0.638300234E+01  -0.710660813E+01  -0.738341102E+01  -0.750085333E+01  -0.610195425E+01  -0.615428119E+01  -0.689916581E+01  -0.744532928E+01  -0.789213217E+01
   0.646065701E+05   0.500000000E+04  -0.720413712E+01  -0.517140151E+01  -0.638181018E+01  -0.710541596E+01  -0.738221885E+01  -0.749966117E+01  -0.610076208E+01  -0.615308902E+01  -0.689797365E+01  -0.744413712E+01  -0.789094001E+01
   0.663151105E+05   0.500000000E+04  -0.720272030E+01  -0.516998469E+01  -0.638039336E+01  -0.710399915E+01  -0.738080204E+01  -0.749824435E+01  -0.609934527E+01  -0.615167221E+01  -0.689655683E+01  -0.744272030E+01  -0.788952319E+01
   0.680193214E+05   0.500000000E+04  -0.720116671E+01  -0.516843110E+01  -0.637883977E+01  -0.710244555E+01  -0.737924845E+01  -0.749669076E+01  -0.609779168E+01  -0.615011861E+01  -0.689500324E+01  -0.744116671E+01  -0.788796960E+01
   0.697008582E+05   0.500000000E+04  -0.719940508E+01  -0.516666947E+01  -0.637707814E+01  -0.710068392E+01  -0.737748681E+01  -0.749492913E+01  -0.609603004E+01  -0.614835698E+01  -0.689324161E+01  -0.743940508E+01  -0.788620797E+01
   0.714180024E+05   0.500000000E+04  -0.719735724E+01  -0.516462163E+01  -0.637503030E+01  -0.709863608E+01  -0.737543898E+01  -0.749288129E+01  -0.609398221E+01  -0.614630914E+01  -0.689119377E+01  -0.743735724E+01  -0.788416013E+01
   0.731059428E+05   0.500000000E+04  -0.719506995E+01  -0.516233433E+01  -0.637274301E+01  -0.709634879E+01  -0.737315168E+01  -0.749059400E+01  -0.609169491E+01  -0.614402185E+01  -0.688890648E+01  -0.743506995E+01  -0.788187284E+01
   0.748186711E+05   0.500000000E+04  -0.719293949E+01  -0.516020388E+01  -0.637061255E+01  -0.709421834E+01  -0.737102123E+01  -0.748846354E+01  -0.608956446E+01  -0.614189140E+01  -0.688677602E+01  -0.743293949E+01  -0.787974238E+01
   0.765010230E+05   0.500000000E+04  -0.719092792E+01  -0.515819231E+01  -0.636860098E+01  -0.709220677E+01  -0.736900966E+01  -0.748645197E+01  -0.608755289E+01  -0.613987983E+01  -0.688476445E+01  -0.743092792E+01  -0.787773081E+01
   0.782174009E+05   0.500000000E+04  -0.718891747E+01  -0.515618186E+01  -0.636659053E+01  -0.709019632E+01  -0.736699921E+01  -0.748444152E+01  -0.608554244E+01  -0.613786938E+01  -0.688275400E+01  -0.742891747E+01  -0.787572036E+01
   0.799027891E+05   0.500000000E+04  -0.718696594E+01  -0.515423033E+01  -0.636463900E+01  -0.708824478E+01  -0.736504767E+01  -0.748248999E+01  -0.608359090E+01  -0.613591784E+01  -0.688080247E+01  -0.742696594E+01  -0.787376883E+01
   0.816055924E+05   0.500000000E+04  -0.718500680E+01  -0.515227119E+01  -0.636267986E+01  -0.708628565E+01  -0.736308854E+01  -0.748053085E+01  -0.608163177E+01  -0.613395871E+01  -0.687884333E+01  -0.742500680E+01  -0.787180969E+01
   0.833123885E+05   0.500000000E+04  -0.718304991E+01  -0.515031430E+01  -0.636072297E+01  -0.708432875E+01  -0.736113164E+01  -0.747857396E+01  -0.607967488E+01  -0.613200181E+01  -0.687688644E+01  -0.742304991E+01  -0.786985280E+01
   0.850116842E+05   0.500000000E+04  -0.718110636E+01  -0.514837075E+01  -0.635877943E+01  -0.708238521E+01  -0.735918810E+01  -0.747663041E+01  -0.607773133E+01  -0.613005827E+01  -0.687494289E+01  -0.742110636E+01  -0.786790926E+01
   0.867267591E+05   0.500000000E+04  -0.717914892E+01  -0.514641331E+01  -0.635682198E+01  -0.708042776E+01  -0.735723065E+01  -0.747467297E+01  -0.607577389E+01  -0.612810082E+01  -0.687298545E+01  -0.741914892E+01  -0.786595181E+01
   0.884352055E+05   0.500000000E+04  -0.717720261E+01  -0.514446699E+01  -0.635487567E+01  -0.707848145E+01  -0.735528434E+01  -0.747272665E+01  -0.607382757E+01  -0.612615451E+01  -0.687103914E+01  -0.741720261E+01  -0.786400550E+01
   0.901320906E+05   0.500000000E+04  -0.717527252E+01  -0.514253691E+01  -0.635294558E+01  -0.707655136E+01  -0.735335425E+01  -0.747079657E+01  -0.607189748E+01  -0.612422442E+01  -0.686910905E+01  -0.741527252E+01  -0.786207541E+01
   0.918352143E+05   0.500000000E+04  -0.717333858E+01  -0.514060296E+01  -0.635101164E+01  -0.707461742E+01  -0.735142031E+01  -0.746886263E+01  -0.606996354E+01  -0.612229048E+01  -0.686717511E+01  -0.741333858E+01  -0.786014147E+01
   0.935171489E+05   0.500000000E+04  -0.717143302E+01  -0.513869741E+01  -0.634910608E+01  -0.707271186E+01  -0.734951475E+01  -0.746695707E+01  -0.606805799E+01  -0.612038492E+01  -0.686526955E+01  -0.741143302E+01  -0.785823591E+01
   0.952105492E+05   0.500000000E+04  -0.716951991E+01  -0.513678430E+01  -0.634719297E+01  -0.707079875E+01  -0.734760164E+01  -0.746504396E+01  -0.606614488E+01  -0.611847181E+01  -0.686335644E+01  -0.740951991E+01  -0.785632280E+01
   0.969434740E+05   0.500000000E+04  -0.716756845E+01  -0.513483283E+01  -0.634524151E+01  -0.706884729E+01  -0.734565018E+01  -0.746309249E+01  -0.606419341E+01  -0.611652035E+01  -0.686140498E+01  -0.740756845E+01  -0.785437134E+01
   0.986196504E+05   0.500000000E+04  -0.716568724E+01  -0.513295162E+01  -0.634336030E+01  -0.706696608E+01  -0.734376897E+01  -0.746121128E+01  -0.606231220E+01  -0.611463914E+01  -0.685952377E+01  -0.740568724E+01  -0.785249013E+01
   0.100332952E+06   0.500000000E+04  -0.716377114E+01  -0.513103552E+01  -0.634144420E+01  -0.706504998E+01  -0.734185287E+01  -0.745929518E+01  -0.606039610E+01  -0.611272304E+01  -0.685760767E+01  -0.740377114E+01  -0.785057403E+01
   0.102039595E+06   0.500000000E+04  -0.716187135E+01  -0.512913574E+01  -0.633954441E+01  -0.706315019E+01  -0.733995308E+01  -0.745739540E+01  -0.605849631E+01  -0.611082325E+01  -0.685570788E+01  -0.740187135E+01  -0.784867424E+01
   0.103725945E+06   0.500000000E+04  -0.716000391E+01  -0.512726830E+01  -0.633767698E+01  -0.706128276E+01  -0.733808565E+01  -0.745552796E+01  -0.605662888E+01  -0.610895582E+01  -0.685384045E+01  -0.740000391E+01  -0.784680681E+01
   0.105429592E+06   0.500000000E+04  -0.715812640E+01  -0.512539078E+01  -0.633579946E+01  -0.705940524E+01  -0.733620813E+01  -0.745365045E+01  -0.605475136E+01  -0.610707830E+01  -0.685196293E+01  -0.739812640E+01  -0.784492929E+01
   0.107109684E+06   0.500000000E+04  -0.715628423E+01  -0.512354862E+01  -0.633395729E+01  -0.705756307E+01  -0.733436596E+01  -0.745180828E+01  -0.605290919E+01  -0.610523613E+01  -0.685012076E+01  -0.739628423E+01  -0.784308712E+01
   0.108803993E+06   0.500000000E+04  -0.715443581E+01  -0.512170020E+01  -0.633210887E+01  -0.705571465E+01  -0.733251754E+01  -0.744995986E+01  -0.605106077E+01  -0.610338771E+01  -0.684827234E+01  -0.739443581E+01  -0.784123870E+01
   0.110510781E+06   0.500000000E+04  -0.715258410E+01  -0.511984849E+01  -0.633025716E+01  -0.705386295E+01  -0.733066584E+01  -0.744810815E+01  -0.604920907E+01  -0.610153601E+01  -0.684642063E+01  -0.739258410E+01  -0.783938699E+01
   0.112224641E+06   0.500000000E+04  -0.715073569E+01  -0.511800007E+01  -0.632840875E+01  -0.705201453E+01  -0.732881742E+01  -0.744625973E+01  -0.604736065E+01  -0.609968759E+01  -0.684457222E+01  -0.739073569E+01  -0.783753858E+01
   0.113938750E+06   0.500000000E+04  -0.714889797E+01  -0.511616235E+01  -0.632657103E+01  -0.705017681E+01  -0.732697970E+01  -0.744442201E+01  -0.604552293E+01  -0.609784987E+01  -0.684273450E+01  -0.738889797E+01  -0.783570086E+01
   0.115613736E+06   0.500000000E+04  -0.714711297E+01  -0.511437736E+01  -0.632478603E+01  -0.704839182E+01  -0.732519471E+01  -0.744263702E+01  -0.604373794E+01  -0.609606488E+01  -0.684094950E+01  -0.738711297E+01  -0.783391586E+01
   0.117331713E+06   0.500000000E+04  -0.714529356E+01  -0.511255794E+01  -0.632296662E+01  -0.704657240E+01  -0.732337529E+01  -0.744081760E+01  -0.604191852E+01  -0.609424546E+01  -0.683913009E+01  -0.738529356E+01  -0.783209645E+01
   0.119010664E+06   0.500000000E+04  -0.714352676E+01  -0.511079115E+01  -0.632119982E+01  -0.704480560E+01  -0.732160850E+01  -0.743905081E+01  -0.604015173E+01  -0.609247866E+01  -0.683736329E+01  -0.738352676E+01  -0.783032965E+01
   0.120722567E+06   0.500000000E+04  -0.714173675E+01  -0.510900114E+01  -0.631940981E+01  -0.704301559E+01  -0.731981848E+01  -0.743726080E+01  -0.603836172E+01  -0.609068865E+01  -0.683557328E+01  -0.738173675E+01  -0.782853964E+01
   0.122420716E+06   0.500000000E+04  -0.713997266E+01  -0.510723705E+01  -0.631764572E+01  -0.704125151E+01  -0.731805440E+01  -0.743549671E+01  -0.603659763E+01  -0.608892457E+01  -0.683380919E+01  -0.737997266E+01  -0.782677555E+01
   0.124100535E+06   0.500000000E+04  -0.713823899E+01  -0.510550337E+01  -0.631591205E+01  -0.703951783E+01  -0.731632072E+01  -0.743376303E+01  -0.603486395E+01  -0.608719089E+01  -0.683207552E+01  -0.737823899E+01  -0.782504188E+01
   0.125828126E+06   0.500000000E+04  -0.713646794E+01  -0.510373232E+01  -0.631414100E+01  -0.703774678E+01  -0.731454967E+01  -0.743199198E+01  -0.603309290E+01  -0.608541984E+01  -0.683030447E+01  -0.737646794E+01  -0.782327083E+01
   0.127526896E+06   0.500000000E+04  -0.713473819E+01  -0.510200258E+01  -0.631241126E+01  -0.703601704E+01  -0.731281993E+01  -0.743026224E+01  -0.603136316E+01  -0.608369010E+01  -0.682857472E+01  -0.737473819E+01  -0.782154109E+01
   0.129230573E+06   0.500000000E+04  -0.713301532E+01  -0.510027971E+01  -0.631068838E+01  -0.703429416E+01  -0.731109705E+01  -0.742853937E+01  -0.602964028E+01  -0.608196722E+01  -0.682685185E+01  -0.737301532E+01  -0.781981821E+01
   0.130900170E+06   0.500000000E+04  -0.713133808E+01  -0.509860247E+01  -0.630901114E+01  -0.703261693E+01  -0.730941982E+01  -0.742686213E+01  -0.602796305E+01  -0.608028999E+01  -0.682517461E+01  -0.737133808E+01  -0.781814097E+01
   0.132617712E+06   0.500000000E+04  -0.712962416E+01  -0.509688855E+01  -0.630729722E+01  -0.703090300E+01  -0.730770589E+01  -0.742514821E+01  -0.602624912E+01  -0.607857606E+01  -0.682346069E+01  -0.736962416E+01  -0.781642705E+01
   0.134315662E+06   0.500000000E+04  -0.712794128E+01  -0.509520567E+01  -0.630561434E+01  -0.702922012E+01  -0.730602302E+01  -0.742346533E+01  -0.602456625E+01  -0.607689319E+01  -0.682177781E+01  -0.736794128E+01  -0.781474417E+01
   0.136018311E+06   0.500000000E+04  -0.712626508E+01  -0.509352947E+01  -0.630393814E+01  -0.702754393E+01  -0.730434682E+01  -0.742178913E+01  -0.602289005E+01  -0.607521699E+01  -0.682010161E+01  -0.736626508E+01  -0.781306797E+01
   0.137711069E+06   0.500000000E+04  -0.712460981E+01  -0.509187419E+01  -0.630228287E+01  -0.702588865E+01  -0.730269154E+01  -0.742013385E+01  -0.602123477E+01  -0.607356171E+01  -0.681844634E+01  -0.736460981E+01  -0.781141270E+01
   0.139413751E+06   0.500000000E+04  -0.712295628E+01  -0.509022067E+01  -0.630062934E+01  -0.702423512E+01  -0.730103801E+01  -0.741848033E+01  -0.601958125E+01  -0.607190818E+01  -0.681679281E+01  -0.736295628E+01  -0.780975917E+01
   0.141114349E+06   0.500000000E+04  -0.712131586E+01  -0.508858025E+01  -0.629898892E+01  -0.702259470E+01  -0.729939760E+01  -0.741683991E+01  -0.601794083E+01  -0.607026777E+01  -0.681515239E+01  -0.736131586E+01  -0.780811875E+01
   0.142804594E+06   0.500000000E+04  -0.711969623E+01  -0.508696062E+01  -0.629736929E+01  -0.702097507E+01  -0.729777796E+01  -0.741522028E+01  -0.601632119E+01  -0.606864813E+01  -0.681353276E+01  -0.735969623E+01  -0.780649912E+01
   0.144500067E+06   0.500000000E+04  -0.711808217E+01  -0.508534656E+01  -0.629575524E+01  -0.701936102E+01  -0.729616391E+01  -0.741360622E+01  -0.601470714E+01  -0.606703408E+01  -0.681191870E+01  -0.735808217E+01  -0.780488507E+01
   0.146214063E+06   0.500000000E+04  -0.711646114E+01  -0.508372553E+01  -0.629413420E+01  -0.701773998E+01  -0.729454287E+01  -0.741198519E+01  -0.601308610E+01  -0.606541304E+01  -0.681029767E+01  -0.735646114E+01  -0.780326403E+01
   0.147905360E+06   0.500000000E+04  -0.711487207E+01  -0.508213646E+01  -0.629254513E+01  -0.701615091E+01  -0.729295380E+01  -0.741039612E+01  -0.601149703E+01  -0.606382397E+01  -0.680870860E+01  -0.735487207E+01  -0.780167496E+01
   0.149601399E+06   0.500000000E+04  -0.711328896E+01  -0.508055335E+01  -0.629096202E+01  -0.701456781E+01  -0.729137070E+01  -0.740881301E+01  -0.600991393E+01  -0.606224087E+01  -0.680712549E+01  -0.735328896E+01  -0.780009185E+01
   0.151305910E+06   0.500000000E+04  -0.711170848E+01  -0.507897287E+01  -0.628938154E+01  -0.701298732E+01  -0.728979022E+01  -0.740723253E+01  -0.600833345E+01  -0.606066039E+01  -0.680554501E+01  -0.735170848E+01  -0.779851137E+01
   0.153001711E+06   0.500000000E+04  -0.711014646E+01  -0.507741085E+01  -0.628781952E+01  -0.701142531E+01  -0.728822820E+01  -0.740567051E+01  -0.600677143E+01  -0.605909837E+01  -0.680398299E+01  -0.735014646E+01  -0.779694935E+01
   0.154704306E+06   0.500000000E+04  -0.710858837E+01  -0.507585275E+01  -0.628626143E+01  -0.700986721E+01  -0.728667010E+01  -0.740411242E+01  -0.600521333E+01  -0.605754027E+01  -0.680242490E+01  -0.734858837E+01  -0.779539126E+01
   0.156411443E+06   0.500000000E+04  -0.710703596E+01  -0.507430035E+01  -0.628470902E+01  -0.700831480E+01  -0.728511769E+01  -0.740256001E+01  -0.600366092E+01  -0.605598786E+01  -0.680087249E+01  -0.734703596E+01  -0.779383885E+01
   0.158103792E+06   0.500000000E+04  -0.710550659E+01  -0.507277098E+01  -0.628317966E+01  -0.700678544E+01  -0.728358833E+01  -0.740103064E+01  -0.600213156E+01  -0.605445850E+01  -0.679934312E+01  -0.734550659E+01  -0.779230949E+01
   0.159808383E+06   0.500000000E+04  -0.710397579E+01  -0.507124017E+01  -0.628164885E+01  -0.700525463E+01  -0.728205752E+01  -0.739949984E+01  -0.600060075E+01  -0.605292769E+01  -0.679781232E+01  -0.734397579E+01  -0.779077868E+01
   0.161505242E+06   0.500000000E+04  -0.710246136E+01  -0.506972574E+01  -0.628013442E+01  -0.700374020E+01  -0.728054309E+01  -0.739798540E+01  -0.599908632E+01  -0.605141326E+01  -0.679629789E+01  -0.734246136E+01  -0.778926425E+01
   0.163203899E+06   0.500000000E+04  -0.710095483E+01  -0.506821922E+01  -0.627862789E+01  -0.700223367E+01  -0.727903656E+01  -0.739647888E+01  -0.599757979E+01  -0.604990673E+01  -0.679479136E+01  -0.734095483E+01  -0.778775772E+01
   0.164900503E+06   0.500000000E+04  -0.709945961E+01  -0.506672400E+01  -0.627713267E+01  -0.700073846E+01  -0.727754135E+01  -0.739498366E+01  -0.599608458E+01  -0.604841152E+01  -0.679329614E+01  -0.733945961E+01  -0.778626250E+01
   0.166603450E+06   0.500000000E+04  -0.709796822E+01  -0.506523261E+01  -0.627564128E+01  -0.699924707E+01  -0.727604996E+01  -0.739349227E+01  -0.599459319E+01  -0.604692013E+01  -0.679180475E+01  -0.733796822E+01  -0.778477111E+01
   0.168302284E+06   0.500000000E+04  -0.709648989E+01  -0.506375428E+01  -0.627416295E+01  -0.699776874E+01  -0.727457163E+01  -0.739201394E+01  -0.599311486E+01  -0.604544180E+01  -0.679032642E+01  -0.733648989E+01  -0.778329278E+01
   0.170001232E+06   0.500000000E+04  -0.709503433E+01  -0.506229871E+01  -0.627270739E+01  -0.699631317E+01  -0.727311606E+01  -0.739055838E+01  -0.599165929E+01  -0.604398623E+01  -0.678887086E+01  -0.733503433E+01  -0.778183722E+01
   0.171700994E+06   0.127862621E+06  -0.163858490E+02  -0.176309873E+02  -0.170909873E+02  -0.165058490E+02  -0.161058490E+02  -0.157358490E+02  -0.184009873E+02  -0.170858490E+02  -0.167558490E+02  -0.165958490E+02  -0.164258490E+02
   0.173402461E+06   0.775105960E+05  -0.158108780E+02  -0.169942882E+02  -0.164908780E+02  -0.159274678E+02  -0.155374678E+02  -0.151808780E+02  -0.177708780E+02  -0.164808780E+02  -0.161674678E+02  -0.160208780E+02  -0.158608780E+02
   0.175104654E+06   0.636217706E+05  -0.156030136E+02  -0.167532192E+02  -0.162632192E+02  -0.157181164E+02  -0.153330136E+02  -0.149830136E+02  -0.175332192E+02  -0.162532192E+02  -0.159481164E+02  -0.158130136E+02  -0.156581164E+02
   0.176806571E+06   0.567292407E+05  -0.154948920E+02  -0.166223279E+02  -0.161436100E+02  -0.156048920E+02  -0.152248920E+02  -0.148761741E+02  -0.174023279E+02  -0.161336100E+02  -0.158348920E+02  -0.157048920E+02  -0.155548920E+02
   0.178503098E+06   0.523778459E+05  -0.154296037E+02  -0.165368536E+02  -0.160668536E+02  -0.155396037E+02  -0.151623538E+02  -0.148196037E+02  -0.173168536E+02  -0.160568536E+02  -0.157696037E+02  -0.156396037E+02  -0.154923538E+02
   0.180204819E+06   0.492484542E+05  -0.153873138E+02  -0.164842029E+02  -0.160157583E+02  -0.154973138E+02  -0.151273138E+02  -0.147788692E+02  -0.172642029E+02  -0.160057583E+02  -0.157257583E+02  -0.155973138E+02  -0.154573138E+02
   0.181900796E+06   0.468421933E+05  -0.153602230E+02  -0.164427648E+02  -0.159814939E+02  -0.154702230E+02  -0.151002230E+02  -0.147589521E+02  -0.172227648E+02  -0.159714939E+02  -0.156914939E+02  -0.155702230E+02  -0.154302230E+02
   0.183602382E+06   0.448898266E+05  -0.153386919E+02  -0.164089354E+02  -0.159586919E+02  -0.154486919E+02  -0.150835702E+02  -0.147435702E+02  -0.171938136E+02  -0.159438136E+02  -0.156686919E+02  -0.155535702E+02  -0.154135702E+02
   0.185306637E+06   0.432571121E+05  -0.153208196E+02  -0.163806106E+02  -0.159407151E+02  -0.154308196E+02  -0.150708196E+02  -0.147308196E+02  -0.171705061E+02  -0.159207151E+02  -0.156507151E+02  -0.155407151E+02  -0.154008196E+02
   0.187014871E+06   0.418547798E+05  -0.153163228E+02  -0.163665002E+02  -0.159314115E+02  -0.154263228E+02  -0.150663228E+02  -0.147263228E+02  -0.171515889E+02  -0.159114115E+02  -0.156414115E+02  -0.155314115E+02  -0.153963228E+02
   0.188709252E+06   0.406381652E+05  -0.153124288E+02  -0.163542658E+02  -0.159233473E+02  -0.154224288E+02  -0.150624288E+02  -0.147224288E+02  -0.171351844E+02  -0.159033473E+02  -0.156333473E+02  -0.155233473E+02  -0.153924288E+02
   0.190411206E+06   0.395528399E+05  -0.153103804E+02  -0.163443722E+02  -0.159173763E+02  -0.154203804E+02  -0.150603804E+02  -0.147233846E+02  -0.171243722E+02  -0.158973763E+02  -0.156303804E+02  -0.155203804E+02  -0.153933846E+02
   0.192117597E+06   0.385782906E+05  -0.153092763E+02  -0.163361044E+02  -0.159126903E+02  -0.154192763E+02  -0.150592763E+02  -0.147258622E+02  -0.171161044E+02  -0.158926903E+02  -0.156292763E+02  -0.155192763E+02  -0.153958622E+02
   0.193808325E+06   0.377061729E+05  -0.153086867E+02  -0.163291040E+02  -0.159088953E+02  -0.154186867E+02  -0.150586867E+02  -0.147284780E+02  -0.171091040E+02  -0.158888953E+02  -0.156286867E+02  -0.155186867E+02  -0.153984780E+02
   0.195506497E+06   0.369079343E+05  -0.153124085E+02  -0.163265645E+02  -0.159094865E+02  -0.154224085E+02  -0.150653306E+02  -0.147353306E+02  -0.171065645E+02  -0.158894865E+02  -0.156324085E+02  -0.155253306E+02  -0.154024085E+02
   0.197221736E+06   0.361687593E+05  -0.153164011E+02  -0.163247311E+02  -0.159105661E+02  -0.154264011E+02  -0.150722362E+02  -0.147422362E+02  -0.171047311E+02  -0.158905661E+02  -0.156364011E+02  -0.155322362E+02  -0.154064011E+02
   0.198918620E+06   0.354945589E+05  -0.153202357E+02  -0.163232517E+02  -0.159117437E+02  -0.154302357E+02  -0.150787277E+02  -0.147487277E+02  -0.171032517E+02  -0.158917437E+02  -0.156402357E+02  -0.155387277E+02  -0.154102357E+02
   0.200608390E+06   0.348713505E+05  -0.153252907E+02  -0.163222411E+02  -0.159132576E+02  -0.154352907E+02  -0.150852907E+02  -0.147563072E+02  -0.171022411E+02  -0.158932576E+02  -0.156442742E+02  -0.155452907E+02  -0.154163072E+02
   0.202307248E+06   0.342873157E+05  -0.153322556E+02  -0.163218020E+02  -0.159152865E+02  -0.154422556E+02  -0.150922556E+02  -0.147657402E+02  -0.171018020E+02  -0.158952865E+02  -0.156487711E+02  -0.155522556E+02  -0.154257402E+02
   0.204007386E+06   0.337395984E+05  -0.153389639E+02  -0.163215665E+02  -0.159173656E+02  -0.154489639E+02  -0.150989639E+02  -0.147747630E+02  -0.171015665E+02  -0.158973656E+02  -0.156531647E+02  -0.155589639E+02  -0.154347630E+02
   0.205700460E+06   0.332270869E+05  -0.153454779E+02  -0.163215832E+02  -0.159195481E+02  -0.154554779E+02  -0.151054779E+02  -0.147834428E+02  -0.171015832E+02  -0.158995481E+02  -0.156575130E+02  -0.155654779E+02  -0.154434428E+02
   0.207409499E+06   0.327395978E+05  -0.153519540E+02  -0.163218738E+02  -0.159219273E+02  -0.154619273E+02  -0.151119540E+02  -0.147919807E+02  -0.171018738E+02  -0.159019005E+02  -0.156619273E+02  -0.155719273E+02  -0.154519540E+02
   0.209129539E+06   0.322766104E+05  -0.153611065E+02  -0.163247325E+02  -0.159289818E+02  -0.154689818E+02  -0.151211065E+02  -0.148032311E+02  -0.171047325E+02  -0.159068572E+02  -0.156689818E+02  -0.155789818E+02  -0.154611065E+02
   0.210820788E+06   0.318459799E+05  -0.153697811E+02  -0.163275533E+02  -0.159357052E+02  -0.154757052E+02  -0.151297811E+02  -0.148138570E+02  -0.171075533E+02  -0.159116292E+02  -0.156757052E+02  -0.155857052E+02  -0.154697811E+02
   0.212509473E+06   0.314294952E+05  -0.153789438E+02  -0.163310544E+02  -0.159429807E+02  -0.154829807E+02  -0.151389438E+02  -0.148249069E+02  -0.171110544E+02  -0.159170175E+02  -0.156829807E+02  -0.155929807E+02  -0.154789438E+02
   0.214227029E+06   0.310237327E+05  -0.153882392E+02  -0.163348339E+02  -0.159504374E+02  -0.154904374E+02  -0.151482392E+02  -0.148360409E+02  -0.171148339E+02  -0.159226357E+02  -0.156904374E+02  -0.156004374E+02  -0.154882392E+02
   0.215932855E+06   0.306397773E+05  -0.153972311E+02  -0.163386065E+02  -0.159576896E+02  -0.154976896E+02  -0.151572311E+02  -0.148467726E+02  -0.171186065E+02  -0.159281480E+02  -0.156976896E+02  -0.156076896E+02  -0.154972311E+02
   0.217620582E+06   0.302770272E+05  -0.154076164E+02  -0.163425328E+02  -0.159650746E+02  -0.155063455E+02  -0.151676164E+02  -0.148576164E+02  -0.171238037E+02  -0.159350746E+02  -0.157063455E+02  -0.156176164E+02  -0.155076164E+02
   0.219324952E+06   0.299268833E+05  -0.154184685E+02  -0.163465801E+02  -0.159725243E+02  -0.155154964E+02  -0.151784685E+02  -0.148684685E+02  -0.171295522E+02  -0.159425243E+02  -0.157154964E+02  -0.156284685E+02  -0.155184685E+02
   0.221000760E+06   0.295974119E+05  -0.154288608E+02  -0.163505693E+02  -0.159797151E+02  -0.155242879E+02  -0.151888608E+02  -0.148788608E+02  -0.171351422E+02  -0.159497151E+02  -0.157242879E+02  -0.156388608E+02  -0.155288608E+02
   0.222729062E+06   0.292717293E+05  -0.154392952E+02  -0.163546742E+02  -0.159869847E+02  -0.155331399E+02  -0.151992952E+02  -0.148892952E+02  -0.171408295E+02  -0.159569847E+02  -0.157331399E+02  -0.156492952E+02  -0.155392952E+02
   0.224420664E+06   0.289663570E+05  -0.154492570E+02  -0.163587013E+02  -0.159939792E+02  -0.155416181E+02  -0.152092570E+02  -0.148992570E+02  -0.171463402E+02  -0.159639792E+02  -0.157416181E+02  -0.156592570E+02  -0.155492570E+02
   0.226115253E+06   0.286725982E+05  -0.154589834E+02  -0.163627187E+02  -0.160008510E+02  -0.155499172E+02  -0.152189834E+02  -0.149089834E+02  -0.171517848E+02  -0.159708510E+02  -0.157499172E+02  -0.156689834E+02  -0.155589834E+02
   0.227809862E+06   0.283901178E+05  -0.154686309E+02  -0.163672199E+02  -0.160076902E+02  -0.155591012E+02  -0.152291012E+02  -0.149191012E+02  -0.171572199E+02  -0.159776902E+02  -0.157586309E+02  -0.156786309E+02  -0.155691012E+02
   0.229501503E+06   0.281186645E+05  -0.154783628E+02  -0.163727092E+02  -0.160145937E+02  -0.155702473E+02  -0.152402473E+02  -0.149302473E+02  -0.171627092E+02  -0.159845937E+02  -0.157683628E+02  -0.156883628E+02  -0.155802473E+02
   0.231237347E+06   0.278502112E+05  -0.154880999E+02  -0.163782506E+02  -0.160215337E+02  -0.155813829E+02  -0.152513829E+02  -0.149413829E+02  -0.171682506E+02  -0.159915337E+02  -0.157780999E+02  -0.156980999E+02  -0.155913829E+02
   0.232915168E+06   0.275998798E+05  -0.154972884E+02  -0.163835267E+02  -0.160281139E+02  -0.155918756E+02  -0.152618756E+02  -0.149518756E+02  -0.171735267E+02  -0.159981139E+02  -0.157872884E+02  -0.157072884E+02  -0.156018756E+02
   0.234633573E+06   0.273526048E+05  -0.155065028E+02  -0.163888764E+02  -0.160347519E+02  -0.156023783E+02  -0.152723783E+02  -0.149623783E+02  -0.171788764E+02  -0.160047519E+02  -0.157965028E+02  -0.157165028E+02  -0.156123783E+02
   0.236339246E+06   0.271120606E+05  -0.155157863E+02  -0.163944004E+02  -0.160415290E+02  -0.156129149E+02  -0.152829149E+02  -0.149729149E+02  -0.171844004E+02  -0.160115290E+02  -0.158057863E+02  -0.157257863E+02  -0.156229149E+02
   0.238029084E+06   0.268793810E+05  -0.155249975E+02  -0.163999751E+02  -0.160483159E+02  -0.156233384E+02  -0.152933384E+02  -0.149833384E+02  -0.171899751E+02  -0.160183159E+02  -0.158149975E+02  -0.157349975E+02  -0.156333384E+02
   0.239756291E+06   0.266491576E+05  -0.155342364E+02  -0.164056158E+02  -0.160551560E+02  -0.156337766E+02  -0.153037766E+02  -0.149937766E+02  -0.171956158E+02  -0.160251560E+02  -0.158242364E+02  -0.157442364E+02  -0.156437766E+02
   0.241406362E+06   0.264360230E+05  -0.155437959E+02  -0.164110055E+02  -0.160624007E+02  -0.156430983E+02  -0.153137959E+02  -0.150044935E+02  -0.172010055E+02  -0.160324007E+02  -0.158330983E+02  -0.157537959E+02  -0.156544935E+02
   0.243148675E+06   0.262179364E+05  -0.155543575E+02  -0.164166939E+02  -0.160705257E+02  -0.156524416E+02  -0.153243575E+02  -0.150162734E+02  -0.172066939E+02  -0.160405257E+02  -0.158424416E+02  -0.157643575E+02  -0.156662734E+02
   0.244807705E+06   0.260165815E+05  -0.155642277E+02  -0.164220648E+02  -0.160781463E+02  -0.156611870E+02  -0.153342277E+02  -0.150272684E+02  -0.172120648E+02  -0.160481463E+02  -0.158511870E+02  -0.157742277E+02  -0.156772684E+02
   0.246559923E+06   0.258102215E+05  -0.155744551E+02  -0.164276811E+02  -0.160860681E+02  -0.156702616E+02  -0.153444551E+02  -0.150386486E+02  -0.172176811E+02  -0.160560681E+02  -0.158602616E+02  -0.157844551E+02  -0.156886486E+02
   0.248222772E+06   0.256200657E+05  -0.155839749E+02  -0.164329518E+02  -0.160934634E+02  -0.156787191E+02  -0.153539749E+02  -0.150492306E+02  -0.172229518E+02  -0.160634634E+02  -0.158687191E+02  -0.157939749E+02  -0.156992306E+02
   0.249916409E+06   0.254319430E+05  -0.155934969E+02  -0.164382702E+02  -0.161008835E+02  -0.156871902E+02  -0.153634969E+02  -0.150598035E+02  -0.172282702E+02  -0.160708835E+02  -0.158771902E+02  -0.158034969E+02  -0.157098035E+02
   0.251641284E+06   0.252459359E+05  -0.156030220E+02  -0.164436390E+02  -0.161083305E+02  -0.156956763E+02  -0.153730220E+02  -0.150703678E+02  -0.172336390E+02  -0.160783305E+02  -0.158856763E+02  -0.158130220E+02  -0.157203678E+02
   0.253332235E+06   0.250687523E+05  -0.156121885E+02  -0.164488463E+02  -0.161155174E+02  -0.157038529E+02  -0.153821885E+02  -0.150805241E+02  -0.172388463E+02  -0.160855174E+02  -0.158938529E+02  -0.158221885E+02  -0.157305241E+02
   0.255053013E+06   0.248934729E+05  -0.156213452E+02  -0.164540864E+02  -0.161227158E+02  -0.157120305E+02  -0.153913452E+02  -0.150906600E+02  -0.172440864E+02  -0.160927158E+02  -0.159020305E+02  -0.158313452E+02  -0.157406600E+02
   0.256736138E+06   0.247267671E+05  -0.156304795E+02  -0.164591607E+02  -0.161299520E+02  -0.157204795E+02  -0.154007432E+02  -0.151007432E+02  -0.172494245E+02  -0.160999520E+02  -0.159102157E+02  -0.158404795E+02  -0.157504795E+02
   0.258447629E+06   0.245608179E+05  -0.156406345E+02  -0.164643457E+02  -0.161381190E+02  -0.157306345E+02  -0.154118923E+02  -0.151118923E+02  -0.172556035E+02  -0.161081190E+02  -0.159193768E+02  -0.158506345E+02  -0.157606345E+02
   0.260117701E+06   0.244027644E+05  -0.156503941E+02  -0.164693718E+02  -0.161459852E+02  -0.157403941E+02  -0.154225986E+02  -0.151225986E+02  -0.172615763E+02  -0.161159852E+02  -0.159281897E+02  -0.158603941E+02  -0.157703941E+02
   0.261814614E+06   0.242462567E+05  -0.156601357E+02  -0.164744261E+02  -0.161538519E+02  -0.157501357E+02  -0.154332776E+02  -0.151332776E+02  -0.172675680E+02  -0.161238519E+02  -0.159369938E+02  -0.158701357E+02  -0.157801357E+02
   0.263538721E+06   0.240913472E+05  -0.156698623E+02  -0.164795133E+02  -0.161617227E+02  -0.157598623E+02  -0.154439321E+02  -0.151439321E+02  -0.172735831E+02  -0.161317227E+02  -0.159457925E+02  -0.158798623E+02  -0.157898623E+02
   0.265216840E+06   0.239443254E+05  -0.156791649E+02  -0.164844127E+02  -0.161692640E+02  -0.157691649E+02  -0.154541153E+02  -0.151541153E+02  -0.172793631E+02  -0.161392640E+02  -0.159542144E+02  -0.158891649E+02  -0.157991649E+02
   0.266920581E+06   0.237986983E+05  -0.156884482E+02  -0.164893346E+02  -0.161768028E+02  -0.157784482E+02  -0.154642709E+02  -0.151642709E+02  -0.172851574E+02  -0.161468028E+02  -0.159626255E+02  -0.158984482E+02  -0.158084482E+02
   0.268650268E+06   0.236544764E+05  -0.156977128E+02  -0.164942799E+02  -0.161843397E+02  -0.157877128E+02  -0.154743994E+02  -0.151743994E+02  -0.172909665E+02  -0.161543397E+02  -0.159710262E+02  -0.159077128E+02  -0.158177128E+02
   0.270329333E+06   0.235178113E+05  -0.157065548E+02  -0.164990290E+02  -0.161915445E+02  -0.157965548E+02  -0.154840600E+02  -0.151840600E+02  -0.172965341E+02  -0.161615445E+02  -0.159790497E+02  -0.159165548E+02  -0.158265548E+02
   0.272032730E+06   0.233823527E+05  -0.157153751E+02  -0.165037924E+02  -0.161987420E+02  -0.158053751E+02  -0.154936917E+02  -0.151936917E+02  -0.173021089E+02  -0.161687420E+02  -0.159870586E+02  -0.159253751E+02  -0.158353751E+02
   0.273760748E+06   0.232481238E+05  -0.157241750E+02  -0.165085723E+02  -0.162059339E+02  -0.158141750E+02  -0.155032956E+02  -0.152032956E+02  -0.173076928E+02  -0.161759339E+02  -0.159950545E+02  -0.159341750E+02  -0.158441750E+02
   0.275433461E+06   0.231210980E+05  -0.157325520E+02  -0.165131449E+02  -0.162127891E+02  -0.158225520E+02  -0.155124334E+02  -0.152124334E+02  -0.173130263E+02  -0.161827891E+02  -0.160026705E+02  -0.159425520E+02  -0.158525520E+02
   0.277129146E+06   0.229942107E+05  -0.157411992E+02  -0.165184480E+02  -0.162198236E+02  -0.158311992E+02  -0.155218870E+02  -0.152225748E+02  -0.173184480E+02  -0.161898236E+02  -0.160105114E+02  -0.159511992E+02  -0.158625748E+02
   0.278848073E+06   0.228663206E+05  -0.157500809E+02  -0.165240442E+02  -0.162270625E+02  -0.158400809E+02  -0.155315901E+02  -0.152330992E+02  -0.173240442E+02  -0.161970625E+02  -0.160185717E+02  -0.159600809E+02  -0.158730992E+02
   0.280507007E+06   0.227454565E+05  -0.157585218E+02  -0.165293800E+02  -0.162339509E+02  -0.158485218E+02  -0.155408072E+02  -0.152430927E+02  -0.173293800E+02  -0.162039509E+02  -0.160262363E+02  -0.159685218E+02  -0.158830927E+02
   0.282272112E+06   0.226148347E+05  -0.157673170E+02  -0.165348195E+02  -0.162410683E+02  -0.158573170E+02  -0.155504414E+02  -0.152535658E+02  -0.173348195E+02  -0.162110683E+02  -0.160341926E+02  -0.159773170E+02  -0.158935658E+02
   0.283975538E+06   0.224974007E+05  -0.157758371E+02  -0.165403226E+02  -0.162480799E+02  -0.158658371E+02  -0.155597157E+02  -0.152635943E+02  -0.173403226E+02  -0.162180799E+02  -0.160419585E+02  -0.159858371E+02  -0.159035943E+02
   0.285614244E+06   0.223857886E+05  -0.157838476E+02  -0.165454658E+02  -0.162546567E+02  -0.158738476E+02  -0.155684431E+02  -0.152730385E+02  -0.173454658E+02  -0.162246567E+02  -0.160492522E+02  -0.159938476E+02  -0.159130385E+02
   0.287360970E+06   0.222688206E+05  -0.157922339E+02  -0.165508472E+02  -0.162615406E+02  -0.158822339E+02  -0.155775806E+02  -0.152829273E+02  -0.173508472E+02  -0.162315406E+02  -0.160568873E+02  -0.160022339E+02  -0.159229273E+02
   0.289041275E+06   0.221583945E+05  -0.158001720E+02  -0.165559484E+02  -0.162680602E+02  -0.158901720E+02  -0.155862279E+02  -0.152922838E+02  -0.173559484E+02  -0.162380602E+02  -0.160641161E+02  -0.160101720E+02  -0.159322838E+02
   0.290742187E+06   0.220487329E+05  -0.158080880E+02  -0.165610471E+02  -0.162745675E+02  -0.158980880E+02  -0.155948482E+02  -0.153016084E+02  -0.173610471E+02  -0.162445675E+02  -0.160713278E+02  -0.160180880E+02  -0.159416084E+02
   0.292463935E+06   0.219398373E+05  -0.158159820E+02  -0.165661435E+02  -0.162810628E+02  -0.159059820E+02  -0.156034416E+02  -0.153109012E+02  -0.173661435E+02  -0.162510628E+02  -0.160785224E+02  -0.160259820E+02  -0.159509012E+02
   0.294114493E+06   0.218373959E+05  -0.158234416E+02  -0.165709714E+02  -0.162872065E+02  -0.159134416E+02  -0.156115592E+02  -0.153196768E+02  -0.173709714E+02  -0.162572065E+02  -0.160853241E+02  -0.160334416E+02  -0.159596768E+02
   0.295877480E+06   0.217287362E+05  -0.158314337E+02  -0.165761719E+02  -0.162938028E+02  -0.159214337E+02  -0.156202491E+02  -0.153290645E+02  -0.173761719E+02  -0.162638028E+02  -0.160926182E+02  -0.160414337E+02  -0.159690645E+02
   0.297567529E+06   0.216253026E+05  -0.158391182E+02  -0.165811991E+02  -0.163001586E+02  -0.159291182E+02  -0.156285979E+02  -0.153380777E+02  -0.173811991E+02  -0.162701586E+02  -0.160996384E+02  -0.160491182E+02  -0.159780777E+02
   0.299274861E+06   0.215226901E+05  -0.158469570E+02  -0.165862129E+02  -0.163066594E+02  -0.159368082E+02  -0.156369570E+02  -0.153471059E+02  -0.173862129E+02  -0.162765105E+02  -0.161068082E+02  -0.160569570E+02  -0.159871059E+02
   0.300984861E+06   0.214217490E+05  -0.158553674E+02  -0.165911473E+02  -0.163136794E+02  -0.159445234E+02  -0.156453674E+02  -0.153562114E+02  -0.173911473E+02  -0.162828353E+02  -0.161145234E+02  -0.160653674E+02  -0.159962114E+02
   0.302694861E+06   0.213225662E+05  -0.158636645E+02  -0.165960290E+02  -0.163206103E+02  -0.159521374E+02  -0.156536645E+02  -0.153651916E+02  -0.173960290E+02  -0.162890832E+02  -0.161221374E+02  -0.160736645E+02  -0.160051916E+02
   0.304309861E+06   0.212304669E+05  -0.158713988E+02  -0.166005918E+02  -0.163270760E+02  -0.159592374E+02  -0.156613988E+02  -0.153735601E+02  -0.174005918E+02  -0.162949146E+02  -0.161292374E+02  -0.160813988E+02  -0.160135601E+02
   0.306019861E+06   0.211345679E+05  -0.158794819E+02  -0.166053727E+02  -0.163338382E+02  -0.159666600E+02  -0.156694819E+02  -0.153823037E+02  -0.174053727E+02  -0.163010164E+02  -0.161366600E+02  -0.160894819E+02  -0.160223037E+02
   0.307729861E+06   0.210402830E+05  -0.158874575E+02  -0.166101016E+02  -0.163405151E+02  -0.159739863E+02  -0.156774575E+02  -0.153909287E+02  -0.174101016E+02  -0.163070439E+02  -0.161439863E+02  -0.160974575E+02  -0.160309287E+02
   0.309439861E+06   0.209475630E+05  -0.158953274E+02  -0.166147786E+02  -0.163471079E+02  -0.159812176E+02  -0.156853274E+02  -0.153994372E+02  -0.174147786E+02  -0.163129981E+02  -0.161512176E+02  -0.161053274E+02  -0.160394372E+02
   0.311149861E+06   0.208563702E+05  -0.159030940E+02  -0.166194050E+02  -0.163536184E+02  -0.159883562E+02  -0.156930940E+02  -0.154078318E+02  -0.174194050E+02  -0.163188806E+02  -0.161583562E+02  -0.161130940E+02  -0.160478318E+02
   0.312859861E+06   0.207660315E+05  -0.159108325E+02  -0.166240326E+02  -0.163601125E+02  -0.159954725E+02  -0.157008325E+02  -0.154161925E+02  -0.174240326E+02  -0.163247526E+02  -0.161654725E+02  -0.161208325E+02  -0.160561925E+02
   0.314569861E+06   0.206759914E+05  -0.159186006E+02  -0.166287002E+02  -0.163666405E+02  -0.160026205E+02  -0.157086006E+02  -0.154245807E+02  -0.174287002E+02  -0.163306604E+02  -0.161726205E+02  -0.161286006E+02  -0.160645807E+02
   0.316279861E+06   0.205873502E+05  -0.159262722E+02  -0.166333194E+02  -0.163730911E+02  -0.160096816E+02  -0.157162722E+02  -0.154328628E+02  -0.174333194E+02  -0.163365005E+02  -0.161796816E+02  -0.161362722E+02  -0.160728628E+02
   0.317989861E+06   0.205000679E+05  -0.159338486E+02  -0.166378902E+02  -0.163794652E+02  -0.160166569E+02  -0.157238486E+02  -0.154410402E+02  -0.174378902E+02  -0.163422735E+02  -0.161866569E+02  -0.161438486E+02  -0.160810402E+02
   0.319604861E+06   0.204188518E+05  -0.159409181E+02  -0.166421630E+02  -0.163854161E+02  -0.160231671E+02  -0.157309181E+02  -0.154486692E+02  -0.174421630E+02  -0.163476651E+02  -0.161931671E+02  -0.161509181E+02  -0.160886692E+02
   0.321314861E+06   0.203341113E+05  -0.159483139E+02  -0.166466408E+02  -0.163916447E+02  -0.160299793E+02  -0.157383139E+02  -0.154566486E+02  -0.174466408E+02  -0.163533100E+02  -0.161999793E+02  -0.161583139E+02  -0.160966486E+02
   0.323024861E+06   0.202506292E+05  -0.159556191E+02  -0.166510712E+02  -0.163977999E+02  -0.160367095E+02  -0.157456191E+02  -0.154645286E+02  -0.174510712E+02  -0.163588903E+02  -0.162067095E+02  -0.161656191E+02  -0.161045286E+02
   0.324734861E+06   0.201683785E+05  -0.159628353E+02  -0.166554551E+02  -0.164038832E+02  -0.160433593E+02  -0.157528353E+02  -0.154723113E+02  -0.174554551E+02  -0.163644072E+02  -0.162133593E+02  -0.161728353E+02  -0.161123113E+02
   0.326444861E+06   0.200873268E+05  -0.159699717E+02  -0.166597880E+02  -0.164098982E+02  -0.160499717E+02  -0.157600451E+02  -0.154800451E+02  -0.174598248E+02  -0.163698615E+02  -0.162199717E+02  -0.161800084E+02  -0.161200084E+02
   0.328154861E+06   0.200074458E+05  -0.159771402E+02  -0.166640069E+02  -0.164158869E+02  -0.160571402E+02  -0.157683935E+02  -0.154883935E+02  -0.174646336E+02  -0.163752602E+02  -0.162271402E+02  -0.161877668E+02  -0.161277668E+02
   0.329864861E+06   0.199277959E+05  -0.159843252E+02  -0.166682509E+02  -0.164218955E+02  -0.160643252E+02  -0.157767550E+02  -0.154967550E+02  -0.174694658E+02  -0.163806807E+02  -0.162343252E+02  -0.161955401E+02  -0.161355401E+02
   0.331574861E+06   0.198485909E+05  -0.159915020E+02  -0.166725031E+02  -0.164279025E+02  -0.160715020E+02  -0.157851016E+02  -0.155051016E+02  -0.174743029E+02  -0.163861027E+02  -0.162415020E+02  -0.162033018E+02  -0.161433018E+02
   0.333284861E+06   0.197704600E+05  -0.159985964E+02  -0.166767125E+02  -0.164338429E+02  -0.160785964E+02  -0.157933500E+02  -0.155133500E+02  -0.174790893E+02  -0.163914661E+02  -0.162485964E+02  -0.162109732E+02  -0.161509732E+02
   0.334994861E+06   0.196933836E+05  -0.160056100E+02  -0.166808801E+02  -0.164397181E+02  -0.160856100E+02  -0.158015020E+02  -0.155215020E+02  -0.174838261E+02  -0.163967721E+02  -0.162556100E+02  -0.162185560E+02  -0.161585560E+02
   0.336609861E+06   0.196215348E+05  -0.160121607E+02  -0.166847778E+02  -0.164452075E+02  -0.160921607E+02  -0.158091139E+02  -0.155291139E+02  -0.174882544E+02  -0.164017309E+02  -0.162621607E+02  -0.162256373E+02  -0.161656373E+02
   0.338319861E+06   0.195464401E+05  -0.160190205E+02  -0.166888647E+02  -0.164509582E+02  -0.160990205E+02  -0.158170829E+02  -0.155370829E+02  -0.174928959E+02  -0.164069270E+02  -0.162690205E+02  -0.162330517E+02  -0.161730517E+02
   0.340029861E+06   0.194723339E+05  -0.160258031E+02  -0.166929110E+02  -0.164566463E+02  -0.161058031E+02  -0.158249600E+02  -0.155449600E+02  -0.174974894E+02  -0.164120678E+02  -0.162758031E+02  -0.162403816E+02  -0.161803816E+02
   0.341739861E+06   0.193991973E+05  -0.160325099E+02  -0.166969171E+02  -0.164622728E+02  -0.161125099E+02  -0.158327470E+02  -0.155527470E+02  -0.175020357E+02  -0.164171542E+02  -0.162825099E+02  -0.162476284E+02  -0.161876284E+02
   0.343449861E+06   0.193270027E+05  -0.160391416E+02  -0.167008831E+02  -0.164678382E+02  -0.161191416E+02  -0.158404450E+02  -0.155604450E+02  -0.175065348E+02  -0.164221865E+02  -0.162891416E+02  -0.162547933E+02  -0.161947933E+02
   0.345159861E+06   0.192556008E+05  -0.160457144E+02  -0.167048193E+02  -0.164733563E+02  -0.161257144E+02  -0.158480724E+02  -0.155680724E+02  -0.175109983E+02  -0.164271773E+02  -0.162957144E+02  -0.162618934E+02  -0.162018934E+02
   0.346869861E+06   0.191840703E+05  -0.160523352E+02  -0.167087989E+02  -0.164789207E+02  -0.161323352E+02  -0.158557497E+02  -0.155757497E+02  -0.175155062E+02  -0.164322134E+02  -0.163023352E+02  -0.162690425E+02  -0.162090425E+02
   0.348579861E+06   0.191134253E+05  -0.160588854E+02  -0.167127405E+02  -0.164844274E+02  -0.161388854E+02  -0.158633433E+02  -0.155833433E+02  -0.175199695E+02  -0.164371985E+02  -0.163088854E+02  -0.162761143E+02  -0.162161143E+02
   0.350289861E+06   0.190436504E+05  -0.160653661E+02  -0.167166448E+02  -0.164898776E+02  -0.161453661E+02  -0.158708546E+02  -0.155908546E+02  -0.175243891E+02  -0.164421333E+02  -0.163153661E+02  -0.162831104E+02  -0.162231104E+02
   0.351904861E+06   0.189785312E+05  -0.160714235E+02  -0.167202977E+02  -0.164949732E+02  -0.161514235E+02  -0.158778739E+02  -0.155978739E+02  -0.175285229E+02  -0.164467481E+02  -0.163214235E+02  -0.162896487E+02  -0.162296487E+02
   0.353614861E+06   0.189103932E+05  -0.160777717E+02  -0.167241299E+02  -0.165003150E+02  -0.161577717E+02  -0.158852284E+02  -0.156052284E+02  -0.175328582E+02  -0.164515866E+02  -0.163277717E+02  -0.162965000E+02  -0.162365000E+02
   0.355324861E+06   0.188430717E+05  -0.160840533E+02  -0.167279257E+02  -0.165056023E+02  -0.161640533E+02  -0.158925043E+02  -0.156125043E+02  -0.175371512E+02  -0.164563767E+02  -0.163340533E+02  -0.163032788E+02  -0.162432788E+02
   0.357034861E+06   0.187765527E+05  -0.160902694E+02  -0.167316856E+02  -0.165108359E+02  -0.161702694E+02  -0.158997030E+02  -0.156197030E+02  -0.175414024E+02  -0.164611191E+02  -0.163402694E+02  -0.163099862E+02  -0.162499862E+02
   0.358744861E+06   0.187108186E+05  -0.160968859E+02  -0.167355850E+02  -0.165160186E+02  -0.161766691E+02  -0.159068859E+02  -0.156271027E+02  -0.175453682E+02  -0.164660186E+02  -0.163464522E+02  -0.163166691E+02  -0.162571027E+02
   0.360454861E+06   0.186458614E+05  -0.161040773E+02  -0.167396903E+02  -0.165211527E+02  -0.161833462E+02  -0.159140773E+02  -0.156348085E+02  -0.175489592E+02  -0.164711527E+02  -0.163526150E+02  -0.163233462E+02  -0.162648085E+02
   0.362164861E+06   0.185809219E+05  -0.161112929E+02  -0.167438207E+02  -0.165263114E+02  -0.161900476E+02  -0.159212929E+02  -0.156425383E+02  -0.175525753E+02  -0.164763114E+02  -0.163588022E+02  -0.163300476E+02  -0.162725383E+02
   0.363874861E+06   0.185166971E+05  -0.161184380E+02  -0.167479144E+02  -0.165314223E+02  -0.161966840E+02  -0.159284380E+02  -0.156501919E+02  -0.175561605E+02  -0.164814223E+02  -0.163649301E+02  -0.163366840E+02  -0.162801919E+02
   0.365584861E+06   0.184531992E+05  -0.161255102E+02  -0.167519699E+02  -0.165364833E+02  -0.162032535E+02  -0.159355102E+02  -0.156577669E+02  -0.175597132E+02  -0.164864833E+02  -0.163709968E+02  -0.163432535E+02  -0.162877669E+02
   0.367294861E+06   0.183904201E+05  -0.161325113E+02  -0.167559884E+02  -0.165414960E+02  -0.162097575E+02  -0.159425113E+02  -0.156652651E+02  -0.175632346E+02  -0.164914960E+02  -0.163770037E+02  -0.163497575E+02  -0.162952651E+02
   0.368909861E+06   0.183317760E+05  -0.161390590E+02  -0.167597499E+02  -0.165461863E+02  -0.162158408E+02  -0.159490590E+02  -0.156722772E+02  -0.175665317E+02  -0.164961863E+02  -0.163826227E+02  -0.163558408E+02  -0.163022772E+02
   0.370619861E+06   0.182703525E+05  -0.161459244E+02  -0.167636971E+02  -0.165511062E+02  -0.162222198E+02  -0.159559244E+02  -0.156796289E+02  -0.175699925E+02  -0.165011062E+02  -0.163885153E+02  -0.163622198E+02  -0.163096289E+02
   0.372329861E+06   0.182096110E+05  -0.161527217E+02  -0.167676086E+02  -0.165559797E+02  -0.162285362E+02  -0.159627217E+02  -0.156869073E+02  -0.175734231E+02  -0.165059797E+02  -0.163943507E+02  -0.163685362E+02  -0.163169073E+02
   0.374039861E+06   0.181495357E+05  -0.161594520E+02  -0.167714847E+02  -0.165608071E+02  -0.162347907E+02  -0.159694520E+02  -0.156941132E+02  -0.175768235E+02  -0.165108071E+02  -0.164001295E+02  -0.163747907E+02  -0.163241132E+02
   0.375749861E+06   0.180900000E+05  -0.161661311E+02  -0.167753353E+02  -0.165656006E+02  -0.162409985E+02  -0.159761311E+02  -0.157012637E+02  -0.175802027E+02  -0.165156006E+02  -0.164058658E+02  -0.163809985E+02  -0.163312637E+02
   0.377459861E+06   0.180306089E+05  -0.161728113E+02  -0.167791939E+02  -0.165703997E+02  -0.162472084E+02  -0.159828113E+02  -0.157084142E+02  -0.175835910E+02  -0.165203997E+02  -0.164116055E+02  -0.163872084E+02  -0.163384142E+02
   0.379169861E+06   0.179718541E+05  -0.161794283E+02  -0.167830194E+02  -0.165751557E+02  -0.162533601E+02  -0.159894283E+02  -0.157154964E+02  -0.175869513E+02  -0.165251557E+02  -0.164172920E+02  -0.163933601E+02  -0.163454964E+02
   0.380879861E+06   0.179137205E+05  -0.161859823E+02  -0.167868116E+02  -0.165798685E+02  -0.162594539E+02  -0.159959823E+02  -0.157225108E+02  -0.175902831E+02  -0.165298685E+02  -0.164229254E+02  -0.163994539E+02  -0.163525108E+02
   0.382589861E+06   0.178561965E+05  -0.161924746E+02  -0.167905709E+02  -0.165845388E+02  -0.162654906E+02  -0.160024746E+02  -0.157294585E+02  -0.175935869E+02  -0.165345388E+02  -0.164285067E+02  -0.164054906E+02  -0.163594585E+02
   0.384204861E+06   0.178024222E+05  -0.161985505E+02  -0.167940920E+02  -0.165889115E+02  -0.162711407E+02  -0.160085505E+02  -0.157359602E+02  -0.175966822E+02  -0.165389115E+02  -0.164337310E+02  -0.164111407E+02  -0.163659602E+02
   0.385914861E+06   0.177460586E+05  -0.162049254E+02  -0.167977890E+02  -0.165935011E+02  -0.162770693E+02  -0.160149254E+02  -0.157427814E+02  -0.175999330E+02  -0.165435011E+02  -0.164392132E+02  -0.164170693E+02  -0.163727814E+02
   0.387624861E+06   0.176902799E+05  -0.162112414E+02  -0.168014550E+02  -0.165980504E+02  -0.162829436E+02  -0.160212414E+02  -0.157495391E+02  -0.176031573E+02  -0.165480504E+02  -0.164446459E+02  -0.164229436E+02  -0.163795391E+02
   0.389334861E+06   0.176350735E+05  -0.162174991E+02  -0.168050899E+02  -0.166025596E+02  -0.162887642E+02  -0.160274991E+02  -0.157562340E+02  -0.176063550E+02  -0.165525596E+02  -0.164500294E+02  -0.164287642E+02  -0.163862340E+02
   0.391044861E+06   0.175800161E+05  -0.162237540E+02  -0.168087290E+02  -0.166070707E+02  -0.162945832E+02  -0.160337540E+02  -0.157629248E+02  -0.176095582E+02  -0.165570707E+02  -0.164554124E+02  -0.164345832E+02  -0.163929248E+02
   0.392754861E+06   0.175253932E+05  -0.162299689E+02  -0.168123488E+02  -0.166115555E+02  -0.163003656E+02  -0.160399689E+02  -0.157695723E+02  -0.176127455E+02  -0.165615555E+02  -0.164607622E+02  -0.164403656E+02  -0.163995723E+02
   0.394464861E+06   0.174713145E+05  -0.162361019E+02  -0.168158989E+02  -0.166160342E+02  -0.163061019E+02  -0.160461358E+02  -0.157762034E+02  -0.176159327E+02  -0.165660342E+02  -0.164660681E+02  -0.164461019E+02  -0.164061358E+02
   0.396174861E+06   0.174177688E+05  -0.162418490E+02  -0.168189183E+02  -0.166208721E+02  -0.163118490E+02  -0.160523375E+02  -0.157833144E+02  -0.176194067E+02  -0.165708721E+02  -0.164713606E+02  -0.164518490E+02  -0.164123375E+02
   0.397884861E+06   0.173647481E+05  -0.162475459E+02  -0.168219141E+02  -0.166256686E+02  -0.163175459E+02  -0.160584845E+02  -0.157903618E+02  -0.176228528E+02  -0.165756686E+02  -0.164766073E+02  -0.164575459E+02  -0.164184845E+02
   0.399594861E+06   0.173122436E+05  -0.162531931E+02  -0.168248866E+02  -0.166304242E+02  -0.163231931E+02  -0.160645775E+02  -0.157973463E+02  -0.176262710E+02  -0.165804242E+02  -0.164818087E+02  -0.164631931E+02  -0.164245775E+02
   0.401209861E+06   0.172631261E+05  -0.162584819E+02  -0.168276732E+02  -0.166348790E+02  -0.163284819E+02  -0.160702833E+02  -0.158038862E+02  -0.176294747E+02  -0.165848790E+02  -0.164866804E+02  -0.164684819E+02  -0.164302833E+02
   0.402919861E+06   0.172116066E+05  -0.162640348E+02  -0.168306016E+02  -0.166395571E+02  -0.163340348E+02  -0.160762737E+02  -0.158107514E+02  -0.176328405E+02  -0.165895571E+02  -0.164917959E+02  -0.164740348E+02  -0.164362737E+02
   0.404629861E+06   0.171603551E+05  -0.162695697E+02  -0.168335257E+02  -0.166442217E+02  -0.163395697E+02  -0.160822438E+02  -0.158175918E+02  -0.176361997E+02  -0.165942217E+02  -0.164968957E+02  -0.164795697E+02  -0.164422438E+02
   0.406339861E+06   0.171094940E+05  -0.162750709E+02  -0.168364359E+02  -0.166488592E+02  -0.163450709E+02  -0.160881768E+02  -0.158243884E+02  -0.176395417E+02  -0.165988592E+02  -0.165019651E+02  -0.164850709E+02  -0.164481768E+02
   0.408049861E+06   0.170591123E+05  -0.162805259E+02  -0.168393243E+02  -0.166534587E+02  -0.163505259E+02  -0.160940595E+02  -0.158311267E+02  -0.176428579E+02  -0.166034587E+02  -0.165069923E+02  -0.164905259E+02  -0.164540595E+02
   0.409759861E+06   0.170092019E+05  -0.162859353E+02  -0.168421912E+02  -0.166580206E+02  -0.163559353E+02  -0.160998927E+02  -0.158378074E+02  -0.176461485E+02  -0.166080206E+02  -0.165119780E+02  -0.164959353E+02  -0.164598927E+02
   0.411469861E+06   0.169597550E+05  -0.162912997E+02  -0.168450366E+02  -0.166625453E+02  -0.163612997E+02  -0.161056769E+02  -0.158444313E+02  -0.176494138E+02  -0.166125453E+02  -0.165169225E+02  -0.165012997E+02  -0.164656769E+02
   0.413179861E+06   0.169107684E+05  -0.162966200E+02  -0.168478614E+02  -0.166670338E+02  -0.163666200E+02  -0.161114131E+02  -0.158509993E+02  -0.176526545E+02  -0.166170338E+02  -0.165218269E+02  -0.165066200E+02  -0.164714131E+02
   0.414889861E+06   0.168614214E+05  -0.163018465E+02  -0.168505741E+02  -0.166714224E+02  -0.163718465E+02  -0.161170586E+02  -0.158574828E+02  -0.176557861E+02  -0.166214224E+02  -0.165266344E+02  -0.165118465E+02  -0.164770586E+02
   0.416504861E+06   0.168161185E+05  -0.163068051E+02  -0.168532248E+02  -0.166756116E+02  -0.163768051E+02  -0.161224018E+02  -0.158635952E+02  -0.176588215E+02  -0.166256116E+02  -0.165312084E+02  -0.165168051E+02  -0.164824018E+02
   0.418214861E+06   0.167684113E+05  -0.163120299E+02  -0.168560193E+02  -0.166800264E+02  -0.163820299E+02  -0.161280317E+02  -0.158700353E+02  -0.176620211E+02  -0.166300264E+02  -0.165360282E+02  -0.165220299E+02  -0.164880317E+02
   0.419924861E+06   0.167210622E+05  -0.163172159E+02  -0.168587932E+02  -0.166844084E+02  -0.163872159E+02  -0.161336197E+02  -0.158764273E+02  -0.176651970E+02  -0.166344084E+02  -0.165408122E+02  -0.165272159E+02  -0.164936197E+02
   0.421634861E+06   0.166741156E+05  -0.163223578E+02  -0.168615435E+02  -0.166887531E+02  -0.163923578E+02  -0.161391602E+02  -0.158827650E+02  -0.176683459E+02  -0.166387531E+02  -0.165455555E+02  -0.165323578E+02  -0.164991602E+02
   0.423344861E+06   0.166275746E+05  -0.163274573E+02  -0.168642721E+02  -0.166930622E+02  -0.163974573E+02  -0.161446548E+02  -0.158890499E+02  -0.176714696E+02  -0.166430622E+02  -0.165502597E+02  -0.165374573E+02  -0.165046548E+02
   0.425054861E+06   0.165814391E+05  -0.163325154E+02  -0.168669800E+02  -0.166973370E+02  -0.164025154E+02  -0.161501047E+02  -0.158952832E+02  -0.176745692E+02  -0.166473370E+02  -0.165549262E+02  -0.165425154E+02  -0.165101047E+02
   0.426764861E+06   0.165357034E+05  -0.163375329E+02  -0.168696675E+02  -0.167015778E+02  -0.164075329E+02  -0.161555104E+02  -0.159014655E+02  -0.176776451E+02  -0.166515778E+02  -0.165595553E+02  -0.165475329E+02  -0.165155104E+02
   0.428474861E+06   0.164903664E+05  -0.163425106E+02  -0.168723356E+02  -0.167057856E+02  -0.164125106E+02  -0.161608730E+02  -0.159075980E+02  -0.176806981E+02  -0.166557856E+02  -0.165641481E+02  -0.165525106E+02  -0.165208730E+02
   0.430184861E+06   0.164453870E+05  -0.163474543E+02  -0.168749880E+02  -0.167099656E+02  -0.164174543E+02  -0.161661987E+02  -0.159136874E+02  -0.176837324E+02  -0.166599656E+02  -0.165687099E+02  -0.165574543E+02  -0.165261987E+02
   0.431894861E+06   0.164006897E+05  -0.163523728E+02  -0.168776295E+02  -0.167141250E+02  -0.164223728E+02  -0.161714967E+02  -0.159197444E+02  -0.176867534E+02  -0.166641250E+02  -0.165732489E+02  -0.165623728E+02  -0.165314967E+02
   0.433509861E+06   0.163588299E+05  -0.163569833E+02  -0.168801076E+02  -0.167180248E+02  -0.164269833E+02  -0.161764626E+02  -0.159254212E+02  -0.176895869E+02  -0.166680248E+02  -0.165775040E+02  -0.165669833E+02  -0.165364626E+02
   0.435219861E+06   0.163148787E+05  -0.163618288E+02  -0.168827141E+02  -0.167221239E+02  -0.164318288E+02  -0.161816813E+02  -0.159313862E+02  -0.176925666E+02  -0.166721239E+02  -0.165819764E+02  -0.165718288E+02  -0.165416813E+02
   0.436929861E+06   0.162713030E+05  -0.163668946E+02  -0.168852251E+02  -0.167261791E+02  -0.164368946E+02  -0.161871331E+02  -0.159373716E+02  -0.176952251E+02  -0.166759406E+02  -0.165866561E+02  -0.165771331E+02  -0.165473716E+02
   0.438639861E+06   0.162280982E+05  -0.163720910E+02  -0.168876681E+02  -0.167301954E+02  -0.164420910E+02  -0.161927228E+02  -0.159433547E+02  -0.176976681E+02  -0.166795636E+02  -0.165914591E+02  -0.165827228E+02  -0.165533547E+02
   0.440349861E+06   0.161852613E+05  -0.163772479E+02  -0.168900950E+02  -0.167341824E+02  -0.164472479E+02  -0.161982698E+02  -0.159492916E+02  -0.177000950E+02  -0.166831606E+02  -0.165962261E+02  -0.165882698E+02  -0.165592916E+02
   0.442059861E+06   0.161427857E+05  -0.163823657E+02  -0.168925059E+02  -0.167381401E+02  -0.164523657E+02  -0.162037742E+02  -0.159551828E+02  -0.177025059E+02  -0.166867315E+02  -0.166009572E+02  -0.165937742E+02  -0.165651828E+02
   0.443769861E+06   0.161005888E+05  -0.163874570E+02  -0.168949080E+02  -0.167420789E+02  -0.164574570E+02  -0.162092497E+02  -0.159610424E+02  -0.177049080E+02  -0.166902862E+02  -0.166056643E+02  -0.165992497E+02  -0.165710424E+02
   0.445479861E+06   0.160587428E+05  -0.163925106E+02  -0.168972948E+02  -0.167459896E+02  -0.164625106E+02  -0.162146843E+02  -0.159668580E+02  -0.177072948E+02  -0.166938159E+02  -0.166103369E+02  -0.166046843E+02  -0.165768580E+02
   0.447189861E+06   0.160172446E+05  -0.163975264E+02  -0.168996660E+02  -0.167498719E+02  -0.164675264E+02  -0.162200779E+02  -0.159726293E+02  -0.177096660E+02  -0.166973204E+02  -0.166149749E+02  -0.166100779E+02  -0.165826293E+02
   0.448804861E+06   0.159783686E+05  -0.164022293E+02  -0.169018914E+02  -0.167535131E+02  -0.164722293E+02  -0.162251347E+02  -0.159780402E+02  -0.177118914E+02  -0.167006076E+02  -0.166193239E+02  -0.166151347E+02  -0.165880402E+02
   0.450514861E+06   0.159375356E+05  -0.164071730E+02  -0.169042328E+02  -0.167573415E+02  -0.164771730E+02  -0.162304502E+02  -0.159837273E+02  -0.177142328E+02  -0.167040643E+02  -0.166238958E+02  -0.166204502E+02  -0.165937273E+02
   0.452224861E+06   0.158970383E+05  -0.164120802E+02  -0.169065592E+02  -0.167611426E+02  -0.164820802E+02  -0.162357261E+02  -0.159893719E+02  -0.177165592E+02  -0.167074968E+02  -0.166284344E+02  -0.166257261E+02  -0.165993719E+02
   0.453934861E+06   0.158568725E+05  -0.164169514E+02  -0.169088707E+02  -0.167649168E+02  -0.164869514E+02  -0.162409630E+02  -0.159949745E+02  -0.177188707E+02  -0.167109053E+02  -0.166329399E+02  -0.166309630E+02  -0.166049745E+02
   0.455644861E+06   0.158170074E+05  -0.164217911E+02  -0.169111697E+02  -0.167686676E+02  -0.164917911E+02  -0.162461655E+02  -0.160005400E+02  -0.177211697E+02  -0.167142931E+02  -0.166374166E+02  -0.166361655E+02  -0.166105400E+02
   0.457354861E+06   0.157774641E+05  -0.164265959E+02  -0.169134545E+02  -0.167723924E+02  -0.164965959E+02  -0.162513303E+02  -0.160060648E+02  -0.177234545E+02  -0.167176579E+02  -0.166418614E+02  -0.166413303E+02  -0.166160648E+02
   0.459064861E+06   0.157382387E+05  -0.164313656E+02  -0.169157244E+02  -0.167760908E+02  -0.165013656E+02  -0.162564572E+02  -0.160115488E+02  -0.177257244E+02  -0.167209992E+02  -0.166462740E+02  -0.166464572E+02  -0.166215488E+02
   0.460774861E+06   0.156993276E+05  -0.164361009E+02  -0.169179799E+02  -0.167797633E+02  -0.165061009E+02  -0.162615467E+02  -0.160169926E+02  -0.177279799E+02  -0.167243175E+02  -0.166506550E+02  -0.166515467E+02  -0.166269926E+02
   0.462484861E+06   0.156607266E+05  -0.164408019E+02  -0.169202210E+02  -0.167834101E+02  -0.165108019E+02  -0.162665992E+02  -0.160223965E+02  -0.177302210E+02  -0.167276128E+02  -0.166550046E+02  -0.166565992E+02  -0.166323965E+02
   0.464194861E+06   0.156224323E+05  -0.164454692E+02  -0.169224477E+02  -0.167870314E+02  -0.165154692E+02  -0.162716151E+02  -0.160277610E+02  -0.177324477E+02  -0.167308855E+02  -0.166593233E+02  -0.166616151E+02  -0.166377610E+02
   0.465809861E+06   0.155865425E+05  -0.164498466E+02  -0.169245379E+02  -0.167904286E+02  -0.165198466E+02  -0.162763192E+02  -0.160327919E+02  -0.177345379E+02  -0.167339559E+02  -0.166633739E+02  -0.166663192E+02  -0.166427919E+02
   0.467519861E+06   0.155488264E+05  -0.164544501E+02  -0.169267379E+02  -0.167940020E+02  -0.165244501E+02  -0.162812662E+02  -0.160380822E+02  -0.177367379E+02  -0.167371860E+02  -0.166676341E+02  -0.166712662E+02  -0.166480822E+02
   0.469229861E+06   0.155114056E+05  -0.164590210E+02  -0.169289239E+02  -0.167975508E+02  -0.165290210E+02  -0.162861777E+02  -0.160433344E+02  -0.177389239E+02  -0.167403941E+02  -0.166718643E+02  -0.166761777E+02  -0.166533344E+02
   0.470939861E+06   0.154742756E+05  -0.164635594E+02  -0.169310961E+02  -0.168010751E+02  -0.165335594E+02  -0.162910541E+02  -0.160485489E+02  -0.177410961E+02  -0.167435803E+02  -0.166760646E+02  -0.166810541E+02  -0.166585489E+02
   0.472649861E+06   0.154374333E+05  -0.164680657E+02  -0.169332545E+02  -0.168045752E+02  -0.165380657E+02  -0.162958959E+02  -0.160537261E+02  -0.177432545E+02  -0.167467450E+02  -0.166802355E+02  -0.166858959E+02  -0.166637261E+02
   0.474359861E+06   0.154008743E+05  -0.164725402E+02  -0.169353991E+02  -0.168080512E+02  -0.165425402E+02  -0.163007033E+02  -0.160588663E+02  -0.177453991E+02  -0.167498882E+02  -0.166843772E+02  -0.166907033E+02  -0.166688663E+02
   0.476069861E+06   0.153645957E+05  -0.164769834E+02  -0.169375303E+02  -0.168115035E+02  -0.165469834E+02  -0.163054767E+02  -0.160639700E+02  -0.177475303E+02  -0.167530102E+02  -0.166884901E+02  -0.166954767E+02  -0.166739700E+02
   0.477779861E+06   0.153285922E+05  -0.164813956E+02  -0.169396480E+02  -0.168149324E+02  -0.165513956E+02  -0.163102167E+02  -0.160690378E+02  -0.177496480E+02  -0.167561113E+02  -0.166925745E+02  -0.167002167E+02  -0.166790378E+02
   0.479489861E+06   0.152928609E+05  -0.164857771E+02  -0.169417524E+02  -0.168183380E+02  -0.165557771E+02  -0.163149235E+02  -0.160740699E+02  -0.177517524E+02  -0.167591916E+02  -0.166966307E+02  -0.167049235E+02  -0.166840699E+02
   0.481104861E+06   0.152593617E+05  -0.164898872E+02  -0.169437276E+02  -0.168215331E+02  -0.165598872E+02  -0.163193386E+02  -0.160787899E+02  -0.177537276E+02  -0.167620817E+02  -0.167004358E+02  -0.167093386E+02  -0.166887899E+02
   0.482814861E+06   0.152241510E+05  -0.164942098E+02  -0.169458062E+02  -0.168248940E+02  -0.165642098E+02  -0.163239817E+02  -0.160837536E+02  -0.177558062E+02  -0.167651220E+02  -0.167044378E+02  -0.167139817E+02  -0.166937536E+02
   0.484524861E+06   0.151892026E+05  -0.164986065E+02  -0.169478336E+02  -0.168282200E+02  -0.165685099E+02  -0.163287031E+02  -0.160887031E+02  -0.177578336E+02  -0.167681234E+02  -0.167084133E+02  -0.167185099E+02  -0.166987031E+02
   0.486234861E+06   0.151545126E+05  -0.165032343E+02  -0.169497523E+02  -0.168314933E+02  -0.165727991E+02  -0.163336696E+02  -0.160936696E+02  -0.177597523E+02  -0.167710581E+02  -0.167123638E+02  -0.167227991E+02  -0.167036696E+02
   0.487944861E+06   0.151200791E+05  -0.165078305E+02  -0.169516594E+02  -0.168347449E+02  -0.165770591E+02  -0.163386019E+02  -0.160986019E+02  -0.177616594E+02  -0.167739735E+02  -0.167162877E+02  -0.167270591E+02  -0.167086019E+02
   0.489654861E+06   0.150858961E+05  -0.165123953E+02  -0.169535547E+02  -0.168379750E+02  -0.165812902E+02  -0.163435003E+02  -0.161035003E+02  -0.177635547E+02  -0.167768699E+02  -0.167201851E+02  -0.167312902E+02  -0.167135003E+02
   0.491364861E+06   0.150519630E+05  -0.165169286E+02  -0.169554380E+02  -0.168411833E+02  -0.165854923E+02  -0.163483650E+02  -0.161083650E+02  -0.177654380E+02  -0.167797470E+02  -0.167240560E+02  -0.167354923E+02  -0.167183650E+02
   0.493074861E+06   0.150182769E+05  -0.165214309E+02  -0.169573096E+02  -0.168443703E+02  -0.165896657E+02  -0.163531961E+02  -0.161131961E+02  -0.177673096E+02  -0.167826051E+02  -0.167279006E+02  -0.167396657E+02  -0.167231961E+02
   0.494784861E+06   0.149848347E+05  -0.165259023E+02  -0.169591694E+02  -0.168475358E+02  -0.165938107E+02  -0.163579939E+02  -0.161179939E+02  -0.177691694E+02  -0.167854442E+02  -0.167317191E+02  -0.167438107E+02  -0.167279939E+02
   0.496494861E+06   0.149516335E+05  -0.165303431E+02  -0.169610174E+02  -0.168506803E+02  -0.165979274E+02  -0.163627589E+02  -0.161227589E+02  -0.177710174E+02  -0.167882645E+02  -0.167355117E+02  -0.167479274E+02  -0.167327589E+02
   0.498109861E+06   0.149204957E+05  -0.165345099E+02  -0.169627525E+02  -0.168536312E+02  -0.166017903E+02  -0.163672296E+02  -0.161272296E+02  -0.177727525E+02  -0.167909115E+02  -0.167390706E+02  -0.167517903E+02  -0.167372296E+02
   0.499819861E+06   0.148877447E+05  -0.165388938E+02  -0.169645786E+02  -0.168567362E+02  -0.166058544E+02  -0.163719331E+02  -0.161319331E+02  -0.177745786E+02  -0.167936968E+02  -0.167428150E+02  -0.167558544E+02  -0.167419331E+02
   0.501529861E+06   0.148552270E+05  -0.165432479E+02  -0.169663933E+02  -0.168598206E+02  -0.166098911E+02  -0.163766047E+02  -0.161366047E+02  -0.177763933E+02  -0.167964638E+02  -0.167465343E+02  -0.167598911E+02  -0.167466047E+02
   0.503239861E+06   0.148229389E+05  -0.165475725E+02  -0.169681964E+02  -0.168628845E+02  -0.166139005E+02  -0.163812446E+02  -0.161412446E+02  -0.177781964E+02  -0.167992125E+02  -0.167502285E+02  -0.167639005E+02  -0.167512446E+02
   0.504949861E+06   0.147908783E+05  -0.165518680E+02  -0.169699882E+02  -0.168659281E+02  -0.166178831E+02  -0.163858530E+02  -0.161458530E+02  -0.177799882E+02  -0.168019431E+02  -0.167538981E+02  -0.167678831E+02  -0.167558530E+02
   0.506659861E+06   0.147590415E+05  -0.165561345E+02  -0.169717683E+02  -0.168689514E+02  -0.166218387E+02  -0.163904303E+02  -0.161504303E+02  -0.177817683E+02  -0.168046556E+02  -0.167575430E+02  -0.167718387E+02  -0.167604303E+02
   0.508369861E+06   0.147274216E+05  -0.165603729E+02  -0.169735374E+02  -0.168719552E+02  -0.166257685E+02  -0.163949774E+02  -0.161549774E+02  -0.177835374E+02  -0.168073508E+02  -0.167611641E+02  -0.167757685E+02  -0.167649774E+02
   0.510079861E+06   0.146960048E+05  -0.165645850E+02  -0.169752960E+02  -0.168749405E+02  -0.166296739E+02  -0.163994961E+02  -0.161594961E+02  -0.177852960E+02  -0.168100294E+02  -0.167647628E+02  -0.167796739E+02  -0.167694961E+02
   0.511789861E+06   0.146648039E+05  -0.165687688E+02  -0.169770432E+02  -0.168779060E+02  -0.166335531E+02  -0.164039845E+02  -0.161639845E+02  -0.177870432E+02  -0.168126903E+02  -0.167683374E+02  -0.167835531E+02  -0.167739845E+02
   0.513404861E+06   0.146355331E+05  -0.165726946E+02  -0.169786831E+02  -0.168806889E+02  -0.166371932E+02  -0.164081960E+02  -0.161681960E+02  -0.177886831E+02  -0.168151874E+02  -0.167716917E+02  -0.167871932E+02  -0.167781960E+02
   0.515114861E+06   0.146047454E+05  -0.165768243E+02  -0.169804085E+02  -0.168836164E+02  -0.166410223E+02  -0.164126263E+02  -0.161726263E+02  -0.177904085E+02  -0.168178144E+02  -0.167752203E+02  -0.167910223E+02  -0.167826263E+02
   0.516824861E+06   0.145741664E+05  -0.165809265E+02  -0.169821226E+02  -0.168865245E+02  -0.166448260E+02  -0.164170270E+02  -0.161770270E+02  -0.177921226E+02  -0.168204241E+02  -0.167787255E+02  -0.167948260E+02  -0.167870270E+02
   0.518534861E+06   0.145437811E+05  -0.165850031E+02  -0.169838263E+02  -0.168894147E+02  -0.166486060E+02  -0.164214002E+02  -0.161814002E+02  -0.177938263E+02  -0.168230176E+02  -0.167822089E+02  -0.167986060E+02  -0.167914002E+02
   0.520244861E+06   0.145135833E+05  -0.165890548E+02  -0.169855198E+02  -0.168922873E+02  -0.166523630E+02  -0.164257467E+02  -0.161857467E+02  -0.177955198E+02  -0.168255954E+02  -0.167856711E+02  -0.168023630E+02  -0.167957467E+02
   0.521954861E+06   0.144835869E+05  -0.165930798E+02  -0.169872022E+02  -0.168951410E+02  -0.166560951E+02  -0.164300645E+02  -0.161900645E+02  -0.177972022E+02  -0.168281563E+02  -0.167891104E+02  -0.168060951E+02  -0.168000645E+02
   0.523664861E+06   0.144537894E+05  -0.165970782E+02  -0.169888735E+02  -0.168979758E+02  -0.166598026E+02  -0.164343538E+02  -0.161943538E+02  -0.177988735E+02  -0.168307003E+02  -0.167925270E+02  -0.168098026E+02  -0.168043538E+02
   0.525374861E+06   0.144241890E+05  -0.166010502E+02  -0.169905340E+02  -0.169007921E+02  -0.166634857E+02  -0.164386148E+02  -0.161986148E+02  -0.178005340E+02  -0.168332276E+02  -0.167959212E+02  -0.168134857E+02  -0.168086148E+02
   0.527084861E+06   0.143940684E+05  -0.166049431E+02  -0.169920746E+02  -0.169035089E+02  -0.166670846E+02  -0.164428017E+02  -0.162028017E+02  -0.178020746E+02  -0.168356503E+02  -0.167992260E+02  -0.168170846E+02  -0.168128017E+02
   0.528794861E+06   0.143649231E+05  -0.166088802E+02  -0.169937356E+02  -0.169063079E+02  -0.166707372E+02  -0.164470233E+02  -0.162070233E+02  -0.178037356E+02  -0.168381648E+02  -0.168025941E+02  -0.168207372E+02  -0.168170233E+02
   0.530409861E+06   0.143375462E+05  -0.166125737E+02  -0.169952911E+02  -0.169089324E+02  -0.166741634E+02  -0.164509841E+02  -0.162109841E+02  -0.178052911E+02  -0.168405221E+02  -0.168057531E+02  -0.168241634E+02  -0.168209841E+02
   0.532119861E+06   0.143087230E+05  -0.166164569E+02  -0.169969234E+02  -0.169116902E+02  -0.166777652E+02  -0.164551486E+02  -0.162151486E+02  -0.178069234E+02  -0.168429985E+02  -0.168090735E+02  -0.168277652E+02  -0.168251486E+02
   0.533829861E+06   0.142800745E+05  -0.166203131E+02  -0.169985423E+02  -0.169144277E+02  -0.166813418E+02  -0.164592845E+02  -0.162192845E+02  -0.178085423E+02  -0.168454564E+02  -0.168123704E+02  -0.168313418E+02  -0.168292845E+02
   0.535539861E+06   0.142516022E+05  -0.166241431E+02  -0.170001487E+02  -0.169171459E+02  -0.166848938E+02  -0.164633924E+02  -0.162233924E+02  -0.178101487E+02  -0.168478966E+02  -0.168156445E+02  -0.168348938E+02  -0.168333924E+02
   0.537249861E+06   0.142233009E+05  -0.166279481E+02  -0.170017436E+02  -0.169198458E+02  -0.166884225E+02  -0.164674737E+02  -0.162274737E+02  -0.178117436E+02  -0.168503203E+02  -0.168188970E+02  -0.168384225E+02  -0.168374737E+02
   0.538959861E+06   0.141951481E+05  -0.166317317E+02  -0.170033286E+02  -0.169225301E+02  -0.166919313E+02  -0.164715321E+02  -0.162315321E+02  -0.178133286E+02  -0.168527297E+02  -0.168221309E+02  -0.168419313E+02  -0.168415321E+02
   0.540669861E+06   0.141671697E+05  -0.166354966E+02  -0.170047871E+02  -0.169251813E+02  -0.166954966E+02  -0.164755754E+02  -0.162357330E+02  -0.178148659E+02  -0.168551813E+02  -0.168253389E+02  -0.168454966E+02  -0.168456542E+02
   0.542379861E+06   0.141393646E+05  -0.166392536E+02  -0.170059246E+02  -0.169277741E+02  -0.166992536E+02  -0.164796235E+02  -0.162403633E+02  -0.178162945E+02  -0.168577741E+02  -0.168285139E+02  -0.168492536E+02  -0.168499934E+02
   0.544089861E+06   0.141117323E+05  -0.166429863E+02  -0.170070541E+02  -0.169303498E+02  -0.167029863E+02  -0.164836455E+02  -0.162449637E+02  -0.178177132E+02  -0.168603498E+02  -0.168316680E+02  -0.168529863E+02  -0.168543046E+02
   0.545704861E+06   0.140857925E+05  -0.166464895E+02  -0.170081134E+02  -0.169327668E+02  -0.167064895E+02  -0.164874201E+02  -0.162492815E+02  -0.178190441E+02  -0.168627668E+02  -0.168346281E+02  -0.168564895E+02  -0.168583508E+02
   0.547414861E+06   0.140584685E+05  -0.166501789E+02  -0.170092286E+02  -0.169353121E+02  -0.167101789E+02  -0.164913956E+02  -0.162538290E+02  -0.178204453E+02  -0.168653121E+02  -0.168377455E+02  -0.168601789E+02  -0.168626123E+02
   0.549124861E+06   0.140313055E+05  -0.166538458E+02  -0.170103364E+02  -0.169378416E+02  -0.167138458E+02  -0.164953468E+02  -0.162583489E+02  -0.178218374E+02  -0.168678416E+02  -0.168408437E+02  -0.168638458E+02  -0.168668479E+02
   0.550834861E+06   0.140043090E+05  -0.166574892E+02  -0.170114364E+02  -0.169403546E+02  -0.167174892E+02  -0.164992728E+02  -0.162628401E+02  -0.178232201E+02  -0.168703546E+02  -0.168439219E+02  -0.168674892E+02  -0.168710565E+02
   0.552544861E+06   0.139774767E+05  -0.166611093E+02  -0.170125286E+02  -0.169428512E+02  -0.167211093E+02  -0.165031738E+02  -0.162673028E+02  -0.178245931E+02  -0.168728512E+02  -0.168469802E+02  -0.168711093E+02  -0.168752383E+02
   0.554254861E+06   0.139508090E+05  -0.166647065E+02  -0.170136135E+02  -0.169453318E+02  -0.167247065E+02  -0.165070502E+02  -0.162717376E+02  -0.178259572E+02  -0.168753318E+02  -0.168500192E+02  -0.168747065E+02  -0.168793939E+02
   0.555964861E+06   0.139242886E+05  -0.166682833E+02  -0.170146917E+02  -0.169477982E+02  -0.167282833E+02  -0.165109046E+02  -0.162761472E+02  -0.178273130E+02  -0.168777982E+02  -0.168530407E+02  -0.168782833E+02  -0.168835259E+02
   0.557674861E+06   0.138979155E+05  -0.166718395E+02  -0.170157633E+02  -0.169502500E+02  -0.167318395E+02  -0.165147368E+02  -0.162805315E+02  -0.178286606E+02  -0.168802500E+02  -0.168560448E+02  -0.168818395E+02  -0.168876342E+02
   0.559384861E+06   0.138717012E+05  -0.166753733E+02  -0.170168274E+02  -0.169526862E+02  -0.167353733E+02  -0.165185451E+02  -0.162848886E+02  -0.178299992E+02  -0.168826862E+02  -0.168590298E+02  -0.168853733E+02  -0.168917168E+02
   0.561094861E+06   0.138456439E+05  -0.166788850E+02  -0.170178842E+02  -0.169551068E+02  -0.167388850E+02  -0.165223295E+02  -0.162892186E+02  -0.178313287E+02  -0.168851068E+02  -0.168619959E+02  -0.168888850E+02  -0.168957740E+02
   0.562709861E+06   0.138211791E+05  -0.166821816E+02  -0.170188760E+02  -0.169573791E+02  -0.167421816E+02  -0.165258823E+02  -0.162932835E+02  -0.178325766E+02  -0.168873791E+02  -0.168647804E+02  -0.168921816E+02  -0.168995829E+02
   0.564419861E+06   0.137951283E+05  -0.166856557E+02  -0.170198957E+02  -0.169597624E+02  -0.167456557E+02  -0.165296290E+02  -0.162975756E+02  -0.178338691E+02  -0.168897624E+02  -0.168677090E+02  -0.168956557E+02  -0.169036023E+02
   0.566129861E+06   0.137691129E+05  -0.166890475E+02  -0.170208366E+02  -0.169620649E+02  -0.167490475E+02  -0.165332931E+02  -0.163017844E+02  -0.178350823E+02  -0.168920649E+02  -0.168705562E+02  -0.168990475E+02  -0.169075388E+02
   0.567839861E+06   0.137437390E+05  -0.166924936E+02  -0.170218922E+02  -0.169644486E+02  -0.167524936E+02  -0.165370049E+02  -0.163060274E+02  -0.178364035E+02  -0.168944486E+02  -0.168734711E+02  -0.169024936E+02  -0.169115161E+02
   0.569549861E+06   0.137184894E+05  -0.166959143E+02  -0.170229341E+02  -0.169668120E+02  -0.167559143E+02  -0.165406898E+02  -0.163102410E+02  -0.178377097E+02  -0.168968120E+02  -0.168763631E+02  -0.169059143E+02  -0.169154654E+02
   0.571259861E+06   0.136933690E+05  -0.166993108E+02  -0.170239640E+02  -0.169691566E+02  -0.167593108E+02  -0.165443493E+02  -0.163144264E+02  -0.178390025E+02  -0.168991566E+02  -0.168792337E+02  -0.169093108E+02  -0.169193878E+02
   0.572969861E+06   0.136683803E+05  -0.167026850E+02  -0.170249840E+02  -0.169714846E+02  -0.167626850E+02  -0.165479851E+02  -0.163185853E+02  -0.178402841E+02  -0.169014846E+02  -0.168820848E+02  -0.169126850E+02  -0.169232852E+02
   0.574679861E+06   0.136435083E+05  -0.167060401E+02  -0.170259959E+02  -0.169737982E+02  -0.167660401E+02  -0.165516006E+02  -0.163227215E+02  -0.178415564E+02  -0.169037982E+02  -0.168849192E+02  -0.169160401E+02  -0.169271611E+02
   0.576389861E+06   0.136187740E+05  -0.167093737E+02  -0.170269992E+02  -0.169760961E+02  -0.167693737E+02  -0.165551931E+02  -0.163268318E+02  -0.178428186E+02  -0.169060961E+02  -0.168877349E+02  -0.169193737E+02  -0.169310124E+02
   0.578004861E+06   0.135955407E+05  -0.167125027E+02  -0.170279394E+02  -0.169782523E+02  -0.167725027E+02  -0.165585653E+02  -0.163306905E+02  -0.178440020E+02  -0.169082523E+02  -0.168903775E+02  -0.169225027E+02  -0.169346279E+02
   0.579714861E+06   0.135710751E+05  -0.167157956E+02  -0.170289274E+02  -0.169805208E+02  -0.167757956E+02  -0.165621143E+02  -0.163347517E+02  -0.178452461E+02  -0.169105208E+02  -0.168931582E+02  -0.169257956E+02  -0.169384330E+02
