 0001  0.9881137069049021E+000
 0002  0.9878262127421037E+000
 0003  0.9878262127421037E+000
 0004  0.9878262127421037E+000
 0005  0.9874935696070147E+000
 0006  0.9874935696070147E+000
 0007  0.9871179933335487E+000
 0008  0.9871179933335487E+000
 0009  0.9867511386509580E+000
 0010  0.9867511386509580E+000
 0011  0.9867511386509580E+000
 0012  0.9863333428179797E+000
 0013  0.9863333428179797E+000
 0014  0.9859252489938398E+000
 0015  0.9859252489938398E+000
 0016  0.9854666376577390E+000
 0017  0.9854666376577390E+000
 0018  0.9849544711537204E+000
 0019  0.9849544711537204E+000
 0020  0.9844541981238740E+000
 0021  0.9844541981238740E+000
 0022  0.9838919042177087E+000
 0023  0.9838919042177087E+000
 0024  0.9832724284061665E+000
 0025  0.9832724284061665E+000
 0026  0.9825912397285547E+000
 0027  0.9819446547818087E+000
 0028  0.9819446547818087E+000
 0029  0.9812267322537073E+000
 0030  0.9812267322537073E+000
 0031  0.9804338736938019E+000
 0032  0.9804338736938019E+000
 0033  0.9796594268080893E+000
 0034  0.9788356775513125E+000
 0035  0.9788356775513125E+000
 0036  0.9778926063432939E+000
 0037  0.9778926063432939E+000
 0038  0.9769714350310457E+000
 0039  0.9758764421882484E+000
 0040  0.9758764421882484E+000
 0041  0.9744707892058060E+000
 0042  0.9727065845881623E+000
 0043  0.9727065845881623E+000
 0044  0.9709833481359291E+000
 0045  0.9709833481359291E+000
 0046  0.9688269112793280E+000
 0047  0.9662288545647177E+000
 0048  0.9662288545647177E+000
 0049  0.9629458051493188E+000
 0050  0.9598942754319589E+000
 0051  0.9561163551213757E+000
 0052  0.9561163551213757E+000
 0053  0.9512966304154680E+000
 0054  0.9458113131391386E+000
 0055  0.9458113131391386E+000
 0056  0.9404533752967245E+000
 0057  0.9341639430036432E+000
 0058  0.9341639430036432E+000
 0059  0.9264259005846436E+000
 0060  0.9176248905842580E+000
 0061  0.9077508832320745E+000
 0062  0.9077508832320745E+000
 0063  0.8981061689915988E+000
 0064  0.8874377128316372E+000
 0065  0.8757001161618733E+000
 0066  0.8757001161618733E+000
 0067  0.8619698973029739E+000
 0068  0.8471939428737086E+000
 0069  0.8338145792259518E+000
 0070  0.8338145792259518E+000
 0071  0.8179125364401498E+000
 0072  0.8008065855572459E+000
 0073  0.7829636972165482E+000
 0074  0.7644104975332301E+000
 0075  0.7644104975332302E+000
 0076  0.7462881382104459E+000
 0077  0.7271063840906913E+000
 0078  0.7070629215610713E+000
 0079  0.6863631480914570E+000
 0080  0.6863631480914572E+000
 0081  0.6631203185005170E+000
 0082  0.6398297784489594E+000
 0083  0.6193768601293643E+000
 0084  0.5983127117406981E+000
 0085  0.5983127117406981E+000
 0086  0.5744804881037618E+000
 0087  0.5508242296353676E+000
 0088  0.5274862178348915E+000
 0089  0.5045471512489308E+000
 0090  0.4820505231317249E+000
 0091  0.4820505231317249E+000
 0092  0.4571559949197957E+000
 0093  0.4332347125341952E+000
 0094  0.4106678192525882E+000
 0095  0.3893396964952028E+000
 0096  0.3690164019149933E+000
 0097  0.3495324127538514E+000
 0098  0.3307694415429808E+000
 0099  0.3126419484492630E+000
 0100  0.2950871086893715E+000
 0101  0.2779889563151865E+000
 0102  0.2614439770988026E+000
 0103  0.2455226000685313E+000
 0104  0.2302739602855784E+000
 0105  0.2157298486361403E+000
 0106  0.2019079899725856E+000
 0107  0.1878545203091313E+000
 0108  0.1748649417173136E+000
 0109  0.1628506283368492E+000
 0110  0.1517315268469366E+000
 0111  0.1414365324477199E+000
 0112  0.1319020571237801E+000
 0113  0.1159412930898243E+000
 0114  0.1092106160506220E+000
 0115  0.1028661541991663E+000
 0116  0.9687942577936370E-001
 0117  0.9124349587750269E-001
 0118  0.8594903657950326E-001
 0119  0.8098491033133770E-001
 0120  0.7633865456057554E-001
 0121  0.7199688245016078E-001
 0122  0.6794561261313903E-001
 0123  0.6399536297725628E-001
 0124  0.6036369973453587E-001
 0125  0.5702403985912730E-001
 0126  0.5395221851235898E-001
 0127  0.5112623633439362E-001
 0128  0.4852603733439109E-001
 0129  0.4613331327081965E-001
 0130  0.4213068009734944E-001
 0131  0.4044990344192828E-001
 0132  0.3888020487762001E-001
 0133  0.3741550428781454E-001
 0134  0.3604988492341710E-001
 0135  0.3477761651454003E-001
 0136  0.3359317255794020E-001
 0137  0.3245423543252579E-001
 0138  0.3140369608200039E-001
 0139  0.3043455525539390E-001
 0140  0.2954039201781405E-001
 0141  0.2871476769839276E-001
 0142  0.2795247955991620E-001
 0143  0.2724870932929824E-001
 0144  0.2659900120614661E-001
 0145  0.2550289849328108E-001
 0146  0.2503922905820521E-001
 0147  0.2460626833290042E-001
 0148  0.2420215351537996E-001
 0149  0.2381514106448279E-001
 0150  0.2345622235525591E-001
 0151  0.2312318806846519E-001
 0152  0.2281417518496248E-001
 0153  0.2252745445523480E-001
 0154  0.2226142082257276E-001
 0155  0.2201458452933708E-001
 0156  0.2178556285782990E-001
 0157  0.2157307246069817E-001
 0158  0.2121028160151606E-001
 0159  0.2105509102459724E-001
 0160  0.2090651533268245E-001
 0161  0.2076793581722419E-001
 0162  0.2063867983132844E-001
 0163  0.2051812000351338E-001
 0164  0.2040567118898862E-001
 0165  0.2030078762629550E-001
 0166  0.2020296028554652E-001
 0167  0.2011171424489749E-001
 0168  0.2002660659159849E-001
 0169  0.1994720417761969E-001
 0170  0.1980885129830529E-001
 0171  0.1974860329172723E-001
 0172  0.1969213108528473E-001
 0173  0.1963919769419381E-001
 0174  0.1958958104615866E-001
 0175  0.1954307303897496E-001
 0176  0.1949947865808815E-001
 0177  0.1945860744393696E-001
 0178  0.1942029034451176E-001
 0179  0.1938379318777295E-001
 0180  0.1934966858180737E-001
 0181  0.1929031892308058E-001
 0182  0.1926447771154932E-001
 0183  0.1924013822064896E-001
 0184  0.1921721367767132E-001
 0185  0.1919562227209387E-001
 0186  0.1917528687662773E-001
 0187  0.1915613478352224E-001
 0188  0.1913784247714062E-001
 0189  0.1912065219239345E-001
 0190  0.1909044546207556E-001
 0191  0.1907716107934210E-001
 0192  0.1906459967186624E-001
 0193  0.1905272205055525E-001
 0194  0.1904149113007791E-001
 0195  0.1903073746515488E-001
 0196  0.1902058675995433E-001
 0197  0.1901100466922612E-001
 0198  0.1900195883221867E-001
 0199  0.1899341875938881E-001
 0200  0.1897827794056733E-001
 0201  0.1897156038178960E-001
 0202  0.1896511188851224E-001
 0203  0.1895900115102633E-001
 0204  0.1895321022070534E-001
 0205  0.1894772211673751E-001
 0206  0.1894252077317404E-001
 0207  0.1893759062736400E-001
 0208  0.1892873737529432E-001
 0209  0.1892476261924353E-001
 0210  0.1892098289392469E-001
 0211  0.1891738828245892E-001
 0212  0.1891396962214897E-001
 0213  0.1891071820771462E-001
 0214  0.1890762576881000E-001
 0215  0.1890465634984462E-001
 0216  0.1889932171680070E-001
 0217  0.1889692420559574E-001
 0218  0.1889463707079819E-001
 0219  0.1889245518042565E-001
 0220  0.1889037364329815E-001
 0221  0.1888837008864763E-001
 0222  0.1888646040598746E-001
 0223  0.1888300774307966E-001
 0224  0.1888144621328564E-001
 0225  0.1887995242121909E-001
 0226  0.1887851167956489E-001
 0227  0.1887713459278878E-001
 0228  0.1887581824501289E-001
 0229  0.1887455990939274E-001
 0230  0.1887227178597806E-001
 0231  0.1887122311312567E-001
 0232  0.1887021820043844E-001
 0233  0.1886925519112648E-001
 0234  0.1886833230835483E-001
 0235  0.1886744782412675E-001
 0236  0.1886660011587959E-001
 0237  0.1886504009742573E-001
 0238  0.1886432768873492E-001
 0239  0.1886364338783769E-001
 0240  0.1886298606938119E-001
 0241  0.1886235038766437E-001
 0242  0.1886174010496949E-001
 0243  0.1886062052746390E-001
 0244  0.1886010684940403E-001
 0245  0.1885960924827662E-001
 0246  0.1885913052586152E-001
 0247  0.1885866994101892E-001
 0248  0.1885822679269439E-001
 0249  0.1885740797493896E-001
 0250  0.1885702969820369E-001
 0251  0.1885666505674477E-001
 0252  0.1885631354302730E-001
 0253  0.1885597274837975E-001
 0254  0.1885564435812620E-001
 0255  0.1885503735243510E-001
 0256  0.1885475676741721E-001
 0257  0.1885448432431180E-001
 0258  0.1885422132314263E-001
 0259  0.1885396742909790E-001
 0260  0.1885349526097246E-001
 0261  0.1885327571682888E-001
 0262  0.1885306342953558E-001
 0263  0.1885285815399479E-001
 0264  0.1885265867216418E-001
 0265  0.1885228758152568E-001
 0266  0.1885211495548572E-001
 0267  0.1885194698762993E-001
 0268  0.1885178436891094E-001
 0269  0.1885162692476267E-001
 0270  0.1885133248392956E-001
 0271  0.1885119481175002E-001
 0272  0.1885106133317177E-001
 0273  0.1885093135682370E-001
 0274  0.1885068823129671E-001
 0275  0.1885057451408539E-001
 0276  0.1885046365432597E-001
 0277  0.1885035605487972E-001
 0278  0.1885025161650505E-001
 0279  0.1885005497552272E-001
 0280  0.1884996278851220E-001
 0281  0.1884987320027248E-001
 0282  0.1884978579925117E-001
 0283  0.1884962152499281E-001
 0284  0.1884954403423478E-001
 0285  0.1884946865703446E-001
 0286  0.1884939533374441E-001
 0287  0.1884925671818088E-001
 0288  0.1884919144334729E-001
 0289  0.1884912765895547E-001
 0290  0.1884906555666438E-001
 0291  0.1884894815219207E-001
 0292  0.1884889266032724E-001
 0293  0.1884883857693065E-001
 0294  0.1884878569430787E-001
 0295  0.1884868555169689E-001
 0296  0.1884863813932813E-001
 0297  0.1884859189283111E-001
 0298  0.1884850402396154E-001
 0299  0.1884846241384924E-001
 0300  0.1884842167048656E-001
 0301  0.1884838189825622E-001
 0302  0.1884830622337941E-001
 0303  0.1884827033006081E-001
 0304  0.1884823516476125E-001
 0305  0.1884816825433494E-001
 0306  0.1884813642434119E-001
 0307  0.1884810522389652E-001
 0308  0.1884807472327238E-001
 0309  0.1884801660816976E-001
 0310  0.1884798892394218E-001
 0311  0.1884796177250359E-001
 0312  0.1884790997200869E-001
 0313  0.1884788526406106E-001
 0314  0.1884786101965263E-001
 0315  0.1884781470793156E-001
 0316  0.1884779259077396E-001
 0317  0.1884777087828493E-001
 0318  0.1884772935462314E-001
 0319  0.1884770950107378E-001
 0320  0.1884769000202191E-001
 0321  0.1884765266977484E-001
 0322  0.1884763480035201E-001
 0323  0.1884761724228529E-001
 0324  0.1884758359013983E-001
 0325  0.1884756743426830E-001
 0326  0.1884753643843151E-001
 0327  0.1884752157119984E-001
 0328  0.1884750695099491E-001
 0329  0.1884747884922788E-001
 0330  0.1884746534614262E-001
 0331  0.1884745208595678E-001
 0332  0.1884742655426991E-001
 0333  0.1884741428555092E-001
 0334  0.1884739064343027E-001
 0335  0.1884737927247881E-001
 0336  0.1884736807854553E-001
 0337  0.1884734650850162E-001
 0338  0.1884733611780692E-001
 0339  0.1884731606545975E-001
 0340  0.1884730640531485E-001
 0341  0.1884728774883060E-001
 0342  0.1884727874180914E-001
 0343  0.1884726987857899E-001
 0344  0.1884725275023974E-001
 0345  0.1884724447562591E-001
 0346  0.1884722847514114E-001
 0347  0.1884722074990541E-001
 0348  0.1884720580147053E-001
 0349  0.1884719857054751E-001
 0350  0.1884718457056356E-001
 0351  0.1884717779449180E-001
 0352  0.1884716466774083E-001
 0353  0.1884715831069589E-001
 0354  0.1884714598889836E-001
 0355  0.1884714001837362E-001
 0356  0.1884712843954850E-001
 0357  0.1884712282599532E-001
 0358  0.1884711193373545E-001
 0359  0.1884710665024475E-001
 0360  0.1884709638886040E-001
 0361  0.1884709140684204E-001
 0362  0.1884708173068039E-001
 0363  0.1884707703253302E-001
 0364  0.1884706789625024E-001
 0365  0.1884705916103208E-001
 0366  0.1884705491420768E-001
 0367  0.1884704665170689E-001
 0368  0.1884704263305381E-001
 0369  0.1884703480875694E-001
 0370  0.1884702731085514E-001
 0371  0.1884702366002561E-001
 0372  0.1884701654870158E-001
 0373  0.1884701308385983E-001
 0374  0.1884700633243624E-001
 0375  0.1884699984800914E-001
 0376  0.1884699668651113E-001
 0377  0.1884699051876676E-001
 0378  0.1884698458913253E-001
 0379  0.1884698169632010E-001
 0380  0.1884697604926511E-001
 0381  0.1884697061386748E-001
 0382  0.1884696796002944E-001
 0383  0.1884696277548153E-001
 0384  0.1884695777907358E-001
 0385  0.1884695296201172E-001
 0386  0.1884695060742392E-001
 0387  0.1884694600250542E-001
 0388  0.1884694155896449E-001
 0389  0.1884693726890724E-001
 0390  0.1884693516968444E-001
 0391  0.1884693106100560E-001
 0392  0.1884692708993979E-001
 0393  0.1884692325034087E-001
 0394  0.1884691953679812E-001
 0395  0.1884691594291343E-001
 0396  0.1884691418210488E-001
 0397  0.1884691073048111E-001
 0398  0.1884690738758804E-001
 0399  0.1884690414887608E-001
 0400  0.1884690100984737E-001
 0401  0.1884689796624867E-001
 0402  0.1884689501413017E-001
 0403  0.1884689214973900E-001
 0404  0.1884688936948054E-001
 0405  0.1884688667054102E-001
 0406  0.1884688405329865E-001
 0407  0.1884688151502106E-001
 0408  0.1884687905246901E-001
 0409  0.1884687666257101E-001
 0410  0.1884687434241100E-001
 0411  0.1884687208922159E-001
 0412  0.1884686990037387E-001
 0413  0.1884686777336830E-001
 0414  0.1884686570582772E-001
 0415  0.1884686369549154E-001
 0416  0.1884686079271686E-001
 0417  0.1884685892922083E-001
 0418  0.1884685711523132E-001
 0419  0.1884685534895975E-001
 0420  0.1884685362869776E-001
 0421  0.1884685113942081E-001
 0422  0.1884684953800714E-001
 0423  0.1884684797674574E-001
 0424  0.1884684571461742E-001
 0425  0.1884684425748256E-001
 0426  0.1884684283556598E-001
 0427  0.1884684077286108E-001
 0428  0.1884683944261711E-001
 0429  0.1884683751126942E-001
 0430  0.1884683626470651E-001
 0431  0.1884683445340829E-001
 0432  0.1884683328341280E-001
 0433  0.1884683158208195E-001
 0434  0.1884683048230190E-001
 0435  0.1884682888192507E-001
 0436  0.1884682734194032E-001
 0437  0.1884682634530577E-001
 0438  0.1884682489340161E-001
 0439  0.1884682349438066E-001
 0440  0.1884682214562222E-001
 0441  0.1884682084467298E-001
 0442  0.1884681958923184E-001
 0443  0.1884681837714119E-001
 0444  0.1884681720637327E-001
 0445  0.1884681607502253E-001
 0446  0.1884681498129548E-001
 0447  0.1884681392350390E-001
 0448  0.1884681290005585E-001
 0449  0.1884681190945009E-001
 0450  0.1884681063957744E-001
 0451  0.1884680972353053E-001
 0452  0.1884680883574508E-001
 0453  0.1884680769599240E-001
 0454  0.1884680660556071E-001
 0455  0.1884680581737080E-001
 0456  0.1884680480393464E-001
 0457  0.1884680383268378E-001
 0458  0.1884680290130425E-001
 0459  0.1884680200764427E-001
 0460  0.1884680114970144E-001
 0461  0.1884680032560837E-001
 0462  0.1884679953362373E-001
 0463  0.1884679877211887E-001
 0464  0.1884679786189192E-001
 0465  0.1884679699619757E-001
 0466  0.1884679633318909E-001
 0467  0.1884679553924468E-001
 0468  0.1884679478265466E-001
 0469  0.1884679392172250E-001
 0470  0.1884679324096522E-001
 0471  0.1884679246514820E-001
 0472  0.1884679185080257E-001
 0473  0.1884679114970900E-001
 0474  0.1884679037956122E-001
 0475  0.1884678975754811E-001
 0476  0.1884678907309678E-001
 0477  0.1884678843035409E-001
 0478  0.1884678782624988E-001
 0479  0.1884678717998500E-001
 0480  0.1884678650544092E-001
 0481  0.1884678594861955E-001
 0482  0.1884678530450262E-001
 0483  0.1884678471345697E-001
 0484  0.1884678417043190E-001
 0485  0.1884678357641029E-001
 0486  0.1884678299695636E-001
 0487  0.1884678243917592E-001
 0488  0.1884678190880251E-001
 0489  0.1884678135258683E-001
 0490  0.1884678084729158E-001
 0491  0.1884678031020209E-001
 0492  0.1884677980098226E-001
 0493  0.1884677929238748E-001
 0494  0.1884677902467741E-001
 0495  0.1884677902467741E-001
 0496  0.1884677902467741E-001
 0497  0.1884677902467741E-001
 0498  0.1884677902467741E-001
 0499  0.1884677902467741E-001
 0500  0.1884677902467741E-001
 0501  0.1884677902467741E-001
 0502  0.1884677902467741E-001
 0503  0.1884677902467741E-001
 0504  0.1884677902467741E-001
 0505  0.1884677902467741E-001
 0506  0.1884677902467741E-001
 0507  0.1884677902467741E-001
 0508  0.1884677902467741E-001
 0509  0.1884677902467741E-001
 0510  0.1884677902467741E-001
 0511  0.1884677902467741E-001
 0512  0.1884677902467741E-001
 0513  0.1884677902467741E-001
 0514  0.1884677902467741E-001
 0515  0.1884677902467741E-001
 0516  0.1884677902467741E-001
 0517  0.1884677902467741E-001
 0518  0.1884677902467741E-001
 0519  0.1884677902467741E-001
 0520  0.1884677902467741E-001
 0521  0.1884677902467741E-001
 0522  0.1884677902467741E-001
 0523  0.1884677902467741E-001
 0524  0.1884677902467741E-001
 0525  0.1884677902467741E-001
 0526  0.1884677902467741E-001
 0527  0.1884677902467741E-001
 0528  0.1884677902467741E-001
 0529  0.1884677902467741E-001
 0530  0.1884677902467741E-001
 0531  0.1884677902467741E-001
 0532  0.1884677902467741E-001
 0533  0.1884677902467741E-001
 0534  0.1884677902467741E-001
 0535  0.1884677902467741E-001
 0536  0.1884677902467741E-001
 0537  0.1884677902467741E-001
 0538  0.1884677902467741E-001
 0539  0.1884677902467741E-001
 0540  0.1884677902467741E-001
 0541  0.1884677902467741E-001
 0542  0.1884677902467741E-001
 0543  0.1884677902467741E-001
 0544  0.1884677902467741E-001
 0545  0.1884677902467741E-001
 0546  0.1884677902467741E-001
 0547  0.1884677902467741E-001
 0548  0.1884677902467741E-001
 0549  0.1884677902467741E-001
 0550  0.1884677902467741E-001
 0551  0.1884677902467741E-001
 0552  0.1884677902467741E-001
 0553  0.1884677902467741E-001
 0554  0.1884677902467741E-001
 0555  0.1884677902467741E-001
 0556  0.1884677902467741E-001
 0557  0.1884677902467741E-001
 0558  0.1884677902467741E-001
 0559  0.1884677902467741E-001
 0560  0.1884677902467741E-001
 0561  0.1884677902467741E-001
 0562  0.1884677902467741E-001
 0563  0.1884677902467741E-001
 0564  0.1884677902467741E-001
 0565  0.1884677902467741E-001
 0566  0.1884677902467741E-001
 0567  0.1884677902467741E-001
 0568  0.1884677902467741E-001
 0569  0.1884677902467741E-001
 0570  0.1884677902467741E-001
 0571  0.1884677902467741E-001
 0572  0.1884677902467741E-001
 0573  0.1884677902467741E-001
 0574  0.1884677902467741E-001
 0575  0.1884677902467741E-001
 0576  0.1884677902467741E-001
 0577  0.1884677902467741E-001
 0578  0.1884677902467741E-001
 0579  0.1884677902467741E-001
 0580  0.1884677902467741E-001
 0581  0.1884677902467741E-001
 0582  0.1884677902467741E-001
 0583  0.1884677902467741E-001
 0584  0.1884677902467741E-001
 0585  0.1884677902467741E-001
 0586  0.1884677902467741E-001
 0587  0.1884677902467741E-001
 0588  0.1884677902467741E-001
 0589  0.1884677902467741E-001
 0590  0.1884677902467741E-001
 0591  0.1884677902467741E-001
 0592  0.1884677902467741E-001
 0593  0.1884677902467741E-001
 0594  0.1884677902467741E-001
 0595  0.1884677902467741E-001
 0596  0.1884677902467741E-001
 0597  0.1884677902467741E-001
 0598  0.1884677902467741E-001
 0599  0.1884677902467741E-001
 0600  0.1884677902467741E-001
 0601  0.1884677902467741E-001
 0602  0.1884677902467741E-001
 0603  0.1884677902467741E-001
 0604  0.1884677902467741E-001
 0605  0.1884677902467741E-001
 0606  0.1884677902467741E-001
 0607  0.1884677902467741E-001
 0608  0.1884677902467741E-001
 0609  0.1884677902467741E-001
 0610  0.1884677902467741E-001
 0611  0.1884677902467741E-001
 0612  0.1884677902467741E-001
 0613  0.1884677902467741E-001
 0614  0.1884677902467741E-001
 0615  0.1884677902467741E-001
 0616  0.1884677902467741E-001
 0617  0.1884677902467741E-001
 0618  0.1884677902467741E-001
 0619  0.1884677902467741E-001
 0620  0.1884677902467741E-001
 0621  0.1884677902467741E-001
 0622  0.1884677902467741E-001
 0623  0.1884677902467741E-001
 0624  0.1884677902467741E-001
 0625  0.1884677902467741E-001
 0626  0.1884677902467741E-001
 0627  0.1884677902467741E-001
 0628  0.1884677902467741E-001
 0629  0.1884677902467741E-001
 0630  0.1884677902467741E-001
 0631  0.1884677902467741E-001
 0632  0.1884677902467741E-001
 0633  0.1884677902467741E-001
 0634  0.1884677902467741E-001
 0635  0.1884677902467741E-001
 0636  0.1884677902467741E-001
 0637  0.1884677902467741E-001
 0638  0.1884677902467741E-001
 0639  0.1884677902467741E-001
 0640  0.1884677902467741E-001
 0641  0.1884677902467741E-001
 0642  0.1884677902467741E-001
 0643  0.1884677902467741E-001
 0644  0.1884677902467741E-001
 0645  0.1884677902467741E-001
 0646  0.1884677902467741E-001
 0647  0.1884677902467741E-001
 0648  0.1884677902467741E-001
 0649  0.1884677902467741E-001
 0650  0.1884677902467741E-001
 0651  0.1884677902467741E-001
 0652  0.1884677902467741E-001
 0653  0.1884677902467741E-001
 0654  0.1884677902467741E-001
 0655  0.1884677902467741E-001
 0656  0.1884677902467741E-001
 0657  0.1884677902467741E-001
 0658  0.1884677902467741E-001
 0659  0.1884677902467741E-001
 0660  0.1884677902467741E-001
 0661  0.1884677902467741E-001
 0662  0.1884677902467741E-001
 0663  0.1884677902467741E-001
 0664  0.1884677902467741E-001
 0665  0.1884677902467741E-001
 0666  0.1884677902467741E-001
 0667  0.1884677902467741E-001
 0668  0.1884677902467741E-001
 0669  0.1884677902467741E-001
 0670  0.1884677902467741E-001
 0671  0.1884677902467741E-001
 0672  0.1884677902467741E-001
 0673  0.1884677902467741E-001
 0674  0.1884677902467741E-001
 0675  0.1884677902467741E-001
 0676  0.1884677902467741E-001
 0677  0.1884677902467741E-001
 0678  0.1884677902467741E-001
 0679  0.1884677902467741E-001
 0680  0.1884677902467741E-001
 0681  0.1884677902467741E-001
 0682  0.1884677902467741E-001
 0683  0.1884677902467741E-001
 0684  0.1884677902467741E-001
 0685  0.1884677902467741E-001
 0686  0.1884677902467741E-001
 0687  0.1884677902467741E-001
 0688  0.1884677902467741E-001
 0689  0.1884677902467741E-001
 0690  0.1884677902467741E-001
 0691  0.1884677902467741E-001
 0692  0.1884677902467741E-001
 0693  0.1884677902467741E-001
 0694  0.1884677902467741E-001
 0695  0.1884677902467741E-001
 0696  0.1884677902467741E-001
 0697  0.1884677902467741E-001
 0698  0.1884677902467741E-001
 0699  0.1884677902467741E-001
 0700  0.1884677902467741E-001
 0701  0.1884677902467741E-001
 0702  0.1884677902467741E-001
 0703  0.1884677902467741E-001
 0704  0.1884677902467741E-001
 0705  0.1884677902467741E-001
 0706  0.1884677902467741E-001
 0707  0.1884677902467741E-001
 0708  0.1884677902467741E-001
 0709  0.1884677902467741E-001
 0710  0.1884677902467741E-001
 0711  0.1884677902467741E-001
 0712  0.1884677902467741E-001
 0713  0.1884677902467741E-001
 0714  0.1884677902467741E-001
 0715  0.1884677902467741E-001
 0716  0.1884677902467741E-001
 0717  0.1884677902467741E-001
 0718  0.1884677902467741E-001
 0719  0.1884677902467741E-001
 0720  0.1884677902467741E-001
 0721  0.1884677902467741E-001
 0722  0.1884677902467741E-001
 0723  0.1884677902467741E-001
 0724  0.1884677902467741E-001
 0725  0.1884677902467741E-001
 0726  0.1884677902467741E-001
 0727  0.1884677902467741E-001
 0728  0.1884677902467741E-001
 0729  0.1884677902467741E-001
 0730  0.1884677902467741E-001
 0731  0.1884677902467741E-001
 0732  0.1884677902467741E-001
 0733  0.1884677902467741E-001
 0734  0.1884677902467741E-001
 0735  0.1884677902467741E-001
 0736  0.1884677902467741E-001
 0737  0.1884677902467741E-001
 0738  0.1884677902467741E-001
 0739  0.1884677902467741E-001
 0740  0.1884677902467741E-001
 0741  0.1884677902467741E-001
 0742  0.1884677902467741E-001
 0743  0.1884677902467741E-001
 0744  0.1884677902467741E-001
 0745  0.1884677902467741E-001
 0746  0.1884677902467741E-001
 0747  0.1884677902467741E-001
 0748  0.1884677902467741E-001
 0749  0.1884677902467741E-001
 0750  0.1884677902467741E-001
 0751  0.1884677902467741E-001
 0752  0.1884677902467741E-001
 0753  0.1884677902467741E-001
 0754  0.1884677902467741E-001
 0755  0.1884677902467741E-001
 0756  0.1884677902467741E-001
 0757  0.1884677902467741E-001
 0758  0.1884677902467741E-001
 0759  0.1884677902467741E-001
 0760  0.1884677902467741E-001
 0761  0.1884677902467741E-001
 0762  0.1884677902467741E-001
 0763  0.1884677902467741E-001
 0764  0.1884677902467741E-001
 0765  0.1884677902467741E-001
 0766  0.1884677902467741E-001
 0767  0.1884677902467741E-001
 0768  0.1884677902467741E-001
 0769  0.1884677902467741E-001
 0770  0.1884677902467741E-001
 0771  0.1884677902467741E-001
 0772  0.1884677902467741E-001
 0773  0.1884677902467741E-001
 0774  0.1884677902467741E-001
 0775  0.1884677902467741E-001
 0776  0.1884677902467741E-001
 0777  0.1884677902467741E-001
 0778  0.1884677902467741E-001
 0779  0.1884677902467741E-001
 0780  0.1884677902467741E-001
 0781  0.1884677902467741E-001
 0782  0.1884677902467741E-001
 0783  0.1884677902467741E-001
 0784  0.1884677902467741E-001
 0785  0.1884677902467741E-001
 0786  0.1884677902467741E-001
 0787  0.1884677902467741E-001
 0788  0.1884677902467741E-001
 0789  0.1884677902467741E-001
 0790  0.1884677902467741E-001
 0791  0.1884677902467741E-001
 0792  0.1884677902467741E-001
 0793  0.1884677902467741E-001
 0794  0.1884677902467741E-001
 0795  0.1884677902467741E-001
 0796  0.1884677902467741E-001
 0797  0.1884677902467741E-001
 0798  0.1884677902467741E-001
 0799  0.1884677902467741E-001
 0800  0.1884677902467741E-001
 0801  0.1884677902467741E-001
 0802  0.1884677902467741E-001
 0803  0.1884677902467741E-001
 0804  0.1884677902467741E-001
 0805  0.1884677902467741E-001
 0806  0.1884677902467741E-001
 0807  0.1884677902467741E-001
 0808  0.1884677902467741E-001
 0809  0.1884677902467741E-001
 0810  0.1884677902467741E-001
 0811  0.1884677902467741E-001
 0812  0.1884677902467741E-001
 0813  0.1884677902467741E-001
 0814  0.1884677902467741E-001
 0815  0.1884677902467741E-001
 0816  0.1884677902467741E-001
 0817  0.1884677902467741E-001
 0818  0.1884677902467741E-001
 0819  0.1884677902467741E-001
 0820  0.1884677902467741E-001
 0821  0.1884677902467741E-001
 0822  0.1884677902467741E-001
 0823  0.1884677902467741E-001
 0824  0.1884677902467741E-001
 0825  0.1884677902467741E-001
 0826  0.1884677902467741E-001
 0827  0.1884677902467741E-001
 0828  0.1884677902467741E-001
 0829  0.1884677902467741E-001
 0830  0.1884677902467741E-001
 0831  0.1884677902467741E-001
 0832  0.1884677902467741E-001
 0833  0.1884677902467741E-001
 0834  0.1884677902467741E-001
 0835  0.1884677902467741E-001
 0836  0.1884677902467741E-001
 0837  0.1884677902467741E-001
 0838  0.1884677902467741E-001
 0839  0.1884677902467741E-001
 0840  0.1884677902467741E-001
 0841  0.1884677902467741E-001
 0842  0.1884677902467741E-001
 0843  0.1884677902467741E-001
 0844  0.1884677902467741E-001
 0845  0.1884677902467741E-001
 0846  0.1884677902467741E-001
 0847  0.1884677902467741E-001
 0848  0.1884677902467741E-001
 0849  0.1884677902467741E-001
 0850  0.1884677902467741E-001
 0851  0.1884677902467741E-001
 0852  0.1884677902467741E-001
 0853  0.1884677902467741E-001
 0854  0.1884677902467741E-001
 0855  0.1884677902467741E-001
 0856  0.1884677902467741E-001
 0857  0.1884677902467741E-001
 0858  0.1884677902467741E-001
 0859  0.1884677902467741E-001
 0860  0.1884677902467741E-001
 0861  0.1884677902467741E-001
 0862  0.1884677902467741E-001
 0863  0.1884677902467741E-001
 0864  0.1884677902467741E-001
 0865  0.1884677902467741E-001
 0866  0.1884677902467741E-001
 0867  0.1884677902467741E-001
 0868  0.1884677902467741E-001
 0869  0.1884677902467741E-001
 0870  0.1884677902467741E-001
 0871  0.1884677902467741E-001
 0872  0.1884677902467741E-001
 0873  0.1884677902467741E-001
 0874  0.1884677902467741E-001
 0875  0.1884677902467741E-001
 0876  0.1884677902467741E-001
 0877  0.1884677902467741E-001
 0878  0.1884677902467741E-001
 0879  0.1884677902467741E-001
 0880  0.1884677902467741E-001
 0881  0.1884677902467741E-001
 0882  0.1884677902467741E-001
 0883  0.1884677902467741E-001
 0884  0.1884677902467741E-001
 0885  0.1884677902467741E-001
 0886  0.1884677902467741E-001
 0887  0.1884677902467741E-001
 0888  0.1884677902467741E-001
 0889  0.1884677902467741E-001
 0890  0.1884677902467741E-001
 0891  0.1884677902467741E-001
 0892  0.1884677902467741E-001
 0893  0.1884677902467741E-001
 0894  0.1884677902467741E-001
 0895  0.1884677902467741E-001
 0896  0.1884677902467741E-001
 0897  0.1884677902467741E-001
 0898  0.1884677902467741E-001
 0899  0.1884677902467741E-001
 0900  0.1884677902467741E-001
 0901  0.1884677902467741E-001
 0902  0.1884677902467741E-001
 0903  0.1884677902467741E-001
 0904  0.1884677902467741E-001
 0905  0.1884677902467741E-001
 0906  0.1884677902467741E-001
 0907  0.1884677902467741E-001
 0908  0.1884677902467741E-001
 0909  0.1884677902467741E-001
 0910  0.1884677902467741E-001
 0911  0.1884677902467741E-001
 0912  0.1884677902467741E-001
 0913  0.1884677902467741E-001
 0914  0.1884677902467741E-001
 0915  0.1884677902467741E-001
 0916  0.1884677902467741E-001
 0917  0.1884677902467741E-001
 0918  0.1884677902467741E-001
 0919  0.1884677902467741E-001
 0920  0.1884677902467741E-001
 0921  0.1884677902467741E-001
 0922  0.1884677902467741E-001
 0923  0.1884677902467741E-001
 0924  0.1884677902467741E-001
 0925  0.1884677902467741E-001
 0926  0.1884677902467741E-001
 0927  0.1884677902467741E-001
 0928  0.1884677902467741E-001
 0929  0.1884677902467741E-001
 0930  0.1884677902467741E-001
 0931  0.1884677902467741E-001
 0932  0.1884677902467741E-001
 0933  0.1884677902467741E-001
 0934  0.1884677902467741E-001
 0935  0.1884677902467741E-001
 0936  0.1884677902467741E-001
 0937  0.1884677902467741E-001
 0938  0.1884677902467741E-001
 0939  0.1884677902467741E-001
 0940  0.1884677902467741E-001
 0941  0.1884677902467741E-001
 0942  0.1884677902467741E-001
 0943  0.1884677902467741E-001
 0944  0.1884677902467741E-001
 0945  0.1884677902467741E-001
 0946  0.1884677902467741E-001
 0947  0.1884677902467741E-001
 0948  0.1884677902467741E-001
 0949  0.1884677902467741E-001
 0950  0.1884677902467741E-001
 0951  0.1884677902467741E-001
 0952  0.1884677902467741E-001
 0953  0.1884677902467741E-001
 0954  0.1884677902467741E-001
 0955  0.1884677902467741E-001
 0956  0.1884677902467741E-001
 0957  0.1884677902467741E-001
 0958  0.1884677902467741E-001
 0959  0.1884677902467741E-001
 0960  0.1884677902467741E-001
 0961  0.1884677902467741E-001
 0962  0.1884677902467741E-001
 0963  0.1884677902467741E-001
 0964  0.1884677902467741E-001
 0965  0.1884677902467741E-001
 0966  0.1884677902467741E-001
 0967  0.1884677902467741E-001
 0968  0.1884677902467741E-001
 0969  0.1884677902467741E-001
 0970  0.1884677902467741E-001
 0971  0.1884677902467741E-001
 0972  0.1884677902467741E-001
 0973  0.1884677902467741E-001
 0974  0.1884677902467741E-001
 0975  0.1884677902467741E-001
 0976  0.1884677902467741E-001
 0977  0.1884677902467741E-001
 0978  0.1884677902467741E-001
 0979  0.1884677902467741E-001
 0980  0.1884677902467741E-001
 0981  0.1884677902467741E-001
 0982  0.1884677902467741E-001
 0983  0.1884677902467741E-001
 0984  0.1884677902467741E-001
 0985  0.1884677902467741E-001
 0986  0.1884677902467741E-001
 0987  0.1884677902467741E-001
 0988  0.1884677902467741E-001
 0989  0.1884677902467741E-001
 0990  0.1884677902467741E-001
 0991  0.1884677902467741E-001
 0992  0.1884677902467741E-001
 0993  0.1884677902467741E-001
 0994  0.1884677902467741E-001
 0995  0.1884677902467741E-001
 0996  0.1884677902467741E-001
 0997  0.1884677902467741E-001
 0998  0.1884677902467741E-001
 0999  0.1884677902467741E-001
 1000  0.1884677902467741E-001
