 0001  0.6249999999999995E-002
 0002  0.6249999999999995E-002
 0003  0.6249999999999994E-002
 0004  0.6249999999999994E-002
 0005  0.6249999999999994E-002
 0006  0.6249999999999994E-002
 0007  0.6249866984966152E-002
 0008  0.6249866984966153E-002
 0009  0.6249737058792783E-002
 0010  0.6249737058792784E-002
 0011  0.6249737058792786E-002
 0012  0.6249470158563798E-002
 0013  0.6249470158563798E-002
 0014  0.6249209456262543E-002
 0015  0.6249209456262543E-002
 0016  0.6248658907937881E-002
 0017  0.6248658907937880E-002
 0018  0.6247523806473382E-002
 0019  0.6247523806473382E-002
 0020  0.6246415064210129E-002
 0021  0.6246415064210129E-002
 0022  0.6244238221760576E-002
 0023  0.6244238221760575E-002
 0024  0.6241068568351125E-002
 0025  0.6241068568351126E-002
 0026  0.6236313324862320E-002
 0027  0.6231799643177602E-002
 0028  0.6231799643177601E-002
 0029  0.6224913951048973E-002
 0030  0.6224913951048971E-002
 0031  0.6215069520727999E-002
 0032  0.6215069520727998E-002
 0033  0.6205453696684174E-002
 0034  0.6193227817250949E-002
 0035  0.6193227817250950E-002
 0036  0.6177260533502839E-002
 0037  0.6177260533502839E-002
 0038  0.6161664040260096E-002
 0039  0.6141720880384325E-002
 0040  0.6141720880384325E-002
 0041  0.6115920699053284E-002
 0042  0.6084609044263648E-002
 0043  0.6084609044263648E-002
 0044  0.6054024505274453E-002
 0045  0.6054024505274453E-002
 0046  0.6016600350689546E-002
 0047  0.5973327621156072E-002
 0048  0.5973327621156072E-002
 0049  0.5921491080750031E-002
 0050  0.5873310038225289E-002
 0051  0.5817496948645579E-002
 0052  0.5817496948645578E-002
 0053  0.5750747622451462E-002
 0054  0.5677868818834408E-002
 0055  0.5677868818834407E-002
 0056  0.5606682398771758E-002
 0057  0.5527539828313017E-002
 0058  0.5527539828313017E-002
 0059  0.5435244163524764E-002
 0060  0.5335266768057170E-002
 0061  0.5228010132591738E-002
 0062  0.5228010132591739E-002
 0063  0.5123244198907254E-002
 0064  0.5011533175269567E-002
 0065  0.4893078998322453E-002
 0066  0.4893078998322453E-002
 0067  0.4759367942160287E-002
 0068  0.4620257133536311E-002
 0069  0.4494294773214777E-002
 0070  0.4494294773214777E-002
 0071  0.4350047351834137E-002
 0072  0.4199869022395817E-002
 0073  0.4046878992288824E-002
 0074  0.3891503585813367E-002
 0075  0.3891503585813368E-002
 0076  0.3739736289921886E-002
 0077  0.3583467454995530E-002
 0078  0.3424149976027214E-002
 0079  0.3263199365479715E-002
 0080  0.3263199365479716E-002
 0081  0.3086035504001119E-002
 0082  0.2911783287300133E-002
 0083  0.2758761229962508E-002
 0084  0.2604717083102567E-002
 0085  0.2604717083102568E-002
 0086  0.2434315508891670E-002
 0087  0.2269223875360275E-002
 0088  0.2110660613383677E-002
 0089  0.1959373770538076E-002
 0090  0.1815770275697041E-002
 0091  0.1815770275697041E-002
 0092  0.1662375324443769E-002
 0093  0.1520524241143221E-002
 0094  0.1392073325593139E-002
 0095  0.1275843534578025E-002
 0096  0.1169948058759644E-002
 0097  0.1072918692184147E-002
 0098  0.9835917722570433E-003
 0099  0.9010290112083893E-003
 0100  0.8244616028543257E-003
 0101  0.7533113749932896E-003
 0102  0.6873890654166512E-003
 0103  0.6264701240694649E-003
 0104  0.5703065105696131E-003
 0105  0.5186360515717915E-003
 0106  0.4711897947614934E-003
 0107  0.4256203451511312E-003
 0108  0.3845190360697210E-003
 0109  0.3474315904784439E-003
 0110  0.3139522277880530E-003
 0111  0.2837190568677338E-003
 0112  0.2564088374689700E-003
 0113  0.2122941255049373E-003
 0114  0.1943749795095528E-003
 0115  0.1778690992663030E-003
 0116  0.1626596532915348E-003
 0117  0.1486602763284775E-003
 0118  0.1357878843351714E-003
 0119  0.1239630174668023E-003
 0120  0.1131100636497837E-003
 0121  0.1031573855973674E-003
 0122  0.9403737042081304E-004
 0123  0.8541474458204346E-004
 0124  0.7759281436202757E-004
 0125  0.7049547818332025E-004
 0126  0.6405413416750358E-004
 0127  0.5820690410069943E-004
 0128  0.5289794238048431E-004
 0129  0.4807682009892817E-004
 0130  0.4016965346964031E-004
 0131  0.3691639069543245E-004
 0132  0.3391602796614582E-004
 0133  0.3115021272752220E-004
 0134  0.2860175626243589E-004
 0135  0.2625458297457469E-004
 0136  0.2409367825360068E-004
 0137  0.2205571090071929E-004
 0138  0.2019189840280874E-004
 0139  0.1848710929419350E-004
 0140  0.1692755891155921E-004
 0141  0.1550016990535317E-004
 0142  0.1419369225101022E-004
 0143  0.1299783448085850E-004
 0144  0.1190318551840629E-004
 0145  0.1007875962070633E-004
 0146  0.9316720453059649E-005
 0147  0.8610779352059993E-005
 0148  0.7956971742086528E-005
 0149  0.7339377543662297E-005
 0150  0.6770114299256927E-005
 0151  0.6245222452869725E-005
 0152  0.5761225183393839E-005
 0153  0.5314919640403464E-005
 0154  0.4903355226195773E-005
 0155  0.4523813610328622E-005
 0156  0.4173790337530237E-005
 0157  0.3850977901107519E-005
 0158  0.3304581946213367E-005
 0159  0.3072952136644767E-005
 0160  0.2853518531245977E-005
 0161  0.2649826102456229E-005
 0162  0.2460740094278266E-005
 0163  0.2285207983134918E-005
 0164  0.2122253485482191E-005
 0165  0.1970971004668224E-005
 0166  0.1830520484641919E-005
 0167  0.1700122538442901E-005
 0168  0.1579054168677278E-005
 0169  0.1466627057270342E-005
 0170  0.1272389332843163E-005
 0171  0.1188503680821882E-005
 0172  0.1110171640433131E-005
 0173  0.1037023822412906E-005
 0174  0.9687155362607012E-006
 0175  0.9049251288484734E-006
 0176  0.8453524355567750E-006
 0177  0.7897106744407433E-006
 0178  0.7377403441402490E-006
 0179  0.6885758043610681E-006
 0180  0.6427516631304965E-006
 0181  0.5634212608229120E-006
 0182  0.5290475468563607E-006
 0183  0.4967745071513485E-006
 0184  0.4664737533015265E-006
 0185  0.4380247294753929E-006
 0186  0.4113142365267070E-006
 0187  0.3862359848191749E-006
 0188  0.3624204160731942E-006
 0189  0.3400989158377572E-006
 0190  0.3010304498672845E-006
 0191  0.2839196521552018E-006
 0192  0.2677832109065629E-006
 0193  0.2525656171174405E-006
 0194  0.2382145174963551E-006
 0195  0.2245409133222831E-006
 0196  0.2116637721535811E-006
 0197  0.1995360334782977E-006
 0198  0.1881134540766714E-006
 0199  0.1773544392835018E-006
 0200  0.1583442718317655E-006
 0201  0.1499400065579333E-006
 0202  0.1419073213445298E-006
 0203  0.1343107744842503E-006
 0204  0.1271263716783510E-006
 0205  0.1203314556967372E-006
 0206  0.1139046309477065E-006
 0207  0.1078253911681762E-006
 0208  0.9695080038953110E-007
 0209  0.9208725902402292E-007
 0210  0.8747070317214203E-007
 0211  0.8308825444269340E-007
 0212  0.7892791537706033E-007
 0213  0.7497830901304400E-007
 0214  0.7122864688212020E-007
 0215  0.6764048897283358E-007
 0216  0.6120980303195252E-007
 0217  0.5832694555028471E-007
 0218  0.5558131412167888E-007
 0219  0.5296631212613483E-007
 0220  0.5047566296285562E-007
 0221  0.4808580146231376E-007
 0222  0.4581127539831897E-007
 0223  0.4170795480777490E-007
 0224  0.3985638142039308E-007
 0225  0.3808777322815308E-007
 0226  0.3638680056142051E-007
 0227  0.3476316379659138E-007
 0228  0.3321324738880842E-007
 0229  0.3173365087166259E-007
 0230  0.2904859326757027E-007
 0231  0.2782207998700805E-007
 0232  0.2664820696185163E-007
 0233  0.2552468103086101E-007
 0234  0.2444931025662145E-007
 0235  0.2341997682127178E-007
 0236  0.2243468168823078E-007
 0237  0.2062679596151011E-007
 0238  0.1980264381862029E-007
 0239  0.1901192316331928E-007
 0240  0.1825325949836892E-007
 0241  0.1752119561406194E-007
 0242  0.1681913031994654E-007
 0243  0.1553320879443936E-007
 0244  0.1494417717249299E-007
 0245  0.1437475930276148E-007
 0246  0.1382748712078308E-007
 0247  0.1330147561321824E-007
 0248  0.1279588417774189E-007
 0249  0.1186349077345371E-007
 0250  0.1143357912090000E-007
 0251  0.1101955052924210E-007
 0252  0.1062080290352450E-007
 0253  0.1023491366408040E-007
 0254  0.9863393965050832E-008
 0255  0.9177559968948677E-008
 0256  0.8860962831564316E-008
 0257  0.8554078370690807E-008
 0258  0.8258073669858467E-008
 0259  0.7972555269826685E-008
 0260  0.7442428953394394E-008
 0261  0.7196334623698001E-008
 0262  0.6958561121737868E-008
 0263  0.6728821747656304E-008
 0264  0.6505907129059068E-008
 0265  0.6091679337622783E-008
 0266  0.5899204811321420E-008
 0267  0.5712194990848254E-008
 0268  0.5531267807614357E-008
 0269  0.5356221179922633E-008
 0270  0.5029311500298654E-008
 0271  0.4876669319482211E-008
 0272  0.4728776141999045E-008
 0273  0.4584951857267398E-008
 0274  0.4316177162179649E-008
 0275  0.4190585520319939E-008
 0276  0.4068302965049553E-008
 0277  0.3949688829430624E-008
 0278  0.3834629895641683E-008
 0279  0.3618311539203986E-008
 0280  0.3516989619163618E-008
 0281  0.3418581908879578E-008
 0282  0.3322686835516425E-008
 0283  0.3142597478210415E-008
 0284  0.3057764589825229E-008
 0285  0.2975289767646490E-008
 0286  0.2895105579381089E-008
 0287  0.2743717311480112E-008
 0288  0.2672483690876606E-008
 0289  0.2602947117753584E-008
 0290  0.2535277878440206E-008
 0291  0.2407473438098659E-008
 0292  0.2347125168560702E-008
 0293  0.2288336884303942E-008
 0294  0.2230907870372302E-008
 0295  0.2122253731935644E-008
 0296  0.2070858292639352E-008
 0297  0.2020749004981236E-008
 0298  0.1925643807646549E-008
 0299  0.1880636285715891E-008
 0300  0.1836603557021387E-008
 0301  0.1793638186921582E-008
 0302  0.1711970233996323E-008
 0303  0.1673257916921018E-008
 0304  0.1635360806022272E-008
 0305  0.1563307340338079E-008
 0306  0.1529057103786166E-008
 0307  0.1495509128735795E-008
 0308  0.1462725577952847E-008
 0309  0.1400305445785246E-008
 0310  0.1370591998582411E-008
 0311  0.1341470776935060E-008
 0312  0.1285949729110025E-008
 0313  0.1259485201337715E-008
 0314  0.1233534274371117E-008
 0315  0.1183994312170935E-008
 0316  0.1160350600134774E-008
 0317  0.1137153682072208E-008
 0318  0.1092817044256348E-008
 0319  0.1071630932036365E-008
 0320  0.1050834731266726E-008
 0321  0.1011040264217709E-008
 0322  0.9920024632202684E-009
 0323  0.9733059461098868E-009
 0324  0.9374893811302825E-009
 0325  0.9203068037328976E-009
 0326  0.8873560508644014E-009
 0327  0.8715582883369137E-009
 0328  0.8560297536372407E-009
 0329  0.8261974991560030E-009
 0330  0.8118701607326927E-009
 0331  0.7978033192640815E-009
 0332  0.7707338810729695E-009
 0333  0.7577310831210859E-009
 0334  0.7326876252034649E-009
 0335  0.7206468669844751E-009
 0336  0.7087975242731720E-009
 0337  0.6859737050063777E-009
 0338  0.6749833768994931E-009
 0339  0.6537832859495418E-009
 0340  0.6435732139842642E-009
 0341  0.6238629034148659E-009
 0342  0.6143509753165300E-009
 0343  0.6049921246066154E-009
 0344  0.5869128772990798E-009
 0345  0.5781821190381552E-009
 0346  0.5613054670102290E-009
 0347  0.5531590762559714E-009
 0348  0.5374008845594614E-009
 0349  0.5297807068534719E-009
 0350  0.5150315349429227E-009
 0351  0.5078949590012325E-009
 0352  0.4940736854719390E-009
 0353  0.4873821216433187E-009
 0354  0.4744153025899457E-009
 0355  0.4681338454726146E-009
 0356  0.4559550136359394E-009
 0357  0.4500520036821709E-009
 0358  0.4386007639811439E-009
 0359  0.4330474088638443E-009
 0360  0.4222646666902807E-009
 0361  0.4170308407331209E-009
 0362  0.4068677082583379E-009
 0363  0.4019341247449441E-009
 0364  0.3923424888191252E-009
 0365  0.3831744881168050E-009
 0366  0.3787182081804200E-009
 0367  0.3700499595245650E-009
 0368  0.3658348079357026E-009
 0369  0.3576297205715381E-009
 0370  0.3497689842980991E-009
 0371  0.3459422652096398E-009
 0372  0.3384896006118491E-009
 0373  0.3348592266368941E-009
 0374  0.3277863769187438E-009
 0375  0.3209950228227395E-009
 0376  0.3176845091738320E-009
 0377  0.3112272089893936E-009
 0378  0.3050206257615936E-009
 0379  0.3019932057442888E-009
 0380  0.2960843162820652E-009
 0381  0.2903981450466685E-009
 0382  0.2876223165514646E-009
 0383  0.2822002772268740E-009
 0384  0.2769761449507814E-009
 0385  0.2719405684251527E-009
 0386  0.2694795560239310E-009
 0387  0.2646672075146728E-009
 0388  0.2600243713172436E-009
 0389  0.2555427319304411E-009
 0390  0.2533501018112944E-009
 0391  0.2490591353094738E-009
 0392  0.2449126700104076E-009
 0393  0.2409042052493155E-009
 0394  0.2370279834468913E-009
 0395  0.2332773295217001E-009
 0396  0.2314399439892186E-009
 0397  0.2278386410476760E-009
 0398  0.2243513608811112E-009
 0399  0.2209732976087190E-009
 0400  0.2176997198332416E-009
 0401  0.2145261534679417E-009
 0402  0.2114484382100171E-009
 0403  0.2084626235128116E-009
 0404  0.2055649293037454E-009
 0405  0.2027523446609463E-009
 0406  0.2000249494841378E-009
 0407  0.1973798423990679E-009
 0408  0.1948136478717995E-009
 0409  0.1923231646819173E-009
 0410  0.1899053551332780E-009
 0411  0.1875573350400108E-009
 0412  0.1852763644245534E-009
 0413  0.1830598388702407E-009
 0414  0.1809052814761460E-009
 0415  0.1788103353665608E-009
 0416  0.1757853904498408E-009
 0417  0.1738434645604511E-009
 0418  0.1719531292544332E-009
 0419  0.1701125197357446E-009
 0420  0.1683198563118473E-009
 0421  0.1657258123157993E-009
 0422  0.1640569993520091E-009
 0423  0.1624300288200181E-009
 0424  0.1600726934432387E-009
 0425  0.1585542314268635E-009
 0426  0.1570724701292852E-009
 0427  0.1549229511889038E-009
 0428  0.1535367207669605E-009
 0429  0.1515240875407156E-009
 0430  0.1502250601654446E-009
 0431  0.1483375286943876E-009
 0432  0.1471182910080854E-009
 0433  0.1453453556731063E-009
 0434  0.1441992887879509E-009
 0435  0.1425315565239342E-009
 0436  0.1409267575667356E-009
 0437  0.1398881773347974E-009
 0438  0.1383751664836613E-009
 0439  0.1369172642108312E-009
 0440  0.1355117401814272E-009
 0441  0.1341560373178706E-009
 0442  0.1328477584584279E-009
 0443  0.1315846542174830E-009
 0444  0.1303646119240765E-009
 0445  0.1291856455294564E-009
 0446  0.1280458863867760E-009
 0447  0.1269435748169118E-009
 0448  0.1258770523839057E-009
 0449  0.1248447548118486E-009
 0450  0.1235214362315406E-009
 0451  0.1225668353686179E-009
 0452  0.1216416854691990E-009
 0453  0.1204539633902134E-009
 0454  0.1193176382839025E-009
 0455  0.1184962748717939E-009
 0456  0.1174401858319737E-009
 0457  0.1164280577079508E-009
 0458  0.1154574791329098E-009
 0459  0.1145262079920814E-009
 0460  0.1136321569424569E-009
 0461  0.1127733803852827E-009
 0462  0.1119480627248792E-009
 0463  0.1111545077687476E-009
 0464  0.1102059713573876E-009
 0465  0.1093038423511223E-009
 0466  0.1086129294537774E-009
 0467  0.1077855707923018E-009
 0468  0.1069971374292569E-009
 0469  0.1060999706801790E-009
 0470  0.1053905621017721E-009
 0471  0.1045820928855840E-009
 0472  0.1039418912128803E-009
 0473  0.1032112905319844E-009
 0474  0.1024087291989790E-009
 0475  0.1017605363536417E-009
 0476  0.1010472777125761E-009
 0477  0.1003774838437808E-009
 0478  0.9974795483498232E-010
 0479  0.9907449033192824E-010
 0480  0.9837155636970698E-010
 0481  0.9779129915032046E-010
 0482  0.9712007350782670E-010
 0483  0.9650415136741507E-010
 0484  0.9593827215905381E-010
 0485  0.9531924985823022E-010
 0486  0.9471540901112640E-010
 0487  0.9413415335732941E-010
 0488  0.9358145797405906E-010
 0489  0.9300183244865695E-010
 0490  0.9247526975167504E-010
 0491  0.9191557516495818E-010
 0492  0.9138492449574808E-010
 0493  0.9085492508971244E-010
 0494  0.9057594808723602E-010
 0495  0.9057594808723602E-010
 0496  0.9057594808723602E-010
 0497  0.9057594808723602E-010
 0498  0.9057594808723602E-010
 0499  0.9057594808723602E-010
 0500  0.9057594808723602E-010
 0501  0.9057594808723602E-010
 0502  0.9057594808723602E-010
 0503  0.9057594808723602E-010
 0504  0.9057594808723602E-010
 0505  0.9057594808723602E-010
 0506  0.9057594808723602E-010
 0507  0.9057594808723602E-010
 0508  0.9057594808723602E-010
 0509  0.9057594808723602E-010
 0510  0.9057594808723602E-010
 0511  0.9057594808723602E-010
 0512  0.9057594808723602E-010
 0513  0.9057594808723602E-010
 0514  0.9057594808723602E-010
 0515  0.9057594808723602E-010
 0516  0.9057594808723602E-010
 0517  0.9057594808723602E-010
 0518  0.9057594808723602E-010
 0519  0.9057594808723602E-010
 0520  0.9057594808723602E-010
 0521  0.9057594808723602E-010
 0522  0.9057594808723602E-010
 0523  0.9057594808723602E-010
 0524  0.9057594808723602E-010
 0525  0.9057594808723602E-010
 0526  0.9057594808723602E-010
 0527  0.9057594808723602E-010
 0528  0.9057594808723602E-010
 0529  0.9057594808723602E-010
 0530  0.9057594808723602E-010
 0531  0.9057594808723602E-010
 0532  0.9057594808723602E-010
 0533  0.9057594808723602E-010
 0534  0.9057594808723602E-010
 0535  0.9057594808723602E-010
 0536  0.9057594808723602E-010
 0537  0.9057594808723602E-010
 0538  0.9057594808723602E-010
 0539  0.9057594808723602E-010
 0540  0.9057594808723602E-010
 0541  0.9057594808723602E-010
 0542  0.9057594808723602E-010
 0543  0.9057594808723602E-010
 0544  0.9057594808723602E-010
 0545  0.9057594808723602E-010
 0546  0.9057594808723602E-010
 0547  0.9057594808723602E-010
 0548  0.9057594808723602E-010
 0549  0.9057594808723602E-010
 0550  0.9057594808723602E-010
 0551  0.9057594808723602E-010
 0552  0.9057594808723602E-010
 0553  0.9057594808723602E-010
 0554  0.9057594808723602E-010
 0555  0.9057594808723602E-010
 0556  0.9057594808723602E-010
 0557  0.9057594808723602E-010
 0558  0.9057594808723602E-010
 0559  0.9057594808723602E-010
 0560  0.9057594808723602E-010
 0561  0.9057594808723602E-010
 0562  0.9057594808723602E-010
 0563  0.9057594808723602E-010
 0564  0.9057594808723602E-010
 0565  0.9057594808723602E-010
 0566  0.9057594808723602E-010
 0567  0.9057594808723602E-010
 0568  0.9057594808723602E-010
 0569  0.9057594808723602E-010
 0570  0.9057594808723602E-010
 0571  0.9057594808723602E-010
 0572  0.9057594808723602E-010
 0573  0.9057594808723602E-010
 0574  0.9057594808723602E-010
 0575  0.9057594808723602E-010
 0576  0.9057594808723602E-010
 0577  0.9057594808723602E-010
 0578  0.9057594808723602E-010
 0579  0.9057594808723602E-010
 0580  0.9057594808723602E-010
 0581  0.9057594808723602E-010
 0582  0.9057594808723602E-010
 0583  0.9057594808723602E-010
 0584  0.9057594808723602E-010
 0585  0.9057594808723602E-010
 0586  0.9057594808723602E-010
 0587  0.9057594808723602E-010
 0588  0.9057594808723602E-010
 0589  0.9057594808723602E-010
 0590  0.9057594808723602E-010
 0591  0.9057594808723602E-010
 0592  0.9057594808723602E-010
 0593  0.9057594808723602E-010
 0594  0.9057594808723602E-010
 0595  0.9057594808723602E-010
 0596  0.9057594808723602E-010
 0597  0.9057594808723602E-010
 0598  0.9057594808723602E-010
 0599  0.9057594808723602E-010
 0600  0.9057594808723602E-010
 0601  0.9057594808723602E-010
 0602  0.9057594808723602E-010
 0603  0.9057594808723602E-010
 0604  0.9057594808723602E-010
 0605  0.9057594808723602E-010
 0606  0.9057594808723602E-010
 0607  0.9057594808723602E-010
 0608  0.9057594808723602E-010
 0609  0.9057594808723602E-010
 0610  0.9057594808723602E-010
 0611  0.9057594808723602E-010
 0612  0.9057594808723602E-010
 0613  0.9057594808723602E-010
 0614  0.9057594808723602E-010
 0615  0.9057594808723602E-010
 0616  0.9057594808723602E-010
 0617  0.9057594808723602E-010
 0618  0.9057594808723602E-010
 0619  0.9057594808723602E-010
 0620  0.9057594808723602E-010
 0621  0.9057594808723602E-010
 0622  0.9057594808723602E-010
 0623  0.9057594808723602E-010
 0624  0.9057594808723602E-010
 0625  0.9057594808723602E-010
 0626  0.9057594808723602E-010
 0627  0.9057594808723602E-010
 0628  0.9057594808723602E-010
 0629  0.9057594808723602E-010
 0630  0.9057594808723602E-010
 0631  0.9057594808723602E-010
 0632  0.9057594808723602E-010
 0633  0.9057594808723602E-010
 0634  0.9057594808723602E-010
 0635  0.9057594808723602E-010
 0636  0.9057594808723602E-010
 0637  0.9057594808723602E-010
 0638  0.9057594808723602E-010
 0639  0.9057594808723602E-010
 0640  0.9057594808723602E-010
 0641  0.9057594808723602E-010
 0642  0.9057594808723602E-010
 0643  0.9057594808723602E-010
 0644  0.9057594808723602E-010
 0645  0.9057594808723602E-010
 0646  0.9057594808723602E-010
 0647  0.9057594808723602E-010
 0648  0.9057594808723602E-010
 0649  0.9057594808723602E-010
 0650  0.9057594808723602E-010
 0651  0.9057594808723602E-010
 0652  0.9057594808723602E-010
 0653  0.9057594808723602E-010
 0654  0.9057594808723602E-010
 0655  0.9057594808723602E-010
 0656  0.9057594808723602E-010
 0657  0.9057594808723602E-010
 0658  0.9057594808723602E-010
 0659  0.9057594808723602E-010
 0660  0.9057594808723602E-010
 0661  0.9057594808723602E-010
 0662  0.9057594808723602E-010
 0663  0.9057594808723602E-010
 0664  0.9057594808723602E-010
 0665  0.9057594808723602E-010
 0666  0.9057594808723602E-010
 0667  0.9057594808723602E-010
 0668  0.9057594808723602E-010
 0669  0.9057594808723602E-010
 0670  0.9057594808723602E-010
 0671  0.9057594808723602E-010
 0672  0.9057594808723602E-010
 0673  0.9057594808723602E-010
 0674  0.9057594808723602E-010
 0675  0.9057594808723602E-010
 0676  0.9057594808723602E-010
 0677  0.9057594808723602E-010
 0678  0.9057594808723602E-010
 0679  0.9057594808723602E-010
 0680  0.9057594808723602E-010
 0681  0.9057594808723602E-010
 0682  0.9057594808723602E-010
 0683  0.9057594808723602E-010
 0684  0.9057594808723602E-010
 0685  0.9057594808723602E-010
 0686  0.9057594808723602E-010
 0687  0.9057594808723602E-010
 0688  0.9057594808723602E-010
 0689  0.9057594808723602E-010
 0690  0.9057594808723602E-010
 0691  0.9057594808723602E-010
 0692  0.9057594808723602E-010
 0693  0.9057594808723602E-010
 0694  0.9057594808723602E-010
 0695  0.9057594808723602E-010
 0696  0.9057594808723602E-010
 0697  0.9057594808723602E-010
 0698  0.9057594808723602E-010
 0699  0.9057594808723602E-010
 0700  0.9057594808723602E-010
 0701  0.9057594808723602E-010
 0702  0.9057594808723602E-010
 0703  0.9057594808723602E-010
 0704  0.9057594808723602E-010
 0705  0.9057594808723602E-010
 0706  0.9057594808723602E-010
 0707  0.9057594808723602E-010
 0708  0.9057594808723602E-010
 0709  0.9057594808723602E-010
 0710  0.9057594808723602E-010
 0711  0.9057594808723602E-010
 0712  0.9057594808723602E-010
 0713  0.9057594808723602E-010
 0714  0.9057594808723602E-010
 0715  0.9057594808723602E-010
 0716  0.9057594808723602E-010
 0717  0.9057594808723602E-010
 0718  0.9057594808723602E-010
 0719  0.9057594808723602E-010
 0720  0.9057594808723602E-010
 0721  0.9057594808723602E-010
 0722  0.9057594808723602E-010
 0723  0.9057594808723602E-010
 0724  0.9057594808723602E-010
 0725  0.9057594808723602E-010
 0726  0.9057594808723602E-010
 0727  0.9057594808723602E-010
 0728  0.9057594808723602E-010
 0729  0.9057594808723602E-010
 0730  0.9057594808723602E-010
 0731  0.9057594808723602E-010
 0732  0.9057594808723602E-010
 0733  0.9057594808723602E-010
 0734  0.9057594808723602E-010
 0735  0.9057594808723602E-010
 0736  0.9057594808723602E-010
 0737  0.9057594808723602E-010
 0738  0.9057594808723602E-010
 0739  0.9057594808723602E-010
 0740  0.9057594808723602E-010
 0741  0.9057594808723602E-010
 0742  0.9057594808723602E-010
 0743  0.9057594808723602E-010
 0744  0.9057594808723602E-010
 0745  0.9057594808723602E-010
 0746  0.9057594808723602E-010
 0747  0.9057594808723602E-010
 0748  0.9057594808723602E-010
 0749  0.9057594808723602E-010
 0750  0.9057594808723602E-010
 0751  0.9057594808723602E-010
 0752  0.9057594808723602E-010
 0753  0.9057594808723602E-010
 0754  0.9057594808723602E-010
 0755  0.9057594808723602E-010
 0756  0.9057594808723602E-010
 0757  0.9057594808723602E-010
 0758  0.9057594808723602E-010
 0759  0.9057594808723602E-010
 0760  0.9057594808723602E-010
 0761  0.9057594808723602E-010
 0762  0.9057594808723602E-010
 0763  0.9057594808723602E-010
 0764  0.9057594808723602E-010
 0765  0.9057594808723602E-010
 0766  0.9057594808723602E-010
 0767  0.9057594808723602E-010
 0768  0.9057594808723602E-010
 0769  0.9057594808723602E-010
 0770  0.9057594808723602E-010
 0771  0.9057594808723602E-010
 0772  0.9057594808723602E-010
 0773  0.9057594808723602E-010
 0774  0.9057594808723602E-010
 0775  0.9057594808723602E-010
 0776  0.9057594808723602E-010
 0777  0.9057594808723602E-010
 0778  0.9057594808723602E-010
 0779  0.9057594808723602E-010
 0780  0.9057594808723602E-010
 0781  0.9057594808723602E-010
 0782  0.9057594808723602E-010
 0783  0.9057594808723602E-010
 0784  0.9057594808723602E-010
 0785  0.9057594808723602E-010
 0786  0.9057594808723602E-010
 0787  0.9057594808723602E-010
 0788  0.9057594808723602E-010
 0789  0.9057594808723602E-010
 0790  0.9057594808723602E-010
 0791  0.9057594808723602E-010
 0792  0.9057594808723602E-010
 0793  0.9057594808723602E-010
 0794  0.9057594808723602E-010
 0795  0.9057594808723602E-010
 0796  0.9057594808723602E-010
 0797  0.9057594808723602E-010
 0798  0.9057594808723602E-010
 0799  0.9057594808723602E-010
 0800  0.9057594808723602E-010
 0801  0.9057594808723602E-010
 0802  0.9057594808723602E-010
 0803  0.9057594808723602E-010
 0804  0.9057594808723602E-010
 0805  0.9057594808723602E-010
 0806  0.9057594808723602E-010
 0807  0.9057594808723602E-010
 0808  0.9057594808723602E-010
 0809  0.9057594808723602E-010
 0810  0.9057594808723602E-010
 0811  0.9057594808723602E-010
 0812  0.9057594808723602E-010
 0813  0.9057594808723602E-010
 0814  0.9057594808723602E-010
 0815  0.9057594808723602E-010
 0816  0.9057594808723602E-010
 0817  0.9057594808723602E-010
 0818  0.9057594808723602E-010
 0819  0.9057594808723602E-010
 0820  0.9057594808723602E-010
 0821  0.9057594808723602E-010
 0822  0.9057594808723602E-010
 0823  0.9057594808723602E-010
 0824  0.9057594808723602E-010
 0825  0.9057594808723602E-010
 0826  0.9057594808723602E-010
 0827  0.9057594808723602E-010
 0828  0.9057594808723602E-010
 0829  0.9057594808723602E-010
 0830  0.9057594808723602E-010
 0831  0.9057594808723602E-010
 0832  0.9057594808723602E-010
 0833  0.9057594808723602E-010
 0834  0.9057594808723602E-010
 0835  0.9057594808723602E-010
 0836  0.9057594808723602E-010
 0837  0.9057594808723602E-010
 0838  0.9057594808723602E-010
 0839  0.9057594808723602E-010
 0840  0.9057594808723602E-010
 0841  0.9057594808723602E-010
 0842  0.9057594808723602E-010
 0843  0.9057594808723602E-010
 0844  0.9057594808723602E-010
 0845  0.9057594808723602E-010
 0846  0.9057594808723602E-010
 0847  0.9057594808723602E-010
 0848  0.9057594808723602E-010
 0849  0.9057594808723602E-010
 0850  0.9057594808723602E-010
 0851  0.9057594808723602E-010
 0852  0.9057594808723602E-010
 0853  0.9057594808723602E-010
 0854  0.9057594808723602E-010
 0855  0.9057594808723602E-010
 0856  0.9057594808723602E-010
 0857  0.9057594808723602E-010
 0858  0.9057594808723602E-010
 0859  0.9057594808723602E-010
 0860  0.9057594808723602E-010
 0861  0.9057594808723602E-010
 0862  0.9057594808723602E-010
 0863  0.9057594808723602E-010
 0864  0.9057594808723602E-010
 0865  0.9057594808723602E-010
 0866  0.9057594808723602E-010
 0867  0.9057594808723602E-010
 0868  0.9057594808723602E-010
 0869  0.9057594808723602E-010
 0870  0.9057594808723602E-010
 0871  0.9057594808723602E-010
 0872  0.9057594808723602E-010
 0873  0.9057594808723602E-010
 0874  0.9057594808723602E-010
 0875  0.9057594808723602E-010
 0876  0.9057594808723602E-010
 0877  0.9057594808723602E-010
 0878  0.9057594808723602E-010
 0879  0.9057594808723602E-010
 0880  0.9057594808723602E-010
 0881  0.9057594808723602E-010
 0882  0.9057594808723602E-010
 0883  0.9057594808723602E-010
 0884  0.9057594808723602E-010
 0885  0.9057594808723602E-010
 0886  0.9057594808723602E-010
 0887  0.9057594808723602E-010
 0888  0.9057594808723602E-010
 0889  0.9057594808723602E-010
 0890  0.9057594808723602E-010
 0891  0.9057594808723602E-010
 0892  0.9057594808723602E-010
 0893  0.9057594808723602E-010
 0894  0.9057594808723602E-010
 0895  0.9057594808723602E-010
 0896  0.9057594808723602E-010
 0897  0.9057594808723602E-010
 0898  0.9057594808723602E-010
 0899  0.9057594808723602E-010
 0900  0.9057594808723602E-010
 0901  0.9057594808723602E-010
 0902  0.9057594808723602E-010
 0903  0.9057594808723602E-010
 0904  0.9057594808723602E-010
 0905  0.9057594808723602E-010
 0906  0.9057594808723602E-010
 0907  0.9057594808723602E-010
 0908  0.9057594808723602E-010
 0909  0.9057594808723602E-010
 0910  0.9057594808723602E-010
 0911  0.9057594808723602E-010
 0912  0.9057594808723602E-010
 0913  0.9057594808723602E-010
 0914  0.9057594808723602E-010
 0915  0.9057594808723602E-010
 0916  0.9057594808723602E-010
 0917  0.9057594808723602E-010
 0918  0.9057594808723602E-010
 0919  0.9057594808723602E-010
 0920  0.9057594808723602E-010
 0921  0.9057594808723602E-010
 0922  0.9057594808723602E-010
 0923  0.9057594808723602E-010
 0924  0.9057594808723602E-010
 0925  0.9057594808723602E-010
 0926  0.9057594808723602E-010
 0927  0.9057594808723602E-010
 0928  0.9057594808723602E-010
 0929  0.9057594808723602E-010
 0930  0.9057594808723602E-010
 0931  0.9057594808723602E-010
 0932  0.9057594808723602E-010
 0933  0.9057594808723602E-010
 0934  0.9057594808723602E-010
 0935  0.9057594808723602E-010
 0936  0.9057594808723602E-010
 0937  0.9057594808723602E-010
 0938  0.9057594808723602E-010
 0939  0.9057594808723602E-010
 0940  0.9057594808723602E-010
 0941  0.9057594808723602E-010
 0942  0.9057594808723602E-010
 0943  0.9057594808723602E-010
 0944  0.9057594808723602E-010
 0945  0.9057594808723602E-010
 0946  0.9057594808723602E-010
 0947  0.9057594808723602E-010
 0948  0.9057594808723602E-010
 0949  0.9057594808723602E-010
 0950  0.9057594808723602E-010
 0951  0.9057594808723602E-010
 0952  0.9057594808723602E-010
 0953  0.9057594808723602E-010
 0954  0.9057594808723602E-010
 0955  0.9057594808723602E-010
 0956  0.9057594808723602E-010
 0957  0.9057594808723602E-010
 0958  0.9057594808723602E-010
 0959  0.9057594808723602E-010
 0960  0.9057594808723602E-010
 0961  0.9057594808723602E-010
 0962  0.9057594808723602E-010
 0963  0.9057594808723602E-010
 0964  0.9057594808723602E-010
 0965  0.9057594808723602E-010
 0966  0.9057594808723602E-010
 0967  0.9057594808723602E-010
 0968  0.9057594808723602E-010
 0969  0.9057594808723602E-010
 0970  0.9057594808723602E-010
 0971  0.9057594808723602E-010
 0972  0.9057594808723602E-010
 0973  0.9057594808723602E-010
 0974  0.9057594808723602E-010
 0975  0.9057594808723602E-010
 0976  0.9057594808723602E-010
 0977  0.9057594808723602E-010
 0978  0.9057594808723602E-010
 0979  0.9057594808723602E-010
 0980  0.9057594808723602E-010
 0981  0.9057594808723602E-010
 0982  0.9057594808723602E-010
 0983  0.9057594808723602E-010
 0984  0.9057594808723602E-010
 0985  0.9057594808723602E-010
 0986  0.9057594808723602E-010
 0987  0.9057594808723602E-010
 0988  0.9057594808723602E-010
 0989  0.9057594808723602E-010
 0990  0.9057594808723602E-010
 0991  0.9057594808723602E-010
 0992  0.9057594808723602E-010
 0993  0.9057594808723602E-010
 0994  0.9057594808723602E-010
 0995  0.9057594808723602E-010
 0996  0.9057594808723602E-010
 0997  0.9057594808723602E-010
 0998  0.9057594808723602E-010
 0999  0.9057594808723602E-010
 1000  0.9057594808723602E-010
