 0001  0.3694605238300966E+000
 0002  0.3704781909295567E+000
 0003  0.3704781909295567E+000
 0004  0.3704781909295566E+000
 0005  0.3716198342243368E+000
 0006  0.3716198342243369E+000
 0007  0.3728688180601132E+000
 0008  0.3728688180601132E+000
 0009  0.3740887981307551E+000
 0010  0.3740887981307550E+000
 0011  0.3740887981307549E+000
 0012  0.3754424117565695E+000
 0013  0.3754424117565696E+000
 0014  0.3767645919157842E+000
 0015  0.3767645919157843E+000
 0016  0.3782073789893675E+000
 0017  0.3782073789893675E+000
 0018  0.3797712257891415E+000
 0019  0.3797712257891415E+000
 0020  0.3812987571106943E+000
 0021  0.3812987571106942E+000
 0022  0.3829600579950114E+000
 0023  0.3829600579950114E+000
 0024  0.3847442108008984E+000
 0025  0.3847442108008984E+000
 0026  0.3866528547871198E+000
 0027  0.3884645414911836E+000
 0028  0.3884645414911836E+000
 0029  0.3904130368833502E+000
 0030  0.3904130368833502E+000
 0031  0.3924982782757699E+000
 0032  0.3924982782757699E+000
 0033  0.3945350964221381E+000
 0034  0.3966421477912713E+000
 0035  0.3966421477912713E+000
 0036  0.3988633044439029E+000
 0037  0.3988633044439028E+000
 0038  0.4010328816412730E+000
 0039  0.4032027859842789E+000
 0040  0.4032027859842789E+000
 0041  0.4053913435123788E+000
 0042  0.4074397962076922E+000
 0043  0.4074397962076923E+000
 0044  0.4094406799600283E+000
 0045  0.4094406799600283E+000
 0046  0.4113902586261261E+000
 0047  0.4131273760714277E+000
 0048  0.4131273760714277E+000
 0049  0.4146507182905300E+000
 0050  0.4160666348556283E+000
 0051  0.4170992822140943E+000
 0052  0.4170992822140943E+000
 0053  0.4177111179176237E+000
 0054  0.4179182876019429E+000
 0055  0.4179182876019428E+000
 0056  0.4181206464146599E+000
 0057  0.4177732632078796E+000
 0058  0.4177732632078796E+000
 0059  0.4167531046829884E+000
 0060  0.4150543122977985E+000
 0061  0.4126576592424172E+000
 0062  0.4126576592424173E+000
 0063  0.4103166610004416E+000
 0064  0.4073098370499135E+000
 0065  0.4035974155660315E+000
 0066  0.4035974155660315E+000
 0067  0.3988461670404553E+000
 0068  0.3933544229738188E+000
 0069  0.3883817465027533E+000
 0070  0.3883817465027533E+000
 0071  0.3820611042449400E+000
 0072  0.3749046628849671E+000
 0073  0.3671779880959917E+000
 0074  0.3588939762862802E+000
 0075  0.3588939762862802E+000
 0076  0.3508023348868313E+000
 0077  0.3419568130478629E+000
 0078  0.3324689661793972E+000
 0079  0.3224575849283663E+000
 0080  0.3224575849283663E+000
 0081  0.3110135852019519E+000
 0082  0.2993716673832779E+000
 0083  0.2891481520117289E+000
 0084  0.2784533856728528E+000
 0085  0.2784533856728528E+000
 0086  0.2662140650941149E+000
 0087  0.2539722114902787E+000
 0088  0.2418435820858640E+000
 0089  0.2299060308289967E+000
 0090  0.2182115853338268E+000
 0091  0.2182115853338268E+000
 0092  0.2053115205174527E+000
 0093  0.1929770373209628E+000
 0094  0.1814156293514948E+000
 0095  0.1705764967064612E+000
 0096  0.1603436064186222E+000
 0097  0.1506330347735923E+000
 0098  0.1413828777382774E+000
 0099  0.1325464423354619E+000
 0100  0.1240875988852188E+000
 0101  0.1159606597514644E+000
 0102  0.1081967847941199E+000
 0103  0.1008159099897406E+000
 0104  0.9382892133337097E-001
 0105  0.8723946792727373E-001
 0106  0.8104547117983771E-001
 0107  0.7486437217615177E-001
 0108  0.6919846410743782E-001
 0109  0.6400252649043292E-001
 0110  0.5923572716737874E-001
 0111  0.5486143267572266E-001
 0112  0.5084664488083184E-001
 0113  0.4421329683913462E-001
 0114  0.4145452405833205E-001
 0115  0.3887640118012298E-001
 0116  0.3646563877769542E-001
 0117  0.3421559748451802E-001
 0118  0.3211915346856484E-001
 0119  0.3016888062735252E-001
 0120  0.2835719856053767E-001
 0121  0.2667649171109700E-001
 0122  0.2511920427928099E-001
 0123  0.2361889098062565E-001
 0124  0.2224681287940617E-001
 0125  0.2099171928630733E-001
 0126  0.1984340449868960E-001
 0127  0.1879260153553150E-001
 0128  0.1783088790799687E-001
 0129  0.1695060192581660E-001
 0130  0.1548979983144822E-001
 0131  0.1488144368381575E-001
 0132  0.1431618287271906E-001
 0133  0.1379133650746079E-001
 0134  0.1330434127786626E-001
 0135  0.1285275370434515E-001
 0136  0.1243425084923005E-001
 0137  0.1203501109204225E-001
 0138  0.1166804836415535E-001
 0139  0.1133070746974737E-001
 0140  0.1102055873588749E-001
 0141  0.1073523049016136E-001
 0142  0.1047274278936311E-001
 0143  0.1023127170953338E-001
 0144  0.1000913846060538E-001
 0145  0.9636281500903333E-002
 0146  0.9479389338068854E-002
 0147  0.9333373585422628E-002
 0148  0.9197528417379867E-002
 0149  0.9068179006845907E-002
 0150  0.8948527543555938E-002
 0151  0.8837800093051041E-002
 0152  0.8735330284823645E-002
 0153  0.8640501567236471E-002
 0154  0.8552743478539279E-002
 0155  0.8471528197323696E-002
 0156  0.8396367351452614E-002
 0157  0.8326809066075335E-002
 0158  0.8208485472512477E-002
 0159  0.8158063875325318E-002
 0160  0.8110007306611744E-002
 0161  0.8065275470645124E-002
 0162  0.8023637848360975E-002
 0163  0.7984879942433371E-002
 0164  0.7948802160736760E-002
 0165  0.7915218777835348E-002
 0166  0.7883956969046592E-002
 0167  0.7854855877856464E-002
 0168  0.7827765827322697E-002
 0169  0.7802542332333302E-002
 0170  0.7758752529783484E-002
 0171  0.7739751318107389E-002
 0172  0.7721969838867969E-002
 0173  0.7705329578111400E-002
 0174  0.7689757093945271E-002
 0175  0.7675183687339047E-002
 0176  0.7661545094420678E-002
 0177  0.7648779216171867E-002
 0178  0.7636830385631056E-002
 0179  0.7625482687405067E-002
 0180  0.7614887093804097E-002
 0181  0.7596495996561980E-002
 0182  0.7588505213390410E-002
 0183  0.7580989220020273E-002
 0184  0.7573919893052151E-002
 0185  0.7567270764457250E-002
 0186  0.7561016925173618E-002
 0187  0.7555134934223354E-002
 0188  0.7549530980396140E-002
 0189  0.7544270713220407E-002
 0190  0.7535043316541798E-002
 0191  0.7530992576799187E-002
 0192  0.7527166750626265E-002
 0193  0.7523553375490240E-002
 0194  0.7520140675281923E-002
 0195  0.7516880041730449E-002
 0196  0.7513805344585758E-002
 0197  0.7510905820583114E-002
 0198  0.7508171338181180E-002
 0199  0.7505592360632260E-002
 0200  0.7501026858379843E-002
 0201  0.7499004442140796E-002
 0202  0.7497066735857777E-002
 0203  0.7495232158268045E-002
 0204  0.7493495144680182E-002
 0205  0.7491850434813023E-002
 0206  0.7490293055915863E-002
 0207  0.7488818216171954E-002
 0208  0.7486174313092862E-002
 0209  0.7484989320206415E-002
 0210  0.7483863372289719E-002
 0211  0.7482793435202429E-002
 0212  0.7481776693410869E-002
 0213  0.7480810474191764E-002
 0214  0.7479892240428406E-002
 0215  0.7479011879838004E-002
 0216  0.7477431990715795E-002
 0217  0.7476722745871935E-002
 0218  0.7476046648505252E-002
 0219  0.7475402134406605E-002
 0220  0.7474787713854983E-002
 0221  0.7474197140027847E-002
 0222  0.7473634609621605E-002
 0223  0.7472618565444073E-002
 0224  0.7472159512872546E-002
 0225  0.7471720669695203E-002
 0226  0.7471297952963195E-002
 0227  0.7470894158346873E-002
 0228  0.7470508411670471E-002
 0229  0.7470139892809486E-002
 0230  0.7469470400168913E-002
 0231  0.7469164028256816E-002
 0232  0.7468870607720100E-002
 0233  0.7468589582500071E-002
 0234  0.7468320420752557E-002
 0235  0.7468062607085644E-002
 0236  0.7467815656053853E-002
 0237  0.7467361814621504E-002
 0238  0.7467154728886477E-002
 0239  0.7466955920413550E-002
 0240  0.7466765053806368E-002
 0241  0.7466580660927265E-002
 0242  0.7466403723820341E-002
 0243  0.7466079369028329E-002
 0244  0.7465930665287714E-002
 0245  0.7465786756159215E-002
 0246  0.7465648371749424E-002
 0247  0.7465515293578978E-002
 0248  0.7465387314421907E-002
 0249  0.7465151061740300E-002
 0250  0.7465042019377143E-002
 0251  0.7464936954741969E-002
 0252  0.7464835718660584E-002
 0253  0.7464737655741088E-002
 0254  0.7464643202172704E-002
 0255  0.7464468722595657E-002
 0256  0.7464388123472534E-002
 0257  0.7464309929159178E-002
 0258  0.7464234475569255E-002
 0259  0.7464161664628157E-002
 0260  0.7464026366379064E-002
 0261  0.7463963507712434E-002
 0262  0.7463902750776231E-002
 0263  0.7463844023919142E-002
 0264  0.7463786998822509E-002
 0265  0.7463680975951715E-002
 0266  0.7463631684325558E-002
 0267  0.7463583758642030E-002
 0268  0.7463537376121934E-002
 0269  0.7463492485977449E-002
 0270  0.7463408596225138E-002
 0271  0.7463369400405983E-002
 0272  0.7463331412069118E-002
 0273  0.7463294446353509E-002
 0274  0.7463225335726236E-002
 0275  0.7463193027616554E-002
 0276  0.7463161552838969E-002
 0277  0.7463131013887484E-002
 0278  0.7463101382118550E-002
 0279  0.7463045635813917E-002
 0280  0.7463019514438078E-002
 0281  0.7462994137824901E-002
 0282  0.7462969396818489E-002
 0283  0.7462922917003136E-002
 0284  0.7462901009282235E-002
 0285  0.7462879705718730E-002
 0286  0.7462858989172871E-002
 0287  0.7462819855156068E-002
 0288  0.7462801435312928E-002
 0289  0.7462783446971643E-002
 0290  0.7462765938237018E-002
 0291  0.7462732857509616E-002
 0292  0.7462717231097034E-002
 0293  0.7462702005826721E-002
 0294  0.7462687127295252E-002
 0295  0.7462658968140496E-002
 0296  0.7462645643908150E-002
 0297  0.7462632651029756E-002
 0298  0.7462607981702596E-002
 0299  0.7462596304565696E-002
 0300  0.7462584877052941E-002
 0301  0.7462573724993840E-002
 0302  0.7462552520301941E-002
 0303  0.7462542466868343E-002
 0304  0.7462532622691031E-002
 0305  0.7462513901679649E-002
 0306  0.7462505000689341E-002
 0307  0.7462496280322943E-002
 0308  0.7462487757775175E-002
 0309  0.7462471527531458E-002
 0310  0.7462463800030090E-002
 0311  0.7462456225161359E-002
 0312  0.7462441780831392E-002
 0313  0.7462434894676466E-002
 0314  0.7462428141123454E-002
 0315  0.7462415247260445E-002
 0316  0.7462409093988921E-002
 0317  0.7462403061120418E-002
 0318  0.7462391545126146E-002
 0319  0.7462386051585048E-002
 0320  0.7462380671111687E-002
 0321  0.7462370403264035E-002
 0322  0.7462365506595649E-002
 0323  0.7462360714958718E-002
 0324  0.7462351572391246E-002
 0325  0.7462347215741265E-002
 0326  0.7462338901922220E-002
 0327  0.7462334936993329E-002
 0328  0.7462331061529394E-002
 0329  0.7462323671054294E-002
 0330  0.7462320149667064E-002
 0331  0.7462316703717760E-002
 0332  0.7462310140046642E-002
 0333  0.7462307009911605E-002
 0334  0.7462301048528215E-002
 0335  0.7462298204731400E-002
 0336  0.7462295428556830E-002
 0337  0.7462290135722137E-002
 0338  0.7462287614254130E-002
 0339  0.7462282813581336E-002
 0340  0.7462280522438142E-002
 0341  0.7462276160146488E-002
 0342  0.7462274084774831E-002
 0343  0.7462272052648136E-002
 0344  0.7462268184246551E-002
 0345  0.7462266344220233E-002
 0346  0.7462262841044590E-002
 0347  0.7462261167677837E-002
 0348  0.7462257981637428E-002
 0349  0.7462256465852208E-002
 0350  0.7462253579419975E-002
 0351  0.7462252205963283E-002
 0352  0.7462249590175178E-002
 0353  0.7462248345282768E-002
 0354  0.7462245973165783E-002
 0355  0.7462244843281661E-002
 0356  0.7462242688321394E-002
 0357  0.7462241660929203E-002
 0358  0.7462239699732458E-002
 0359  0.7462238763904436E-002
 0360  0.7462236979820755E-002
 0361  0.7462236129582620E-002
 0362  0.7462234503591978E-002
 0363  0.7462233726302770E-002
 0364  0.7462232244883047E-002
 0365  0.7462230859752042E-002
 0366  0.7462230197859038E-002
 0367  0.7462228931446880E-002
 0368  0.7462228325742839E-002
 0369  0.7462227168128658E-002
 0370  0.7462226083886982E-002
 0371  0.7462225565392449E-002
 0372  0.7462224570791629E-002
 0373  0.7462224095622264E-002
 0374  0.7462223183317115E-002
 0375  0.7462222328739714E-002
 0376  0.7462221919681869E-002
 0377  0.7462221135677911E-002
 0378  0.7462220399240980E-002
 0379  0.7462220046059333E-002
 0380  0.7462219367918271E-002
 0381  0.7462218730290605E-002
 0382  0.7462218424419376E-002
 0383  0.7462217836915075E-002
 0384  0.7462217284633897E-002
 0385  0.7462216764718992E-002
 0386  0.7462216515254303E-002
 0387  0.7462216035929848E-002
 0388  0.7462215583882274E-002
 0389  0.7462215157492821E-002
 0390  0.7462214952944497E-002
 0391  0.7462214559046972E-002
 0392  0.7462214187818605E-002
 0393  0.7462213837677946E-002
 0394  0.7462213506820911E-002
 0395  0.7462213194713786E-002
 0396  0.7462213044596181E-002
 0397  0.7462212755551146E-002
 0398  0.7462212482599891E-002
 0399  0.7462212224646734E-002
 0400  0.7462211980843222E-002
 0401  0.7462211750398455E-002
 0402  0.7462211532507241E-002
 0403  0.7462211326427398E-002
 0404  0.7462211131498931E-002
 0405  0.7462210946578074E-002
 0406  0.7462210767888595E-002
 0407  0.7462210594590348E-002
 0408  0.7462210426462181E-002
 0409  0.7462210263294355E-002
 0410  0.7462210104887856E-002
 0411  0.7462209951053720E-002
 0412  0.7462209801612433E-002
 0413  0.7462209656393366E-002
 0414  0.7462209515234235E-002
 0415  0.7462209377980629E-002
 0416  0.7462209179796726E-002
 0417  0.7462209052568470E-002
 0418  0.7462208928720256E-002
 0419  0.7462208808129899E-002
 0420  0.7462208690680806E-002
 0421  0.7462208520728037E-002
 0422  0.7462208411393200E-002
 0423  0.7462208304799732E-002
 0424  0.7462208150355290E-002
 0425  0.7462208050870921E-002
 0426  0.7462207953791054E-002
 0427  0.7462207812962022E-002
 0428  0.7462207722141007E-002
 0429  0.7462207590280260E-002
 0430  0.7462207505172496E-002
 0431  0.7462207381507974E-002
 0432  0.7462207301627753E-002
 0433  0.7462207185471175E-002
 0434  0.7462207110384846E-002
 0435  0.7462207001120811E-002
 0436  0.7462206895979952E-002
 0437  0.7462206827935777E-002
 0438  0.7462206728808554E-002
 0439  0.7462206633291849E-002
 0440  0.7462206541206789E-002
 0441  0.7462206452385835E-002
 0442  0.7462206366671941E-002
 0443  0.7462206283917729E-002
 0444  0.7462206203984790E-002
 0445  0.7462206126742990E-002
 0446  0.7462206052069926E-002
 0447  0.7462205979850292E-002
 0448  0.7462205909975437E-002
 0449  0.7462205842342879E-002
 0450  0.7462205755643631E-002
 0451  0.7462205693101496E-002
 0452  0.7462205632488879E-002
 0453  0.7462205554673438E-002
 0454  0.7462205480225354E-002
 0455  0.7462205426412461E-002
 0456  0.7462205357221164E-002
 0457  0.7462205290910042E-002
 0458  0.7462205227321101E-002
 0459  0.7462205166307442E-002
 0460  0.7462205107732314E-002
 0461  0.7462205051468252E-002
 0462  0.7462204997396304E-002
 0463  0.7462204945405328E-002
 0464  0.7462204883260507E-002
 0465  0.7462204824156139E-002
 0466  0.7462204778889921E-002
 0467  0.7462204724684241E-002
 0468  0.7462204673028827E-002
 0469  0.7462204614249575E-002
 0470  0.7462204567771587E-002
 0471  0.7462204514803491E-002
 0472  0.7462204472859695E-002
 0473  0.7462204424993277E-002
 0474  0.7462204372412242E-002
 0475  0.7462204329944900E-002
 0476  0.7462204283214671E-002
 0477  0.7462204239332094E-002
 0478  0.7462204198087534E-002
 0479  0.7462204153964471E-002
 0480  0.7462204107910687E-002
 0481  0.7462204069894242E-002
 0482  0.7462204025917866E-002
 0483  0.7462203985564782E-002
 0484  0.7462203948490342E-002
 0485  0.7462203907934149E-002
 0486  0.7462203868372591E-002
 0487  0.7462203830290724E-002
 0488  0.7462203794080050E-002
 0489  0.7462203756104992E-002
 0490  0.7462203721606429E-002
 0491  0.7462203684937192E-002
 0492  0.7462203650170810E-002
 0493  0.7462203615447096E-002
 0494  0.7462203597169503E-002
 0495  0.7462203597169503E-002
 0496  0.7462203597169503E-002
 0497  0.7462203597169503E-002
 0498  0.7462203597169503E-002
 0499  0.7462203597169503E-002
 0500  0.7462203597169503E-002
 0501  0.7462203597169503E-002
 0502  0.7462203597169503E-002
 0503  0.7462203597169503E-002
 0504  0.7462203597169503E-002
 0505  0.7462203597169503E-002
 0506  0.7462203597169503E-002
 0507  0.7462203597169503E-002
 0508  0.7462203597169503E-002
 0509  0.7462203597169503E-002
 0510  0.7462203597169503E-002
 0511  0.7462203597169503E-002
 0512  0.7462203597169503E-002
 0513  0.7462203597169503E-002
 0514  0.7462203597169503E-002
 0515  0.7462203597169503E-002
 0516  0.7462203597169503E-002
 0517  0.7462203597169503E-002
 0518  0.7462203597169503E-002
 0519  0.7462203597169503E-002
 0520  0.7462203597169503E-002
 0521  0.7462203597169503E-002
 0522  0.7462203597169503E-002
 0523  0.7462203597169503E-002
 0524  0.7462203597169503E-002
 0525  0.7462203597169503E-002
 0526  0.7462203597169503E-002
 0527  0.7462203597169503E-002
 0528  0.7462203597169503E-002
 0529  0.7462203597169503E-002
 0530  0.7462203597169503E-002
 0531  0.7462203597169503E-002
 0532  0.7462203597169503E-002
 0533  0.7462203597169503E-002
 0534  0.7462203597169503E-002
 0535  0.7462203597169503E-002
 0536  0.7462203597169503E-002
 0537  0.7462203597169503E-002
 0538  0.7462203597169503E-002
 0539  0.7462203597169503E-002
 0540  0.7462203597169503E-002
 0541  0.7462203597169503E-002
 0542  0.7462203597169503E-002
 0543  0.7462203597169503E-002
 0544  0.7462203597169503E-002
 0545  0.7462203597169503E-002
 0546  0.7462203597169503E-002
 0547  0.7462203597169503E-002
 0548  0.7462203597169503E-002
 0549  0.7462203597169503E-002
 0550  0.7462203597169503E-002
 0551  0.7462203597169503E-002
 0552  0.7462203597169503E-002
 0553  0.7462203597169503E-002
 0554  0.7462203597169503E-002
 0555  0.7462203597169503E-002
 0556  0.7462203597169503E-002
 0557  0.7462203597169503E-002
 0558  0.7462203597169503E-002
 0559  0.7462203597169503E-002
 0560  0.7462203597169503E-002
 0561  0.7462203597169503E-002
 0562  0.7462203597169503E-002
 0563  0.7462203597169503E-002
 0564  0.7462203597169503E-002
 0565  0.7462203597169503E-002
 0566  0.7462203597169503E-002
 0567  0.7462203597169503E-002
 0568  0.7462203597169503E-002
 0569  0.7462203597169503E-002
 0570  0.7462203597169503E-002
 0571  0.7462203597169503E-002
 0572  0.7462203597169503E-002
 0573  0.7462203597169503E-002
 0574  0.7462203597169503E-002
 0575  0.7462203597169503E-002
 0576  0.7462203597169503E-002
 0577  0.7462203597169503E-002
 0578  0.7462203597169503E-002
 0579  0.7462203597169503E-002
 0580  0.7462203597169503E-002
 0581  0.7462203597169503E-002
 0582  0.7462203597169503E-002
 0583  0.7462203597169503E-002
 0584  0.7462203597169503E-002
 0585  0.7462203597169503E-002
 0586  0.7462203597169503E-002
 0587  0.7462203597169503E-002
 0588  0.7462203597169503E-002
 0589  0.7462203597169503E-002
 0590  0.7462203597169503E-002
 0591  0.7462203597169503E-002
 0592  0.7462203597169503E-002
 0593  0.7462203597169503E-002
 0594  0.7462203597169503E-002
 0595  0.7462203597169503E-002
 0596  0.7462203597169503E-002
 0597  0.7462203597169503E-002
 0598  0.7462203597169503E-002
 0599  0.7462203597169503E-002
 0600  0.7462203597169503E-002
 0601  0.7462203597169503E-002
 0602  0.7462203597169503E-002
 0603  0.7462203597169503E-002
 0604  0.7462203597169503E-002
 0605  0.7462203597169503E-002
 0606  0.7462203597169503E-002
 0607  0.7462203597169503E-002
 0608  0.7462203597169503E-002
 0609  0.7462203597169503E-002
 0610  0.7462203597169503E-002
 0611  0.7462203597169503E-002
 0612  0.7462203597169503E-002
 0613  0.7462203597169503E-002
 0614  0.7462203597169503E-002
 0615  0.7462203597169503E-002
 0616  0.7462203597169503E-002
 0617  0.7462203597169503E-002
 0618  0.7462203597169503E-002
 0619  0.7462203597169503E-002
 0620  0.7462203597169503E-002
 0621  0.7462203597169503E-002
 0622  0.7462203597169503E-002
 0623  0.7462203597169503E-002
 0624  0.7462203597169503E-002
 0625  0.7462203597169503E-002
 0626  0.7462203597169503E-002
 0627  0.7462203597169503E-002
 0628  0.7462203597169503E-002
 0629  0.7462203597169503E-002
 0630  0.7462203597169503E-002
 0631  0.7462203597169503E-002
 0632  0.7462203597169503E-002
 0633  0.7462203597169503E-002
 0634  0.7462203597169503E-002
 0635  0.7462203597169503E-002
 0636  0.7462203597169503E-002
 0637  0.7462203597169503E-002
 0638  0.7462203597169503E-002
 0639  0.7462203597169503E-002
 0640  0.7462203597169503E-002
 0641  0.7462203597169503E-002
 0642  0.7462203597169503E-002
 0643  0.7462203597169503E-002
 0644  0.7462203597169503E-002
 0645  0.7462203597169503E-002
 0646  0.7462203597169503E-002
 0647  0.7462203597169503E-002
 0648  0.7462203597169503E-002
 0649  0.7462203597169503E-002
 0650  0.7462203597169503E-002
 0651  0.7462203597169503E-002
 0652  0.7462203597169503E-002
 0653  0.7462203597169503E-002
 0654  0.7462203597169503E-002
 0655  0.7462203597169503E-002
 0656  0.7462203597169503E-002
 0657  0.7462203597169503E-002
 0658  0.7462203597169503E-002
 0659  0.7462203597169503E-002
 0660  0.7462203597169503E-002
 0661  0.7462203597169503E-002
 0662  0.7462203597169503E-002
 0663  0.7462203597169503E-002
 0664  0.7462203597169503E-002
 0665  0.7462203597169503E-002
 0666  0.7462203597169503E-002
 0667  0.7462203597169503E-002
 0668  0.7462203597169503E-002
 0669  0.7462203597169503E-002
 0670  0.7462203597169503E-002
 0671  0.7462203597169503E-002
 0672  0.7462203597169503E-002
 0673  0.7462203597169503E-002
 0674  0.7462203597169503E-002
 0675  0.7462203597169503E-002
 0676  0.7462203597169503E-002
 0677  0.7462203597169503E-002
 0678  0.7462203597169503E-002
 0679  0.7462203597169503E-002
 0680  0.7462203597169503E-002
 0681  0.7462203597169503E-002
 0682  0.7462203597169503E-002
 0683  0.7462203597169503E-002
 0684  0.7462203597169503E-002
 0685  0.7462203597169503E-002
 0686  0.7462203597169503E-002
 0687  0.7462203597169503E-002
 0688  0.7462203597169503E-002
 0689  0.7462203597169503E-002
 0690  0.7462203597169503E-002
 0691  0.7462203597169503E-002
 0692  0.7462203597169503E-002
 0693  0.7462203597169503E-002
 0694  0.7462203597169503E-002
 0695  0.7462203597169503E-002
 0696  0.7462203597169503E-002
 0697  0.7462203597169503E-002
 0698  0.7462203597169503E-002
 0699  0.7462203597169503E-002
 0700  0.7462203597169503E-002
 0701  0.7462203597169503E-002
 0702  0.7462203597169503E-002
 0703  0.7462203597169503E-002
 0704  0.7462203597169503E-002
 0705  0.7462203597169503E-002
 0706  0.7462203597169503E-002
 0707  0.7462203597169503E-002
 0708  0.7462203597169503E-002
 0709  0.7462203597169503E-002
 0710  0.7462203597169503E-002
 0711  0.7462203597169503E-002
 0712  0.7462203597169503E-002
 0713  0.7462203597169503E-002
 0714  0.7462203597169503E-002
 0715  0.7462203597169503E-002
 0716  0.7462203597169503E-002
 0717  0.7462203597169503E-002
 0718  0.7462203597169503E-002
 0719  0.7462203597169503E-002
 0720  0.7462203597169503E-002
 0721  0.7462203597169503E-002
 0722  0.7462203597169503E-002
 0723  0.7462203597169503E-002
 0724  0.7462203597169503E-002
 0725  0.7462203597169503E-002
 0726  0.7462203597169503E-002
 0727  0.7462203597169503E-002
 0728  0.7462203597169503E-002
 0729  0.7462203597169503E-002
 0730  0.7462203597169503E-002
 0731  0.7462203597169503E-002
 0732  0.7462203597169503E-002
 0733  0.7462203597169503E-002
 0734  0.7462203597169503E-002
 0735  0.7462203597169503E-002
 0736  0.7462203597169503E-002
 0737  0.7462203597169503E-002
 0738  0.7462203597169503E-002
 0739  0.7462203597169503E-002
 0740  0.7462203597169503E-002
 0741  0.7462203597169503E-002
 0742  0.7462203597169503E-002
 0743  0.7462203597169503E-002
 0744  0.7462203597169503E-002
 0745  0.7462203597169503E-002
 0746  0.7462203597169503E-002
 0747  0.7462203597169503E-002
 0748  0.7462203597169503E-002
 0749  0.7462203597169503E-002
 0750  0.7462203597169503E-002
 0751  0.7462203597169503E-002
 0752  0.7462203597169503E-002
 0753  0.7462203597169503E-002
 0754  0.7462203597169503E-002
 0755  0.7462203597169503E-002
 0756  0.7462203597169503E-002
 0757  0.7462203597169503E-002
 0758  0.7462203597169503E-002
 0759  0.7462203597169503E-002
 0760  0.7462203597169503E-002
 0761  0.7462203597169503E-002
 0762  0.7462203597169503E-002
 0763  0.7462203597169503E-002
 0764  0.7462203597169503E-002
 0765  0.7462203597169503E-002
 0766  0.7462203597169503E-002
 0767  0.7462203597169503E-002
 0768  0.7462203597169503E-002
 0769  0.7462203597169503E-002
 0770  0.7462203597169503E-002
 0771  0.7462203597169503E-002
 0772  0.7462203597169503E-002
 0773  0.7462203597169503E-002
 0774  0.7462203597169503E-002
 0775  0.7462203597169503E-002
 0776  0.7462203597169503E-002
 0777  0.7462203597169503E-002
 0778  0.7462203597169503E-002
 0779  0.7462203597169503E-002
 0780  0.7462203597169503E-002
 0781  0.7462203597169503E-002
 0782  0.7462203597169503E-002
 0783  0.7462203597169503E-002
 0784  0.7462203597169503E-002
 0785  0.7462203597169503E-002
 0786  0.7462203597169503E-002
 0787  0.7462203597169503E-002
 0788  0.7462203597169503E-002
 0789  0.7462203597169503E-002
 0790  0.7462203597169503E-002
 0791  0.7462203597169503E-002
 0792  0.7462203597169503E-002
 0793  0.7462203597169503E-002
 0794  0.7462203597169503E-002
 0795  0.7462203597169503E-002
 0796  0.7462203597169503E-002
 0797  0.7462203597169503E-002
 0798  0.7462203597169503E-002
 0799  0.7462203597169503E-002
 0800  0.7462203597169503E-002
 0801  0.7462203597169503E-002
 0802  0.7462203597169503E-002
 0803  0.7462203597169503E-002
 0804  0.7462203597169503E-002
 0805  0.7462203597169503E-002
 0806  0.7462203597169503E-002
 0807  0.7462203597169503E-002
 0808  0.7462203597169503E-002
 0809  0.7462203597169503E-002
 0810  0.7462203597169503E-002
 0811  0.7462203597169503E-002
 0812  0.7462203597169503E-002
 0813  0.7462203597169503E-002
 0814  0.7462203597169503E-002
 0815  0.7462203597169503E-002
 0816  0.7462203597169503E-002
 0817  0.7462203597169503E-002
 0818  0.7462203597169503E-002
 0819  0.7462203597169503E-002
 0820  0.7462203597169503E-002
 0821  0.7462203597169503E-002
 0822  0.7462203597169503E-002
 0823  0.7462203597169503E-002
 0824  0.7462203597169503E-002
 0825  0.7462203597169503E-002
 0826  0.7462203597169503E-002
 0827  0.7462203597169503E-002
 0828  0.7462203597169503E-002
 0829  0.7462203597169503E-002
 0830  0.7462203597169503E-002
 0831  0.7462203597169503E-002
 0832  0.7462203597169503E-002
 0833  0.7462203597169503E-002
 0834  0.7462203597169503E-002
 0835  0.7462203597169503E-002
 0836  0.7462203597169503E-002
 0837  0.7462203597169503E-002
 0838  0.7462203597169503E-002
 0839  0.7462203597169503E-002
 0840  0.7462203597169503E-002
 0841  0.7462203597169503E-002
 0842  0.7462203597169503E-002
 0843  0.7462203597169503E-002
 0844  0.7462203597169503E-002
 0845  0.7462203597169503E-002
 0846  0.7462203597169503E-002
 0847  0.7462203597169503E-002
 0848  0.7462203597169503E-002
 0849  0.7462203597169503E-002
 0850  0.7462203597169503E-002
 0851  0.7462203597169503E-002
 0852  0.7462203597169503E-002
 0853  0.7462203597169503E-002
 0854  0.7462203597169503E-002
 0855  0.7462203597169503E-002
 0856  0.7462203597169503E-002
 0857  0.7462203597169503E-002
 0858  0.7462203597169503E-002
 0859  0.7462203597169503E-002
 0860  0.7462203597169503E-002
 0861  0.7462203597169503E-002
 0862  0.7462203597169503E-002
 0863  0.7462203597169503E-002
 0864  0.7462203597169503E-002
 0865  0.7462203597169503E-002
 0866  0.7462203597169503E-002
 0867  0.7462203597169503E-002
 0868  0.7462203597169503E-002
 0869  0.7462203597169503E-002
 0870  0.7462203597169503E-002
 0871  0.7462203597169503E-002
 0872  0.7462203597169503E-002
 0873  0.7462203597169503E-002
 0874  0.7462203597169503E-002
 0875  0.7462203597169503E-002
 0876  0.7462203597169503E-002
 0877  0.7462203597169503E-002
 0878  0.7462203597169503E-002
 0879  0.7462203597169503E-002
 0880  0.7462203597169503E-002
 0881  0.7462203597169503E-002
 0882  0.7462203597169503E-002
 0883  0.7462203597169503E-002
 0884  0.7462203597169503E-002
 0885  0.7462203597169503E-002
 0886  0.7462203597169503E-002
 0887  0.7462203597169503E-002
 0888  0.7462203597169503E-002
 0889  0.7462203597169503E-002
 0890  0.7462203597169503E-002
 0891  0.7462203597169503E-002
 0892  0.7462203597169503E-002
 0893  0.7462203597169503E-002
 0894  0.7462203597169503E-002
 0895  0.7462203597169503E-002
 0896  0.7462203597169503E-002
 0897  0.7462203597169503E-002
 0898  0.7462203597169503E-002
 0899  0.7462203597169503E-002
 0900  0.7462203597169503E-002
 0901  0.7462203597169503E-002
 0902  0.7462203597169503E-002
 0903  0.7462203597169503E-002
 0904  0.7462203597169503E-002
 0905  0.7462203597169503E-002
 0906  0.7462203597169503E-002
 0907  0.7462203597169503E-002
 0908  0.7462203597169503E-002
 0909  0.7462203597169503E-002
 0910  0.7462203597169503E-002
 0911  0.7462203597169503E-002
 0912  0.7462203597169503E-002
 0913  0.7462203597169503E-002
 0914  0.7462203597169503E-002
 0915  0.7462203597169503E-002
 0916  0.7462203597169503E-002
 0917  0.7462203597169503E-002
 0918  0.7462203597169503E-002
 0919  0.7462203597169503E-002
 0920  0.7462203597169503E-002
 0921  0.7462203597169503E-002
 0922  0.7462203597169503E-002
 0923  0.7462203597169503E-002
 0924  0.7462203597169503E-002
 0925  0.7462203597169503E-002
 0926  0.7462203597169503E-002
 0927  0.7462203597169503E-002
 0928  0.7462203597169503E-002
 0929  0.7462203597169503E-002
 0930  0.7462203597169503E-002
 0931  0.7462203597169503E-002
 0932  0.7462203597169503E-002
 0933  0.7462203597169503E-002
 0934  0.7462203597169503E-002
 0935  0.7462203597169503E-002
 0936  0.7462203597169503E-002
 0937  0.7462203597169503E-002
 0938  0.7462203597169503E-002
 0939  0.7462203597169503E-002
 0940  0.7462203597169503E-002
 0941  0.7462203597169503E-002
 0942  0.7462203597169503E-002
 0943  0.7462203597169503E-002
 0944  0.7462203597169503E-002
 0945  0.7462203597169503E-002
 0946  0.7462203597169503E-002
 0947  0.7462203597169503E-002
 0948  0.7462203597169503E-002
 0949  0.7462203597169503E-002
 0950  0.7462203597169503E-002
 0951  0.7462203597169503E-002
 0952  0.7462203597169503E-002
 0953  0.7462203597169503E-002
 0954  0.7462203597169503E-002
 0955  0.7462203597169503E-002
 0956  0.7462203597169503E-002
 0957  0.7462203597169503E-002
 0958  0.7462203597169503E-002
 0959  0.7462203597169503E-002
 0960  0.7462203597169503E-002
 0961  0.7462203597169503E-002
 0962  0.7462203597169503E-002
 0963  0.7462203597169503E-002
 0964  0.7462203597169503E-002
 0965  0.7462203597169503E-002
 0966  0.7462203597169503E-002
 0967  0.7462203597169503E-002
 0968  0.7462203597169503E-002
 0969  0.7462203597169503E-002
 0970  0.7462203597169503E-002
 0971  0.7462203597169503E-002
 0972  0.7462203597169503E-002
 0973  0.7462203597169503E-002
 0974  0.7462203597169503E-002
 0975  0.7462203597169503E-002
 0976  0.7462203597169503E-002
 0977  0.7462203597169503E-002
 0978  0.7462203597169503E-002
 0979  0.7462203597169503E-002
 0980  0.7462203597169503E-002
 0981  0.7462203597169503E-002
 0982  0.7462203597169503E-002
 0983  0.7462203597169503E-002
 0984  0.7462203597169503E-002
 0985  0.7462203597169503E-002
 0986  0.7462203597169503E-002
 0987  0.7462203597169503E-002
 0988  0.7462203597169503E-002
 0989  0.7462203597169503E-002
 0990  0.7462203597169503E-002
 0991  0.7462203597169503E-002
 0992  0.7462203597169503E-002
 0993  0.7462203597169503E-002
 0994  0.7462203597169503E-002
 0995  0.7462203597169503E-002
 0996  0.7462203597169503E-002
 0997  0.7462203597169503E-002
 0998  0.7462203597169503E-002
 0999  0.7462203597169503E-002
 1000  0.7462203597169503E-002
