 0001  0.2372103597838036E+000
 0002  0.2371428866639631E+000
 0003  0.2371428866639631E+000
 0004  0.2371428866639631E+000
 0005  0.2370648173567483E+000
 0006  0.2370648173567483E+000
 0007  0.2369766719048124E+000
 0008  0.2369766719048124E+000
 0009  0.2368905733568575E+000
 0010  0.2368905733568575E+000
 0011  0.2368905733568575E+000
 0012  0.2367925192327911E+000
 0013  0.2367925192327911E+000
 0014  0.2366967421107991E+000
 0015  0.2366967421107991E+000
 0016  0.2365891088380408E+000
 0017  0.2365891088380408E+000
 0018  0.2364689064952609E+000
 0019  0.2364689064952609E+000
 0020  0.2363514954780521E+000
 0021  0.2363514954780521E+000
 0022  0.2362195285408908E+000
 0023  0.2362195285408908E+000
 0024  0.2360741413606309E+000
 0025  0.2360741413606309E+000
 0026  0.2359142705485383E+000
 0027  0.2357625210202204E+000
 0028  0.2357625210202204E+000
 0029  0.2355940289983190E+000
 0030  0.2355940289983190E+000
 0031  0.2354079499485453E+000
 0032  0.2354079499485453E+000
 0033  0.2352261920059801E+000
 0034  0.2350328630987774E+000
 0035  0.2350328630987774E+000
 0036  0.2348115300601608E+000
 0037  0.2348115300601608E+000
 0038  0.2345953367930005E+000
 0039  0.2343383486768338E+000
 0040  0.2343383486768338E+000
 0041  0.2340084505278932E+000
 0042  0.2335944025053850E+000
 0043  0.2335944025053850E+000
 0044  0.2331899694604732E+000
 0045  0.2331899694604732E+000
 0046  0.2326838669329035E+000
 0047  0.2320741189284542E+000
 0048  0.2320741189284542E+000
 0049  0.2313036073309626E+000
 0050  0.2305874319891332E+000
 0051  0.2297007772223637E+000
 0052  0.2297007772223637E+000
 0053  0.2285696173424057E+000
 0054  0.2272822469612264E+000
 0055  0.2272822469612264E+000
 0056  0.2260247717533129E+000
 0057  0.2245486805008550E+000
 0058  0.2245486805008550E+000
 0059  0.2227326093208857E+000
 0060  0.2206670661575299E+000
 0061  0.2183496970850787E+000
 0062  0.2183496970850787E+000
 0063  0.2160861417021099E+000
 0064  0.2135823203584454E+000
 0065  0.2108275782828886E+000
 0066  0.2108275782828886E+000
 0067  0.2076051799792694E+000
 0068  0.2041373539397479E+000
 0069  0.2009972992060907E+000
 0070  0.2009972992060907E+000
 0071  0.1972651871237086E+000
 0072  0.1932505251818026E+000
 0073  0.1890629085304144E+000
 0074  0.1847085861557581E+000
 0075  0.1847085861557581E+000
 0076  0.1804553793759210E+000
 0077  0.1759535391233255E+000
 0078  0.1712494611827004E+000
 0079  0.1663913510826889E+000
 0080  0.1663913510826889E+000
 0081  0.1609364012807336E+000
 0082  0.1554702541257762E+000
 0083  0.1506700794181161E+000
 0084  0.1457264527554699E+000
 0085  0.1457264527554699E+000
 0086  0.1401331757794543E+000
 0087  0.1345811967511577E+000
 0088  0.1291039082673725E+000
 0089  0.1237202497829123E+000
 0090  0.1184404288982620E+000
 0091  0.1184404288982620E+000
 0092  0.1125978355424010E+000
 0093  0.1069836570233315E+000
 0094  0.1016873453347911E+000
 0095  0.9668176550397617E-001
 0096  0.9191201269433516E-001
 0097  0.8733923972794470E-001
 0098  0.8293568526008734E-001
 0099  0.7868127361564334E-001
 0100  0.7456126020260759E-001
 0101  0.7054842852295193E-001
 0102  0.6666542319665776E-001
 0103  0.6292877348547163E-001
 0104  0.5935001108743167E-001
 0105  0.5593659712889007E-001
 0106  0.5269269152417826E-001
 0107  0.4939442823581652E-001
 0108  0.4634585366834911E-001
 0109  0.4352616787497481E-001
 0110  0.4091658283142389E-001
 0111  0.3850041067650569E-001
 0112  0.3626272769231574E-001
 0113  0.3251683409250977E-001
 0114  0.3093718539963577E-001
 0115  0.2944817904674312E-001
 0116  0.2804313054005475E-001
 0117  0.2672041229778124E-001
 0118  0.2547783511559770E-001
 0119  0.2431278507776293E-001
 0120  0.2322233729482895E-001
 0121  0.2220334996279284E-001
 0122  0.2125254173573671E-001
 0123  0.2032544233139688E-001
 0124  0.1947311320300332E-001
 0125  0.1868931547714212E-001
 0126  0.1796837781412507E-001
 0127  0.1730513709888830E-001
 0128  0.1669488631317342E-001
 0129  0.1613332862478421E-001
 0130  0.1519393512488813E-001
 0131  0.1479946713433011E-001
 0132  0.1443106849168633E-001
 0133  0.1408731223081362E-001
 0134  0.1376680972692442E-001
 0135  0.1346821612075940E-001
 0136  0.1319023437584311E-001
 0137  0.1292293280559279E-001
 0138  0.1267637765189805E-001
 0139  0.1244892623340877E-001
 0140  0.1223907159601758E-001
 0141  0.1204530262309218E-001
 0142  0.1186639826406197E-001
 0143  0.1170122769973326E-001
 0144  0.1154874518103441E-001
 0145  0.1129149658515780E-001
 0146  0.1118267620753796E-001
 0147  0.1108106297608887E-001
 0148  0.1098621970258918E-001
 0149  0.1089539024982759E-001
 0150  0.1081115422623353E-001
 0151  0.1073299311810918E-001
 0152  0.1066046968626671E-001
 0153  0.1059317808643266E-001
 0154  0.1053074162162422E-001
 0155  0.1047281065484442E-001
 0156  0.1041906067071518E-001
 0157  0.1036919047546998E-001
 0158  0.1028404568198846E-001
 0159  0.1024762340373201E-001
 0160  0.1021275359848670E-001
 0161  0.1018022983465466E-001
 0162  0.1014989424612811E-001
 0163  0.1012159959266130E-001
 0164  0.1009520854435447E-001
 0165  0.1007059301433466E-001
 0166  0.1004763353640378E-001
 0167  0.1002621864931268E-001
 0168  0.1000624440415067E-001
 0169  0.9987609143727070E-002
 0170  0.9955138570010425E-002
 0171  0.9940998731731900E-002
 0172  0.9927745050628049E-002
 0173  0.9915321907820997E-002
 0174  0.9903677184302542E-002
 0175  0.9892762039759430E-002
 0176  0.9882530705469669E-002
 0177  0.9872938481740307E-002
 0178  0.9863945693099698E-002
 0179  0.9855380033865080E-002
 0180  0.9847371197771116E-002
 0181  0.9833442196233198E-002
 0182  0.9827377422098311E-002
 0183  0.9821665092601286E-002
 0184  0.9816284842718778E-002
 0185  0.9811217472022031E-002
 0186  0.9806444879208549E-002
 0187  0.9801950000214403E-002
 0188  0.9797656907900349E-002
 0189  0.9793622453316832E-002
 0190  0.9786533118650386E-002
 0191  0.9783415355355799E-002
 0192  0.9780467269927793E-002
 0193  0.9777679664926231E-002
 0194  0.9775043836650940E-002
 0195  0.9772520017332269E-002
 0196  0.9770137708968873E-002
 0197  0.9767888850940825E-002
 0198  0.9765765848377852E-002
 0199  0.9763761545570845E-002
 0200  0.9760208088092333E-002
 0201  0.9758631518175111E-002
 0202  0.9757118096283487E-002
 0203  0.9755683943608222E-002
 0204  0.9754324847716560E-002
 0205  0.9753036823315946E-002
 0206  0.9751816099826562E-002
 0207  0.9750659024789511E-002
 0208  0.9748581220732341E-002
 0209  0.9747648369822462E-002
 0210  0.9746761291431306E-002
 0211  0.9745917658128116E-002
 0212  0.9745115319483943E-002
 0213  0.9744352232422818E-002
 0214  0.9743626455945203E-002
 0215  0.9742929551494146E-002
 0216  0.9741677545779755E-002
 0217  0.9741114864578593E-002
 0218  0.9740578088044474E-002
 0219  0.9740066011732551E-002
 0220  0.9739577487712833E-002
 0221  0.9739107265703015E-002
 0222  0.9738659074874608E-002
 0223  0.9737848756028901E-002
 0224  0.9737482274546629E-002
 0225  0.9737131690694277E-002
 0226  0.9736793557448904E-002
 0227  0.9736470363613694E-002
 0228  0.9736161424849964E-002
 0229  0.9735866101184012E-002
 0230  0.9735329092627504E-002
 0231  0.9735082975529495E-002
 0232  0.9734847128674328E-002
 0233  0.9734621116284784E-002
 0234  0.9734404521348583E-002
 0235  0.9734196938315461E-002
 0236  0.9733997986379904E-002
 0237  0.9733631859599919E-002
 0238  0.9733464661641869E-002
 0239  0.9733304060410888E-002
 0240  0.9733149791793546E-002
 0241  0.9733000601186537E-002
 0242  0.9732857371574474E-002
 0243  0.9732594613588467E-002
 0244  0.9732474056492784E-002
 0245  0.9732357272554717E-002
 0246  0.9732244919334847E-002
 0247  0.9732136822892198E-002
 0248  0.9732032818693582E-002
 0249  0.9731840647179552E-002
 0250  0.9731751867945762E-002
 0251  0.9731666288827856E-002
 0252  0.9731583790710490E-002
 0253  0.9731503808293207E-002
 0254  0.9731426737111252E-002
 0255  0.9731284276591912E-002
 0256  0.9731218425006080E-002
 0257  0.9731154484277261E-002
 0258  0.9731092759513066E-002
 0259  0.9731033172135221E-002
 0260  0.9730922357167007E-002
 0261  0.9730870831500656E-002
 0262  0.9730821008972637E-002
 0263  0.9730772832060003E-002
 0264  0.9730726014895675E-002
 0265  0.9730638922194805E-002
 0266  0.9730598407920120E-002
 0267  0.9730558986892740E-002
 0268  0.9730520821275018E-002
 0269  0.9730483870097360E-002
 0270  0.9730414766636530E-002
 0271  0.9730382455818882E-002
 0272  0.9730351129213784E-002
 0273  0.9730320624560664E-002
 0274  0.9730263564488003E-002
 0275  0.9730236875754736E-002
 0276  0.9730210857647931E-002
 0277  0.9730185604716670E-002
 0278  0.9730161093669554E-002
 0279  0.9730114943234926E-002
 0280  0.9730093307507966E-002
 0281  0.9730072281696603E-002
 0282  0.9730051769212010E-002
 0283  0.9730013215049333E-002
 0284  0.9729995028442857E-002
 0285  0.9729977337875437E-002
 0286  0.9729960129348177E-002
 0287  0.9729927597124086E-002
 0288  0.9729912277520283E-002
 0289  0.9729897307714040E-002
 0290  0.9729882732686539E-002
 0291  0.9729855178575690E-002
 0292  0.9729842154974761E-002
 0293  0.9729829461932704E-002
 0294  0.9729817050704909E-002
 0295  0.9729793547847228E-002
 0296  0.9729782420454561E-002
 0297  0.9729771566684853E-002
 0298  0.9729750944399139E-002
 0299  0.9729741178760538E-002
 0300  0.9729731616542765E-002
 0301  0.9729722282243806E-002
 0302  0.9729704521813534E-002
 0303  0.9729696097871415E-002
 0304  0.9729687844790906E-002
 0305  0.9729672141323507E-002
 0306  0.9729664671018851E-002
 0307  0.9729657348465509E-002
 0308  0.9729650190155764E-002
 0309  0.9729636550896984E-002
 0310  0.9729630053578268E-002
 0311  0.9729623681301864E-002
 0312  0.9729611524042857E-002
 0313  0.9729605725238819E-002
 0314  0.9729600035224599E-002
 0315  0.9729589166147204E-002
 0316  0.9729583975385725E-002
 0317  0.9729578879597484E-002
 0318  0.9729569134248290E-002
 0319  0.9729564474741808E-002
 0320  0.9729559898433713E-002
 0321  0.9729551136783893E-002
 0322  0.9729546942939758E-002
 0323  0.9729542822168995E-002
 0324  0.9729534924216491E-002
 0325  0.9729531132532356E-002
 0326  0.9729523857999233E-002
 0327  0.9729520368750985E-002
 0328  0.9729516937478398E-002
 0329  0.9729510342165728E-002
 0330  0.9729507173074289E-002
 0331  0.9729504060989859E-002
 0332  0.9729498068859263E-002
 0333  0.9729495189466034E-002
 0334  0.9729489640805064E-002
 0335  0.9729486972112376E-002
 0336  0.9729484344964770E-002
 0337  0.9729479282607522E-002
 0338  0.9729476843975095E-002
 0339  0.9729472137811983E-002
 0340  0.9729469870635117E-002
 0341  0.9729465492072488E-002
 0342  0.9729463378179697E-002
 0343  0.9729461298033844E-002
 0344  0.9729457278117491E-002
 0345  0.9729455336116286E-002
 0346  0.9729451580900472E-002
 0347  0.9729449767834944E-002
 0348  0.9729446259528799E-002
 0349  0.9729444562475436E-002
 0350  0.9729441276764917E-002
 0351  0.9729439686462362E-002
 0352  0.9729436605694279E-002
 0353  0.9729435113734751E-002
 0354  0.9729432221884309E-002
 0355  0.9729430820638707E-002
 0356  0.9729428103159342E-002
 0357  0.9729426785692781E-002
 0358  0.9729424229346076E-002
 0359  0.9729422989343156E-002
 0360  0.9729420581059073E-002
 0361  0.9729419411809867E-002
 0362  0.9729417140873971E-002
 0363  0.9729416038247547E-002
 0364  0.9729413894017913E-002
 0365  0.9729411843915693E-002
 0366  0.9729410847212008E-002
 0367  0.9729408908053658E-002
 0368  0.9729407964900384E-002
 0369  0.9729406128585812E-002
 0370  0.9729404368874164E-002
 0371  0.9729403512046828E-002
 0372  0.9729401843062617E-002
 0373  0.9729401029885471E-002
 0374  0.9729399445367692E-002
 0375  0.9729397923512349E-002
 0376  0.9729397181528123E-002
 0377  0.9729395733996280E-002
 0378  0.9729394342347432E-002
 0379  0.9729393663422065E-002
 0380  0.9729392338092831E-002
 0381  0.9729391062438286E-002
 0382  0.9729390439598747E-002
 0383  0.9729389222817094E-002
 0384  0.9729388050190739E-002
 0385  0.9729386919655813E-002
 0386  0.9729386367048471E-002
 0387  0.9729385286302293E-002
 0388  0.9729384243430443E-002
 0389  0.9729383236580270E-002
 0390  0.9729382743905533E-002
 0391  0.9729381779623764E-002
 0392  0.9729380847638931E-002
 0393  0.9729379946508574E-002
 0394  0.9729379074962826E-002
 0395  0.9729378231500092E-002
 0396  0.9729377818249106E-002
 0397  0.9729377008174139E-002
 0398  0.9729376223617602E-002
 0399  0.9729375463511733E-002
 0400  0.9729374726800915E-002
 0401  0.9729374012486932E-002
 0402  0.9729373319642796E-002
 0403  0.9729372647387727E-002
 0404  0.9729371994878085E-002
 0405  0.9729371361453507E-002
 0406  0.9729370747202745E-002
 0407  0.9729370151484536E-002
 0408  0.9729369573538647E-002
 0409  0.9729369012644217E-002
 0410  0.9729368468116869E-002
 0411  0.9729367939307109E-002
 0412  0.9729367425597950E-002
 0413  0.9729366926402767E-002
 0414  0.9729366441163650E-002
 0415  0.9729365969350057E-002
 0416  0.9729365288086610E-002
 0417  0.9729364850735504E-002
 0418  0.9729364425003269E-002
 0419  0.9729364010470146E-002
 0420  0.9729363606735188E-002
 0421  0.9729363022517128E-002
 0422  0.9729362646675146E-002
 0423  0.9729362280256653E-002
 0424  0.9729361749348986E-002
 0425  0.9729361407368357E-002
 0426  0.9729361073653240E-002
 0427  0.9729360589549031E-002
 0428  0.9729360277348914E-002
 0429  0.9729359824073436E-002
 0430  0.9729359531512754E-002
 0431  0.9729359106412150E-002
 0432  0.9729358831821371E-002
 0433  0.9729358432529438E-002
 0434  0.9729358174417793E-002
 0435  0.9729357798819149E-002
 0436  0.9729357437394157E-002
 0437  0.9729357203490129E-002
 0438  0.9729356862737114E-002
 0439  0.9729356534395462E-002
 0440  0.9729356217850113E-002
 0441  0.9729355912525293E-002
 0442  0.9729355617880945E-002
 0443  0.9729355333410688E-002
 0444  0.9729355058638626E-002
 0445  0.9729354793117533E-002
 0446  0.9729354536426491E-002
 0447  0.9729354288169283E-002
 0448  0.9729354047972292E-002
 0449  0.9729353815483186E-002
 0450  0.9729353517451848E-002
 0451  0.9729353302461248E-002
 0452  0.9729353094103436E-002
 0453  0.9729352826610461E-002
 0454  0.9729352570692820E-002
 0455  0.9729352385709475E-002
 0456  0.9729352147862212E-002
 0457  0.9729351919915582E-002
 0458  0.9729351701326508E-002
 0459  0.9729351491589983E-002
 0460  0.9729351290236053E-002
 0461  0.9729351096826454E-002
 0462  0.9729350910952507E-002
 0463  0.9729350732231979E-002
 0464  0.9729350518607287E-002
 0465  0.9729350315434123E-002
 0466  0.9729350159830093E-002
 0467  0.9729349973496199E-002
 0468  0.9729349795929156E-002
 0469  0.9729349593873648E-002
 0470  0.9729349434104084E-002
 0471  0.9729349252024578E-002
 0472  0.9729349107841420E-002
 0473  0.9729348943299050E-002
 0474  0.9729348762550083E-002
 0475  0.9729348616567416E-002
 0476  0.9729348455930877E-002
 0477  0.9729348305083103E-002
 0478  0.9729348163303543E-002
 0479  0.9729348011629134E-002
 0480  0.9729347853317766E-002
 0481  0.9729347722635201E-002
 0482  0.9729347571464902E-002
 0483  0.9729347432750104E-002
 0484  0.9729347305305445E-002
 0485  0.9729347165892211E-002
 0486  0.9729347029897922E-002
 0487  0.9729346898990267E-002
 0488  0.9729346774514876E-002
 0489  0.9729346643974460E-002
 0490  0.9729346525384758E-002
 0491  0.9729346399333145E-002
 0492  0.9729346279822366E-002
 0493  0.9729346160458287E-002
 0494  0.9729346097628372E-002
 0495  0.9729346097628372E-002
 0496  0.9729346097628372E-002
 0497  0.9729346097628372E-002
 0498  0.9729346097628372E-002
 0499  0.9729346097628372E-002
 0500  0.9729346097628372E-002
 0501  0.9729346097628372E-002
 0502  0.9729346097628372E-002
 0503  0.9729346097628372E-002
 0504  0.9729346097628372E-002
 0505  0.9729346097628372E-002
 0506  0.9729346097628372E-002
 0507  0.9729346097628372E-002
 0508  0.9729346097628372E-002
 0509  0.9729346097628372E-002
 0510  0.9729346097628372E-002
 0511  0.9729346097628372E-002
 0512  0.9729346097628372E-002
 0513  0.9729346097628372E-002
 0514  0.9729346097628372E-002
 0515  0.9729346097628372E-002
 0516  0.9729346097628372E-002
 0517  0.9729346097628372E-002
 0518  0.9729346097628372E-002
 0519  0.9729346097628372E-002
 0520  0.9729346097628372E-002
 0521  0.9729346097628372E-002
 0522  0.9729346097628372E-002
 0523  0.9729346097628372E-002
 0524  0.9729346097628372E-002
 0525  0.9729346097628372E-002
 0526  0.9729346097628372E-002
 0527  0.9729346097628372E-002
 0528  0.9729346097628372E-002
 0529  0.9729346097628372E-002
 0530  0.9729346097628372E-002
 0531  0.9729346097628372E-002
 0532  0.9729346097628372E-002
 0533  0.9729346097628372E-002
 0534  0.9729346097628372E-002
 0535  0.9729346097628372E-002
 0536  0.9729346097628372E-002
 0537  0.9729346097628372E-002
 0538  0.9729346097628372E-002
 0539  0.9729346097628372E-002
 0540  0.9729346097628372E-002
 0541  0.9729346097628372E-002
 0542  0.9729346097628372E-002
 0543  0.9729346097628372E-002
 0544  0.9729346097628372E-002
 0545  0.9729346097628372E-002
 0546  0.9729346097628372E-002
 0547  0.9729346097628372E-002
 0548  0.9729346097628372E-002
 0549  0.9729346097628372E-002
 0550  0.9729346097628372E-002
 0551  0.9729346097628372E-002
 0552  0.9729346097628372E-002
 0553  0.9729346097628372E-002
 0554  0.9729346097628372E-002
 0555  0.9729346097628372E-002
 0556  0.9729346097628372E-002
 0557  0.9729346097628372E-002
 0558  0.9729346097628372E-002
 0559  0.9729346097628372E-002
 0560  0.9729346097628372E-002
 0561  0.9729346097628372E-002
 0562  0.9729346097628372E-002
 0563  0.9729346097628372E-002
 0564  0.9729346097628372E-002
 0565  0.9729346097628372E-002
 0566  0.9729346097628372E-002
 0567  0.9729346097628372E-002
 0568  0.9729346097628372E-002
 0569  0.9729346097628372E-002
 0570  0.9729346097628372E-002
 0571  0.9729346097628372E-002
 0572  0.9729346097628372E-002
 0573  0.9729346097628372E-002
 0574  0.9729346097628372E-002
 0575  0.9729346097628372E-002
 0576  0.9729346097628372E-002
 0577  0.9729346097628372E-002
 0578  0.9729346097628372E-002
 0579  0.9729346097628372E-002
 0580  0.9729346097628372E-002
 0581  0.9729346097628372E-002
 0582  0.9729346097628372E-002
 0583  0.9729346097628372E-002
 0584  0.9729346097628372E-002
 0585  0.9729346097628372E-002
 0586  0.9729346097628372E-002
 0587  0.9729346097628372E-002
 0588  0.9729346097628372E-002
 0589  0.9729346097628372E-002
 0590  0.9729346097628372E-002
 0591  0.9729346097628372E-002
 0592  0.9729346097628372E-002
 0593  0.9729346097628372E-002
 0594  0.9729346097628372E-002
 0595  0.9729346097628372E-002
 0596  0.9729346097628372E-002
 0597  0.9729346097628372E-002
 0598  0.9729346097628372E-002
 0599  0.9729346097628372E-002
 0600  0.9729346097628372E-002
 0601  0.9729346097628372E-002
 0602  0.9729346097628372E-002
 0603  0.9729346097628372E-002
 0604  0.9729346097628372E-002
 0605  0.9729346097628372E-002
 0606  0.9729346097628372E-002
 0607  0.9729346097628372E-002
 0608  0.9729346097628372E-002
 0609  0.9729346097628372E-002
 0610  0.9729346097628372E-002
 0611  0.9729346097628372E-002
 0612  0.9729346097628372E-002
 0613  0.9729346097628372E-002
 0614  0.9729346097628372E-002
 0615  0.9729346097628372E-002
 0616  0.9729346097628372E-002
 0617  0.9729346097628372E-002
 0618  0.9729346097628372E-002
 0619  0.9729346097628372E-002
 0620  0.9729346097628372E-002
 0621  0.9729346097628372E-002
 0622  0.9729346097628372E-002
 0623  0.9729346097628372E-002
 0624  0.9729346097628372E-002
 0625  0.9729346097628372E-002
 0626  0.9729346097628372E-002
 0627  0.9729346097628372E-002
 0628  0.9729346097628372E-002
 0629  0.9729346097628372E-002
 0630  0.9729346097628372E-002
 0631  0.9729346097628372E-002
 0632  0.9729346097628372E-002
 0633  0.9729346097628372E-002
 0634  0.9729346097628372E-002
 0635  0.9729346097628372E-002
 0636  0.9729346097628372E-002
 0637  0.9729346097628372E-002
 0638  0.9729346097628372E-002
 0639  0.9729346097628372E-002
 0640  0.9729346097628372E-002
 0641  0.9729346097628372E-002
 0642  0.9729346097628372E-002
 0643  0.9729346097628372E-002
 0644  0.9729346097628372E-002
 0645  0.9729346097628372E-002
 0646  0.9729346097628372E-002
 0647  0.9729346097628372E-002
 0648  0.9729346097628372E-002
 0649  0.9729346097628372E-002
 0650  0.9729346097628372E-002
 0651  0.9729346097628372E-002
 0652  0.9729346097628372E-002
 0653  0.9729346097628372E-002
 0654  0.9729346097628372E-002
 0655  0.9729346097628372E-002
 0656  0.9729346097628372E-002
 0657  0.9729346097628372E-002
 0658  0.9729346097628372E-002
 0659  0.9729346097628372E-002
 0660  0.9729346097628372E-002
 0661  0.9729346097628372E-002
 0662  0.9729346097628372E-002
 0663  0.9729346097628372E-002
 0664  0.9729346097628372E-002
 0665  0.9729346097628372E-002
 0666  0.9729346097628372E-002
 0667  0.9729346097628372E-002
 0668  0.9729346097628372E-002
 0669  0.9729346097628372E-002
 0670  0.9729346097628372E-002
 0671  0.9729346097628372E-002
 0672  0.9729346097628372E-002
 0673  0.9729346097628372E-002
 0674  0.9729346097628372E-002
 0675  0.9729346097628372E-002
 0676  0.9729346097628372E-002
 0677  0.9729346097628372E-002
 0678  0.9729346097628372E-002
 0679  0.9729346097628372E-002
 0680  0.9729346097628372E-002
 0681  0.9729346097628372E-002
 0682  0.9729346097628372E-002
 0683  0.9729346097628372E-002
 0684  0.9729346097628372E-002
 0685  0.9729346097628372E-002
 0686  0.9729346097628372E-002
 0687  0.9729346097628372E-002
 0688  0.9729346097628372E-002
 0689  0.9729346097628372E-002
 0690  0.9729346097628372E-002
 0691  0.9729346097628372E-002
 0692  0.9729346097628372E-002
 0693  0.9729346097628372E-002
 0694  0.9729346097628372E-002
 0695  0.9729346097628372E-002
 0696  0.9729346097628372E-002
 0697  0.9729346097628372E-002
 0698  0.9729346097628372E-002
 0699  0.9729346097628372E-002
 0700  0.9729346097628372E-002
 0701  0.9729346097628372E-002
 0702  0.9729346097628372E-002
 0703  0.9729346097628372E-002
 0704  0.9729346097628372E-002
 0705  0.9729346097628372E-002
 0706  0.9729346097628372E-002
 0707  0.9729346097628372E-002
 0708  0.9729346097628372E-002
 0709  0.9729346097628372E-002
 0710  0.9729346097628372E-002
 0711  0.9729346097628372E-002
 0712  0.9729346097628372E-002
 0713  0.9729346097628372E-002
 0714  0.9729346097628372E-002
 0715  0.9729346097628372E-002
 0716  0.9729346097628372E-002
 0717  0.9729346097628372E-002
 0718  0.9729346097628372E-002
 0719  0.9729346097628372E-002
 0720  0.9729346097628372E-002
 0721  0.9729346097628372E-002
 0722  0.9729346097628372E-002
 0723  0.9729346097628372E-002
 0724  0.9729346097628372E-002
 0725  0.9729346097628372E-002
 0726  0.9729346097628372E-002
 0727  0.9729346097628372E-002
 0728  0.9729346097628372E-002
 0729  0.9729346097628372E-002
 0730  0.9729346097628372E-002
 0731  0.9729346097628372E-002
 0732  0.9729346097628372E-002
 0733  0.9729346097628372E-002
 0734  0.9729346097628372E-002
 0735  0.9729346097628372E-002
 0736  0.9729346097628372E-002
 0737  0.9729346097628372E-002
 0738  0.9729346097628372E-002
 0739  0.9729346097628372E-002
 0740  0.9729346097628372E-002
 0741  0.9729346097628372E-002
 0742  0.9729346097628372E-002
 0743  0.9729346097628372E-002
 0744  0.9729346097628372E-002
 0745  0.9729346097628372E-002
 0746  0.9729346097628372E-002
 0747  0.9729346097628372E-002
 0748  0.9729346097628372E-002
 0749  0.9729346097628372E-002
 0750  0.9729346097628372E-002
 0751  0.9729346097628372E-002
 0752  0.9729346097628372E-002
 0753  0.9729346097628372E-002
 0754  0.9729346097628372E-002
 0755  0.9729346097628372E-002
 0756  0.9729346097628372E-002
 0757  0.9729346097628372E-002
 0758  0.9729346097628372E-002
 0759  0.9729346097628372E-002
 0760  0.9729346097628372E-002
 0761  0.9729346097628372E-002
 0762  0.9729346097628372E-002
 0763  0.9729346097628372E-002
 0764  0.9729346097628372E-002
 0765  0.9729346097628372E-002
 0766  0.9729346097628372E-002
 0767  0.9729346097628372E-002
 0768  0.9729346097628372E-002
 0769  0.9729346097628372E-002
 0770  0.9729346097628372E-002
 0771  0.9729346097628372E-002
 0772  0.9729346097628372E-002
 0773  0.9729346097628372E-002
 0774  0.9729346097628372E-002
 0775  0.9729346097628372E-002
 0776  0.9729346097628372E-002
 0777  0.9729346097628372E-002
 0778  0.9729346097628372E-002
 0779  0.9729346097628372E-002
 0780  0.9729346097628372E-002
 0781  0.9729346097628372E-002
 0782  0.9729346097628372E-002
 0783  0.9729346097628372E-002
 0784  0.9729346097628372E-002
 0785  0.9729346097628372E-002
 0786  0.9729346097628372E-002
 0787  0.9729346097628372E-002
 0788  0.9729346097628372E-002
 0789  0.9729346097628372E-002
 0790  0.9729346097628372E-002
 0791  0.9729346097628372E-002
 0792  0.9729346097628372E-002
 0793  0.9729346097628372E-002
 0794  0.9729346097628372E-002
 0795  0.9729346097628372E-002
 0796  0.9729346097628372E-002
 0797  0.9729346097628372E-002
 0798  0.9729346097628372E-002
 0799  0.9729346097628372E-002
 0800  0.9729346097628372E-002
 0801  0.9729346097628372E-002
 0802  0.9729346097628372E-002
 0803  0.9729346097628372E-002
 0804  0.9729346097628372E-002
 0805  0.9729346097628372E-002
 0806  0.9729346097628372E-002
 0807  0.9729346097628372E-002
 0808  0.9729346097628372E-002
 0809  0.9729346097628372E-002
 0810  0.9729346097628372E-002
 0811  0.9729346097628372E-002
 0812  0.9729346097628372E-002
 0813  0.9729346097628372E-002
 0814  0.9729346097628372E-002
 0815  0.9729346097628372E-002
 0816  0.9729346097628372E-002
 0817  0.9729346097628372E-002
 0818  0.9729346097628372E-002
 0819  0.9729346097628372E-002
 0820  0.9729346097628372E-002
 0821  0.9729346097628372E-002
 0822  0.9729346097628372E-002
 0823  0.9729346097628372E-002
 0824  0.9729346097628372E-002
 0825  0.9729346097628372E-002
 0826  0.9729346097628372E-002
 0827  0.9729346097628372E-002
 0828  0.9729346097628372E-002
 0829  0.9729346097628372E-002
 0830  0.9729346097628372E-002
 0831  0.9729346097628372E-002
 0832  0.9729346097628372E-002
 0833  0.9729346097628372E-002
 0834  0.9729346097628372E-002
 0835  0.9729346097628372E-002
 0836  0.9729346097628372E-002
 0837  0.9729346097628372E-002
 0838  0.9729346097628372E-002
 0839  0.9729346097628372E-002
 0840  0.9729346097628372E-002
 0841  0.9729346097628372E-002
 0842  0.9729346097628372E-002
 0843  0.9729346097628372E-002
 0844  0.9729346097628372E-002
 0845  0.9729346097628372E-002
 0846  0.9729346097628372E-002
 0847  0.9729346097628372E-002
 0848  0.9729346097628372E-002
 0849  0.9729346097628372E-002
 0850  0.9729346097628372E-002
 0851  0.9729346097628372E-002
 0852  0.9729346097628372E-002
 0853  0.9729346097628372E-002
 0854  0.9729346097628372E-002
 0855  0.9729346097628372E-002
 0856  0.9729346097628372E-002
 0857  0.9729346097628372E-002
 0858  0.9729346097628372E-002
 0859  0.9729346097628372E-002
 0860  0.9729346097628372E-002
 0861  0.9729346097628372E-002
 0862  0.9729346097628372E-002
 0863  0.9729346097628372E-002
 0864  0.9729346097628372E-002
 0865  0.9729346097628372E-002
 0866  0.9729346097628372E-002
 0867  0.9729346097628372E-002
 0868  0.9729346097628372E-002
 0869  0.9729346097628372E-002
 0870  0.9729346097628372E-002
 0871  0.9729346097628372E-002
 0872  0.9729346097628372E-002
 0873  0.9729346097628372E-002
 0874  0.9729346097628372E-002
 0875  0.9729346097628372E-002
 0876  0.9729346097628372E-002
 0877  0.9729346097628372E-002
 0878  0.9729346097628372E-002
 0879  0.9729346097628372E-002
 0880  0.9729346097628372E-002
 0881  0.9729346097628372E-002
 0882  0.9729346097628372E-002
 0883  0.9729346097628372E-002
 0884  0.9729346097628372E-002
 0885  0.9729346097628372E-002
 0886  0.9729346097628372E-002
 0887  0.9729346097628372E-002
 0888  0.9729346097628372E-002
 0889  0.9729346097628372E-002
 0890  0.9729346097628372E-002
 0891  0.9729346097628372E-002
 0892  0.9729346097628372E-002
 0893  0.9729346097628372E-002
 0894  0.9729346097628372E-002
 0895  0.9729346097628372E-002
 0896  0.9729346097628372E-002
 0897  0.9729346097628372E-002
 0898  0.9729346097628372E-002
 0899  0.9729346097628372E-002
 0900  0.9729346097628372E-002
 0901  0.9729346097628372E-002
 0902  0.9729346097628372E-002
 0903  0.9729346097628372E-002
 0904  0.9729346097628372E-002
 0905  0.9729346097628372E-002
 0906  0.9729346097628372E-002
 0907  0.9729346097628372E-002
 0908  0.9729346097628372E-002
 0909  0.9729346097628372E-002
 0910  0.9729346097628372E-002
 0911  0.9729346097628372E-002
 0912  0.9729346097628372E-002
 0913  0.9729346097628372E-002
 0914  0.9729346097628372E-002
 0915  0.9729346097628372E-002
 0916  0.9729346097628372E-002
 0917  0.9729346097628372E-002
 0918  0.9729346097628372E-002
 0919  0.9729346097628372E-002
 0920  0.9729346097628372E-002
 0921  0.9729346097628372E-002
 0922  0.9729346097628372E-002
 0923  0.9729346097628372E-002
 0924  0.9729346097628372E-002
 0925  0.9729346097628372E-002
 0926  0.9729346097628372E-002
 0927  0.9729346097628372E-002
 0928  0.9729346097628372E-002
 0929  0.9729346097628372E-002
 0930  0.9729346097628372E-002
 0931  0.9729346097628372E-002
 0932  0.9729346097628372E-002
 0933  0.9729346097628372E-002
 0934  0.9729346097628372E-002
 0935  0.9729346097628372E-002
 0936  0.9729346097628372E-002
 0937  0.9729346097628372E-002
 0938  0.9729346097628372E-002
 0939  0.9729346097628372E-002
 0940  0.9729346097628372E-002
 0941  0.9729346097628372E-002
 0942  0.9729346097628372E-002
 0943  0.9729346097628372E-002
 0944  0.9729346097628372E-002
 0945  0.9729346097628372E-002
 0946  0.9729346097628372E-002
 0947  0.9729346097628372E-002
 0948  0.9729346097628372E-002
 0949  0.9729346097628372E-002
 0950  0.9729346097628372E-002
 0951  0.9729346097628372E-002
 0952  0.9729346097628372E-002
 0953  0.9729346097628372E-002
 0954  0.9729346097628372E-002
 0955  0.9729346097628372E-002
 0956  0.9729346097628372E-002
 0957  0.9729346097628372E-002
 0958  0.9729346097628372E-002
 0959  0.9729346097628372E-002
 0960  0.9729346097628372E-002
 0961  0.9729346097628372E-002
 0962  0.9729346097628372E-002
 0963  0.9729346097628372E-002
 0964  0.9729346097628372E-002
 0965  0.9729346097628372E-002
 0966  0.9729346097628372E-002
 0967  0.9729346097628372E-002
 0968  0.9729346097628372E-002
 0969  0.9729346097628372E-002
 0970  0.9729346097628372E-002
 0971  0.9729346097628372E-002
 0972  0.9729346097628372E-002
 0973  0.9729346097628372E-002
 0974  0.9729346097628372E-002
 0975  0.9729346097628372E-002
 0976  0.9729346097628372E-002
 0977  0.9729346097628372E-002
 0978  0.9729346097628372E-002
 0979  0.9729346097628372E-002
 0980  0.9729346097628372E-002
 0981  0.9729346097628372E-002
 0982  0.9729346097628372E-002
 0983  0.9729346097628372E-002
 0984  0.9729346097628372E-002
 0985  0.9729346097628372E-002
 0986  0.9729346097628372E-002
 0987  0.9729346097628372E-002
 0988  0.9729346097628372E-002
 0989  0.9729346097628372E-002
 0990  0.9729346097628372E-002
 0991  0.9729346097628372E-002
 0992  0.9729346097628372E-002
 0993  0.9729346097628372E-002
 0994  0.9729346097628372E-002
 0995  0.9729346097628372E-002
 0996  0.9729346097628372E-002
 0997  0.9729346097628372E-002
 0998  0.9729346097628372E-002
 0999  0.9729346097628372E-002
 1000  0.9729346097628372E-002
