  0.0000000000E+000 0000
  0.1701912229E+004 0000
  0.3402857236E+004 0000
  0.5103263494E+004 0000
  0.6803998872E+004 0000
  0.8503456300E+004 0000
  0.1020452391E+005 0000
  0.1190513373E+005 0000
  0.1360675217E+005 0000
  0.1530975660E+005 0000
  0.1701260264E+005 0000
  0.1871351678E+005 0000
  0.2041361333E+005 0000
  0.2211968579E+005 0000
  0.2382116959E+005 0000
  0.2552156613E+005 0000
  0.2722409824E+005 0000
  0.2892422864E+005 0000
  0.3061923275E+005 0000
  0.3233036875E+005 0000
  0.3402525437E+005 0000
  0.3572920217E+005 0000
  0.3742775836E+005 0000
  0.3913087570E+005 0000
  0.4082994731E+005 0000
  0.4253390833E+005 0000
  0.4422078313E+005 0000
  0.4592445424E+005 0000
  0.4762181336E+005 0000
  0.4933533679E+005 0000
  0.5104116225E+005 0000
  0.5272608051E+005 0000
  0.5443318434E+005 0000
  0.5613118737E+005 0000
  0.5784287100E+005 0000
  0.5953284600E+005 0000
  0.6124221972E+005 0000
  0.6293694460E+005 0000
  0.6463352130E+005 0000
  0.6634235100E+005 0000
  0.6804722001E+005 0000
  0.6972999743E+005 0000
  0.7144797845E+005 0000
  0.7313622566E+005 0000
  0.7484974013E+005 0000
  0.7653348290E+005 0000
  0.7825086842E+005 0000
  0.7993667628E+005 0000
  0.8163991480E+005 0000
  0.8334787245E+005 0000
  0.8504849799E+005 0000
  0.8676445187E+005 0000
  0.8847344036E+005 0000
  0.9017109505E+005 0000
  0.9187553325E+005 0000
  0.9355889475E+005 0000
  0.9525344481E+005 0000
  0.9698720957E+005 0000
  0.9866419600E+005 0000
  0.1003786861E+006 0000
  0.1020857007E+006 0000
  0.1037712609E+006 0000
  0.1054741197E+006 0000
  0.1071533405E+006 0000
  0.1088470669E+006 0000
  0.1105531157E+006 0000
  0.1122659229E+006 0000
  0.1139790433E+006 0000
  0.1156532034E+006 0000
  0.1173703222E+006 0000
  0.1190483232E+006 0000
  0.1207592024E+006 0000
  0.1224562742E+006 0000
  0.1241349870E+006 0000
  0.1258614120E+006 0000
  0.1275590886E+006 0000
  0.1292614951E+006 0000
  0.1309298813E+006 0000
  0.1326462007E+006 0000
  0.1343428370E+006 0000
  0.1360442015E+006 0000
  0.1377357596E+006 0000
  0.1394370714E+006 0000
  0.1411363593E+006 0000
  0.1428253299E+006 0000
  0.1445196204E+006 0000
  0.1462325461E+006 0000
  0.1479228235E+006 0000
  0.1496178830E+006 0000
  0.1513213482E+006 0000
  0.1530159679E+006 0000
  0.1547172439E+006 0000
  0.1564231402E+006 0000
  0.1581143304E+006 0000
  0.1598177757E+006 0000
  0.1615136242E+006 0000
  0.1632112592E+006 0000
  0.1649067345E+006 0000
  0.1666083813E+006 0000
  0.1683054684E+006 0000
  0.1700028480E+006 0000
  0.1717022393E+006 0000
  0.1734056039E+006 0000
  0.1751097172E+006 0000
  0.1768132648E+006 0000
  0.1785113354E+006 0000
  0.1802145311E+006 0000
  0.1819119291E+006 0000
  0.1836149153E+006 0000
  0.1853205600E+006 0000
  0.1870301824E+006 0000
  0.1887259426E+006 0000
  0.1904292814E+006 0000
  0.1921370565E+006 0000
  0.1938291516E+006 0000
  0.1955286927E+006 0000
  0.1972453116E+006 0000
  0.1989435588E+006 0000
  0.2006346886E+006 0000
  0.2023349154E+006 0000
  0.2040364235E+006 0000
  0.2057308628E+006 0000
  0.2074412780E+006 0000
  0.2091627023E+006 0000
  0.2108553104E+006 0000
  0.2125453493E+006 0000
  0.2142642773E+006 0000
  0.2159714577E+006 0000
  0.2176605151E+006 0000
  0.2193662166E+006 0000
  0.2210433226E+006 0000
  0.2227729524E+006 0000
  0.2244658438E+006 0000
  0.2261617118E+006 0000
  0.2278575873E+006 0000
  0.2295504813E+006 0000
  0.2312875993E+006 0000
  0.2329666420E+006 0000
  0.2346862863E+006 0000
  0.2363931791E+006 0000
  0.2380842140E+006 0000
  0.2398126354E+006 0000
  0.2414638577E+006 0000
  0.2432073773E+006 0000
  0.2448675487E+006 0000
  0.2466209662E+006 0000
  0.2482849477E+006 0000
  0.2499797331E+006 0000
  0.2517057746E+006 0000
  0.2533978648E+006 0000
  0.2551197979E+006 0000
  0.2568040504E+006 0000
  0.2585166838E+006 0000
  0.2601878671E+006 0000
  0.2618859063E+006 0000
  0.2636111544E+006 0000
  0.2652903801E+006 0000
  0.2669952424E+006 0000
  0.2687260653E+006 0000
  0.2704062301E+006 0000
  0.2721107396E+006 0000
  0.2738398840E+006 0000
  0.2755136853E+006 0000
  0.2772104707E+006 0000
  0.2789305114E+006 0000
  0.2805905184E+006 0000
  0.2823567624E+006 0000
  0.2840612869E+006 0000
  0.2857010483E+006 0000
  0.2874488974E+006 0000
  0.2891302811E+006 0000
  0.2908322841E+006 0000
  0.2925551347E+006 0000
  0.2942067488E+006 0000
  0.2959708628E+006 0000
  0.2976619910E+006 0000
  0.2993698610E+006 0000
  0.3010798610E+006 0000
  0.3027898610E+006 0000
  0.3044048610E+006 0000
  0.3061148610E+006 0000
  0.3078248610E+006 0000
  0.3095348610E+006 0000
  0.3112448610E+006 0000
  0.3129548610E+006 0000
  0.3146648610E+006 0000
  0.3163748610E+006 0000
  0.3180848610E+006 0000
  0.3196998610E+006 0000
  0.3214098610E+006 0000
  0.3231198610E+006 0000
  0.3248298610E+006 0000
  0.3265398610E+006 0000
  0.3282498610E+006 0000
  0.3299598610E+006 0000
  0.3316698610E+006 0000
  0.3333798610E+006 0000
  0.3350898610E+006 0000
  0.3367048610E+006 0000
  0.3384148610E+006 0000
  0.3401248610E+006 0000
  0.3418348610E+006 0000
  0.3435448610E+006 0000
  0.3452548610E+006 0000
  0.3469648610E+006 0000
  0.3486748610E+006 0000
  0.3503848610E+006 0000
  0.3519998610E+006 0000
  0.3537098610E+006 0000
  0.3554198610E+006 0000
  0.3571298610E+006 0000
  0.3588398610E+006 0000
  0.3605498610E+006 0000
  0.3622598610E+006 0000
  0.3639698610E+006 0000
  0.3656798610E+006 0000
  0.3673898610E+006 0000
  0.3690048610E+006 0000
  0.3707148610E+006 0000
  0.3724248610E+006 0000
  0.3741348610E+006 0000
  0.3758448610E+006 0000
  0.3775548610E+006 0000
  0.3792648610E+006 0000
  0.3809748610E+006 0000
  0.3826848610E+006 0000
  0.3842998610E+006 0000
  0.3860098610E+006 0000
  0.3877198610E+006 0000
  0.3894298610E+006 0000
  0.3911398610E+006 0000
  0.3928498610E+006 0000
  0.3945598610E+006 0000
  0.3962698610E+006 0000
  0.3979798610E+006 0000
  0.3996898610E+006 0000
  0.4013048610E+006 0000
  0.4030148610E+006 0000
  0.4047248610E+006 0000
  0.4064348610E+006 0000
  0.4081448610E+006 0000
  0.4098548610E+006 0000
  0.4115648610E+006 0000
  0.4132748610E+006 0000
  0.4149848610E+006 0000
  0.4165998610E+006 0000
  0.4183098610E+006 0000
  0.4200198610E+006 0000
  0.4217298610E+006 0000
  0.4234398610E+006 0000
  0.4251498610E+006 0000
  0.4268598610E+006 0000
  0.4285698610E+006 0000
  0.4302798610E+006 0000
  0.4319898610E+006 0000
  0.4336048610E+006 0000
  0.4353148610E+006 0000
  0.4370248610E+006 0000
  0.4387348610E+006 0000
  0.4404448610E+006 0000
  0.4421548610E+006 0000
  0.4438648610E+006 0000
  0.4455748610E+006 0000
  0.4472848610E+006 0000
  0.4488998610E+006 0000
  0.4506098610E+006 0000
  0.4523198610E+006 0000
  0.4540298610E+006 0000
  0.4557398610E+006 0000
  0.4574498610E+006 0000
  0.4591598610E+006 0000
  0.4608698610E+006 0000
  0.4625798610E+006 0000
  0.4642898610E+006 0000
  0.4659048610E+006 0000
  0.4676148610E+006 0000
  0.4693248610E+006 0000
  0.4710348610E+006 0000
  0.4727448610E+006 0000
  0.4744548610E+006 0000
  0.4761648610E+006 0000
  0.4778748610E+006 0000
  0.4795848610E+006 0000
  0.4811998610E+006 0000
  0.4829098610E+006 0000
  0.4846198610E+006 0000
  0.4863298610E+006 0000
  0.4880398610E+006 0000
  0.4897498610E+006 0000
  0.4914598610E+006 0000
  0.4931698610E+006 0000
  0.4948798610E+006 0000
  0.4965898610E+006 0000
  0.4982048610E+006 0000
  0.4999148610E+006 0000
  0.5016248610E+006 0000
  0.5033348610E+006 0000
  0.5050448610E+006 0000
  0.5067548610E+006 0000
  0.5084648610E+006 0000
  0.5101748610E+006 0000
  0.5118848610E+006 0000
  0.5134998610E+006 0000
  0.5152098610E+006 0000
  0.5169198610E+006 0000
  0.5186298610E+006 0000
  0.5203398610E+006 0000
  0.5220498610E+006 0000
  0.5237598610E+006 0000
  0.5254698610E+006 0000
  0.5271798610E+006 0000
  0.5288898610E+006 0000
  0.5305048610E+006 0000
  0.5322148610E+006 0000
  0.5339248610E+006 0000
  0.5356348610E+006 0000
  0.5373448610E+006 0000
  0.5390548610E+006 0000
  0.5407648610E+006 0000
  0.5424748610E+006 0000
  0.5441848610E+006 0000
  0.5457998610E+006 0000
  0.5475098610E+006 0000
  0.5492198610E+006 0000
  0.5509298610E+006 0000
  0.5526398610E+006 0000
  0.5543498610E+006 0000
  0.5560598610E+006 0000
  0.5577698610E+006 0000
  0.5594798610E+006 0000
  0.5611898610E+006 0000
  0.5628048610E+006 0000
  0.5645148610E+006 0000
  0.5662248610E+006 0000
  0.5679348610E+006 0000
  0.5696448610E+006 0000
  0.5713548610E+006 0000
  0.5730648610E+006 0000
  0.5747748610E+006 0000
  0.5764848610E+006 0000
  0.5780998610E+006 0000
  0.5798098610E+006 0000
