 0001  0.2094003360160594E+026
 0002  0.1972351850706309E+026
 0003  0.1830644703819055E+026
 0004  0.1708676671291321E+026
 0005  0.1583524779826133E+026
 0006  0.1465590506851577E+026
 0007  0.1356958201747039E+026
 0008  0.1251045175707426E+026
 0009  0.1149606839585450E+026
 0010  0.1051711804894181E+026
 0011  0.9602800101438386E+025
 0012  0.8739991826621484E+025
 0013  0.7940264346646092E+025
 0014  0.7169421859537171E+025
 0015  0.6440772901793119E+025
 0016  0.5771754939845096E+025
 0017  0.5153315411998707E+025
 0018  0.4582300992659458E+025
 0019  0.4046371991198743E+025
 0020  0.3570965652093503E+025
 0021  0.3123555661561904E+025
 0022  0.2682565932884398E+025
 0023  0.2306953431596770E+025
 0024  0.1959811417611601E+025
 0025  0.1650131785366391E+025
 0026  0.1371417567019091E+025
 0027  0.1123419717129945E+025
 0028  0.9051762771820345E+024
 0029  0.6407247424443587E+024
 0030  0.5076752364351864E+024
 0031  0.4001104997346700E+024
 0032  0.3134555706025890E+024
 0033  0.2450111602792823E+024
 0034  0.1918799598442893E+024
 0035  0.1499292555355618E+024
 0036  0.1159575439290583E+024
 0037  0.8782754182111010E+023
 0038  0.6937524893661073E+023
 0039  0.5568459487921161E+023
 0040  0.4474029379533206E+023
 0041  0.3618976062395965E+023
 0042  0.2961566668371346E+023
 0043  0.2442201176426416E+023
 0044  0.2013126557435974E+023
 0045  0.1666672119370205E+023
 0046  0.1392391227184213E+023
 0047  0.1166409484625808E+023
 0048  0.9809632619105914E+022
 0049  0.8272673003245232E+022
 0050  0.7027869394609734E+022
 0051  0.5951102747385761E+022
 0052  0.5031074318156317E+022
 0053  0.4307257631574850E+022
 0054  0.3685765723446550E+022
 0055  0.3148413527465146E+022
 0056  0.2683479751660312E+022
 0057  0.2302449399872126E+022
 0058  0.1963254740929553E+022
 0059  0.1681730882792747E+022
 0060  0.1442017544482826E+022
 0061  0.1235023564853960E+022
 0062  0.1053004833924065E+022
 0063  0.8902981551575559E+021
 0064  0.7557697570315352E+021
 0065  0.6460741080521334E+021
 0066  0.5534603427262193E+021
 0067  0.4733477438074062E+021
 0068  0.4062632634474972E+021
 0069  0.3485748538943672E+021
 0070  0.2984107644003950E+021
 0071  0.2556612815081394E+021
 0072  0.2192093270970662E+021
 0073  0.1888031225254918E+021
 0074  0.1608340070788438E+021
 0075  0.1363131745076688E+021
 0076  0.1164351798040409E+021
 0077  0.9797505220234707E+020
 0078  0.8258645283687529E+020
 0079  0.6927400075848022E+020
 0080  0.5765613662596669E+020
 0081  0.4769578685763626E+020
 0082  0.3909296747146313E+020
 0083  0.3177460657600662E+020
 0084  0.2549947975438323E+020
 0085  0.1997322889242300E+020
 0086  0.1538900017232605E+020
 0087  0.1155172123224325E+020
 0088  0.8369284144398321E+019
 0089  0.5150469453917714E+019
 0090  0.3548964550367497E+019
 0091  0.2493207326650335E+019
 0092  0.1794459192889316E+019
 0093  0.1309848494912968E+019
 0094  0.9615351009000870E+018
 0095  0.7253775010938406E+018
 0096  0.5511261909307693E+018
 0097  0.4157752702472671E+018
 0098  0.3125454189803606E+018
 0099  0.2378596172503964E+018
 0100  0.1829226447029950E+018
 0101  0.1418251755216021E+018
 0102  0.1094239387450684E+018
 0103  0.8565999166997120E+017
 0104  0.6759665653349981E+017
 0105  0.5299943929101370E+017
 0106  0.4155042040415542E+017
 0107  0.3280200642513003E+017
 0108  0.2531922266718500E+017
 0109  0.1956517462490414E+017
 0110  0.1478880331670206E+017
 0111  0.1082268632709656E+017
 0112  0.7775004937583540E+016
 0113  0.5538560913228556E+016
 0114  0.3706450964871022E+016
 0115  0.2354338776642778E+016
 0116  0.1353857601009286E+016
 0117  0.6744030532659870E+015
 0118  0.2527739265266105E+015
 0119  0.3597501811498402E+014
 0120  0.2783959194097826E+011
 0121  0.6040333370765164E+009
 0122  0.1223980575306251E+009
 0123  0.4853726406497218E+008
 0124  0.2621566052508388E+008
 0125  0.1643607744963105E+008
 0126  0.1146508829389131E+008
 0127  0.8536077646807814E+007
 0128  0.6760679822154249E+007
 0129  0.5497880393974834E+007
 0130  0.4612012878784498E+007
 0131  0.3897731992783783E+007
 0132  0.3352147149776133E+007
 0133  0.2970486627673510E+007
 0134  0.2627520610051842E+007
 0135  0.2329795788142057E+007
 0136  0.2129642920709151E+007
 0137  0.1913039974982108E+007
 0138  0.1755055234261732E+007
 0139  0.1625356902019481E+007
 0140  0.1495787386413298E+007
 0141  0.1403793588441150E+007
 0142  0.1291707763848882E+007
 0143  0.1210879077423347E+007
 0144  0.1130480562477536E+007
 0145  0.1065820353133022E+007
 0146  0.1005354196993949E+007
 0147  0.9545435869568045E+006
 0148  0.9032000085653437E+006
 0149  0.8463601380578640E+006
 0150  0.8013588806415910E+006
 0151  0.7711473804620134E+006
 0152  0.7282887424319205E+006
 0153  0.7028858784165469E+006
 0154  0.6696387129023265E+006
 0155  0.6417574385577055E+006
 0156  0.6149585382901325E+006
 0157  0.5898239036904792E+006
 0158  0.5667085365677393E+006
 0159  0.5437101604892071E+006
 0160  0.5199452855175227E+006
 0161  0.5015859634534903E+006
 0162  0.4858009315648198E+006
 0163  0.4705301655626220E+006
 0164  0.4505130477417987E+006
 0165  0.4330529089201479E+006
 0166  0.4186827325913768E+006
 0167  0.4071614315403654E+006
 0168  0.3969922561202560E+006
 0169  0.3846075577247902E+006
 0170  0.3675071319045287E+006
 0171  0.3566223113776486E+006
 0172  0.3437501033941588E+006
 0173  0.3346769171750838E+006
 0174  0.3265606394380271E+006
 0175  0.3184666363868378E+006
 0176  0.3100037420503874E+006
 0177  0.2993136921855927E+006
 0178  0.2904309917860557E+006
 0179  0.2826784213971992E+006
 0180  0.2765924636390057E+006
 0181  0.2706599505895929E+006
 0182  0.2638578775868890E+006
 0183  0.2558720746062312E+006
 0184  0.2478953788969020E+006
 0185  0.2399259903890476E+006
 0186  0.2350780904769051E+006
 0187  0.2303216005489609E+006
 0188  0.2249613543926141E+006
 0189  0.2196033463484673E+006
 0190  0.2142813209092353E+006
 0191  0.2089790314867530E+006
 0192  0.2032663854538645E+006
 0193  0.1971621470057603E+006
 0194  0.1937054657992533E+006
 0195  0.1903092686765974E+006
 0196  0.1862911248950753E+006
 0197  0.1820365695572722E+006
 0198  0.1780180954366360E+006
 0199  0.1743942165856371E+006
 0200  0.1708461902757370E+006
 0201  0.1671890826445464E+006
 0202  0.1634650446503607E+006
 0203  0.1598167580577296E+006
 0204  0.1560571729909304E+006
 0205  0.1523737789698650E+006
 0206  0.1476111866257858E+006
 0207  0.1453013909009489E+006
 0208  0.1430958564799739E+006
 0209  0.1400635886397319E+006
 0210  0.1371188726087388E+006
 0211  0.1344226475465581E+006
 0212  0.1318295911972141E+006
 0213  0.1293594261479491E+006
 0214  0.1270577515441767E+006
 0215  0.1249429290031347E+006
 0216  0.1228659448957964E+006
 0217  0.1203074008576265E+006
 0218  0.1176436512929587E+006
 0219  0.1155409111787744E+006
 0220  0.1136206133860448E+006
 0221  0.1115700501678451E+006
 0222  0.1090456882767996E+006
 0223  0.1070140629724228E+006
 0224  0.1054042731544782E+006
 0225  0.1038203417181171E+006
 0226  0.1015825765963593E+006
 0227  0.9951115731198633E+005
 0228  0.9811939258880982E+005
 0229  0.9674903429851848E+005
 0230  0.9531534491843931E+005
 0231  0.9361584750444828E+005
 0232  0.9194603246420025E+005
 0233  0.9007905753532579E+005
 0234  0.8797709714591427E+005
 0235  0.8679165708993778E+005
 0236  0.8574111590066862E+005
 0237  0.8470578304251119E+005
 0238  0.8335254385701957E+005
 0239  0.8125277052797726E+005
 0240  0.7976326659204910E+005
 0241  0.7870273166599743E+005
 0242  0.7765763691360773E+005
 0243  0.7635316174227394E+005
 0244  0.7503049165157629E+005
 0245  0.7389728329465716E+005
 0246  0.7291415193242369E+005
 0247  0.7194511647361274E+005
 0248  0.7097391414196047E+005
 0249  0.6993319738436694E+005
 0250  0.6890778286478294E+005
 0251  0.6789759039524505E+005
 0252  0.6673686836649897E+005
 0253  0.6529426202780345E+005
 0254  0.6408018558301454E+005
 0255  0.6334823346094705E+005
 0256  0.6262567818324079E+005
 0257  0.6191250306282139E+005
 0258  0.6114362001362080E+005
 0259  0.6024974225389602E+005
 0260  0.5936880277924483E+005
 0261  0.5850040794419887E+005
 0262  0.5764009977808603E+005
 0263  0.5678090325217057E+005
 0264  0.5593403614585010E+005
 0265  0.5509936018514944E+005
 0266  0.5426495769446603E+005
 0267  0.5342948186411492E+005
 0268  0.5260606475241607E+005
 0269  0.5180862735035738E+005
 0270  0.5108009395055599E+005
 0271  0.5036153941009966E+005
 0272  0.4965286259792392E+005
 0273  0.4879838102647162E+005
 0274  0.4794468510827400E+005
 0275  0.4738069820045305E+005
 0276  0.4690217309217011E+005
 0277  0.4642937590938904E+005
 0278  0.4596223073286273E+005
 0279  0.4546952295082076E+005
 0280  0.4472337994389901E+005
 0281  0.4398824084016703E+005
 0282  0.4326394475964278E+005
 0283  0.4268410262193234E+005
 0284  0.4213934480505636E+005
 0285  0.4160176988204021E+005
 0286  0.4102197743824720E+005
 0287  0.4023045135018869E+005
 0288  0.3955796792973940E+005
 0289  0.3917528838835238E+005
 0290  0.3879717940596823E+005
 0291  0.3842360121882460E+005
 0292  0.3804132637933086E+005
 0293  0.3750161659609984E+005
 0294  0.3696955108748950E+005
 0295  0.3644505065259450E+005
 0296  0.3591438582573063E+005
 0297  0.3537625617131744E+005
 0298  0.3484611079782006E+005
 0299  0.3446583830282318E+005
 0300  0.3414863483701384E+005
 0301  0.3383529104312740E+005
 0302  0.3352577216620396E+005
 0303  0.3322001572492220E+005
 0304  0.3291798848931231E+005
 0305  0.3261915077203092E+005
 0306  0.3214558467321150E+005
 0307  0.3167933479378502E+005
 0308  0.3122032689811640E+005
 0309  0.3076849304649730E+005
 0310  0.3032374414157838E+005
 0311  0.2993433971770960E+005
 0312  0.2956939740604503E+005
 0313  0.2920989418064629E+005
 0314  0.2885577520957511E+005
 0315  0.2850698369457431E+005
 0316  0.2816344645072088E+005
 0317  0.2763999732487147E+005
 0318  0.2712434360919493E+005
 0319  0.2663857635384303E+005
 0320  0.2631189290482259E+005
 0321  0.2599054768725914E+005
 0322  0.2567793395158432E+005
 0323  0.2538640170427506E+005
 0324  0.2509956164616501E+005
 0325  0.2481733427781862E+005
 0326  0.2452521844998597E+005
 0327  0.2423214829225056E+005
 0328  0.2394405900677311E+005
 0329  0.2365597587115552E+005
 0330  0.2334453386895039E+005
 0331  0.2303879965476292E+005
 0332  0.2274403269168433E+005
 0333  0.2247861040056454E+005
 0334  0.2221777239780680E+005
 0335  0.2197017694300155E+005
 0336  0.2177677551256700E+005
 0337  0.2158625994453748E+005
 0338  0.2139856717236747E+005
 0339  0.2121364358690625E+005
 0340  0.2103142814146498E+005
 0341  0.2083166496071055E+005
 0342  0.2046252780861313E+005
 0343  0.2010158184361582E+005
 0344  0.1979211527351633E+005
 0345  0.1961101324951168E+005
 0346  0.1943260040200637E+005
 0347  0.1925681255686014E+005
 0348  0.1908359386605958E+005
 0349  0.1881632558230797E+005
 0350  0.1852282076064497E+005
 0351  0.1826233724982753E+005
 0352  0.1806557069093514E+005
 0353  0.1787185817579572E+005
 0354  0.1770021664829935E+005
 0355  0.1753498722866147E+005
 0356  0.1737212074031145E+005
 0357  0.1720130202483806E+005
 0358  0.1701997726618973E+005
 0359  0.1684137113265816E+005
 0360  0.1666542673073497E+005
 0361  0.1648911922452187E+005
 0362  0.1631530641601196E+005
 0363  0.1614406299441391E+005
 0364  0.1597595173689866E+005
 0365  0.1581096789149128E+005
 0366  0.1564837933880931E+005
 0367  0.1548814094793961E+005
 0368  0.1527170157565464E+005
 0369  0.1505228541205741E+005
 0370  0.1489164826692363E+005
 0371  0.1474002067765111E+005
 0372  0.1462173316420688E+005
 0373  0.1451026796558416E+005
 0374  0.1440019923307961E+005
 0375  0.1429150433108224E+005
 0376  0.1415355230189463E+005
 0377  0.1400327112255549E+005
 0378  0.1385514761464175E+005
 0379  0.1370914199925151E+005
 0380  0.1350776601902731E+005
 0381  0.1330110661951918E+005
 0382  0.1316898543336289E+005
 0383  0.1304267821578607E+005
 0384  0.1294563432143569E+005
 0385  0.1284977429189263E+005
 0386  0.1275507979668229E+005
 0387  0.1264863133565932E+005
 0388  0.1251068029118020E+005
 0389  0.1237469140860319E+005
 0390  0.1224188230281693E+005
 0391  0.1212314812251347E+005
 0392  0.1200600537947457E+005
 0393  0.1189042691988297E+005
 0394  0.1178593555632255E+005
 0395  0.1168479434489527E+005
 0396  0.1158493116119422E+005
 0397  0.1148632600661236E+005
 0398  0.1135273197178976E+005
 0399  0.1119191366922602E+005
 0400  0.1105239032246284E+005
 0401  0.1094785671236211E+005
 0402  0.1084641546891840E+005
 0403  0.1075753762794549E+005
 0404  0.1066974182582780E+005
 0405  0.1058219598634073E+005
 0406  0.1048375811427178E+005
 0407  0.1038657078146505E+005
 0408  0.1029061235896324E+005
 0409  0.1019108240001184E+005
 0410  0.1009241291444369E+005
 0411  0.9995542193113584E+004
 0412  0.9926949843214943E+004
 0413  0.9859128716751058E+004
 0414  0.9792067259969070E+004
 0415  0.9725754056756752E+004
 0416  0.9660177968744154E+004
 0417  0.9594207045556028E+004
 0418  0.9467024492466144E+004
 0419  0.9341669430900478E+004
 0420  0.9218100180702253E+004
 0421  0.9139254182942837E+004
 0422  0.9065581736187734E+004
 0423  0.8992759729468806E+004
 0424  0.8920267308619206E+004
 0425  0.8842774445234998E+004
 0426  0.8766192725539111E+004
 0427  0.8690506271920543E+004
 0428  0.8613040769841165E+004
 0429  0.8519285107018748E+004
 0430  0.8426708443907241E+004
 0431  0.8345067623324701E+004
 0432  0.8273844802952815E+004
 0433  0.8203430907988486E+004
 0434  0.8148050557688724E+004
 0435  0.8096220497012640E+004
 0436  0.8044925973191723E+004
 0437  0.7994159235136490E+004
 0438  0.7943912843163677E+004
 0439  0.7879593908331010E+004
 0440  0.7781383967152571E+004
 0441  0.7684413169184726E+004
 0442  0.7609313056775182E+004
 0443  0.7561389248647662E+004
 0444  0.7513946751976944E+004
 0445  0.7466978993061985E+004
 0446  0.7420479530784634E+004
 0447  0.7374442057270319E+004
 0448  0.7319959228404961E+004
 0449  0.7259377356379952E+004
 0450  0.7199435177524450E+004
 0451  0.7140122941521131E+004
 0452  0.7081431335384515E+004
 0453  0.7023351370216326E+004
 0454  0.6952186939938846E+004
 0455  0.6866368883331387E+004
 0456  0.6781537485178646E+004
 0457  0.6706221715922757E+004
 0458  0.6650952761931145E+004
 0459  0.6596240757928573E+004
 0460  0.6542079683479397E+004
 0461  0.6499800901498572E+004
 0462  0.6458475358037670E+004
 0463  0.6417539718123267E+004
 0464  0.6376990567427634E+004
 0465  0.6336824599199390E+004
 0466  0.6297038649200272E+004
 0467  0.6257629734359289E+004
 0468  0.6178908307421551E+004
 0469  0.6100055166521708E+004
 0470  0.6022053430961747E+004
 0471  0.5953066920571914E+004
 0472  0.5900400178561119E+004
 0473  0.5848254306842591E+004
 0474  0.5796631223347795E+004
 0475  0.5728324170036117E+004
 0476  0.5651667816347538E+004
 0477  0.5594712144649782E+004
 0478  0.5543996493037870E+004
 0479  0.5504148303052531E+004
 0480  0.5466417049302452E+004
 0481  0.5429051053919487E+004
 0482  0.5392048934174553E+004
 0483  0.5343428085373002E+004
 0484  0.5294612023323101E+004
 0485  0.5246296941249742E+004
 0486  0.5198477447234088E+004
 0487  0.5149684729386064E+004
 0488  0.5101243369754858E+004
 0489  0.5053281029779447E+004
 0490  0.5005795038079432E+004
 0491  0.4960663135484639E+004
 0492  0.4915946704545241E+004
 0493  0.4871628180179035E+004
 0494  0.4827688633220275E+004
 0495  0.4761075390133824E+004
 0496  0.4695693491030324E+004
 0497  0.4654072344712996E+004
 0498  0.4613723403853643E+004
 0499  0.4583392267288789E+004
 0500  0.4553275035112303E+004
 0501  0.4523363224372813E+004
 0502  0.4492906718376632E+004
 0503  0.4454500840963528E+004
 0504  0.4416344813102613E+004
 0505  0.4378423756015305E+004
 0506  0.4340722981774186E+004
 0507  0.4304174023053209E+004
 0508  0.4267899932399370E+004
 0509  0.4231838827352033E+004
 0510  0.4195979761144869E+004
 0511  0.4160920159557796E+004
 0512  0.4126355518105581E+004
 0513  0.4091993692251882E+004
 0514  0.4057826904103770E+004
 0515  0.4026252710194271E+004
 0516  0.4001593009745603E+004
 0517  0.3977092597956378E+004
 0518  0.3952748720165704E+004
 0519  0.3928558750115143E+004
 0520  0.3904520189573483E+004
 0521  0.3880630667776857E+004
 0522  0.3856887940681554E+004
 0523  0.3833289890029323E+004
 0524  0.3809834522223607E+004
 0525  0.3775597436313089E+004
 0526  0.3741084091214362E+004
 0527  0.3706797737415043E+004
 0528  0.3672735176224369E+004
 0529  0.3638893570228853E+004
 0530  0.3605270440386118E+004
 0531  0.3571863661955778E+004
 0532  0.3538138499260250E+004
 0533  0.3503889088871753E+004
 0534  0.3469884289428713E+004
 0535  0.3436122949848376E+004
 0536  0.3402604214916963E+004
 0537  0.3369327514309467E+004
 0538  0.3329637224630495E+004
 0539  0.3290191153457029E+004
 0540  0.3254838319079387E+004
 0541  0.3235520319235094E+004
 0542  0.3216354408233138E+004
 0543  0.3197339877524697E+004
 0544  0.3178476036798501E+004
 0545  0.3159762212392435E+004
 0546  0.3140375302841840E+004
 0547  0.3119970298472780E+004
 0548  0.3099733270475518E+004
 0549  0.3079663569203710E+004
 0550  0.3059760558269762E+004
 0551  0.3040023612665953E+004
 0552  0.3020452116955119E+004
 0553  0.3001045463532889E+004
 0554  0.2981803050962373E+004
 0555  0.2959739155621912E+004
 0556  0.2931327906529571E+004
 0557  0.2903179502800130E+004
 0558  0.2875294319066393E+004
 0559  0.2847672737548436E+004
 0560  0.2820315139660679E+004
 0561  0.2793221897977609E+004
 0562  0.2761411995117750E+004
 0563  0.2729910777754045E+004
 0564  0.2698740707682637E+004
 0565  0.2678911800621561E+004
 0566  0.2663558027379485E+004
 0567  0.2648346535984122E+004
 0568  0.2633276522610840E+004
 0569  0.2618347176296128E+004
 0570  0.2603557678884527E+004
 0571  0.2588907205006185E+004
 0572  0.2569923793213989E+004
 0573  0.2550671911736767E+004
 0574  0.2531615119684700E+004
 0575  0.2512752662258114E+004
 0576  0.2494083754985395E+004
 0577  0.2475607583496364E+004
 0578  0.2457323303405368E+004
 0579  0.2439079226205604E+004
 0580  0.2420967793623216E+004
 0581  0.2403047782497203E+004
 0582  0.2385318286842449E+004
 0583  0.2367778368303339E+004
 0584  0.2350427056563019E+004
 0585  0.2333263349833770E+004
 0586  0.2315336564035564E+004
 0587  0.2289857822360971E+004
 0588  0.2264702637764685E+004
 0589  0.2239870822520415E+004
 0590  0.2216919333368184E+004
 0591  0.2204592392150388E+004
 0592  0.2192394601038105E+004
 0593  0.2180324936365115E+004
 0594  0.2168382368000857E+004
 0595  0.2156565859858353E+004
 0596  0.2144874370399200E+004
 0597  0.2133306853134434E+004
 0598  0.2121862257121076E+004
 0599  0.2101342105512919E+004
 0600  0.2078660378766377E+004
 0601  0.2056294625609085E+004
 0602  0.2034243710634085E+004
 0603  0.2015336784947603E+004
 0604  0.2000735820565777E+004
 0605  0.1986313683987197E+004
 0606  0.1972068921189962E+004
 0607  0.1958000050322391E+004
 0608  0.1946881446666776E+004
 0609  0.1936277993112684E+004
 0610  0.1925794975582053E+004
 0611  0.1915431235045602E+004
 0612  0.1905185610098858E+004
 0613  0.1895056937585903E+004
 0614  0.1885044053204893E+004
 0615  0.1875145792094295E+004
 0616  0.1865360989400724E+004
 0617  0.1851083801449039E+004
 0618  0.1831374407741501E+004
 0619  0.1811977196419064E+004
 0620  0.1792889893754784E+004
 0621  0.1774110056279389E+004
 0622  0.1758762765794661E+004
 0623  0.1746333404416491E+004
 0624  0.1734073630569102E+004
 0625  0.1721981615919344E+004
 0626  0.1710055514388909E+004
 0627  0.1699409268433490E+004
 0628  0.1690367103426407E+004
 0629  0.1681437718656011E+004
 0630  0.1672619806719165E+004
 0631  0.1663912063173020E+004
 0632  0.1655313187196480E+004
 0633  0.1646821882219627E+004
 0634  0.1638436856522067E+004
 0635  0.1630156823800589E+004
 0636  0.1621980503707148E+004
 0637  0.1613906622357788E+004
 0638  0.1600890328985142E+004
 0639  0.1584455137712601E+004
 0640  0.1568325033556407E+004
 0641  0.1552496241193114E+004
 0642  0.1536964844722414E+004
 0643  0.1521726802324396E+004
 0644  0.1510279115341609E+004
 0645  0.1499927935936244E+004
 0646  0.1489740496880530E+004
 0647  0.1479714429037989E+004
 0648  0.1469847361158428E+004
 0649  0.1460136922505606E+004
 0650  0.1450619829547714E+004
 0651  0.1441269524395964E+004
 0652  0.1432069890123426E+004
 0653  0.1423018587230007E+004
 0654  0.1414113283108751E+004
 0655  0.1405351654191902E+004
 0656  0.1396731387953910E+004
 0657  0.1388105802066782E+004
 0658  0.1379516158881562E+004
 0659  0.1371070612897206E+004
 0660  0.1362766733542553E+004
 0661  0.1354602104563897E+004
 0662  0.1346574326005798E+004
 0663  0.1338681016038664E+004
 0664  0.1330919812640225E+004
 0665  0.1323288375137362E+004
 0666  0.1314553473149113E+004
 0667  0.1302153439126290E+004
 0668  0.1290056379165097E+004
 0669  0.1278255248449316E+004
 0670  0.1266742972221369E+004
 0671  0.1255512466824892E+004
 0672  0.1246726552727431E+004
 0673  0.1238497580677091E+004
 0674  0.1230440878213485E+004
 0675  0.1222552444947922E+004
 0676  0.1214828330046235E+004
 0677  0.1207123403254749E+004
 0678  0.1199129943831242E+004
 0679  0.1191317309320834E+004
 0680  0.1183680768354111E+004
 0681  0.1176215661594222E+004
 0682  0.1168917406035056E+004
 0683  0.1161533452400368E+004
 0684  0.1153893046458473E+004
 0685  0.1146441536029938E+004
 0686  0.1139173130664931E+004
 0687  0.1132082155729884E+004
 0688  0.1125163057118666E+004
 0689  0.1117494165383978E+004
 0690  0.1106705311189203E+004
 0691  0.1096319598897660E+004
 0692  0.1086377482774145E+004
 0693  0.1079372765621435E+004
 0694  0.1072570588110195E+004
 0695  0.1065962019222133E+004
 0696  0.1059185553328615E+004
 0697  0.1052501777116753E+004
 0698  0.1046018879484155E+004
 0699  0.1039522995974670E+004
 0700  0.1032935198054154E+004
 0701  0.1026556150046402E+004
 0702  0.1020372313760476E+004
 0703  0.1010090846669625E+004
 0704  0.1001601144478623E+004
 0705  0.9954166994214866E+003
 0706  0.9892375032342212E+003
 0707  0.9831540520397032E+003
 0708  0.9770973531213240E+003
 0709  0.9690514415416299E+003
 0710  0.9628067127598141E+003
 0711  0.9583843662509140E+003
 0712  0.9521508513637505E+003
 0713  0.9451424009036912E+003
 0714  0.9405115242083099E+003
 0715  0.9358218742387755E+003
 0716  0.9279518974730265E+003
 0717  0.9223167538746484E+003
 0718  0.9174547390250927E+003
 0719  0.9132792397435393E+003
 0720  0.9080916577225648E+003
 0721  0.9026168463297528E+003
 0722  0.8981154317921660E+003
 0723  0.8936184797444527E+003
 0724  0.8883540177657886E+003
 0725  0.8816450019301056E+003
 0726  0.8762623775967611E+003
 0727  0.8718810122772990E+003
 0728  0.8675282310258674E+003
 0729  0.8611730194165581E+003
 0730  0.8552332838835509E+003
 0731  0.8516641515110249E+003
 0732  0.8481252118545768E+003
 0733  0.8446161384787579E+003
 0734  0.8411366119927326E+003
 0735  0.8363371741448053E+003
 0736  0.8313573837337279E+003
 0737  0.8264265012628340E+003
 0738  0.8215439164133212E+003
 0739  0.8169169667314376E+003
 0740  0.8124771176516109E+003
 0741  0.8080819047483714E+003
 0742  0.8037307938274282E+003
 0743  0.7994232595631382E+003
 0744  0.7941940727241357E+003
 0745  0.7883751953816679E+003
 0746  0.7826212635821646E+003
 0747  0.7775203655968239E+003
 0748  0.7737255690275397E+003
 0749  0.7699688769720796E+003
 0750  0.7662498505699217E+003
 0751  0.7625680570479682E+003
 0752  0.7589850776629554E+003
 0753  0.7554795143190247E+003
 0754  0.7520088066684544E+003
 0755  0.7485725600294938E+003
 0756  0.7451703849718140E+003
 0757  0.7418018972274667E+003
 0758  0.7384667176039864E+003
 0759  0.7351644718997117E+003
 0760  0.7291813077972827E+003
 0761  0.7230144869752057E+003
 0762  0.7169208803210302E+003
 0763  0.7111248178489677E+003
 0764  0.7081088597468754E+003
 0765  0.7051223611281816E+003
 0766  0.7021649970722095E+003
 0767  0.6992364467659382E+003
 0768  0.6963363934426118E+003
 0769  0.6934645243215742E+003
 0770  0.6906205305491766E+003
 0771  0.6871072222023519E+003
 0772  0.6833091303662681E+003
 0773  0.6795505632008845E+003
 0774  0.6758310550561863E+003
 0775  0.6721501465330203E+003
 0776  0.6685073843831096E+003
 0777  0.6649023214106128E+003
 0778  0.6605650461232739E+003
 0779  0.6549377707980236E+003
 0780  0.6493773926555751E+003
 0781  0.6438830262113163E+003
 0782  0.6414257597592768E+003
 0783  0.6390586028706624E+003
 0784  0.6367138918081790E+003
 0785  0.6343913880906032E+003
 0786  0.6320908561082080E+003
 0787  0.6298120630834592E+003
 0788  0.6275547790324127E+003
 0789  0.6253187767266207E+003
 0790  0.6228781581964371E+003
 0791  0.6200351592284002E+003
 0792  0.6172203160947197E+003
 0793  0.6144333146483375E+003
 0794  0.6116738447030364E+003
 0795  0.6089415999766426E+003
 0796  0.6062362780352873E+003
 0797  0.6035575802384418E+003
 0798  0.6009052116852497E+003
 0799  0.5982788811613019E+003
 0800  0.5956783010868048E+003
 0801  0.5931031874652507E+003
 0802  0.5894650097123198E+003
 0803  0.5851636396576603E+003
 0804  0.5809105109251565E+003
 0805  0.5767050173178390E+003
 0806  0.5725465610857570E+003
 0807  0.5684345527898488E+003
 0808  0.5645886909887784E+003
 0809  0.5612862823359310E+003
 0810  0.5580185360438562E+003
 0811  0.5547850423322188E+003
 0812  0.5515853968251026E+003
 0813  0.5490153834308986E+003
 0814  0.5467567117170355E+003
 0815  0.5445198408768171E+003
 0816  0.5423045348306226E+003
 0817  0.5401105603769140E+003
 0818  0.5379376871530045E+003
 0819  0.5357856875967750E+003
 0820  0.5332330060243131E+003
 0821  0.5306960065111333E+003
 0822  0.5281843212543523E+003
 0823  0.5256976660955221E+003
 0824  0.5232357604491758E+003
 0825  0.5207983272533960E+003
 0826  0.5183855018595874E+003
 0827  0.5159980779583125E+003
 0828  0.5136343538240716E+003
 0829  0.5112940649687438E+003
 0830  0.5089769502082803E+003
 0831  0.5066827516173132E+003
 0832  0.5044112144844998E+003
 0833  0.5021362894076565E+003
 0834  0.4997713702650140E+003
 0835  0.4974300894637393E+003
 0836  0.4951121813760836E+003
 0837  0.4928173837081245E+003
 0838  0.4905454374539207E+003
 0839  0.4882960868506404E+003
 0840  0.4862101723133249E+003
 0841  0.4842927645190205E+003
 0842  0.4823937817031881E+003
 0843  0.4805130255616904E+003
 0844  0.4786503001850170E+003
 0845  0.4768054120265374E+003
 0846  0.4749781698710768E+003
 0847  0.4731683848040105E+003
 0848  0.4713758701807926E+003
 0849  0.4697205595446521E+003
 0850  0.4681463476741238E+003
 0851  0.4665867531826897E+003
 0852  0.4650416249807213E+003
 0853  0.4635108137341480E+003
 0854  0.4619941718418830E+003
 0855  0.4604915534135063E+003
 0856  0.4590028142472835E+003
 0857  0.4575278118084909E+003
 0858  0.4560664052080156E+003
 0859  0.4546184551812673E+003
 0860  0.4531838240673594E+003
 0861  0.4517623757887185E+003
 0862  0.4503539758307409E+003
 0863  0.4489584912218174E+003
 0864  0.4475757905138413E+003
 0865  0.4462057437626138E+003
 0866  0.4433376051052542E+003
 0867  0.4403564468816114E+003
 0868  0.4374072940405827E+003
 0869  0.4344897613277581E+003
 0870  0.4316034685820896E+003
 0871  0.4287480406640568E+003
 0872  0.4259231073848154E+003
 0873  0.4235379796523044E+003
 0874  0.4218628665754383E+003
 0875  0.4202034803397470E+003
 0876  0.4185596562408178E+003
 0877  0.4169312315115235E+003
 0878  0.4153180452969389E+003
 0879  0.4137199386294278E+003
 0880  0.4121367544043066E+003
 0881  0.4107929456923375E+003
 0882  0.4095525429301615E+003
 0883  0.4083232043444752E+003
 0884  0.4071048212999267E+003
 0885  0.4058972863581617E+003
 0886  0.4047004932629527E+003
 0887  0.4035143369257299E+003
 0888  0.4023387134112385E+003
 0889  0.4011735199233560E+003
 0890  0.4000186547911232E+003
 0891  0.3988740174550011E+003
 0892  0.3977395084532279E+003
 0893  0.3966150294085070E+003
 0894  0.3954982261221923E+003
 0895  0.3942710026590058E+003
 0896  0.3930546460922905E+003
 0897  0.3918490507694358E+003
 0898  0.3906541121895120E+003
 0899  0.3894697269890348E+003
 0900  0.3882957929282408E+003
 0901  0.3871322088772989E+003
 0902  0.3859788748028691E+003
 0903  0.3848356917548297E+003
 0904  0.3837025618530909E+003
 0905  0.3825793882746116E+003
 0906  0.3814660752406557E+003
 0907  0.3803625280041884E+003
 0908  0.3792686528373689E+003
 0909  0.3781843570192788E+003
 0910  0.3771095488238583E+003
 0911  0.3760441375078019E+003
 0912  0.3749880332989304E+003
 0913  0.3739411473844002E+003
 0914  0.3729033918992311E+003
 0915  0.3716997509135185E+003
 0916  0.3701341099350373E+003
 0917  0.3685827064274931E+003
 0918  0.3670453970386381E+003
 0919  0.3655220400379081E+003
 0920  0.3640124952960025E+003
 0921  0.3625166242647298E+003
 0922  0.3610342899570301E+003
 0923  0.3595653569276980E+003
 0924  0.3581096912536555E+003
 0925  0.3566671605152136E+003
 0926  0.3552376337770530E+003
 0927  0.3538209815698626E+003
 0928  0.3524170758719563E+003
 0929  0.3510257900911289E+003
 0930  0.3500514066918681E+003
 0931  0.3491358837424655E+003
 0932  0.3482281121000772E+003
 0933  0.3473280210928232E+003
 0934  0.3464355407628453E+003
 0935  0.3455506018580509E+003
 0936  0.3446731358241490E+003
 0937  0.3438030747967819E+003
 0938  0.3429403515936951E+003
 0939  0.3420848997070590E+003
 0940  0.3412366532958443E+003
 0941  0.3403955471783101E+003
 0942  0.3395615168246193E+003
 0943  0.3387344983494885E+003
 0944  0.3379144285049620E+003
 0945  0.3371012446732179E+003
 0946  0.3362948848596714E+003
 0947  0.3354952876857976E+003
 0948  0.3347023923824244E+003
 0949  0.3339161387829154E+003
 0950  0.3331364673163969E+003
 0951  0.3323633190011061E+003
 0952  0.3314547690961460E+003
 0953  0.3303446335025727E+003
 0954  0.3292440205672833E+003
 0955  0.3281528417634498E+003
 0956  0.3270710094802483E+003
 0957  0.3259984370124349E+003
 0958  0.3249350385496087E+003
 0959  0.3238807291660291E+003
 0960  0.3228354248102298E+003
 0961  0.3217990422949879E+003
 0962  0.3207714992873091E+003
 0963  0.3197527142985983E+003
 0964  0.3187426066748719E+003
 0965  0.3177410965871780E+003
 0966  0.3167481050221687E+003
 0967  0.3157635537727089E+003
 0968  0.3147873654285515E+003
 0969  0.3138194633672980E+003
 0970  0.3128126258137679E+003
 0971  0.3118125680937790E+003
 0972  0.3108209675941965E+003
 0973  0.3098377473426295E+003
 0974  0.3088628311425649E+003
 0975  0.3078961435644522E+003
 0976  0.3069376099371897E+003
 0977  0.3059871563393765E+003
 0978  0.3050447095910504E+003
 0979  0.3041101972451314E+003
 0980  0.3031835475792909E+003
 0981  0.3022646895879561E+003
 0982  0.3013252643294883E+003
 0983  0.3003852884729167E+003
 0984  0.2994531998964904E+003
 0985  0.2985289276688061E+003
 0986  0.2976124015625982E+003
 0987  0.2967035520466580E+003
 0988  0.2958023102782117E+003
 0989  0.2949086080951618E+003
 0990  0.2939549804483980E+003
 0991  0.2930075688831128E+003
 0992  0.2920681033800217E+003
 0993  0.2911365125295525E+003
 0994  0.2902515177843015E+003
 0995  0.2893949129397135E+003
 0996  0.2885454203114696E+003
 0997  0.2877026643514916E+003
 0998  0.2868503622840377E+003
 0999  0.2859796018730050E+003
 1000  0.0000000000000000E+000
