  0.0000000000E+000  0.0000000000E+000
  1.7019122292E+003  2.2319428817E+003
  3.4028572360E+003  2.5293834340E+003
  5.1032634937E+003  2.7693650833E+003
  6.8039988720E+003  2.7345036721E+003
  8.5034563003E+003  2.7009721928E+003
  1.0204523914E+004  2.6854959051E+003
  1.1905133731E+004  2.6838539528E+003
  1.3606752175E+004  2.6886368097E+003
  1.5309756595E+004  2.6889338271E+003
  1.7012602641E+004  2.6895698917E+003
  1.8713516784E+004  2.6995639738E+003
  2.0413613327E+004  2.7092954931E+003
  2.2119685786E+004  2.7186242051E+003
  2.3821169590E+004  2.7272286241E+003
  2.5521566126E+004  2.7349963132E+003
  2.7224098243E+004  2.7418946177E+003
  2.8924228641E+004  2.7480223930E+003
  3.0619232753E+004  2.7533960471E+003
  3.2330368754E+004  2.7581224522E+003
  3.4025254372E+004  2.7621721914E+003
  3.5729202169E+004  2.7654678128E+003
  3.7427758356E+004  2.7683592621E+003
  3.9130875705E+004  2.7708398194E+003
  4.0829947307E+004  2.7729213485E+003
  4.2533908334E+004  2.7746485207E+003
  4.4220783125E+004  2.7760158538E+003
  4.5924454238E+004  2.7769359444E+003
  4.7621813357E+004  2.7776853196E+003
  4.9335336794E+004  2.7782508144E+003
  5.1041162246E+004  2.7786216407E+003
  5.2726080509E+004  2.7788121115E+003
  5.4433184335E+004  2.7787186299E+003
  5.6131187372E+004  2.7785430111E+003
  5.7842870996E+004  2.7782509757E+003
  5.9532846003E+004  2.7778490981E+003
  6.1242219719E+004  2.7772233613E+003
  6.2936944600E+004  2.7765448864E+003
  6.4633521298E+004  2.7757493770E+003
  6.6342351003E+004  2.7748100718E+003
  6.8047220015E+004  2.7737835714E+003
  6.9729997431E+004  2.7726248473E+003
  7.1447978453E+004  2.7712830353E+003
  7.3136225656E+004  2.7697895331E+003
  7.4849740126E+004  2.7683960726E+003
  7.6533482898E+004  2.7670794462E+003
  7.8250868418E+004  2.7657632363E+003
  7.9936676278E+004  2.7644855748E+003
  8.1639914798E+004  2.7632030555E+003
  8.3347872449E+004  2.7619221860E+003
  8.5048497991E+004  2.7606502823E+003
  8.6764451871E+004  2.7593695558E+003
  8.8473440358E+004  2.7580964139E+003
  9.0171095052E+004  2.7568342074E+003
  9.1875533247E+004  2.7555698247E+003
  9.3558894747E+004  2.7543243611E+003
  9.5253444806E+004  2.7530743613E+003
  9.6987209568E+004  2.7517997834E+003
  9.8664195997E+004  2.7505714669E+003
  1.0037868608E+005  2.7493206139E+003
  1.0208570069E+005  2.7480805981E+003
  1.0377126088E+005  2.7468619324E+003
  1.0547411966E+005  2.7456369050E+003
  1.0715334054E+005  2.7444351433E+003
  1.0884706688E+005  2.7432294919E+003
  1.1055311570E+005  2.7420218745E+003
  1.1226592293E+005  2.7408165667E+003
  1.1397904325E+005  2.7396183801E+003
  1.1565320344E+005  2.7384546971E+003
  1.1737032219E+005  2.7372686914E+003
  1.1904832324E+005  2.7361170922E+003
  1.2075920240E+005  2.7349504574E+003
  1.2245627424E+005  2.7338008014E+003
  1.2413498695E+005  2.7326710352E+003
  1.2586141202E+005  2.7315169726E+003
  1.2755908858E+005  2.7303898737E+003
  1.2926149508E+005  2.7292672751E+003
  1.3092988128E+005  2.7281744344E+003
  1.3264620074E+005  2.7270577086E+003
  1.3434283701E+005  2.7259612322E+003
  1.3604420149E+005  2.7248691263E+003
  1.3773575958E+005  2.7237906699E+003
  1.3943707142E+005  2.7227133704E+003
  1.4113635925E+005  2.7216446283E+003
  1.4282532993E+005  2.7205894483E+003
  1.4451962043E+005  2.7195379250E+003
  1.4623254608E+005  2.7184818746E+003
  1.4792282348E+005  2.7174466692E+003
  1.4961788302E+005  2.7164153669E+003
  1.5132134817E+005  2.7153857889E+003
  1.5301596791E+005  2.7143682543E+003
  1.5471724387E+005  2.7133532929E+003
  1.5642314023E+005  2.7123420531E+003
  1.5811433037E+005  2.7113458508E+003
  1.5981777569E+005  2.7103487284E+003
  1.6151362422E+005  2.7093622801E+003
  1.6321125918E+005  2.7083809732E+003
  1.6490673451E+005  2.7074070187E+003
  1.6660838130E+005  2.7064355333E+003
  1.6830546837E+005  2.7054725259E+003
  1.7000284798E+005  2.7045239082E+003
  1.7170223927E+005  1.2786262061E+005
  1.7340560393E+005  7.7510596032E+004
  1.7510971723E+005  6.3621770609E+004
  1.7681326483E+005  5.6729240721E+004
  1.7851133536E+005  5.2377845949E+004
  1.8021453110E+005  4.9248454250E+004
  1.8191192910E+005  4.6842193343E+004
  1.8361491527E+005  4.4889826629E+004
  1.8532055997E+005  4.3257112127E+004
  1.8703018244E+005  4.1854779767E+004
  1.8872594257E+005  4.0638165193E+004
  1.9042928145E+005  3.9552839907E+004
  1.9213705645E+005  3.8578290624E+004
  1.9382915160E+005  3.7706172867E+004
  1.9552869270E+005  3.6907934300E+004
  1.9724531163E+005  3.6168759336E+004
  1.9894355882E+005  3.5494558912E+004
  2.0063468865E+005  3.4871350515E+004
  2.0233491542E+005  3.4287315696E+004
  2.0403642348E+005  3.3739598413E+004
  2.0573086277E+005  3.3227086923E+004
  2.0744127802E+005  3.2739597812E+004
  2.0916270227E+005  3.2276610432E+004
  2.1085531036E+005  3.1845979917E+004
  2.1254534929E+005  3.1429495233E+004
  2.1426427726E+005  3.1023732735E+004
  2.1597145769E+005  3.0639777344E+004
  2.1766051510E+005  3.0277027217E+004
  2.1936621665E+005  2.9926883277E+004
  2.2104332256E+005  2.9597411894E+004
  2.2277295235E+005  2.9271729256E+004
  2.2446584384E+005  2.8966357008E+004
  2.2616171179E+005  2.8672598151E+004
  2.2785758729E+005  2.8390117774E+004
  2.2955048128E+005  2.8118664465E+004
  2.3128759934E+005  2.7850211204E+004
  2.3296664198E+005  2.7599879780E+004
  2.3468628634E+005  2.7352604823E+004
  2.3639317906E+005  2.7112060643E+004
  2.3808421402E+005  2.6879381034E+004
  2.3981263540E+005  2.6649157593E+004
  2.4146385768E+005  2.6436022997E+004
  2.4320737729E+005  2.6217936429E+004
  2.4486754875E+005  2.6016581454E+004
  2.4662096615E+005  2.5810221479E+004
  2.4828494771E+005  2.5620065706E+004
  2.4997973309E+005  2.5431943021E+004
  2.5170577456E+005  2.5245935873E+004
  2.5339786484E+005  2.5068752283E+004
  2.5511979790E+005  2.4893472858E+004
  2.5680405043E+005  2.4726767056E+004
  2.5851668378E+005  2.4560817931E+004
  2.6018786710E+005  2.4402764409E+004
  2.6188590631E+005  2.4246256724E+004
  2.6361115439E+005  2.4091347194E+004
  2.6529038010E+005  2.3944325369E+004
  2.6699524244E+005  2.3798698288E+004
  2.6872606531E+005  2.3654476387E+004
  2.7040623007E+005  2.3517811284E+004
  2.7211073960E+005  2.3382352679E+004
  2.7383988400E+005  2.3248123756E+004
  2.7551368529E+005  2.3121098009E+004
  2.7721047074E+005  2.2994210699E+004
  2.7893051141E+005  2.2866320622E+004
  2.8059051841E+005  2.2745456518E+004
  2.8235676236E+005  2.2614834665E+004
  2.8406128689E+005  2.2497400679E+004
  2.8570104826E+005  2.2385788561E+004
  2.8744889739E+005  2.2268820638E+004
  2.8913028106E+005  2.2158394452E+004
  2.9083228414E+005  2.2048732920E+004
  2.9255513472E+005  2.1939837305E+004
  2.9420674884E+005  2.1837395907E+004
  2.9597086283E+005  2.1728736240E+004
  2.9766199096E+005  2.1625302570E+004
  2.9936986100E+005  2.1522690130E+004
  3.0107986100E+005  2.1421748962E+004
  3.0278986100E+005  2.1322566243E+004
  3.0440486100E+005  2.1230466852E+004
  3.0611486100E+005  2.1134567858E+004
  3.0782486100E+005  2.1040282952E+004
  3.0953486100E+005  2.0947562994E+004
  3.1124486100E+005  2.0856370237E+004
  3.1295486100E+005  2.0766031452E+004
  3.1466486100E+005  2.0675991363E+004
  3.1637486100E+005  2.0587350155E+004
  3.1808486100E+005  2.0500067901E+004
  3.1969986100E+005  2.0418851844E+004
  3.2140986100E+005  2.0334111294E+004
  3.2311986100E+005  2.0250629165E+004
  3.2482986100E+005  2.0168378454E+004
  3.2653986100E+005  2.0087326767E+004
  3.2824986100E+005  2.0007445835E+004
  3.2995986100E+005  1.9927795897E+004
  3.3166986100E+005  1.9848590881E+004
  3.3337986100E+005  1.9770459984E+004
  3.3508986100E+005  1.9693383606E+004
  3.3670486100E+005  1.9621534754E+004
  3.3841486100E+005  1.9546440101E+004
  3.4012486100E+005  1.9472333916E+004
  3.4183486100E+005  1.9399197257E+004
  3.4354486100E+005  1.9327002650E+004
  3.4525486100E+005  1.9255600760E+004
  3.4696486100E+005  1.9184070266E+004
  3.4867486100E+005  1.9113425253E+004
  3.5038486100E+005  1.9043650445E+004
  3.5199986100E+005  1.8978531229E+004
  3.5370986100E+005  1.8910393175E+004
  3.5541986100E+005  1.8843071728E+004
  3.5712986100E+005  1.8776552706E+004
  3.5883986100E+005  1.8710818607E+004
  3.6054986100E+005  1.8645861398E+004
  3.6225986100E+005  1.8580921926E+004
  3.6396986100E+005  1.8516697085E+004
  3.6567986100E+005  1.8453199186E+004
  3.6738986100E+005  1.8390420095E+004
  3.6900486100E+005  1.8331775972E+004
  3.7071486100E+005  1.8270352546E+004
  3.7242486100E+005  1.8209610982E+004
  3.7413486100E+005  1.8149535674E+004
  3.7584486100E+005  1.8089999993E+004
  3.7755486100E+005  1.8030608893E+004
  3.7926486100E+005  1.7971854145E+004
  3.8097486100E+005  1.7913720530E+004
  3.8268486100E+005  1.7856196503E+004
  3.8429986100E+005  1.7802422172E+004
  3.8600986100E+005  1.7746058596E+004
  3.8771986100E+005  1.7690279903E+004
  3.8942986100E+005  1.7635073544E+004
  3.9113986100E+005  1.7580016129E+004
  3.9284986100E+005  1.7525393185E+004
  3.9455986100E+005  1.7471314533E+004
  3.9626986100E+005  1.7417768781E+004
  3.9797986100E+005  1.7364748130E+004
  3.9968986100E+005  1.7312243569E+004
  4.0130486100E+005  1.7263126075E+004
  4.0301486100E+005  1.7211606562E+004
  4.0472486100E+005  1.7160355079E+004
  4.0643486100E+005  1.7109494038E+004
  4.0814486100E+005  1.7059112271E+004
  4.0985486100E+005  1.7009201900E+004
  4.1156486100E+005  1.6959755029E+004
  4.1327486100E+005  1.6910768377E+004
  4.1498486100E+005  1.6861421441E+004
  4.1659986100E+005  1.6816118484E+004
  4.1830986100E+005  1.6768411277E+004
  4.2001986100E+005  1.6721062197E+004
  4.2172986100E+005  1.6674115618E+004
  4.2343986100E+005  1.6627574585E+004
  4.2514986100E+005  1.6581439091E+004
  4.2685986100E+005  1.6535703447E+004
  4.2856986100E+005  1.6490366359E+004
  4.3027986100E+005  1.6445387010E+004
  4.3198986100E+005  1.6400689682E+004
  4.3360486100E+005  1.6358829943E+004
  4.3531486100E+005  1.6314878712E+004
  4.3702486100E+005  1.6271302993E+004
  4.3873486100E+005  1.6228098217E+004
  4.4044486100E+005  1.6185261294E+004
  4.4215486100E+005  1.6142785701E+004
  4.4386486100E+005  1.6100588779E+004
  4.4557486100E+005  1.6058742821E+004
  4.4728486100E+005  1.6017244561E+004
  4.4889986100E+005  1.5978368565E+004
  4.5060986100E+005  1.5937535605E+004
  4.5231986100E+005  1.5897038345E+004
  4.5402986100E+005  1.5856872502E+004
  4.5573986100E+005  1.5817007439E+004
  4.5744986100E+005  1.5777464085E+004
  4.5915986100E+005  1.5738238666E+004
  4.6086986100E+005  1.5699327558E+004
  4.6257986100E+005  1.5660726614E+004
  4.6428986100E+005  1.5622432285E+004
  4.6590486100E+005  1.5586542501E+004
  4.6761486100E+005  1.5548826412E+004
  4.6932486100E+005  1.5511405629E+004
  4.7103486100E+005  1.5474275637E+004
  4.7274486100E+005  1.5437433347E+004
  4.7445486100E+005  1.5400874251E+004
  4.7616486100E+005  1.5364595688E+004
  4.7787486100E+005  1.5328592186E+004
  4.7958486100E+005  1.5292860866E+004
  4.8119986100E+005  1.5259361742E+004
  4.8290986100E+005  1.5224150996E+004
  4.8461986100E+005  1.5189202581E+004
  4.8632986100E+005  1.5154512553E+004
  4.8803986100E+005  1.5120079143E+004
  4.8974986100E+005  1.5085896097E+004
  4.9145986100E+005  1.5051962976E+004
  4.9316986100E+005  1.5018276940E+004
  4.9487986100E+005  1.4984834695E+004
  4.9658986100E+005  1.4951633526E+004
  4.9820486100E+005  1.4920495706E+004
  4.9991486100E+005  1.4887744717E+004
  5.0162486100E+005  1.4855226992E+004
  5.0333486100E+005  1.4822938869E+004
  5.0504486100E+005  1.4790878262E+004
  5.0675486100E+005  1.4759041541E+004
  5.0846486100E+005  1.4727421591E+004
  5.1017486100E+005  1.4696004816E+004
  5.1188486100E+005  1.4664803865E+004
  5.1349986100E+005  1.4635533116E+004
  5.1520986100E+005  1.4604745398E+004
  5.1691986100E+005  1.4574166362E+004
  5.1862986100E+005  1.4543781094E+004
  5.2033986100E+005  1.4513583348E+004
  5.2204986100E+005  1.4483586865E+004
  5.2375986100E+005  1.4453789380E+004
  5.2546986100E+005  1.4424189003E+004
  5.2717986100E+005  1.4394068353E+004
  5.2888986100E+005  1.4364923104E+004
  5.3050486100E+005  1.4337546182E+004
  5.3221486100E+005  1.4308722989E+004
  5.3392486100E+005  1.4280074469E+004
  5.3563486100E+005  1.4251602223E+004
  5.3734486100E+005  1.4223300885E+004
  5.3905486100E+005  1.4195148129E+004
  5.4076486100E+005  1.4167169693E+004
  5.4247486100E+005  1.4139364601E+004
  5.4418486100E+005  1.4111732290E+004
  5.4579986100E+005  1.4085792511E+004
  5.4750986100E+005  1.4058468451E+004
  5.4921986100E+005  1.4031305522E+004
  5.5092986100E+005  1.4004308978E+004
  5.5263986100E+005  1.3977476680E+004
  5.5434986100E+005  1.3950808977E+004
  5.5605986100E+005  1.3924288591E+004
  5.5776986100E+005  1.3897915458E+004
  5.5947986100E+005  1.3871701181E+004
  5.6118986100E+005  1.3845643896E+004
  5.6280486100E+005  1.3821179057E+004
  5.6451486100E+005  1.3795128263E+004
  5.6622486100E+005  1.3769112901E+004
  5.6793486100E+005  1.3743739041E+004
  5.6964486100E+005  1.3718489381E+004
  5.7135486100E+005  1.3693368967E+004
  5.7306486100E+005  1.3668380269E+004
  5.7477486100E+005  1.3643508344E+004
  5.7648486100E+005  1.3618773995E+004
  5.7809986100E+005  1.3595540722E+004
  5.7980986100E+005  1.3571075112E+004
