 0033   0.100138E+00   0.281495E+09   0.281107E+10   0.123198E+10   0.590259E+14
 0034   0.104555E+00   0.295712E+09   0.321898E+10   0.130057E+10   0.527953E+14
 0035   0.115729E+00   0.316840E+09   0.189071E+10   0.129814E+10   0.471429E+14
 0036   0.127940E+00   0.339852E+09   0.188454E+10   0.129670E+10   0.421043E+14
 0037   0.140816E+00   0.364804E+09   0.193792E+10   0.134185E+10   0.376285E+14
 0038   0.160284E+00   0.399248E+09   0.176928E+10   0.129848E+10   0.336923E+14
 0039   0.177466E+00   0.432488E+09   0.193452E+10   0.128253E+10   0.302862E+14
 0040   0.197328E+00   0.468133E+09   0.179467E+10   0.125850E+10   0.273061E+14
 0041   0.217368E+00   0.504370E+09   0.180828E+10   0.124061E+10   0.246909E+14
 0042   0.238669E+00   0.542065E+09   0.176953E+10   0.122332E+10   0.223788E+14
 0043   0.261623E+00   0.581482E+09   0.171728E+10   0.120502E+10   0.203235E+14
 0044   0.285131E+00   0.622011E+09   0.172405E+10   0.118876E+10   0.184906E+14
 0045   0.310021E+00   0.664015E+09   0.168760E+10   0.117229E+10   0.168475E+14
 0046   0.336032E+00   0.707219E+09   0.166094E+10   0.115748E+10   0.153688E+14
 0047   0.365277E+00   0.753131E+09   0.156991E+10   0.113687E+10   0.140307E+14
 0048   0.394486E+00   0.799440E+09   0.158547E+10   0.112210E+10   0.128188E+14
 0049   0.424863E+00   0.847230E+09   0.157321E+10   0.110863E+10   0.117164E+14
 0050   0.456731E+00   0.896518E+09   0.154661E+10   0.109574E+10   0.107105E+14
 0051   0.491257E+00   0.948209E+09   0.149718E+10   0.107961E+10   0.978938E+13
 0052   0.525067E+00   0.100004E+10   0.153290E+10   0.107047E+10   0.894567E+13
 0053   0.563994E+00   0.105562E+10   0.142780E+10   0.105364E+10   0.816808E+13
 0054   0.602202E+00   0.111147E+10   0.146176E+10   0.104402E+10   0.745265E+13
 0055   0.644418E+00   0.117061E+10   0.140097E+10   0.103000E+10   0.679127E+13
 0056   0.686099E+00   0.123026E+10   0.143113E+10   0.102196E+10   0.618055E+13
 0057   0.731921E+00   0.129334E+10   0.137652E+10   0.100924E+10   0.561429E+13
 0058   0.781314E+00   0.135917E+10   0.133286E+10   0.995936E+09   0.508875E+13
 0059   0.827947E+00   0.142451E+10   0.140112E+10   0.991945E+09   0.460183E+13
 0060   0.881774E+00   0.149524E+10   0.131404E+10   0.980960E+09   0.414812E+13
 0061   0.938598E+00   0.156877E+10   0.129402E+10   0.971140E+09   0.372602E+13
 0062   0.999385E+00   0.164619E+10   0.127353E+10   0.959925E+09   0.333304E+13
 0063   0.105702E+01   0.172340E+10   0.133965E+10   0.957955E+09   0.296804E+13
 0064   0.112001E+01   0.180547E+10   0.130307E+10   0.973669E+09   0.262781E+13
 0065   0.120409E+01   0.190692E+10   0.120662E+10   0.949650E+09   0.231075E+13
 0066   0.128109E+01   0.200503E+10   0.127412E+10   0.939290E+09   0.201885E+13
 0067   0.136425E+01   0.210718E+10   0.122831E+10   0.928603E+09   0.174849E+13
 0068   0.145121E+01   0.221272E+10   0.121369E+10   0.918521E+09   0.163139E+13
 0069   0.153812E+01   0.231956E+10   0.122922E+10   0.912671E+09   0.139919E+13
 0070   0.164123E+01   0.243616E+10   0.113089E+10   0.897462E+09   0.130510E+13
 0071   0.174211E+01   0.255315E+10   0.115972E+10   0.888870E+09   0.121647E+13
 0072   0.185197E+01   0.267624E+10   0.112041E+10   0.879303E+09   0.113226E+13
 0073   0.195724E+01   0.279989E+10   0.117453E+10   0.875871E+09   0.105275E+13
 0074   0.207973E+01   0.293364E+10   0.109196E+10   0.866598E+09   0.932180E+12
 0075   0.220968E+01   0.307367E+10   0.107757E+10   0.857195E+09   0.863348E+12
 0076   0.234469E+01   0.321866E+10   0.107394E+10   0.849206E+09   0.797986E+12
 0077   0.248733E+01   0.336977E+10   0.105937E+10   0.843438E+09   0.735747E+12
 0078   0.263721E+01   0.352832E+10   0.105785E+10   0.838091E+09   0.676532E+12
 0079   0.279332E+01   0.369382E+10   0.106012E+10   0.834752E+09   0.620283E+12
 0080   0.297499E+01   0.387485E+10   0.996473E+09   0.825950E+09   0.566241E+12
 0081   0.315106E+01   0.405933E+10   0.104775E+10   0.824266E+09   0.515463E+12
 0082   0.335227E+01   0.426047E+10   0.999657E+09   0.819537E+09   0.466857E+12
 0083   0.356960E+01   0.447580E+10   0.990823E+09   0.815794E+09   0.420709E+12
 0084   0.380115E+01   0.470682E+10   0.997729E+09   0.813521E+09   0.377048E+12
 0085   0.406801E+01   0.496288E+10   0.959502E+09   0.807871E+09   0.335487E+12
 0086   0.433646E+01   0.523144E+10   0.100041E+10   0.810546E+09   0.296681E+12
 0087   0.464625E+01   0.553385E+10   0.976162E+09   0.814555E+09   0.259943E+12
 0088   0.497828E+01   0.587045E+10   0.101378E+10   0.827918E+09   0.225670E+12
 0089   0.531874E+01   0.625297E+10   0.112353E+10   0.947986E+09   0.195365E+12
 0090   0.611111E+01   0.711376E+10   0.108635E+10   0.906369E+09   0.167553E+12
 0091   0.684871E+01   0.795879E+10   0.114565E+10   0.883939E+09   0.145070E+12
 0092   0.772432E+01   0.885339E+10   0.102168E+10   0.862689E+09   0.126085E+12
 0093   0.864758E+01   0.977579E+10   0.999085E+09   0.846987E+09   0.109988E+12
 0094   0.965735E+01   0.107528E+11   0.967594E+09   0.830665E+09   0.961428E+11
 0095   0.107121E+02   0.117657E+11   0.960288E+09   0.818044E+09   0.842323E+11
 0096   0.119092E+02   0.128572E+11   0.911786E+09   0.802403E+09   0.738481E+11
 0097   0.131102E+02   0.139759E+11   0.931497E+09   0.793355E+09   0.648653E+11
 0098   0.144874E+02   0.151909E+11   0.882197E+09   0.780258E+09   0.569326E+11
 0099   0.159239E+02   0.164589E+11   0.882729E+09   0.770454E+09   0.499462E+11
 0100   0.175642E+02   0.178386E+11   0.841083E+09   0.755829E+09   0.437036E+11
 0101   0.191516E+02   0.192099E+11   0.863896E+09   0.748821E+09   0.382922E+11
 0102   0.209167E+02   0.206534E+11   0.817827E+09   0.739122E+09   0.335335E+11
 0103   0.227393E+02   0.221288E+11   0.809485E+09   0.732420E+09   0.293520E+11
 0104   0.247148E+02   0.236784E+11   0.784384E+09   0.725046E+09   0.256449E+11
 0105   0.267700E+02   0.252848E+11   0.781609E+09   0.718665E+09   0.223542E+11
 0106   0.289281E+02   0.269559E+11   0.774375E+09   0.713393E+09   0.194155E+11
 0107   0.311191E+02   0.286756E+11   0.784885E+09   0.712605E+09   0.167822E+11
 0108   0.335319E+02   0.305233E+11   0.765803E+09   0.708930E+09   0.144001E+11
 0109   0.360862E+02   0.324684E+11   0.761465E+09   0.708478E+09   0.122537E+11
 0110   0.387991E+02   0.345462E+11   0.765919E+09   0.710507E+09   0.103198E+11
 0111   0.417909E+02   0.368214E+11   0.760481E+09   0.713044E+09   0.857622E+10
 0112   0.450600E+02   0.393218E+11   0.764858E+09   0.718160E+09   0.701219E+10
 0113   0.486420E+02   0.421090E+11   0.778123E+09   0.729370E+09   0.560734E+10
 0114   0.527150E+02   0.453417E+11   0.793680E+09   0.739887E+09   0.435518E+10
 0115   0.573384E+02   0.490908E+11   0.810899E+09   0.756346E+09   0.325776E+10
 0116   0.628072E+02   0.536283E+11   0.829710E+09   0.780444E+09   0.230571E+10
 0117   0.693506E+02   0.593587E+11   0.875761E+09   0.818874E+09   0.149774E+10
 0118   0.779470E+02   0.673145E+11   0.925474E+09   0.885222E+09   0.838916E+09
 0119   0.893685E+02   0.798238E+11   0.109524E+10   0.110421E+10   0.356399E+09
 0120   0.115214E+03   0.116668E+12   0.142557E+10   0.287883E+10   0.297067E+08
 0121   0.354938E+03   0.832039E+12   0.298414E+10   0.155866E+10   0.142729E+08
 0122   0.133861E+04   0.221348E+13   0.140438E+10   0.107315E+10   0.105379E+08
 0123   0.239341E+04   0.332802E+13   0.105663E+10   0.940584E+09   0.913836E+07
 0124   0.356775E+04   0.432302E+13   0.847287E+09   0.866271E+09   0.804219E+07
 0125   0.477662E+04   0.522858E+13   0.749102E+09   0.819477E+09   0.713299E+07
 0126   0.598158E+04   0.608054E+13   0.707035E+09   0.783294E+09   0.638821E+07
 0127   0.712536E+04   0.687860E+13   0.697739E+09   0.756160E+09   0.580086E+07
 0128   0.825891E+04   0.764608E+13   0.677064E+09   0.730350E+09   0.533048E+07
 0129   0.934634E+04   0.837027E+13   0.665962E+09   0.709990E+09   0.495970E+07
 0130   0.103983E+05   0.906324E+13   0.658733E+09   0.692281E+09   0.466368E+07
 0131   0.114084E+05   0.972633E+13   0.656491E+09   0.677953E+09   0.442962E+07
 0132   0.124037E+05   0.103705E+14   0.647239E+09   0.664397E+09   0.423613E+07
 0133   0.133844E+05   0.109952E+14   0.636926E+09   0.650288E+09   0.407475E+07
 0134   0.143390E+05   0.115927E+14   0.625912E+09   0.639440E+09   0.394176E+07
 0135   0.152859E+05   0.121737E+14   0.613597E+09   0.629940E+09   0.382567E+07
 0136   0.162342E+05   0.127438E+14   0.601159E+09   0.618429E+09   0.372148E+07
 0137   0.171467E+05   0.132881E+14   0.596519E+09   0.611333E+09   0.363491E+07
 0138   0.180718E+05   0.138269E+14   0.582446E+09   0.602214E+09   0.355083E+07
 0139   0.189768E+05   0.143486E+14   0.576426E+09   0.593864E+09   0.347629E+07
 0140   0.198649E+05   0.148541E+14   0.569213E+09   0.587323E+09   0.340870E+07
 0141   0.207649E+05   0.153539E+14   0.555313E+09   0.578796E+09   0.334119E+07
 0142   0.216234E+05   0.158322E+14   0.557144E+09   0.574314E+09   0.328535E+07
 0143   0.225026E+05   0.163102E+14   0.543680E+09   0.567329E+09   0.322668E+07
 0144   0.233514E+05   0.167724E+14   0.544583E+09   0.562390E+09   0.317614E+07
 0145   0.242061E+05   0.172292E+14   0.534408E+09   0.556655E+09   0.312605E+07
 0146   0.250611E+05   0.176783E+14   0.525273E+09   0.550744E+09   0.307755E+07
 0147   0.258974E+05   0.181159E+14   0.523271E+09   0.545415E+09   0.303333E+07
 0148   0.267221E+05   0.185435E+14   0.518471E+09   0.540965E+09   0.299172E+07
 0149   0.275295E+05   0.189611E+14   0.517214E+09   0.538188E+09   0.295282E+07
 0150   0.283561E+05   0.193795E+14   0.506226E+09   0.533550E+09   0.291319E+07
 0151   0.291734E+05   0.197905E+14   0.502842E+09   0.528351E+09   0.287543E+07
 0152   0.299810E+05   0.201917E+14   0.496839E+09   0.524783E+09   0.283952E+07
 0153   0.307864E+05   0.205885E+14   0.492678E+09   0.519997E+09   0.280461E+07
 0154   0.315612E+05   0.209722E+14   0.495214E+09   0.517434E+09   0.277214E+07
 0155   0.323626E+05   0.213572E+14   0.480394E+09   0.513037E+09   0.273931E+07
 0156   0.331357E+05   0.217314E+14   0.483963E+09   0.510073E+09   0.270837E+07
 0157   0.339139E+05   0.221023E+14   0.476663E+09   0.506637E+09   0.267803E+07
 0158   0.346875E+05   0.224683E+14   0.473089E+09   0.503249E+09   0.264861E+07
 0159   0.354397E+05   0.228258E+14   0.475300E+09   0.500959E+09   0.262022E+07
 0160   0.362076E+05   0.231829E+14   0.464948E+09   0.497883E+09   0.259253E+07
 0161   0.369717E+05   0.235360E+14   0.462099E+09   0.494443E+09   0.256567E+07
 0162   0.377155E+05   0.238810E+14   0.463812E+09   0.491686E+09   0.253962E+07
 0163   0.384556E+05   0.242210E+14   0.459499E+09   0.489026E+09   0.251411E+07
 0164   0.391850E+05   0.245553E+14   0.458289E+09   0.487330E+09   0.248906E+07
 0165   0.399286E+05   0.248900E+14   0.450181E+09   0.484604E+09   0.246501E+07
 0166   0.406684E+05   0.252215E+14   0.447952E+09   0.481592E+09   0.244159E+07
 0167   0.413859E+05   0.255452E+14   0.451202E+09   0.479296E+09   0.241849E+07
 0168   0.421095E+05   0.258664E+14   0.443870E+09   0.476365E+09   0.239606E+07
 0169   0.428151E+05   0.261804E+14   0.445078E+09   0.474626E+09   0.237368E+07
 0170   0.435222E+05   0.264923E+14   0.441050E+09   0.473136E+09   0.235187E+07
 0171   0.442402E+05   0.268048E+14   0.435281E+09   0.470507E+09   0.233100E+07
 0172   0.449380E+05   0.271110E+14   0.438811E+09   0.468878E+09   0.231002E+07
 0173   0.456335E+05   0.274145E+14   0.436328E+09   0.466896E+09   0.228952E+07
 0174   0.463349E+05   0.277162E+14   0.430200E+09   0.464211E+09   0.226981E+07
 0175   0.470310E+05   0.280139E+14   0.427641E+09   0.461622E+09   0.225042E+07
 0176   0.477043E+05   0.283044E+14   0.431441E+09   0.460317E+09   0.223072E+07
 0177   0.483706E+05   0.285912E+14   0.430515E+09   0.459468E+09   0.221121E+07
 0178   0.490632E+05   0.288812E+14   0.418584E+09   0.456945E+09   0.219304E+07
 0179   0.497312E+05   0.291645E+14   0.424185E+09   0.455413E+09   0.217452E+07
 0180   0.503948E+05   0.294448E+14   0.422361E+09   0.453726E+09   0.215633E+07
 0181   0.510622E+05   0.297232E+14   0.417245E+09   0.451608E+09   0.213865E+07
 0182   0.517213E+05   0.299978E+14   0.416484E+09   0.449924E+09   0.212104E+07
 0183   0.523734E+05   0.302690E+14   0.415905E+09   0.448684E+09   0.210352E+07
 0184   0.530148E+05   0.305367E+14   0.417486E+09   0.448034E+09   0.208600E+07
 0185   0.536646E+05   0.308048E+14   0.412598E+09   0.446602E+09   0.206903E+07
 0186   0.543200E+05   0.310724E+14   0.408283E+09   0.444443E+09   0.205253E+07
 0187   0.549537E+05   0.313340E+14   0.412754E+09   0.443228E+09   0.203577E+07
 0188   0.555865E+05   0.315931E+14   0.409500E+09   0.441972E+09   0.201925E+07
 0189   0.562225E+05   0.318508E+14   0.405125E+09   0.440459E+09   0.200305E+07
 0190   0.568690E+05   0.321086E+14   0.398844E+09   0.438215E+09   0.198730E+07
 0191   0.574828E+05   0.323591E+14   0.408060E+09   0.437733E+09   0.197100E+07
 0192   0.581092E+05   0.326106E+14   0.401418E+09   0.436444E+09   0.195521E+07
 0193   0.587198E+05   0.328581E+14   0.405350E+09   0.435741E+09   0.193935E+07
 0194   0.593353E+05   0.331049E+14   0.401100E+09   0.434499E+09   0.192382E+07
 0195   0.599533E+05   0.333505E+14   0.397314E+09   0.432807E+09   0.190855E+07
 0196   0.605724E+05   0.335943E+14   0.393816E+09   0.430942E+09   0.189348E+07
 0197   0.611677E+05   0.338322E+14   0.399708E+09   0.430365E+09   0.187818E+07
 0198   0.617662E+05   0.340693E+14   0.396090E+09   0.429410E+09   0.186315E+07
 0199   0.623720E+05   0.343062E+14   0.391080E+09   0.427813E+09   0.184839E+07
 0200   0.629629E+05   0.345391E+14   0.394138E+09   0.426917E+09   0.183357E+07
 0201   0.635649E+05   0.347725E+14   0.387692E+09   0.425211E+09   0.181904E+07
 0202   0.641500E+05   0.350017E+14   0.391659E+09   0.424380E+09   0.180440E+07
 0203   0.647414E+05   0.352307E+14   0.387302E+09   0.423060E+09   0.178996E+07
 0204   0.653096E+05   0.354547E+14   0.394197E+09   0.423007E+09   0.177532E+07
 0205   0.658798E+05   0.356780E+14   0.391721E+09   0.422874E+09   0.176087E+07
 0206   0.664786E+05   0.359055E+14   0.379890E+09   0.420547E+09   0.174670E+07
 0207   0.670525E+05   0.361274E+14   0.386511E+09   0.419760E+09   0.173245E+07
 0208   0.676029E+05   0.363442E+14   0.393905E+09   0.420071E+09   0.171819E+07
 0209   0.681870E+05   0.365654E+14   0.378718E+09   0.418115E+09   0.170419E+07
 0210   0.687511E+05   0.367818E+14   0.383617E+09   0.417313E+09   0.169019E+07
 0211   0.693239E+05   0.369985E+14   0.378332E+09   0.415845E+09   0.167633E+07
 0212   0.698760E+05   0.372105E+14   0.384072E+09   0.415449E+09   0.166246E+07
 0213   0.704349E+05   0.374225E+14   0.379346E+09   0.414440E+09   0.164871E+07
 0214   0.709695E+05   0.376293E+14   0.386728E+09   0.414712E+09   0.163502E+07
 0215   0.715380E+05   0.378405E+14   0.371526E+09   0.412747E+09   0.162142E+07
 0216   0.720792E+05   0.380460E+14   0.379713E+09   0.412364E+09   0.160786E+07
 0217   0.726221E+05   0.382508E+14   0.377275E+09   0.411672E+09   0.159436E+07
 0218   0.731665E+05   0.384549E+14   0.374852E+09   0.410701E+09   0.158091E+07
 0219   0.737130E+05   0.386583E+14   0.372196E+09   0.409510E+09   0.156752E+07
 0220   0.742324E+05   0.388563E+14   0.381275E+09   0.409834E+09   0.155417E+07
 0221   0.747566E+05   0.390543E+14   0.377648E+09   0.409728E+09   0.154090E+07
 0222   0.752873E+05   0.392525E+14   0.373427E+09   0.408924E+09   0.152766E+07
 0223   0.758254E+05   0.394507E+14   0.368380E+09   0.407599E+09   0.151445E+07
 0224   0.763391E+05   0.396440E+14   0.376346E+09   0.407686E+09   0.150136E+07
 0225   0.768922E+05   0.398429E+14   0.359512E+09   0.405220E+09   0.148824E+07
 0226   0.773857E+05   0.400312E+14   0.381566E+09   0.406197E+09   0.147532E+07
 0227   0.779168E+05   0.402245E+14   0.363993E+09   0.404658E+09   0.146236E+07
 0228   0.784184E+05   0.404121E+14   0.373933E+09   0.404967E+09   0.144957E+07
 0229   0.789564E+05   0.406047E+14   0.358092E+09   0.402680E+09   0.143675E+07
 0230   0.794628E+05   0.407913E+14   0.368413E+09   0.402291E+09   0.142408E+07
 0231   0.799706E+05   0.409772E+14   0.366113E+09   0.401640E+09   0.141146E+07
 0232   0.804796E+05   0.411624E+14   0.363977E+09   0.400927E+09   0.139890E+07
 0233   0.809560E+05   0.413419E+14   0.376730E+09   0.402175E+09   0.138652E+07
 0234   0.814685E+05   0.415266E+14   0.360380E+09   0.400667E+09   0.137406E+07
 0235   0.819496E+05   0.417053E+14   0.371467E+09   0.401280E+09   0.136183E+07
 0236   0.824692E+05   0.418896E+14   0.354579E+09   0.399076E+09   0.134948E+07
 0237   0.829591E+05   0.420683E+14   0.364739E+09   0.398740E+09   0.133733E+07
 0238   0.834545E+05   0.422472E+14   0.361129E+09   0.397994E+09   0.132525E+07
 0239   0.839197E+05   0.424207E+14   0.372977E+09   0.398804E+09   0.131337E+07
 0240   0.844262E+05   0.425997E+14   0.353526E+09   0.397018E+09   0.130136E+07
 0241   0.849014E+05   0.427732E+14   0.365118E+09   0.397245E+09   0.128959E+07
 0242   0.853809E+05   0.429469E+14   0.362284E+09   0.396986E+09   0.127789E+07
 0243   0.858642E+05   0.431206E+14   0.359386E+09   0.396224E+09   0.126628E+07
 0244   0.863506E+05   0.432940E+14   0.356365E+09   0.395115E+09   0.125475E+07
 0245   0.868022E+05   0.434610E+14   0.369939E+09   0.396297E+09   0.124351E+07
 0246   0.872936E+05   0.436337E+14   0.351317E+09   0.394654E+09   0.123216E+07
 0247   0.877490E+05   0.438000E+14   0.365215E+09   0.395257E+09   0.122112E+07
 0248   0.882442E+05   0.439719E+14   0.347092E+09   0.393008E+09   0.121000E+07
 0249   0.887031E+05   0.441373E+14   0.360533E+09   0.393100E+09   0.119917E+07
 0250   0.891639E+05   0.443024E+14   0.358269E+09   0.392986E+09   0.118846E+07
 0251   0.896271E+05   0.444674E+14   0.356113E+09   0.392706E+09   0.117786E+07
 0252   0.900931E+05   0.446324E+14   0.354185E+09   0.392128E+09   0.116738E+07
 0253   0.905233E+05   0.447915E+14   0.369913E+09   0.393713E+09   0.115721E+07
 0254   0.909964E+05   0.449567E+14   0.349126E+09   0.392248E+09   0.114696E+07
 0255   0.914339E+05   0.451158E+14   0.363689E+09   0.393250E+09   0.113704E+07
 0256   0.919159E+05   0.452815E+14   0.343714E+09   0.390862E+09   0.112704E+07
 0257   0.923621E+05   0.454410E+14   0.357411E+09   0.390799E+09   0.111736E+07
 0258   0.928126E+05   0.456005E+14   0.354091E+09   0.390317E+09   0.110779E+07
 0259   0.932674E+05   0.457601E+14   0.350981E+09   0.389366E+09   0.109837E+07
 0260   0.936843E+05   0.459132E+14   0.367177E+09   0.391051E+09   0.108923E+07
 0261   0.941467E+05   0.460729E+14   0.345324E+09   0.389415E+09   0.108005E+07
 0262   0.945702E+05   0.462261E+14   0.361784E+09   0.390442E+09   0.107119E+07
 0263   0.949964E+05   0.463794E+14   0.359563E+09   0.391149E+09   0.106248E+07
 0264   0.954683E+05   0.465391E+14   0.338645E+09   0.388532E+09   0.105369E+07
 0265   0.958997E+05   0.466923E+14   0.355024E+09   0.388723E+09   0.104523E+07
 0266   0.963332E+05   0.468454E+14   0.353163E+09   0.388670E+09   0.103691E+07
 0267   0.967687E+05   0.469984E+14   0.351387E+09   0.388375E+09   0.102873E+07
 0268   0.972062E+05   0.471514E+14   0.349661E+09   0.387834E+09   0.102069E+07
 0269   0.976015E+05   0.472975E+14   0.369643E+09   0.390231E+09   0.101297E+07
 0270   0.980428E+05   0.474502E+14   0.346044E+09   0.389281E+09   0.100517E+07
 0271   0.984862E+05   0.476029E+14   0.344387E+09   0.388085E+09   0.997533E+06
 0272   0.988873E+05   0.477489E+14   0.363976E+09   0.389902E+09   0.990208E+06
 0273   0.993356E+05   0.479018E+14   0.340930E+09   0.388058E+09   0.982790E+06
 0274   0.997417E+05   0.480478E+14   0.359576E+09   0.389068E+09   0.975695E+06
 0275   0.100196E+06   0.482005E+14   0.336142E+09   0.386599E+09   0.968540E+06
 0276   0.100608E+06   0.483464E+14   0.354170E+09   0.387069E+09   0.961645E+06
 0277   0.101023E+06   0.484924E+14   0.351672E+09   0.387085E+09   0.954866E+06
 0278   0.101440E+06   0.486380E+14   0.349227E+09   0.386936E+09   0.948205E+06
 0279   0.101856E+06   0.487830E+14   0.348944E+09   0.386888E+09   0.941663E+06
 0280   0.102269E+06   0.489274E+14   0.348971E+09   0.386679E+09   0.935240E+06
 0281   0.102681E+06   0.490711E+14   0.348661E+09   0.386567E+09   0.928937E+06
 0282   0.103091E+06   0.492140E+14   0.348705E+09   0.386511E+09   0.922759E+06
 0283   0.103500E+06   0.493564E+14   0.348692E+09   0.386555E+09   0.916701E+06
 0284   0.103906E+06   0.494983E+14   0.348834E+09   0.386615E+09   0.910764E+06
 0285   0.104311E+06   0.496397E+14   0.349199E+09   0.386757E+09   0.904947E+06
 0286   0.104715E+06   0.497807E+14   0.349457E+09   0.386889E+09   0.899233E+06
 0287   0.105117E+06   0.499213E+14   0.349491E+09   0.386683E+09   0.893621E+06
 0288   0.105519E+06   0.500611E+14   0.348348E+09   0.386495E+09   0.888119E+06
 0289   0.105919E+06   0.502002E+14   0.347634E+09   0.386541E+09   0.882722E+06
 0290   0.106317E+06   0.503389E+14   0.347793E+09   0.386435E+09   0.877426E+06
 0291   0.106715E+06   0.504770E+14   0.347564E+09   0.386283E+09   0.872231E+06
 0292   0.107110E+06   0.506143E+14   0.347704E+09   0.386219E+09   0.867132E+06
 0293   0.107503E+06   0.507510E+14   0.347685E+09   0.386024E+09   0.862130E+06
 0294   0.107895E+06   0.508870E+14   0.346718E+09   0.385860E+09   0.857224E+06
 0295   0.108286E+06   0.510224E+14   0.346479E+09   0.385799E+09   0.852416E+06
 0296   0.108675E+06   0.511572E+14   0.346674E+09   0.385742E+09   0.847698E+06
 0297   0.109062E+06   0.512915E+14   0.346640E+09   0.385586E+09   0.843067E+06
 0298   0.109448E+06   0.514251E+14   0.346498E+09   0.385364E+09   0.838524E+06
 0299   0.109832E+06   0.515579E+14   0.345906E+09   0.385232E+09   0.834066E+06
 0300   0.110214E+06   0.516901E+14   0.345522E+09   0.385064E+09   0.829688E+06
 0301   0.110595E+06   0.518217E+14   0.345193E+09   0.384773E+09   0.825387E+06
 0302   0.110975E+06   0.519524E+14   0.344749E+09   0.384436E+09   0.821161E+06
 0303   0.111352E+06   0.520823E+14   0.344370E+09   0.384138E+09   0.817016E+06
 0304   0.111727E+06   0.522114E+14   0.343880E+09   0.383944E+09   0.812950E+06
 0305   0.112101E+06   0.523398E+14   0.343826E+09   0.383801E+09   0.808957E+06
 0306   0.112472E+06   0.524676E+14   0.344075E+09   0.383508E+09   0.805037E+06
 0307   0.112842E+06   0.525946E+14   0.343771E+09   0.383279E+09   0.801192E+06
 0308   0.113209E+06   0.527208E+14   0.343591E+09   0.383177E+09   0.797421E+06
 0309   0.113574E+06   0.528464E+14   0.343549E+09   0.383071E+09   0.793720E+06
 0310   0.113939E+06   0.529715E+14   0.343312E+09   0.382923E+09   0.790090E+06
 0311   0.114301E+06   0.530958E+14   0.343482E+09   0.382849E+09   0.786530E+06
 0312   0.114661E+06   0.532196E+14   0.343624E+09   0.382797E+09   0.783039E+06
 0313   0.115020E+06   0.533428E+14   0.343452E+09   0.382706E+09   0.779618E+06
 0314   0.115377E+06   0.534653E+14   0.343209E+09   0.382645E+09   0.776271E+06
 0315   0.115732E+06   0.535873E+14   0.343243E+09   0.382742E+09   0.772997E+06
 0316   0.116086E+06   0.537089E+14   0.343613E+09   0.382846E+09   0.769790E+06
 0317   0.116438E+06   0.538301E+14   0.343846E+09   0.382700E+09   0.766644E+06
 0318   0.116789E+06   0.539505E+14   0.343314E+09   0.382428E+09   0.763562E+06
 0319   0.117138E+06   0.540701E+14   0.342526E+09   0.382295E+09   0.760547E+06
 0320   0.117486E+06   0.541891E+14   0.342070E+09   0.382312E+09   0.757595E+06
 0321   0.117833E+06   0.543077E+14   0.342140E+09   0.382258E+09   0.754703E+06
 0322   0.118177E+06   0.544257E+14   0.342506E+09   0.382123E+09   0.751867E+06
 0323   0.118519E+06   0.545430E+14   0.342804E+09   0.382019E+09   0.749084E+06
 0324   0.118860E+06   0.546596E+14   0.342584E+09   0.381924E+09   0.746352E+06
 0325   0.119199E+06   0.547755E+14   0.342021E+09   0.381753E+09   0.743671E+06
 0326   0.119537E+06   0.548909E+14   0.341434E+09   0.381516E+09   0.741039E+06
 0327   0.119873E+06   0.550055E+14   0.341144E+09   0.381287E+09   0.738454E+06
 0328   0.120207E+06   0.551194E+14   0.341004E+09   0.381094E+09   0.735913E+06
 0329   0.120539E+06   0.552327E+14   0.340926E+09   0.380893E+09   0.733413E+06
 0330   0.120869E+06   0.553452E+14   0.340795E+09   0.380654E+09   0.730951E+06
 0331   0.121197E+06   0.554570E+14   0.340555E+09   0.380387E+09   0.728526E+06
 0332   0.121524E+06   0.555680E+14   0.340239E+09   0.380135E+09   0.726134E+06
 0333   0.121848E+06   0.556784E+14   0.339953E+09   0.379869E+09   0.723774E+06
 0334   0.122171E+06   0.557880E+14   0.339663E+09   0.379555E+09   0.721444E+06
 0335   0.122492E+06   0.558969E+14   0.339328E+09   0.379233E+09   0.719141E+06
 0336   0.122811E+06   0.560049E+14   0.339084E+09   0.378944E+09   0.716864E+06
 0337   0.123127E+06   0.561123E+14   0.338909E+09   0.378672E+09   0.714609E+06
 0338   0.123442E+06   0.562190E+14   0.338742E+09   0.378401E+09   0.712378E+06
 0339   0.123720E+06   0.563201E+14   0.363515E+09   0.381373E+09   0.710061E+06
 0340   0.124032E+06   0.564255E+14   0.338629E+09   0.381291E+09   0.707867E+06
 0341   0.124341E+06   0.565303E+14   0.338939E+09   0.381075E+09   0.705687E+06
 0342   0.124649E+06   0.566345E+14   0.338625E+09   0.380661E+09   0.703518E+06
 0343   0.124954E+06   0.567377E+14   0.337727E+09   0.380100E+09   0.701360E+06
 0344   0.125258E+06   0.568401E+14   0.336560E+09   0.379716E+09   0.699216E+06
 0345   0.125561E+06   0.569417E+14   0.336049E+09   0.379481E+09   0.697086E+06
 0346   0.125861E+06   0.570428E+14   0.336217E+09   0.379362E+09   0.694971E+06
 0347   0.126160E+06   0.571434E+14   0.337012E+09   0.379267E+09   0.692865E+06
 0348   0.126456E+06   0.572434E+14   0.337931E+09   0.379133E+09   0.690762E+06
 0349   0.126750E+06   0.573427E+14   0.338080E+09   0.378900E+09   0.688664E+06
 0350   0.127042E+06   0.574414E+14   0.337358E+09   0.378536E+09   0.686572E+06
 0351   0.127333E+06   0.575393E+14   0.336157E+09   0.378166E+09   0.684488E+06
 0352   0.127623E+06   0.576365E+14   0.335219E+09   0.377818E+09   0.682415E+06
 0353   0.127912E+06   0.577331E+14   0.334864E+09   0.377514E+09   0.680351E+06
 0354   0.128198E+06   0.578291E+14   0.335047E+09   0.377218E+09   0.678295E+06
 0355   0.128482E+06   0.579244E+14   0.335357E+09   0.376964E+09   0.676246E+06
 0356   0.128764E+06   0.580190E+14   0.335581E+09   0.376723E+09   0.674201E+06
 0357   0.129045E+06   0.581130E+14   0.335485E+09   0.376460E+09   0.672161E+06
 0358   0.129323E+06   0.582063E+14   0.335110E+09   0.376160E+09   0.670124E+06
 0359   0.129600E+06   0.582991E+14   0.334637E+09   0.375826E+09   0.668087E+06
 0360   0.129845E+06   0.583870E+14   0.359214E+09   0.378510E+09   0.666026E+06
 0361   0.130119E+06   0.584785E+14   0.333766E+09   0.378175E+09   0.664018E+06
 0362   0.130391E+06   0.585692E+14   0.333579E+09   0.377845E+09   0.662015E+06
 0363   0.130661E+06   0.586594E+14   0.333461E+09   0.377531E+09   0.660014E+06
 0364   0.130930E+06   0.587488E+14   0.333390E+09   0.377249E+09   0.658015E+06
 0365   0.131196E+06   0.588377E+14   0.333385E+09   0.377009E+09   0.656015E+06
 0366   0.131461E+06   0.589260E+14   0.333436E+09   0.376777E+09   0.654012E+06
 0367   0.131724E+06   0.590137E+14   0.333418E+09   0.376456E+09   0.652001E+06
 0368   0.131986E+06   0.591008E+14   0.333079E+09   0.376079E+09   0.649981E+06
 0369   0.132246E+06   0.591872E+14   0.332597E+09   0.375660E+09   0.647951E+06
 0370   0.132504E+06   0.592729E+14   0.332061E+09   0.375231E+09   0.645910E+06
 0371   0.132760E+06   0.593579E+14   0.331553E+09   0.374890E+09   0.643858E+06
 0372   0.133015E+06   0.594424E+14   0.331442E+09   0.374583E+09   0.641801E+06
 0373   0.133268E+06   0.595263E+14   0.331668E+09   0.374333E+09   0.639746E+06
 0374   0.133519E+06   0.596096E+14   0.331995E+09   0.374111E+09   0.637695E+06
 0375   0.133768E+06   0.596924E+14   0.332283E+09   0.373880E+09   0.635650E+06
 0376   0.133988E+06   0.597710E+14   0.357601E+09   0.376580E+09   0.633977E+06
 0377   0.134234E+06   0.598527E+14   0.331987E+09   0.376342E+09   0.631930E+06
 0378   0.134479E+06   0.599339E+14   0.331691E+09   0.376044E+09   0.629865E+06
 0379   0.134722E+06   0.600144E+14   0.331204E+09   0.375620E+09   0.627782E+06
 0380   0.134964E+06   0.600943E+14   0.330455E+09   0.375148E+09   0.625681E+06
 0381   0.135204E+06   0.601736E+14   0.329912E+09   0.374665E+09   0.623573E+06
 0382   0.135442E+06   0.602522E+14   0.329487E+09   0.374179E+09   0.621463E+06
 0383   0.135679E+06   0.603301E+14   0.329122E+09   0.373827E+09   0.619350E+06
 0384   0.135914E+06   0.604076E+14   0.329261E+09   0.373555E+09   0.617235E+06
 0385   0.136148E+06   0.604845E+14   0.329865E+09   0.373349E+09   0.615116E+06
 0386   0.136379E+06   0.605610E+14   0.330382E+09   0.373129E+09   0.612993E+06
 0387   0.136609E+06   0.606369E+14   0.330571E+09   0.372855E+09   0.610860E+06
 0388   0.136837E+06   0.607123E+14   0.330576E+09   0.372559E+09   0.608718E+06
 0389   0.137063E+06   0.607871E+14   0.330071E+09   0.372189E+09   0.606561E+06
 0390   0.137264E+06   0.608581E+14   0.354536E+09   0.374612E+09   0.604624E+06
 0391   0.137488E+06   0.609318E+14   0.328464E+09   0.374183E+09   0.602428E+06
 0392   0.137711E+06   0.610049E+14   0.327981E+09   0.373768E+09   0.600218E+06
 0393   0.137932E+06   0.610775E+14   0.327879E+09   0.373396E+09   0.597995E+06
 0394   0.138152E+06   0.611496E+14   0.328019E+09   0.373075E+09   0.595758E+06
 0395   0.138370E+06   0.612211E+14   0.328324E+09   0.372824E+09   0.593506E+06
 0396   0.138586E+06   0.612922E+14   0.328699E+09   0.372582E+09   0.591233E+06
 0397   0.138801E+06   0.613629E+14   0.328885E+09   0.372261E+09   0.588937E+06
 0398   0.139015E+06   0.614330E+14   0.328637E+09   0.371870E+09   0.586615E+06
 0399   0.139226E+06   0.615025E+14   0.328119E+09   0.371436E+09   0.584266E+06
 0400   0.139437E+06   0.615715E+14   0.327546E+09   0.370959E+09   0.581891E+06
 0401   0.139623E+06   0.616370E+14   0.352081E+09   0.373256E+09   0.579839E+06
 0402   0.139831E+06   0.617049E+14   0.326233E+09   0.372878E+09   0.577439E+06
 0403   0.140038E+06   0.617724E+14   0.326281E+09   0.372564E+09   0.575016E+06
 0404   0.140243E+06   0.618394E+14   0.326714E+09   0.372269E+09   0.572572E+06
 0405   0.140447E+06   0.619060E+14   0.327105E+09   0.371975E+09   0.570112E+06
 0406   0.140649E+06   0.619721E+14   0.327356E+09   0.371681E+09   0.567634E+06
 0407   0.140849E+06   0.620378E+14   0.327460E+09   0.371364E+09   0.565141E+06
 0408   0.141048E+06   0.621029E+14   0.327247E+09   0.370993E+09   0.562632E+06
 0409   0.141246E+06   0.621676E+14   0.326691E+09   0.370577E+09   0.560104E+06
 0410   0.141443E+06   0.622317E+14   0.326080E+09   0.370154E+09   0.557561E+06
 0411   0.141617E+06   0.622928E+14   0.350961E+09   0.372423E+09   0.555483E+06
 0412   0.141811E+06   0.623561E+14   0.325286E+09   0.372051E+09   0.552915E+06
 0413   0.142005E+06   0.624189E+14   0.325330E+09   0.371753E+09   0.550338E+06
 0414   0.142196E+06   0.624813E+14   0.325678E+09   0.371573E+09   0.547758E+06
 0415   0.142387E+06   0.625434E+14   0.326374E+09   0.371450E+09   0.545179E+06
 0416   0.142575E+06   0.626052E+14   0.327009E+09   0.371250E+09   0.542598E+06
 0417   0.142763E+06   0.626666E+14   0.327092E+09   0.370963E+09   0.540014E+06
 0418   0.142950E+06   0.627275E+14   0.326782E+09   0.370603E+09   0.537427E+06
 0419   0.143135E+06   0.627880E+14   0.326253E+09   0.370243E+09   0.534837E+06
 0420   0.143319E+06   0.628480E+14   0.325763E+09   0.369830E+09   0.532244E+06
 0421   0.143482E+06   0.629051E+14   0.350539E+09   0.372054E+09   0.529951E+06
 0422   0.143665E+06   0.629643E+14   0.324277E+09   0.371733E+09   0.527315E+06
 0423   0.143846E+06   0.630232E+14   0.324427E+09   0.371512E+09   0.524686E+06
 0424   0.144026E+06   0.630818E+14   0.325133E+09   0.371359E+09   0.522068E+06
 0425   0.144205E+06   0.631400E+14   0.325990E+09   0.371233E+09   0.519458E+06
 0426   0.144383E+06   0.631980E+14   0.326522E+09   0.371096E+09   0.516860E+06
 0427   0.144559E+06   0.632556E+14   0.326962E+09   0.370932E+09   0.514273E+06
 0428   0.144734E+06   0.633128E+14   0.327002E+09   0.370755E+09   0.511697E+06
 0429   0.144908E+06   0.633697E+14   0.326734E+09   0.370552E+09   0.509133E+06
 0430   0.145081E+06   0.634263E+14   0.326256E+09   0.370299E+09   0.506579E+06
 0431   0.145254E+06   0.634825E+14   0.325730E+09   0.369988E+09   0.504033E+06
 0432   0.145407E+06   0.635361E+14   0.350908E+09   0.372218E+09   0.501501E+06
 0433   0.145578E+06   0.635917E+14   0.324868E+09   0.371963E+09   0.498944E+06
 0434   0.145748E+06   0.636469E+14   0.325058E+09   0.371797E+09   0.496405E+06
 0435   0.145917E+06   0.637019E+14   0.325572E+09   0.371715E+09   0.493878E+06
 0436   0.146084E+06   0.637566E+14   0.326229E+09   0.371706E+09   0.491356E+06
 0437   0.146251E+06   0.638112E+14   0.326943E+09   0.371666E+09   0.488831E+06
 0438   0.146417E+06   0.638654E+14   0.327413E+09   0.371516E+09   0.486303E+06
 0439   0.146582E+06   0.639194E+14   0.327325E+09   0.371286E+09   0.483776E+06
 0440   0.146745E+06   0.639729E+14   0.326899E+09   0.371013E+09   0.481244E+06
 0441   0.146909E+06   0.640262E+14   0.326323E+09   0.370728E+09   0.478702E+06
 0442   0.147071E+06   0.640790E+14   0.325783E+09   0.370390E+09   0.476151E+06
 0443   0.147215E+06   0.641295E+14   0.350923E+09   0.372537E+09   0.473780E+06
 0444   0.147376E+06   0.641817E+14   0.324540E+09   0.372318E+09   0.471268E+06
 0445   0.147536E+06   0.642338E+14   0.324788E+09   0.372198E+09   0.468742E+06
 0446   0.147695E+06   0.642856E+14   0.325686E+09   0.372094E+09   0.466209E+06
 0447   0.147853E+06   0.643372E+14   0.326518E+09   0.371963E+09   0.463681E+06
 0448   0.148010E+06   0.643885E+14   0.326960E+09   0.371809E+09   0.461159E+06
 0449   0.148166E+06   0.644395E+14   0.327193E+09   0.371691E+09   0.458646E+06
 0450   0.148321E+06   0.644903E+14   0.327461E+09   0.371639E+09   0.456138E+06
 0451   0.148475E+06   0.645408E+14   0.327703E+09   0.371603E+09   0.453627E+06
 0452   0.148628E+06   0.645911E+14   0.327716E+09   0.371509E+09   0.451105E+06
 0453   0.148781E+06   0.646412E+14   0.327313E+09   0.371324E+09   0.448564E+06
 0454   0.148917E+06   0.646890E+14   0.352897E+09   0.373427E+09   0.446306E+06
 0455   0.149069E+06   0.647385E+14   0.326363E+09   0.373123E+09   0.443761E+06
 0456   0.149220E+06   0.647877E+14   0.326191E+09   0.372800E+09   0.441208E+06
 0457   0.149370E+06   0.648366E+14   0.325986E+09   0.372415E+09   0.438641E+06
 0458   0.149519E+06   0.648852E+14   0.325511E+09   0.372069E+09   0.436053E+06
 0459   0.149667E+06   0.649335E+14   0.325238E+09   0.371774E+09   0.433431E+06
 0460   0.149815E+06   0.649815E+14   0.325337E+09   0.371539E+09   0.430770E+06
 0461   0.149962E+06   0.650293E+14   0.325750E+09   0.371365E+09   0.428081E+06
 0462   0.150091E+06   0.650750E+14   0.352332E+09   0.373521E+09   0.426094E+06
 0463   0.150236E+06   0.651224E+14   0.326623E+09   0.373441E+09   0.423461E+06
 0464   0.150380E+06   0.651695E+14   0.327275E+09   0.373480E+09   0.420789E+06
 0465   0.150524E+06   0.652165E+14   0.328403E+09   0.373495E+09   0.418091E+06
 0466   0.150666E+06   0.652633E+14   0.329019E+09   0.373421E+09   0.415372E+06
 0467   0.150807E+06   0.653099E+14   0.328990E+09   0.373281E+09   0.412640E+06
 0468   0.150948E+06   0.653562E+14   0.328571E+09   0.372909E+09   0.409910E+06
 0469   0.151089E+06   0.654022E+14   0.327467E+09   0.372530E+09   0.407196E+06
 0470   0.151229E+06   0.654479E+14   0.326772E+09   0.372133E+09   0.404494E+06
 0471   0.151368E+06   0.654932E+14   0.326190E+09   0.371712E+09   0.401780E+06
 0472   0.151491E+06   0.655365E+14   0.351375E+09   0.373585E+09   0.399210E+06
 0473   0.151629E+06   0.655814E+14   0.324815E+09   0.373137E+09   0.396381E+06
 0474   0.151766E+06   0.656259E+14   0.324590E+09   0.372705E+09   0.393550E+06
 0475   0.151903E+06   0.656703E+14   0.324656E+09   0.372162E+09   0.390728E+06
 0476   0.152038E+06   0.657142E+14   0.324898E+09   0.371548E+09   0.387911E+06
 0477   0.152157E+06   0.657561E+14   0.350524E+09   0.373231E+09   0.385084E+06
 0478   0.152291E+06   0.657994E+14   0.324401E+09   0.372707E+09   0.382215E+06
 0479   0.152423E+06   0.658423E+14   0.324437E+09   0.372329E+09   0.379322E+06
 0480   0.152555E+06   0.658850E+14   0.324781E+09   0.372055E+09   0.376380E+06
 0481   0.152685E+06   0.659275E+14   0.325304E+09   0.371804E+09   0.373383E+06
 0482   0.152815E+06   0.659699E+14   0.325746E+09   0.371513E+09   0.370320E+06
 0483   0.152930E+06   0.660103E+14   0.351739E+09   0.373249E+09   0.367313E+06
 0484   0.153059E+06   0.660521E+14   0.325599E+09   0.372751E+09   0.364166E+06
 0485   0.153186E+06   0.660936E+14   0.325505E+09   0.372229E+09   0.360941E+06
 0486   0.153313E+06   0.661347E+14   0.325277E+09   0.371668E+09   0.357646E+06
 0487   0.153438E+06   0.661755E+14   0.324912E+09   0.371106E+09   0.354285E+06
 0488   0.153563E+06   0.662160E+14   0.324362E+09   0.370565E+09   0.350850E+06
 0489   0.153674E+06   0.662546E+14   0.349365E+09   0.372192E+09   0.347671E+06
 0490   0.153797E+06   0.662946E+14   0.323100E+09   0.371715E+09   0.344114E+06
 0491   0.153920E+06   0.663344E+14   0.323006E+09   0.371217E+09   0.340420E+06
 0492   0.154043E+06   0.663739E+14   0.323386E+09   0.370562E+09   0.336577E+06
 0493   0.154151E+06   0.664116E+14   0.348843E+09   0.371978E+09   0.333228E+06
 0494   0.154271E+06   0.664504E+14   0.322785E+09   0.371299E+09   0.329279E+06
 0495   0.154390E+06   0.664890E+14   0.322728E+09   0.370432E+09   0.325226E+06
 0496   0.154509E+06   0.665272E+14   0.322109E+09   0.369593E+09   0.321105E+06
 0497   0.154613E+06   0.665634E+14   0.346955E+09   0.371034E+09   0.317796E+06
 0498   0.154730E+06   0.666009E+14   0.321249E+09   0.370433E+09   0.313635E+06
 0499   0.154846E+06   0.666382E+14   0.321206E+09   0.369894E+09   0.309427E+06
 0500   0.154962E+06   0.666752E+14   0.321320E+09   0.369486E+09   0.305138E+06
 0501   0.155063E+06   0.667106E+14   0.347513E+09   0.371178E+09   0.301779E+06
 0502   0.155177E+06   0.667474E+14   0.322864E+09   0.370793E+09   0.297439E+06
 0503   0.155290E+06   0.667839E+14   0.323441E+09   0.370311E+09   0.293151E+06
 0504   0.155402E+06   0.668202E+14   0.324213E+09   0.369823E+09   0.289140E+06
 0505   0.155513E+06   0.668561E+14   0.324755E+09   0.369368E+09   0.285219E+06
 0506   0.155611E+06   0.668904E+14   0.350142E+09   0.370870E+09   0.281431E+06
 0507   0.155720E+06   0.669259E+14   0.324029E+09   0.370403E+09   0.277504E+06
 0508   0.155829E+06   0.669611E+14   0.323857E+09   0.369969E+09   0.273627E+06
 0509   0.155937E+06   0.669960E+14   0.323649E+09   0.369509E+09   0.269772E+06
 0510   0.156044E+06   0.670308E+14   0.323119E+09   0.368970E+09   0.265907E+06
 0511   0.156140E+06   0.670640E+14   0.347687E+09   0.370336E+09   0.262089E+06
 0512   0.156247E+06   0.670984E+14   0.321674E+09   0.369719E+09   0.258246E+06
 0513   0.156353E+06   0.671325E+14   0.321665E+09   0.369107E+09   0.254378E+06
 0514   0.156458E+06   0.671664E+14   0.321842E+09   0.368487E+09   0.250497E+06
 0515   0.156551E+06   0.671987E+14   0.347075E+09   0.369874E+09   0.246811E+06
 0516   0.156655E+06   0.672321E+14   0.322038E+09   0.369392E+09   0.242968E+06
 0517   0.156758E+06   0.672653E+14   0.322466E+09   0.368942E+09   0.239112E+06
 0518   0.156849E+06   0.672970E+14   0.348110E+09   0.370406E+09   0.235522E+06
 0519   0.156951E+06   0.673299E+14   0.322774E+09   0.370049E+09   0.231698E+06
 0520   0.157052E+06   0.673626E+14   0.323375E+09   0.369758E+09   0.227806E+06
 0521   0.157152E+06   0.673951E+14   0.324124E+09   0.369434E+09   0.223768E+06
 0522   0.157252E+06   0.674275E+14   0.324585E+09   0.369063E+09   0.219567E+06
 0523   0.157340E+06   0.674584E+14   0.350184E+09   0.370601E+09   0.216437E+06
 0524   0.157439E+06   0.674904E+14   0.324892E+09   0.370241E+09   0.212246E+06
 0525   0.157537E+06   0.675223E+14   0.325016E+09   0.369858E+09   0.208088E+06
 0526   0.157634E+06   0.675540E+14   0.324940E+09   0.369419E+09   0.204035E+06
 0527   0.157731E+06   0.675855E+14   0.324722E+09   0.369010E+09   0.199983E+06
 0528   0.157817E+06   0.676155E+14   0.349964E+09   0.370410E+09   0.196869E+06
 0529   0.157913E+06   0.676466E+14   0.324244E+09   0.369927E+09   0.192942E+06
 0530   0.158009E+06   0.676775E+14   0.323858E+09   0.369460E+09   0.189373E+06
 0531   0.158104E+06   0.677083E+14   0.323598E+09   0.369034E+09   0.185928E+06
 0532   0.158188E+06   0.677377E+14   0.348869E+09   0.370479E+09   0.182551E+06
 0533   0.158282E+06   0.677681E+14   0.323913E+09   0.370133E+09   0.179186E+06
 0534   0.158376E+06   0.677985E+14   0.324322E+09   0.369698E+09   0.175862E+06
 0535   0.158469E+06   0.678287E+14   0.324507E+09   0.369144E+09   0.172549E+06
 0536   0.158551E+06   0.678574E+14   0.349429E+09   0.370348E+09   0.169307E+06
 0537   0.158643E+06   0.678872E+14   0.323890E+09   0.369786E+09   0.166053E+06
 0538   0.158734E+06   0.679168E+14   0.323705E+09   0.369199E+09   0.162826E+06
 0539   0.158815E+06   0.679450E+14   0.348655E+09   0.370306E+09   0.159714E+06
 0540   0.158905E+06   0.679742E+14   0.323190E+09   0.369800E+09   0.156568E+06
 0541   0.158995E+06   0.680032E+14   0.323455E+09   0.369406E+09   0.153427E+06
 0542   0.159084E+06   0.680320E+14   0.323888E+09   0.369054E+09   0.150206E+06
 0543   0.159163E+06   0.680596E+14   0.349133E+09   0.370394E+09   0.147349E+06
 0544   0.159251E+06   0.680882E+14   0.324036E+09   0.370051E+09   0.144076E+06
 0545   0.159339E+06   0.681168E+14   0.324436E+09   0.369775E+09   0.140399E+06
 0546   0.159417E+06   0.681440E+14   0.350474E+09   0.371156E+09   0.137926E+06
 0547   0.159504E+06   0.681723E+14   0.325837E+09   0.370757E+09   0.134284E+06
 0548   0.159590E+06   0.682005E+14   0.326114E+09   0.370334E+09   0.130917E+06
 0549   0.159676E+06   0.682285E+14   0.326354E+09   0.369968E+09   0.127783E+06
 0550   0.159752E+06   0.682551E+14   0.352175E+09   0.371348E+09   0.125213E+06
 0551   0.159837E+06   0.682828E+14   0.327097E+09   0.371066E+09   0.122400E+06
 0552   0.159921E+06   0.683104E+14   0.327294E+09   0.370756E+09   0.119764E+06
 0553   0.160005E+06   0.683378E+14   0.327285E+09   0.370462E+09   0.117210E+06
 0554   0.160079E+06   0.683640E+14   0.352572E+09   0.371809E+09   0.114658E+06
 0555   0.160162E+06   0.683912E+14   0.327288E+09   0.371489E+09   0.112176E+06
 0556   0.160245E+06   0.684183E+14   0.327236E+09   0.371120E+09   0.109713E+06
 0557   0.160328E+06   0.684453E+14   0.326840E+09   0.370662E+09   0.107293E+06
 0558   0.160401E+06   0.684711E+14   0.351457E+09   0.371722E+09   0.104904E+06
 0559   0.160483E+06   0.684977E+14   0.326021E+09   0.371065E+09   0.102586E+06
 0560   0.160564E+06   0.685242E+14   0.325645E+09   0.370326E+09   0.100277E+06
 0561   0.160645E+06   0.685505E+14   0.325014E+09   0.369626E+09   0.977026E+05
 0562   0.160716E+06   0.685755E+14   0.348945E+09   0.370517E+09   0.955862E+05
 0563   0.160796E+06   0.686014E+14   0.323769E+09   0.369783E+09   0.925146E+05
 0564   0.160867E+06   0.686261E+14   0.347993E+09   0.370691E+09   0.905791E+05
 0565   0.160946E+06   0.686517E+14   0.323135E+09   0.370162E+09   0.876326E+05
 0566   0.161017E+06   0.686761E+14   0.348041E+09   0.371276E+09   0.856667E+05
 0567   0.161095E+06   0.687014E+14   0.323805E+09   0.370842E+09   0.830853E+05
 0568   0.161173E+06   0.687267E+14   0.324471E+09   0.370381E+09   0.810184E+05
 0569   0.161242E+06   0.687509E+14   0.349506E+09   0.371567E+09   0.790533E+05
 0570   0.161319E+06   0.687760E+14   0.325583E+09   0.371252E+09   0.771506E+05
 0571   0.161396E+06   0.688010E+14   0.326798E+09   0.370895E+09   0.752811E+05
 0572   0.161463E+06   0.688248E+14   0.352577E+09   0.371964E+09   0.734146E+05
 0573   0.161539E+06   0.688496E+14   0.327924E+09   0.371462E+09   0.716117E+05
 0574   0.161614E+06   0.688742E+14   0.328122E+09   0.370946E+09   0.698822E+05
 0575   0.161680E+06   0.688976E+14   0.353045E+09   0.371963E+09   0.681091E+05
 0576   0.161754E+06   0.689219E+14   0.328147E+09   0.371475E+09   0.664777E+05
 0577   0.161828E+06   0.689460E+14   0.328068E+09   0.370969E+09   0.647747E+05
 0578   0.161893E+06   0.689689E+14   0.352481E+09   0.371963E+09   0.631462E+05
 0579   0.161966E+06   0.689928E+14   0.327199E+09   0.371527E+09   0.609609E+05
 0580   0.162038E+06   0.690166E+14   0.327156E+09   0.371150E+09   0.584709E+05
 0581   0.162103E+06   0.690392E+14   0.352023E+09   0.372262E+09   0.569592E+05
 0582   0.162175E+06   0.690628E+14   0.327419E+09   0.371834E+09   0.550072E+05
 0583   0.162247E+06   0.690864E+14   0.327329E+09   0.371290E+09   0.535141E+05
 0584   0.162310E+06   0.691087E+14   0.351158E+09   0.372104E+09   0.520577E+05
 0585   0.162382E+06   0.691320E+14   0.326240E+09   0.371363E+09   0.506779E+05
 0586   0.162445E+06   0.691541E+14   0.350303E+09   0.372106E+09   0.492788E+05
 0587   0.162515E+06   0.691771E+14   0.325739E+09   0.371292E+09   0.479643E+05
 0588   0.162585E+06   0.691999E+14   0.325391E+09   0.370426E+09   0.467549E+05
 0589   0.162647E+06   0.692215E+14   0.348930E+09   0.371011E+09   0.454466E+05
 0590   0.162716E+06   0.692439E+14   0.324582E+09   0.370250E+09   0.443064E+05
 0591   0.162777E+06   0.692652E+14   0.348521E+09   0.371125E+09   0.430576E+05
 0592   0.162846E+06   0.692874E+14   0.325012E+09   0.370648E+09   0.411439E+05
 0593   0.162906E+06   0.693085E+14   0.349636E+09   0.371697E+09   0.398920E+05
 0594   0.162973E+06   0.693305E+14   0.326226E+09   0.371314E+09   0.379307E+05
 0595   0.163033E+06   0.693515E+14   0.350831E+09   0.372312E+09   0.367638E+05
 0596   0.163100E+06   0.693734E+14   0.327057E+09   0.371991E+09   0.356033E+05
 0597   0.163160E+06   0.693943E+14   0.352114E+09   0.372896E+09   0.345208E+05
 0598   0.163226E+06   0.694161E+14   0.328160E+09   0.372365E+09   0.335168E+05
 0599   0.163292E+06   0.694377E+14   0.328479E+09   0.371607E+09   0.325641E+05
 0600   0.163350E+06   0.694582E+14   0.352011E+09   0.372104E+09   0.315707E+05
 0601   0.163415E+06   0.694795E+14   0.327400E+09   0.371183E+09   0.307979E+05
 0602   0.163473E+06   0.694997E+14   0.350870E+09   0.371633E+09   0.298574E+05
 0603   0.163537E+06   0.695206E+14   0.326391E+09   0.370852E+09   0.287485E+05
 0604   0.163593E+06   0.695403E+14   0.350130E+09   0.371391E+09   0.277054E+05
 0605   0.163656E+06   0.695609E+14   0.325570E+09   0.370598E+09   0.258519E+05
 0606   0.163712E+06   0.695804E+14   0.348793E+09   0.371192E+09   0.249218E+05
 0607   0.163775E+06   0.696008E+14   0.324725E+09   0.370550E+09   0.239982E+05
 0608   0.163830E+06   0.696201E+14   0.348139E+09   0.371304E+09   0.231790E+05
 0609   0.163893E+06   0.696402E+14   0.324669E+09   0.370870E+09   0.224461E+05
 0610   0.163948E+06   0.696594E+14   0.348770E+09   0.371781E+09   0.216781E+05
 0611   0.164002E+06   0.696786E+14   0.349432E+09   0.372640E+09   0.209369E+05
 0612   0.164064E+06   0.696987E+14   0.325856E+09   0.372101E+09   0.203827E+05
 0613   0.164119E+06   0.697178E+14   0.349778E+09   0.372785E+09   0.197403E+05
 0614   0.164179E+06   0.697377E+14   0.326761E+09   0.372218E+09   0.192116E+05
 0615   0.164233E+06   0.697565E+14   0.351597E+09   0.372839E+09   0.182635E+05
 0616   0.164293E+06   0.697762E+14   0.328250E+09   0.372185E+09   0.166490E+05
 0617   0.164346E+06   0.697948E+14   0.352312E+09   0.372676E+09   0.159775E+05
 0618   0.164405E+06   0.698142E+14   0.328175E+09   0.371805E+09   0.153999E+05
 0619   0.164463E+06   0.698334E+14   0.327800E+09   0.370882E+09   0.148896E+05
 0620   0.164515E+06   0.698515E+14   0.350629E+09   0.371144E+09   0.143356E+05
 0621   0.164573E+06   0.698703E+14   0.326341E+09   0.370207E+09   0.140272E+05
 0622   0.164624E+06   0.698881E+14   0.348812E+09   0.370548E+09   0.135509E+05
 0623   0.164675E+06   0.699058E+14   0.348101E+09   0.370860E+09   0.130774E+05
 0624   0.164731E+06   0.699242E+14   0.324100E+09   0.369969E+09   0.118229E+05
 0625   0.164782E+06   0.699416E+14   0.346347E+09   0.370324E+09   0.110946E+05
 0626   0.164832E+06   0.699590E+14   0.345710E+09   0.370723E+09   0.104490E+05
 0627   0.164888E+06   0.699771E+14   0.322244E+09   0.369984E+09   0.996948E+04
 0628   0.164938E+06   0.699942E+14   0.344854E+09   0.370486E+09   0.954456E+04
 0629   0.164987E+06   0.700114E+14   0.345094E+09   0.371047E+09   0.913806E+04
 0630   0.165037E+06   0.700284E+14   0.345604E+09   0.371639E+09   0.875921E+04
 0631   0.165086E+06   0.700455E+14   0.346233E+09   0.372215E+09   0.842025E+04
 0632   0.165141E+06   0.700633E+14   0.323848E+09   0.371578E+09   0.841193E+04
 0633   0.165190E+06   0.700802E+14   0.347611E+09   0.372067E+09   0.813400E+04
 0634   0.165238E+06   0.700970E+14   0.348509E+09   0.372582E+09   0.738719E+04
 0635   0.165292E+06   0.701145E+14   0.326241E+09   0.371929E+09   0.634107E+04
 0636   0.165339E+06   0.701311E+14   0.350252E+09   0.372334E+09   0.601756E+04
 0637   0.165392E+06   0.701484E+14   0.327294E+09   0.371567E+09   0.579840E+04
 0638   0.165439E+06   0.701648E+14   0.350449E+09   0.371826E+09   0.555131E+04
 0639   0.165491E+06   0.701818E+14   0.326934E+09   0.370884E+09   0.562324E+04
 0640   0.165537E+06   0.701979E+14   0.349444E+09   0.370992E+09   0.547262E+04
 0641   0.165588E+06   0.702146E+14   0.325709E+09   0.370004E+09   0.427944E+04
 0642   0.165633E+06   0.702304E+14   0.347677E+09   0.370074E+09   0.393884E+04
 0643   0.165678E+06   0.702460E+14   0.346721E+09   0.370189E+09   0.369131E+04
 0644   0.165723E+06   0.702615E+14   0.345876E+09   0.370294E+09   0.348079E+04
 0645   0.165773E+06   0.702777E+14   0.322512E+09   0.369333E+09   0.339156E+04
 0646   0.165818E+06   0.702930E+14   0.344241E+09   0.369441E+09   0.329801E+04
 0647   0.165862E+06   0.703082E+14   0.343406E+09   0.369607E+09   0.327139E+04
 0648   0.165906E+06   0.703233E+14   0.342832E+09   0.369813E+09   0.324061E+04
 0649   0.165950E+06   0.703383E+14   0.342401E+09   0.370004E+09   0.262808E+04
 0650   0.165994E+06   0.703533E+14   0.342038E+09   0.370190E+09   0.198787E+04
 0651   0.166037E+06   0.703682E+14   0.341868E+09   0.370373E+09   0.175398E+04
 0652   0.166086E+06   0.703838E+14   0.319684E+09   0.369491E+09   0.168974E+04
 0653   0.166129E+06   0.703985E+14   0.341637E+09   0.369585E+09   0.163842E+04
 0654   0.166172E+06   0.704132E+14   0.341461E+09   0.369641E+09   0.170708E+04
 0655   0.166215E+06   0.704277E+14   0.341419E+09   0.369697E+09   0.183074E+04
 0656   0.166257E+06   0.704422E+14   0.341643E+09   0.369789E+09   0.121774E+04
 0657   0.166299E+06   0.704566E+14   0.342141E+09   0.369937E+09   0.734223E+03
 0658   0.166341E+06   0.704708E+14   0.342766E+09   0.370119E+09   0.623439E+03
 0659   0.166382E+06   0.704850E+14   0.343431E+09   0.370291E+09   0.572583E+03
 0660   0.166423E+06   0.704991E+14   0.343940E+09   0.370434E+09   0.559071E+03
 0661   0.166469E+06   0.705138E+14   0.322090E+09   0.369607E+09   0.922926E+03
 0662   0.166509E+06   0.705277E+14   0.344555E+09   0.369721E+09   0.113900E+04
 0663   0.166549E+06   0.705414E+14   0.344619E+09   0.369788E+09   0.719971E+03
 0664   0.166589E+06   0.705551E+14   0.344454E+09   0.369834E+09   0.383711E+03
 0665   0.166628E+06   0.705687E+14   0.344134E+09   0.369834E+09   0.355060E+03
 0666   0.166672E+06   0.705829E+14   0.321628E+09   0.368841E+09   0.421959E+03
 0667   0.166711E+06   0.705962E+14   0.342902E+09   0.368729E+09   0.544905E+03
 0668   0.166750E+06   0.706095E+14   0.341970E+09   0.368580E+09   0.849830E+03
 0669   0.166788E+06   0.706226E+14   0.341002E+09   0.368391E+09   0.110041E+04
 0670   0.166827E+06   0.706357E+14   0.340013E+09   0.368200E+09   0.383044E+03
 0671   0.166865E+06   0.706486E+14   0.339140E+09   0.368006E+09   0.346414E+03
 0672   0.166903E+06   0.706614E+14   0.338484E+09   0.367863E+09   0.387115E+03
 0673   0.166941E+06   0.706742E+14   0.338251E+09   0.367800E+09   0.543367E+03
 0674   0.166978E+06   0.706869E+14   0.338455E+09   0.367886E+09   0.987748E+03
 0675   0.167011E+06   0.706988E+14   0.366616E+09   0.369211E+09   0.109040E+04
 0676   0.167038E+06   0.707101E+14   0.406222E+09   0.372163E+09   0.879374E+03
 0677   0.167071E+06   0.707222E+14   0.373025E+09   0.375080E+09   0.103353E+04
 0678   0.167107E+06   0.707350E+14   0.349641E+09   0.376869E+09   0.391516E+03
 0679   0.167158E+06   0.707499E+14   0.296268E+09   0.374908E+09   0.858557E+03
 0680   0.167203E+06   0.707641E+14   0.313177E+09   0.372783E+09   0.361146E+03
 0681   0.167244E+06   0.707774E+14   0.329581E+09   0.370980E+09   0.838594E+03
 0682   0.167284E+06   0.707906E+14   0.326144E+09   0.368877E+09   0.342035E+03
 0683   0.167324E+06   0.708035E+14   0.322298E+09   0.366647E+09   0.608889E+03
 0684   0.167360E+06   0.708156E+14   0.338956E+09   0.365296E+09   0.784374E+03
 0685   0.167390E+06   0.708267E+14   0.360850E+09   0.364852E+09   0.354492E+03
 0686   0.167425E+06   0.708383E+14   0.331223E+09   0.363582E+09   0.392319E+03
 0687   0.167456E+06   0.708491E+14   0.353571E+09   0.363235E+09   0.518355E+03
 0688   0.167490E+06   0.708603E+14   0.325689E+09   0.362074E+09   0.915780E+03
 0689   0.167520E+06   0.708708E+14   0.348533E+09   0.361829E+09   0.354503E+03
 0690   0.167554E+06   0.708817E+14   0.321989E+09   0.360758E+09   0.397403E+03
 0691   0.167584E+06   0.708918E+14   0.345209E+09   0.360545E+09   0.553228E+03
 0692   0.167617E+06   0.709024E+14   0.319451E+09   0.359476E+09   0.675585E+03
 0693   0.167645E+06   0.709122E+14   0.342662E+09   0.359204E+09   0.342814E+03
 0694   0.167678E+06   0.709225E+14   0.317077E+09   0.358074E+09   0.421828E+03
 0695   0.167706E+06   0.709320E+14   0.339754E+09   0.357807E+09   0.641565E+03
 0696   0.167734E+06   0.709414E+14   0.338141E+09   0.357587E+09   0.100360E+04
 0697   0.167765E+06   0.709513E+14   0.312795E+09   0.356435E+09   0.341420E+03
 0698   0.167793E+06   0.709605E+14   0.334398E+09   0.355967E+09   0.382932E+03
 0699   0.167824E+06   0.709701E+14   0.308917E+09   0.354645E+09   0.900125E+03
 0700   0.167851E+06   0.709791E+14   0.329558E+09   0.354053E+09   0.472824E+03
 0701   0.167878E+06   0.709879E+14   0.326959E+09   0.353492E+09   0.343498E+03
 0702   0.167905E+06   0.709967E+14   0.324549E+09   0.352813E+09   0.416064E+03
 0703   0.167932E+06   0.710053E+14   0.321962E+09   0.352168E+09   0.764271E+03
 0704   0.167955E+06   0.710133E+14   0.348451E+09   0.352462E+09   0.929898E+03
 0705   0.167982E+06   0.710218E+14   0.318242E+09   0.351952E+09   0.346467E+03
 0706   0.168008E+06   0.710301E+14   0.318907E+09   0.351531E+09   0.364949E+03
 0707   0.168030E+06   0.710379E+14   0.348488E+09   0.352134E+09   0.391818E+03
 0708   0.168055E+06   0.710460E+14   0.320467E+09   0.351928E+09   0.699932E+03
 0709   0.168080E+06   0.710541E+14   0.321335E+09   0.351670E+09   0.570932E+03
 0710   0.168105E+06   0.710620E+14   0.321910E+09   0.351573E+09   0.335909E+03
 0711   0.168130E+06   0.710699E+14   0.322745E+09   0.351451E+09   0.412352E+03
 0712   0.168154E+06   0.710777E+14   0.323312E+09   0.351426E+09   0.751009E+03
 0713   0.168177E+06   0.710854E+14   0.324044E+09   0.351336E+09   0.470133E+03
 0714   0.168201E+06   0.710931E+14   0.324501E+09   0.351224E+09   0.338228E+03
 0715   0.168224E+06   0.711007E+14   0.324859E+09   0.351169E+09   0.428730E+03
 0716   0.168247E+06   0.711082E+14   0.325351E+09   0.351055E+09   0.789546E+03
 0717   0.168270E+06   0.711156E+14   0.325650E+09   0.350980E+09   0.389458E+03
 0718   0.168293E+06   0.711229E+14   0.325874E+09   0.350936E+09   0.340436E+03
 0719   0.168315E+06   0.711302E+14   0.326093E+09   0.350932E+09   0.444406E+03
 0720   0.168340E+06   0.711378E+14   0.303587E+09   0.350134E+09   0.488883E+03
 0721   0.168365E+06   0.711454E+14   0.303975E+09   0.349214E+09   0.372753E+03
 0722   0.168384E+06   0.711520E+14   0.356643E+09   0.349759E+09   0.411801E+03
 0723   0.168405E+06   0.711589E+14   0.326439E+09   0.349717E+09   0.725589E+03
 0724   0.168432E+06   0.711667E+14   0.286532E+09   0.348188E+09   0.353864E+03
 0725   0.168453E+06   0.711734E+14   0.326962E+09   0.347919E+09   0.513078E+03
 0726   0.168473E+06   0.711801E+14   0.326561E+09   0.347716E+09   0.814453E+03
 0727   0.168493E+06   0.711867E+14   0.326295E+09   0.347527E+09   0.324616E+03
 0728   0.168516E+06   0.711937E+14   0.303430E+09   0.346707E+09   0.433866E+03
 0729   0.168536E+06   0.712001E+14   0.325555E+09   0.346483E+09   0.748757E+03
 0730   0.168556E+06   0.712065E+14   0.324925E+09   0.346281E+09   0.358164E+03
 0731   0.168575E+06   0.712128E+14   0.324331E+09   0.346166E+09   0.330726E+03
 0732   0.168594E+06   0.712191E+14   0.323939E+09   0.346088E+09   0.425800E+03
 0733   0.168614E+06   0.712253E+14   0.323555E+09   0.346042E+09   0.728455E+03
 0734   0.168633E+06   0.712314E+14   0.323172E+09   0.345994E+09   0.345228E+03
 0735   0.168652E+06   0.712375E+14   0.322824E+09   0.345985E+09   0.330349E+03
 0736   0.168670E+06   0.712436E+14   0.322615E+09   0.345996E+09   0.441529E+03
 0737   0.168689E+06   0.712496E+14   0.322493E+09   0.346029E+09   0.746070E+03
 0738   0.168707E+06   0.712556E+14   0.322366E+09   0.346052E+09   0.317862E+03
 0739   0.168726E+06   0.712615E+14   0.322221E+09   0.346091E+09   0.341247E+03
 0740   0.168744E+06   0.712674E+14   0.322119E+09   0.346140E+09   0.514902E+03
 0741   0.168762E+06   0.712732E+14   0.322027E+09   0.346198E+09   0.580225E+03
 0742   0.168780E+06   0.712790E+14   0.322008E+09   0.346287E+09   0.308156E+03
 0743   0.168798E+06   0.712848E+14   0.322119E+09   0.346395E+09   0.387574E+03
 0744   0.168816E+06   0.712905E+14   0.322283E+09   0.346537E+09   0.666502E+03
 0745   0.168834E+06   0.712962E+14   0.322559E+09   0.346697E+09   0.317659E+03
 0746   0.168851E+06   0.713019E+14   0.322867E+09   0.346853E+09   0.335734E+03
 0747   0.168868E+06   0.713075E+14   0.323136E+09   0.346970E+09   0.526337E+03
 0748   0.168888E+06   0.713134E+14   0.300974E+09   0.346528E+09   0.303733E+03
 0749   0.168905E+06   0.713190E+14   0.323516E+09   0.346633E+09   0.368297E+03
 0750   0.168923E+06   0.713245E+14   0.323806E+09   0.346760E+09   0.631224E+03
 0751   0.168939E+06   0.713300E+14   0.324123E+09   0.346910E+09   0.310525E+03
 0752   0.168956E+06   0.713355E+14   0.324485E+09   0.347074E+09   0.339405E+03
 0753   0.168973E+06   0.713409E+14   0.324944E+09   0.347229E+09   0.560761E+03
 0754   0.168989E+06   0.713463E+14   0.325528E+09   0.347420E+09   0.335616E+03
 0755   0.169006E+06   0.713516E+14   0.326182E+09   0.347628E+09   0.324528E+03
 0756   0.169022E+06   0.713569E+14   0.326843E+09   0.347840E+09   0.506929E+03
 0757   0.169038E+06   0.713622E+14   0.327509E+09   0.348073E+09   0.384267E+03
 0758   0.169054E+06   0.713675E+14   0.328224E+09   0.348289E+09   0.312906E+03
 0759   0.169070E+06   0.713727E+14   0.328854E+09   0.348535E+09   0.468648E+03
 0760   0.169088E+06   0.713782E+14   0.306516E+09   0.348313E+09   0.296322E+03
 0761   0.169101E+06   0.713830E+14   0.361108E+09   0.349088E+09   0.304664E+03
 0762   0.169119E+06   0.713885E+14   0.307521E+09   0.348928E+09   0.604962E+03
 0763   0.169135E+06   0.713936E+14   0.331504E+09   0.349227E+09   0.295348E+03
 0764   0.169152E+06   0.713989E+14   0.308699E+09   0.349020E+09   0.481533E+03
 0765   0.169169E+06   0.714043E+14   0.309229E+09   0.348778E+09   0.292723E+03
 0766   0.169184E+06   0.714093E+14   0.332739E+09   0.349009E+09   0.389480E+03
 0767   0.169199E+06   0.714143E+14   0.332868E+09   0.349256E+09   0.563621E+03
 0768   0.169216E+06   0.714196E+14   0.309793E+09   0.349031E+09   0.337830E+03
 0769   0.169231E+06   0.714245E+14   0.333227E+09   0.349273E+09   0.564082E+03
 0770   0.169246E+06   0.714294E+14   0.333318E+09   0.349498E+09   0.291924E+03
 0771   0.169260E+06   0.714342E+14   0.333343E+09   0.349727E+09   0.372187E+03
 0772   0.169277E+06   0.714394E+14   0.310127E+09   0.349526E+09   0.300283E+03
 0773   0.169291E+06   0.714442E+14   0.333556E+09   0.349766E+09   0.345638E+03
 0774   0.169306E+06   0.714490E+14   0.333598E+09   0.350004E+09   0.564154E+03
 0775   0.169322E+06   0.714541E+14   0.310397E+09   0.349785E+09   0.333225E+03
 0776   0.169336E+06   0.714588E+14   0.333671E+09   0.350004E+09   0.555075E+03
 0777   0.169350E+06   0.714635E+14   0.333616E+09   0.350222E+09   0.287405E+03
 0778   0.169365E+06   0.714682E+14   0.333521E+09   0.350463E+09   0.435102E+03
 0779   0.169379E+06   0.714729E+14   0.333499E+09   0.350730E+09   0.308423E+03
 0780   0.169393E+06   0.714776E+14   0.333530E+09   0.350997E+09   0.345625E+03
 0781   0.169406E+06   0.714822E+14   0.333550E+09   0.351264E+09   0.483039E+03
 0782   0.169422E+06   0.714871E+14   0.310359E+09   0.351094E+09   0.378213E+03
 0783   0.169436E+06   0.714917E+14   0.333670E+09   0.351336E+09   0.354760E+03
 0784   0.169450E+06   0.714963E+14   0.333664E+09   0.351580E+09   0.330108E+03
 0785   0.169465E+06   0.715011E+14   0.310547E+09   0.351389E+09   0.289875E+03
 0786   0.169479E+06   0.715056E+14   0.333761E+09   0.351610E+09   0.390615E+03
 0787   0.169492E+06   0.715101E+14   0.333731E+09   0.351800E+09   0.305105E+03
 0788   0.169508E+06   0.715149E+14   0.310585E+09   0.351588E+09   0.481491E+03
 0789   0.169521E+06   0.715194E+14   0.333613E+09   0.351778E+09   0.282654E+03
 0790   0.169534E+06   0.715238E+14   0.333502E+09   0.351948E+09   0.470273E+03
 0791   0.169548E+06   0.715282E+14   0.333328E+09   0.352129E+09   0.281832E+03
 0792   0.169561E+06   0.715326E+14   0.333187E+09   0.352307E+09   0.474719E+03
 0793   0.169576E+06   0.715373E+14   0.310190E+09   0.352067E+09   0.343921E+03
 0794   0.169589E+06   0.715416E+14   0.332962E+09   0.352227E+09   0.317979E+03
 0795   0.169602E+06   0.715460E+14   0.332783E+09   0.352377E+09   0.376255E+03
 0796   0.169615E+06   0.715503E+14   0.332584E+09   0.352515E+09   0.285097E+03
 0797   0.169628E+06   0.715546E+14   0.332365E+09   0.352651E+09   0.426960E+03
 0798   0.169641E+06   0.715589E+14   0.332151E+09   0.352810E+09   0.279471E+03
 0799   0.169652E+06   0.715628E+14   0.362282E+09   0.353378E+09   0.386474E+03
 0800   0.169665E+06   0.715671E+14   0.331799E+09   0.353558E+09   0.278950E+03
 0801   0.169679E+06   0.715716E+14   0.309052E+09   0.353335E+09   0.320869E+03
 0802   0.169692E+06   0.715758E+14   0.331676E+09   0.353466E+09   0.394062E+03
 0803   0.169704E+06   0.715800E+14   0.331468E+09   0.353576E+09   0.277638E+03
 0804   0.169719E+06   0.715844E+14   0.308795E+09   0.353295E+09   0.283978E+03
 0805   0.169731E+06   0.715885E+14   0.331101E+09   0.353385E+09   0.440650E+03
 0806   0.169744E+06   0.715927E+14   0.330873E+09   0.353470E+09   0.303569E+03
 0807   0.169756E+06   0.715968E+14   0.330673E+09   0.353546E+09   0.289963E+03
 0808   0.169768E+06   0.716009E+14   0.330483E+09   0.353619E+09   0.431964E+03
 0809   0.169781E+06   0.716049E+14   0.330302E+09   0.353685E+09   0.309310E+03
 0810   0.169793E+06   0.716090E+14   0.330120E+09   0.353752E+09   0.279890E+03
 0811   0.169803E+06   0.716127E+14   0.359450E+09   0.354184E+09   0.369484E+03
 0812   0.169816E+06   0.716167E+14   0.329667E+09   0.354257E+09   0.279277E+03
 0813   0.169828E+06   0.716207E+14   0.329542E+09   0.354326E+09   0.296508E+03
 0814   0.169840E+06   0.716247E+14   0.329414E+09   0.354390E+09   0.425867E+03
 0815   0.169852E+06   0.716286E+14   0.329289E+09   0.354455E+09   0.339665E+03
 0816   0.169864E+06   0.716325E+14   0.329178E+09   0.354508E+09   0.276783E+03
 0817   0.169876E+06   0.716365E+14   0.329051E+09   0.354560E+09   0.283300E+03
 0818   0.169887E+06   0.716403E+14   0.328932E+09   0.354607E+09   0.386249E+03
 0819   0.169897E+06   0.716440E+14   0.357927E+09   0.355005E+09   0.298134E+03
 0820   0.169909E+06   0.716478E+14   0.328527E+09   0.355046E+09   0.273292E+03
 0821   0.169921E+06   0.716516E+14   0.328399E+09   0.355079E+09   0.284835E+03
 0822   0.169932E+06   0.716555E+14   0.328243E+09   0.355103E+09   0.347861E+03
 0823   0.169944E+06   0.716593E+14   0.328070E+09   0.355133E+09   0.400875E+03
 0824   0.169954E+06   0.716628E+14   0.356792E+09   0.355509E+09   0.281617E+03
 0825   0.169965E+06   0.716665E+14   0.327626E+09   0.355549E+09   0.271995E+03
 0826   0.169977E+06   0.716703E+14   0.327506E+09   0.355589E+09   0.274047E+03
 0827   0.169987E+06   0.716738E+14   0.356149E+09   0.355964E+09   0.392087E+03
 0828   0.169998E+06   0.716775E+14   0.327132E+09   0.356009E+09   0.379898E+03
 0829   0.170009E+06   0.716812E+14   0.327047E+09   0.356050E+09   0.361156E+03
 0830   0.170019E+06   0.716846E+14   0.355601E+09   0.356415E+09   0.273847E+03
 0831   0.170030E+06   0.716883E+14   0.326731E+09   0.356438E+09   0.271358E+03
 0832   0.170041E+06   0.716919E+14   0.326647E+09   0.356454E+09   0.270714E+03
 0833   0.170052E+06   0.716956E+14   0.326565E+09   0.356468E+09   0.270754E+03
 0834   0.170064E+06   0.716992E+14   0.326494E+09   0.356481E+09   0.272026E+03
 0835   0.170073E+06   0.717025E+14   0.354760E+09   0.356811E+09   0.276420E+03
 0836   0.170084E+06   0.717061E+14   0.326210E+09   0.356809E+09   0.271541E+03
 0837   0.170095E+06   0.717097E+14   0.326148E+09   0.356804E+09   0.269084E+03
 0838   0.170104E+06   0.717130E+14   0.354254E+09   0.357125E+09   0.288901E+03
 0839   0.170114E+06   0.717163E+14   0.354077E+09   0.357455E+09   0.359774E+03
 0840   0.170123E+06   0.717196E+14   0.353945E+09   0.357801E+09   0.333973E+03
 0841   0.170132E+06   0.717229E+14   0.353860E+09   0.358162E+09   0.291408E+03
 0842   0.170141E+06   0.717261E+14   0.353836E+09   0.358524E+09   0.267684E+03
 0843   0.170152E+06   0.717296E+14   0.325471E+09   0.358562E+09   0.296492E+03
 0844   0.170163E+06   0.717330E+14   0.325570E+09   0.358583E+09   0.342241E+03
 0845   0.170173E+06   0.717365E+14   0.325616E+09   0.358601E+09   0.302370E+03
 0846   0.170184E+06   0.717399E+14   0.325654E+09   0.358621E+09   0.266398E+03
 0847   0.170194E+06   0.717434E+14   0.325695E+09   0.358619E+09   0.277378E+03
 0848   0.170205E+06   0.717468E+14   0.325681E+09   0.358590E+09   0.335986E+03
 0849   0.170215E+06   0.717502E+14   0.325600E+09   0.358564E+09   0.278286E+03
 0850   0.170224E+06   0.717533E+14   0.353271E+09   0.358845E+09   0.277579E+03
 0851   0.170233E+06   0.717564E+14   0.353053E+09   0.359116E+09   0.274140E+03
 0852   0.170243E+06   0.717598E+14   0.325063E+09   0.359086E+09   0.268581E+03
 0853   0.170253E+06   0.717631E+14   0.325013E+09   0.359046E+09   0.324165E+03
 0854   0.170264E+06   0.717664E+14   0.324949E+09   0.358996E+09   0.260875E+03
 0855   0.170272E+06   0.717695E+14   0.352309E+09   0.359248E+09   0.259415E+03
 0856   0.170283E+06   0.717728E+14   0.324660E+09   0.359187E+09   0.300844E+03
 0857   0.170291E+06   0.717758E+14   0.351917E+09   0.359423E+09   0.302112E+03
 0858   0.170300E+06   0.717788E+14   0.351686E+09   0.359659E+09   0.298952E+03
 0859   0.170310E+06   0.717821E+14   0.324171E+09   0.359598E+09   0.254828E+03
 0860   0.170318E+06   0.717851E+14   0.351350E+09   0.359828E+09   0.252776E+03
 0861   0.170328E+06   0.717883E+14   0.323952E+09   0.359767E+09   0.261545E+03
 0862   0.170337E+06   0.717913E+14   0.351026E+09   0.359995E+09   0.256235E+03
 0863   0.170345E+06   0.717942E+14   0.350835E+09   0.360213E+09   0.249898E+03
 0864   0.170353E+06   0.717972E+14   0.350626E+09   0.360438E+09   0.244940E+03
 0865   0.170363E+06   0.718003E+14   0.323387E+09   0.360372E+09   0.246517E+03
 0866   0.170372E+06   0.718032E+14   0.350337E+09   0.360593E+09   0.239806E+03
 0867   0.170381E+06   0.718064E+14   0.323232E+09   0.360528E+09   0.237042E+03
 0868   0.170390E+06   0.718093E+14   0.350077E+09   0.360743E+09   0.242040E+03
 0869   0.170398E+06   0.718121E+14   0.349890E+09   0.360948E+09   0.231994E+03
 0870   0.170407E+06   0.718152E+14   0.322907E+09   0.360875E+09   0.228391E+03
 0871   0.170415E+06   0.718181E+14   0.349607E+09   0.361075E+09   0.223282E+03
 0872   0.170425E+06   0.718211E+14   0.322762E+09   0.360996E+09   0.217822E+03
 0873   0.170433E+06   0.718240E+14   0.349324E+09   0.361193E+09   0.213549E+03
 0874   0.170441E+06   0.718268E+14   0.349141E+09   0.361381E+09   0.209481E+03
 0875   0.170450E+06   0.718298E+14   0.322458E+09   0.361299E+09   0.205226E+03
 0876   0.170458E+06   0.718326E+14   0.348883E+09   0.361487E+09   0.201444E+03
 0877   0.170468E+06   0.718356E+14   0.322354E+09   0.361398E+09   0.197452E+03
 0878   0.170476E+06   0.718383E+14   0.348630E+09   0.361579E+09   0.193866E+03
 0879   0.170484E+06   0.718411E+14   0.348453E+09   0.361759E+09   0.190332E+03
 0880   0.170491E+06   0.718438E+14   0.348287E+09   0.361931E+09   0.186858E+03
 0881   0.170499E+06   0.718466E+14   0.348097E+09   0.362105E+09   0.183450E+03
 0882   0.170507E+06   0.718493E+14   0.347926E+09   0.362285E+09   0.180098E+03
 0883   0.170515E+06   0.718520E+14   0.347779E+09   0.362463E+09   0.176796E+03
 0884   0.170523E+06   0.718547E+14   0.347627E+09   0.362646E+09   0.173540E+03
 0885   0.170529E+06   0.718571E+14   0.384067E+09   0.363097E+09   0.170590E+03
 0886   0.170537E+06   0.718598E+14   0.347279E+09   0.363298E+09   0.167413E+03
 0887   0.170546E+06   0.718627E+14   0.321149E+09   0.363233E+09   0.164022E+03
 0888   0.170553E+06   0.718653E+14   0.347229E+09   0.363412E+09   0.160929E+03
 0889   0.170561E+06   0.718680E+14   0.347112E+09   0.363596E+09   0.157874E+03
 0890   0.170568E+06   0.718706E+14   0.347009E+09   0.363785E+09   0.154858E+03
 0891   0.170576E+06   0.718732E+14   0.346923E+09   0.363971E+09   0.151879E+03
 0892   0.170585E+06   0.718760E+14   0.321021E+09   0.363896E+09   0.148704E+03
 0893   0.170593E+06   0.718788E+14   0.321157E+09   0.363811E+09   0.145576E+03
 0894   0.170601E+06   0.718814E+14   0.346865E+09   0.363971E+09   0.142719E+03
 0895   0.170607E+06   0.718838E+14   0.382632E+09   0.364382E+09   0.140122E+03
 0896   0.170613E+06   0.718861E+14   0.382446E+09   0.364801E+09   0.137556E+03
 0897   0.170619E+06   0.718885E+14   0.382298E+09   0.365225E+09   0.135020E+03
 0898   0.170627E+06   0.718910E+14   0.346105E+09   0.365407E+09   0.132306E+03
 0899   0.170634E+06   0.718936E+14   0.346066E+09   0.365590E+09   0.129625E+03
 0900   0.170640E+06   0.718959E+14   0.381994E+09   0.366019E+09   0.127179E+03
 0901   0.170646E+06   0.718982E+14   0.381896E+09   0.366455E+09   0.124765E+03
 0902   0.170655E+06   0.719009E+14   0.320062E+09   0.366418E+09   0.122000E+03
 0903   0.170663E+06   0.719036E+14   0.320319E+09   0.366375E+09   0.119281E+03
 0904   0.170672E+06   0.719063E+14   0.320562E+09   0.366320E+09   0.116651E+03
 0905   0.170680E+06   0.719090E+14   0.320783E+09   0.366258E+09   0.113590E+03
 0906   0.170688E+06   0.719117E+14   0.320991E+09   0.366185E+09   0.110648E+03
 0999   0.170694E+06   0.722183E+14   0.516953E+11   0.696987E+09   0.217796E-01
